0.998902	-0.044050	0.015955	0.042711	0.996169	0.076304	-0.019255	-0.075538	0.996957	19.011402	3.637228	544.629761	
0.990157	-0.130632	0.050244	0.124980	0.986827	0.102721	-0.063001	-0.095431	0.993441	28.060566	7.122925	542.961487	
0.981822	-0.181310	0.056140	0.176212	0.980643	0.085367	-0.070531	-0.073923	0.994767	37.165131	15.437168	546.282349	
0.973023	-0.209510	0.096609	0.211296	0.977385	-0.008526	-0.092638	0.028709	0.995286	45.640358	18.142921	547.430176	
0.931676	-0.253438	0.260287	0.298351	0.942571	-0.150153	-0.207284	0.217550	0.953785	52.577957	24.370852	543.321411	
0.860726	-0.296718	0.413654	0.405757	0.890587	-0.205466	-0.307429	0.344693	0.886947	67.412697	26.703629	539.301208	
0.749378	-0.339771	0.568321	0.497262	0.855534	-0.144198	-0.437224	0.390663	0.810073	74.249107	29.578465	541.452393	
0.649846	-0.343087	0.678227	0.536551	0.839094	-0.089636	-0.538344	0.422153	0.729365	82.441635	31.144697	554.305908	
0.571315	-0.361535	0.736812	0.558095	0.829377	-0.025786	-0.601772	0.425943	0.675606	89.547554	31.595257	562.470520	
0.446206	-0.313476	0.838232	0.629654	0.775563	-0.045136	-0.635954	0.547936	0.543442	98.027397	31.078886	561.211426	
0.380554	-0.323839	0.866203	0.695231	0.717830	-0.037071	-0.609782	0.616318	0.498316	102.480804	29.557137	572.771118	
0.294175	-0.291787	0.910122	0.761625	0.646856	-0.038793	-0.577399	0.704583	0.412521	106.784706	26.896479	582.324036	
0.224620	-0.264767	0.937787	0.832555	0.552232	-0.043502	-0.506359	0.790530	0.344476	108.565575	25.284885	590.865417	
0.118317	-0.179974	0.976530	0.868448	0.495586	-0.013885	-0.481456	0.849708	0.214935	109.222542	20.376682	598.046143	
0.085643	-0.146079	0.985559	0.912331	0.409030	-0.018653	-0.400399	0.900753	0.168303	110.941193	14.071188	607.133850	
0.053963	-0.091180	0.994371	0.941057	0.337649	-0.020108	-0.333916	0.936845	0.104026	108.855186	7.924824	611.071167	
0.009132	-0.039505	0.999177	0.960912	0.276845	0.002164	-0.276704	0.960102	0.040489	105.177521	4.301399	620.608948	
0.005526	0.009689	0.999937	0.986544	0.163344	-0.007034	-0.163402	0.986522	-0.008656	100.265152	-3.968395	616.911926	
0.038490	0.045449	0.998225	0.993428	0.106027	-0.043132	-0.107800	0.993324	-0.041069	100.928352	-16.320702	650.723206	
0.011014	0.109974	0.993873	0.999912	-0.008598	-0.010130	0.007431	0.993897	-0.110059	87.419342	-26.993711	635.134033	
-0.047021	0.162349	0.985612	0.995725	-0.070918	0.059184	0.079506	0.984182	-0.158320	78.740662	-35.450710	610.299561	
-0.054442	0.308008	0.949825	0.974111	-0.192645	0.118305	0.219418	0.931675	-0.289546	70.868401	-37.195419	617.986938	
0.026676	0.377078	0.925797	0.954901	-0.283588	0.087990	0.295724	0.881697	-0.367637	67.159126	-49.247097	659.316162	
0.021654	0.476562	0.878874	0.926329	-0.340258	0.161678	0.376093	0.810625	-0.448821	58.593361	-56.171055	672.409241	
0.043627	0.543063	0.838558	0.904218	-0.378394	0.198010	0.424837	0.749600	-0.507555	51.584259	-68.889412	677.313354	
0.094863	0.591483	0.800718	0.856016	-0.459064	0.237692	0.508172	0.662878	-0.549867	34.760750	-82.015984	682.533264	
0.245381	0.705496	0.664879	0.812820	-0.523494	0.255493	0.528310	0.477734	-0.701897	14.759900	-97.991997	729.453003	
0.245381	0.705496	0.664879	0.812820	-0.523494	0.255493	0.528310	0.477734	-0.701897	14.759900	-97.991997	729.453003	
0.245381	0.705496	0.664879	0.812820	-0.523494	0.255493	0.528310	0.477734	-0.701897	14.759900	-97.991997	729.453003	
0.245381	0.705496	0.664879	0.812820	-0.523494	0.255493	0.528310	0.477734	-0.701897	14.759900	-97.991997	729.453003	
0.614312	0.779107	0.124956	0.744017	-0.624674	0.237110	0.262790	-0.052689	-0.963413	-22.956985	-139.413330	752.818909	
0.674662	0.738126	0.001163	0.710813	-0.650122	0.268489	0.198934	-0.180312	-0.963282	-31.208128	-145.247498	766.494568	
0.689849	0.723493	-0.025822	0.695189	-0.652064	0.302529	0.202039	-0.226650	-0.952790	-39.161488	-159.386734	778.670898	
0.748542	0.650863	-0.126740	0.628669	-0.635825	0.447774	0.210855	-0.414855	-0.885119	-47.893684	-173.695648	789.277100	
0.769172	0.610417	-0.189119	0.605419	-0.601333	0.521409	0.204552	-0.515549	-0.832086	-55.938175	-179.794876	807.252808	
0.800585	0.558884	-0.216133	0.560724	-0.571531	0.599117	0.211309	-0.600835	-0.770938	-69.668732	-191.328476	816.185791	
0.826788	0.499748	-0.258212	0.525244	-0.521563	0.672377	0.201344	-0.691538	-0.693711	-82.533318	-201.875610	820.119873	
0.850913	0.442872	-0.282508	0.494389	-0.493390	0.715644	0.177551	-0.748620	-0.638783	-94.013847	-211.668671	829.497437	
0.869117	0.385685	-0.309647	0.477530	-0.491248	0.728451	0.128838	-0.780976	-0.611128	-103.470909	-217.623550	850.404968	
0.835935	0.274300	-0.475364	0.546764	-0.491246	0.678032	-0.047537	-0.826703	-0.560627	-111.431892	-222.321503	869.566711	
0.835158	0.171905	-0.522454	0.523087	-0.541797	0.657903	-0.169968	-0.822742	-0.542408	-116.347885	-232.754211	897.277039	
0.803971	0.114943	-0.583453	0.551092	-0.512670	0.658382	-0.223443	-0.850857	-0.475517	-118.638237	-237.536865	902.558899	
0.804524	0.061440	-0.590733	0.542711	-0.480081	0.689193	-0.241256	-0.875071	-0.419581	-120.298088	-243.530579	920.360718	
0.771026	0.026647	-0.636245	0.590998	-0.402022	0.699357	-0.237149	-0.915243	-0.325718	-115.442909	-241.772446	909.410400	
0.723973	-0.023031	-0.689443	0.632232	-0.377641	0.676513	-0.275943	-0.925666	-0.258841	-112.815186	-244.023743	908.172363	
0.699726	-0.059125	-0.711960	0.647871	-0.367470	0.667255	-0.301076	-0.928155	-0.218823	-110.770927	-248.425568	929.226440	
0.633358	-0.094101	-0.768115	0.681916	-0.401388	0.611456	-0.365851	-0.911062	-0.190053	-107.641449	-251.550720	946.351196	
0.567372	-0.147147	-0.810207	0.712158	-0.406292	0.572501	-0.413423	-0.901818	-0.125727	-95.590805	-245.130997	935.970825	
0.522662	-0.202933	-0.828035	0.681231	-0.484557	0.548752	-0.512590	-0.850895	-0.115015	-93.022003	-252.479004	968.301025	
0.522662	-0.202933	-0.828035	0.681231	-0.484557	0.548752	-0.512590	-0.850895	-0.115015	-93.022003	-252.479004	968.301025	
0.522662	-0.202933	-0.828035	0.681231	-0.484557	0.548752	-0.512590	-0.850895	-0.115015	-93.022003	-252.479004	968.301025	
0.522662	-0.202933	-0.828035	0.681231	-0.484557	0.548752	-0.512590	-0.850895	-0.115015	-93.022003	-252.479004	968.301025	
0.303114	-0.212011	-0.929071	0.773124	-0.515279	0.369820	-0.557136	-0.830385	0.007722	-46.686169	-224.970428	960.147400	
0.232905	-0.187039	-0.954344	0.786535	-0.540907	0.297962	-0.571941	-0.820022	0.021133	-38.118404	-218.870728	969.692688	
0.176755	-0.198305	-0.964071	0.736359	-0.623293	0.263214	-0.653095	-0.756427	0.035853	-31.083700	-219.382004	1007.559998	
0.176755	-0.198305	-0.964071	0.736359	-0.623293	0.263214	-0.653095	-0.756427	0.035853	-31.083700	-219.382004	1007.559998	
0.176755	-0.198305	-0.964071	0.736359	-0.623293	0.263214	-0.653095	-0.756427	0.035853	-31.083700	-219.382004	1007.559998	
0.017479	-0.059067	-0.998101	0.784951	-0.617513	0.050290	-0.619311	-0.784340	0.035571	8.380970	-181.484268	988.777039	
-0.020563	0.003463	-0.999783	0.771935	-0.635444	-0.018077	-0.635368	-0.772139	0.010393	17.066582	-166.221085	977.321960	
-0.044802	0.074196	-0.996237	0.730491	-0.677819	-0.083333	-0.681451	-0.731476	-0.023832	27.064949	-158.078644	1000.912659	
-0.008315	0.120210	-0.992714	0.757953	-0.646790	-0.084670	-0.652255	-0.753135	-0.085735	44.652225	-148.053726	1014.180908	
-0.023265	0.211237	-0.977158	0.676993	-0.715878	-0.170874	-0.735621	-0.665505	-0.126351	53.850082	-133.133606	1018.617432	
-0.008636	0.276659	-0.960929	0.683188	-0.700082	-0.207699	-0.730192	-0.658289	-0.182964	70.707031	-119.013084	1034.753418	
-0.093649	0.267936	-0.958874	0.702667	-0.664518	-0.254312	-0.705328	-0.697586	-0.126038	73.912888	-105.917175	983.324463	
-0.022166	0.297228	-0.954549	0.661083	-0.711892	-0.237020	-0.749985	-0.636291	-0.180713	86.704437	-99.958000	989.158936	
0.139932	0.360137	-0.922345	0.588820	-0.779172	-0.214901	-0.796059	-0.513024	-0.321087	99.867935	-95.790649	1004.038757	
0.339639	0.360366	-0.868782	0.540205	-0.830883	-0.133460	-0.769950	-0.423993	-0.476872	109.782143	-81.837578	1005.449463	
0.271380	0.328735	-0.904592	0.590453	-0.799086	-0.113256	-0.760078	-0.503384	-0.410958	110.089844	-64.536270	971.714844	
0.365409	0.386523	-0.846804	0.387625	-0.890270	-0.239096	-0.846299	-0.240875	-0.475138	120.976456	-54.360207	1034.811035	
0.378975	0.368058	-0.849064	0.319149	-0.913197	-0.253408	-0.868632	-0.174943	-0.463544	124.755600	-47.943501	1030.944824	
0.278361	0.290636	-0.915448	0.319177	-0.926944	-0.197233	-0.905893	-0.237288	-0.350789	124.143776	-32.266365	1019.659790	
0.291301	0.278152	-0.915300	0.253742	-0.944991	-0.206419	-0.922366	-0.172120	-0.345856	124.208015	-18.482080	1017.373230	
0.346519	0.231235	-0.909095	0.151699	-0.970198	-0.188954	-0.925695	-0.072433	-0.371270	119.760391	-4.696850	999.386230	
0.441877	0.215059	-0.870916	0.121654	-0.976236	-0.179343	-0.888789	-0.026703	-0.457539	116.078384	1.637302	993.666992	
0.548595	0.143691	-0.823648	0.116250	-0.988662	-0.095050	-0.827967	-0.043606	-0.559078	112.555573	8.084427	985.660339	
0.674834	0.123761	-0.727518	0.103332	-0.991972	-0.072899	-0.730699	-0.025981	-0.682205	105.999016	20.024185	979.913940	
0.840159	0.099240	-0.533183	0.077291	-0.994991	-0.063403	-0.536805	0.012058	-0.843620	96.549171	24.770836	974.747498	
0.961409	0.000143	-0.275121	0.005100	-0.999837	0.017305	-0.275073	-0.018041	-0.961254	89.907066	30.252872	963.506775	
0.987947	-0.044558	-0.148238	-0.037709	-0.998101	0.048701	-0.150126	-0.042524	-0.987752	74.824783	39.285141	945.451111	
0.991336	-0.088559	-0.097005	-0.087718	-0.996062	0.012912	-0.097766	-0.004291	-0.995200	66.292953	45.338478	937.558777	
0.982316	-0.173659	-0.069976	-0.172876	-0.984794	0.017144	-0.071889	-0.004744	-0.997401	51.300674	47.324501	933.850525	
0.976351	-0.212396	-0.040338	-0.209915	-0.975989	0.058142	-0.051719	-0.048299	-0.997493	32.344158	51.339943	932.657471	
0.941651	-0.334974	-0.032958	-0.321801	-0.924653	0.203620	-0.098682	-0.181133	-0.978495	14.808283	54.539246	919.558716	
0.882364	-0.460804	-0.095356	-0.423729	-0.866187	0.264903	-0.204665	-0.193336	-0.959548	5.786097	54.982643	911.375488	
0.740242	-0.570785	-0.355311	-0.370151	-0.787147	0.493344	-0.561275	-0.233676	-0.793955	-13.224570	55.379520	887.765442	
0.661184	-0.660897	-0.355035	-0.352083	-0.691238	0.631052	-0.662475	-0.292241	-0.689726	-32.775169	55.262791	878.454041	
0.637336	-0.722629	-0.267601	-0.383175	-0.598486	0.703555	-0.668565	-0.345864	-0.658330	-52.398113	55.120277	878.603271	
0.483384	-0.823122	-0.298008	-0.438050	-0.522173	0.731743	-0.757926	-0.223171	-0.612979	-73.531372	50.924751	885.139587	
0.394178	-0.871601	-0.291437	-0.463873	-0.462443	0.755624	-0.793375	-0.162661	-0.586597	-85.149429	46.564831	887.308777	
0.344689	-0.902596	-0.257895	-0.403830	-0.390587	0.827262	-0.847414	-0.181002	-0.499127	-93.332268	40.755173	865.818726	
0.323190	-0.925101	-0.199340	-0.319960	-0.305060	0.896974	-0.890602	-0.226113	-0.394588	-106.070442	36.451080	828.069031	
0.328668	-0.932207	-0.151549	-0.217297	-0.230798	0.948427	-0.919108	-0.278787	-0.278422	-121.576981	31.313942	807.808960	
0.341614	-0.928844	-0.143350	-0.098590	-0.187101	0.977380	-0.934655	-0.319754	-0.155491	-134.515244	25.661217	789.110291	
0.465303	-0.870596	-0.159858	0.016838	-0.171861	0.984977	-0.884991	-0.461005	-0.065309	-147.081924	20.608147	782.325195	
0.494530	-0.854639	-0.158216	0.062034	-0.146863	0.987209	-0.866943	-0.498020	-0.019612	-153.916229	15.116801	780.613403	
0.713304	-0.682391	-0.159806	0.095596	-0.131153	0.986742	-0.694303	-0.719125	-0.028318	-152.608704	9.615135	747.759766	
-0.346799	-0.931009	-0.113812	0.128690	-0.167426	0.977449	-0.929069	0.324332	0.177875	-166.149002	0.976780	760.684998	
-0.346799	-0.931009	-0.113812	0.128690	-0.167426	0.977449	-0.929069	0.324332	0.177875	-166.149002	0.976780	760.684998	
-0.346799	-0.931009	-0.113812	0.128690	-0.167426	0.977449	-0.929069	0.324332	0.177875	-166.149002	0.976780	760.684998	
-0.346799	-0.931009	-0.113812	0.128690	-0.167426	0.977449	-0.929069	0.324332	0.177875	-166.149002	0.976780	760.684998	
-0.700350	-0.711944	-0.051427	0.324602	-0.381825	0.865357	-0.635722	0.589360	0.498510	-168.068298	-41.234882	709.391968	
-0.795621	-0.603950	-0.047238	0.319853	-0.485022	0.813908	-0.514472	0.632453	0.579069	-166.394989	-48.698826	698.924683	
-0.858961	-0.512032	-0.002790	0.333954	-0.564340	0.754980	-0.388150	0.647567	0.655742	-160.240616	-63.134674	688.138062	
-0.920830	-0.389137	-0.025402	0.252947	-0.645596	0.720571	-0.296801	0.657098	0.692915	-160.873993	-73.622200	691.382019	
-0.920830	-0.389137	-0.025402	0.252947	-0.645596	0.720571	-0.296801	0.657098	0.692915	-160.873993	-73.622200	691.382019	
-0.920830	-0.389137	-0.025402	0.252947	-0.645596	0.720571	-0.296801	0.657098	0.692915	-160.873993	-73.622200	691.382019	
-0.991121	-0.127750	0.036871	0.131040	-0.891450	0.433757	-0.022544	0.434736	0.900276	-129.350128	-111.197769	663.584717	
-0.992698	0.013425	0.119878	0.028309	-0.940106	0.339705	0.117259	0.340618	0.932861	-114.427689	-117.462753	652.254517	
-0.986298	0.146522	0.075815	-0.121774	-0.956632	0.264623	0.111300	0.251764	0.961368	-104.399818	-123.900833	640.503479	
-0.969613	0.205247	0.133139	-0.169623	-0.956163	0.238704	0.176296	0.208867	0.961922	-86.834534	-129.838196	626.247070	
-0.956291	0.271532	0.108533	-0.249671	-0.951388	0.180345	0.152226	0.145365	0.977597	-79.076469	-135.070557	613.719177	
-0.913969	0.404031	0.037695	-0.399066	-0.911781	0.096961	0.073545	0.073576	0.994574	-70.270203	-140.023422	603.254150	
-0.870639	0.491355	0.023642	-0.484624	-0.848479	-0.212657	-0.084430	-0.196605	0.976841	-68.054016	-143.711365	600.897766	
-0.825834	0.562019	-0.046201	-0.560117	-0.827006	-0.048266	-0.065335	-0.013981	0.997766	-65.067795	-136.851898	571.352966	
-0.764947	0.643386	0.030189	-0.620731	-0.723882	-0.301144	-0.171898	-0.249098	0.953101	-33.064499	-170.968994	598.400024	
-0.764947	0.643386	0.030189	-0.620731	-0.723882	-0.301144	-0.171898	-0.249098	0.953101	-33.064499	-170.968994	598.400024	
-0.764947	0.643386	0.030189	-0.620731	-0.723882	-0.301144	-0.171898	-0.249098	0.953101	-33.064499	-170.968994	598.400024	
-0.423379	0.901380	0.090907	-0.850039	-0.360538	-0.383989	-0.313344	-0.239847	0.918852	12.783531	-187.910248	587.949768	
-0.287672	0.947825	0.137372	-0.914790	-0.229466	-0.332423	-0.283556	-0.221295	0.933073	21.393890	-194.664291	585.943970	
-0.162466	0.983404	0.080748	-0.945528	-0.131766	-0.297682	-0.282101	-0.124713	0.951244	29.127398	-199.317398	589.681519	
-0.075173	0.995054	-0.064932	-0.982097	-0.085159	-0.168030	-0.172728	0.051139	0.983642	44.347443	-203.462906	591.944519	
0.098901	0.995097	0.000014	-0.468384	0.046564	-0.882297	-0.877972	0.087253	0.470693	52.683998	-195.181000	568.809021	
0.098901	0.995097	0.000014	-0.468384	0.046564	-0.882297	-0.877972	0.087253	0.470693	52.683998	-195.181000	568.809021	
0.098901	0.995097	0.000014	-0.468384	0.046564	-0.882297	-0.877972	0.087253	0.470693	52.683998	-195.181000	568.809021	
0.098901	0.995097	0.000014	-0.468384	0.046564	-0.882297	-0.877972	0.087253	0.470693	52.683998	-195.181000	568.809021	
0.098901	0.995097	0.000014	-0.468384	0.046564	-0.882297	-0.877972	0.087253	0.470693	52.683998	-195.181000	568.809021	
0.098901	0.995097	0.000014	-0.468384	0.046564	-0.882297	-0.877972	0.087253	0.470693	52.683998	-195.181000	568.809021	
0.098901	0.995097	0.000014	-0.468384	0.046564	-0.882297	-0.877972	0.087253	0.470693	52.683998	-195.181000	568.809021	
0.098901	0.995097	0.000014	-0.468384	0.046564	-0.882297	-0.877972	0.087253	0.470693	52.683998	-195.181000	568.809021	
0.098901	0.995097	0.000014	-0.468384	0.046564	-0.882297	-0.877972	0.087253	0.470693	52.683998	-195.181000	568.809021	
0.098901	0.995097	0.000014	-0.468384	0.046564	-0.882297	-0.877972	0.087253	0.470693	52.683998	-195.181000	568.809021	
0.098901	0.995097	0.000014	-0.468384	0.046564	-0.882297	-0.877972	0.087253	0.470693	52.683998	-195.181000	568.809021	
0.098901	0.995097	0.000014	-0.468384	0.046564	-0.882297	-0.877972	0.087253	0.470693	52.683998	-195.181000	568.809021	
0.864293	0.465175	-0.191338	0.169283	-0.627225	-0.760218	-0.473647	0.624662	-0.620852	54.532845	-135.296585	560.136658	
0.930747	0.341134	-0.131672	0.176526	-0.734532	-0.655210	-0.320232	0.586592	-0.743883	42.377502	-129.500320	566.801819	
0.955100	0.280178	-0.096356	0.173021	-0.791435	-0.586255	-0.240515	0.543261	-0.804376	28.352728	-123.715881	574.441284	
0.967200	0.209562	-0.143557	0.115648	-0.866458	-0.485671	-0.226165	0.453139	-0.862273	20.208359	-116.822845	584.398682	
0.957967	0.096248	-0.270249	-0.051513	-0.869015	-0.492097	-0.282215	0.485335	-0.827530	3.560570	-109.396645	575.736450	
0.961849	0.007043	-0.273492	-0.094832	-0.929108	-0.357442	-0.256621	0.369741	-0.892993	-15.660300	-97.020599	608.431030	
0.961849	0.007043	-0.273492	-0.094832	-0.929108	-0.357442	-0.256621	0.369741	-0.892993	-15.660300	-97.020599	608.431030	
0.961849	0.007043	-0.273492	-0.094832	-0.929108	-0.357442	-0.256621	0.369741	-0.892993	-15.660300	-97.020599	608.431030	
0.913434	-0.376399	-0.154794	-0.388742	-0.919515	-0.058053	-0.120485	0.113202	-0.986240	-54.620914	-66.595009	626.328064	
0.898044	-0.427147	-0.105175	-0.436735	-0.894363	-0.096826	-0.052706	0.132887	-0.989729	-74.482971	-53.191864	636.434692	
0.849033	-0.522672	-0.077175	-0.526889	-0.848434	-0.050462	-0.039103	0.083507	-0.995740	-95.280876	-46.455784	650.196655	
0.796195	-0.602386	-0.056598	-0.604000	-0.796823	-0.016019	-0.035449	0.046939	-0.998269	-115.775848	-40.021118	675.858093	
0.779703	-0.625728	-0.022955	-0.625487	-0.780040	0.017401	-0.028794	0.000791	-0.999585	-137.568008	-34.844158	703.305481	
0.757192	-0.651377	-0.048672	-0.653018	-0.756606	-0.033376	-0.015085	0.057056	-0.998257	-149.968506	-23.542170	723.454956	
0.413866	-0.702707	-0.578720	-0.504249	-0.706244	0.496944	-0.757924	0.086151	-0.646630	-149.757996	-7.334210	689.658997	
0.413866	-0.702707	-0.578720	-0.504249	-0.706244	0.496944	-0.757924	0.086151	-0.646630	-149.757996	-7.334210	689.658997	
0.413866	-0.702707	-0.578720	-0.504249	-0.706244	0.496944	-0.757924	0.086151	-0.646630	-149.757996	-7.334210	689.658997	
0.413866	-0.702707	-0.578720	-0.504249	-0.706244	0.496944	-0.757924	0.086151	-0.646630	-149.757996	-7.334210	689.658997	
-0.015877	-0.713161	-0.700821	-0.488063	-0.606207	0.627938	-0.872664	0.352015	-0.338443	-182.530380	16.636269	708.070984	
-0.104021	-0.665857	-0.738793	-0.452999	-0.629579	0.631207	-0.885421	0.400331	-0.236143	-189.161819	20.730408	721.219421	
-0.105360	-0.620614	-0.777006	-0.374169	-0.699194	0.609200	-0.921356	0.354917	-0.158547	-197.449020	27.853683	761.153625	
-0.066516	-0.596525	-0.799834	-0.344384	-0.738623	0.579513	-0.936469	0.313996	-0.156304	-203.865952	35.928841	784.877991	
-0.111619	-0.563423	-0.818594	-0.403899	-0.726913	0.555394	-0.907968	0.392622	-0.146429	-197.620758	37.906723	776.700745	
-0.177375	-0.497834	-0.848940	-0.486345	-0.705583	0.515383	-0.855573	0.504294	-0.116967	-191.540344	39.938740	768.680786	
-0.218088	-0.449761	-0.866114	-0.494035	-0.714484	0.495420	-0.841645	0.535936	-0.066377	-187.717972	41.190819	786.240967	
-0.207551	-0.409143	-0.888552	-0.504131	-0.733682	0.455589	-0.838316	0.542504	-0.053986	-181.700134	43.176437	790.960754	
-0.237159	-0.362980	-0.901111	-0.530584	-0.728610	0.433136	-0.813779	0.580837	-0.019795	-174.890350	43.884758	803.226562	
-0.198264	-0.311552	-0.929315	-0.435334	-0.821494	0.368281	-0.878166	0.477580	0.027243	-177.116501	44.887329	846.565552	
-0.132295	-0.281284	-0.950462	-0.470182	-0.826336	0.309994	-0.872597	0.487901	-0.022935	-166.035660	43.364197	848.351624	
-0.027209	-0.292982	-0.955731	-0.463326	-0.843488	0.271764	-0.885770	0.450210	-0.112796	-166.246002	41.602386	875.534119	
-0.279710	-0.183492	-0.942387	-0.260317	-0.930302	0.258404	-0.924120	0.317598	0.212449	-145.261002	36.186199	875.078979	
-0.279710	-0.183492	-0.942387	-0.260317	-0.930302	0.258404	-0.924120	0.317598	0.212449	-145.261002	36.186199	875.078979	
-0.279710	-0.183492	-0.942387	-0.260317	-0.930302	0.258404	-0.924120	0.317598	0.212449	-145.261002	36.186199	875.078979	
-0.219809	-0.060994	-0.973634	-0.155351	-0.983119	0.096661	-0.963094	0.172502	0.206623	-100.601387	18.190363	907.496887	
-0.191762	-0.034429	-0.980837	-0.023196	-0.998946	0.039600	-0.981168	0.030346	0.190761	-81.937622	14.592616	916.228882	
-0.197166	0.004761	-0.980358	-0.083787	-0.996411	0.012013	-0.976784	0.084510	0.196857	-65.576584	4.997753	960.223816	
-0.026177	-0.000886	-0.999657	-0.221440	-0.975151	0.006663	-0.974823	0.221539	0.025331	-42.125198	-0.737078	941.763000	
-0.026177	-0.000886	-0.999657	-0.221440	-0.975151	0.006663	-0.974823	0.221539	0.025331	-42.125198	-0.737078	941.763000	
-0.026177	-0.000886	-0.999657	-0.221440	-0.975151	0.006663	-0.974823	0.221539	0.025331	-42.125198	-0.737078	941.763000	
0.129177	-0.044534	-0.990622	-0.421253	-0.906833	-0.014164	-0.897696	0.419132	-0.135902	-1.334181	-19.996956	937.057312	
0.146952	0.013330	-0.989054	-0.416276	-0.906217	-0.074064	-0.897284	0.422604	-0.127622	10.731263	-26.295925	942.918396	
0.207945	-0.091980	-0.973806	-0.346065	-0.938095	0.014708	-0.914875	0.333942	-0.226904	22.667955	-37.276291	994.427063	
-0.074158	-0.077511	-0.994230	-0.554598	-0.825376	0.105713	-0.828807	0.559237	0.018221	37.365475	-54.749863	978.672241	
-0.179632	-0.060130	-0.981895	-0.462095	-0.875999	0.138182	-0.868447	0.478551	0.129571	55.026688	-67.430885	996.113037	
0.328814	-0.323894	-0.887116	-0.251063	-0.935526	0.248511	-0.910411	0.141008	-0.388932	65.234001	-69.544197	1006.719971	
0.328814	-0.323894	-0.887116	-0.251063	-0.935526	0.248511	-0.910411	0.141008	-0.388932	65.234001	-69.544197	1006.719971	
0.328814	-0.323894	-0.887116	-0.251063	-0.935526	0.248511	-0.910411	0.141008	-0.388932	65.234001	-69.544197	1006.719971	
0.328814	-0.323894	-0.887116	-0.251063	-0.935526	0.248511	-0.910411	0.141008	-0.388932	65.234001	-69.544197	1006.719971	
0.217222	-0.622949	-0.751498	-0.438911	-0.749997	0.494836	-0.871878	0.222352	-0.436335	96.603348	-112.575806	1009.761108	
0.133876	-0.689890	-0.711427	-0.437415	-0.685311	0.582252	-0.889239	0.233239	-0.393515	99.333603	-120.739998	1021.030029	
0.133876	-0.689890	-0.711427	-0.437415	-0.685311	0.582252	-0.889239	0.233239	-0.393515	99.333603	-120.739998	1021.030029	
0.133876	-0.689890	-0.711427	-0.437415	-0.685311	0.582252	-0.889239	0.233239	-0.393515	99.333603	-120.739998	1021.030029	
0.133876	-0.689890	-0.711427	-0.437415	-0.685311	0.582252	-0.889239	0.233239	-0.393515	99.333603	-120.739998	1021.030029	
0.133876	-0.689890	-0.711427	-0.437415	-0.685311	0.582252	-0.889239	0.233239	-0.393515	99.333603	-120.739998	1021.030029	
-0.226328	-0.822745	-0.521409	-0.299510	-0.450583	0.840993	-0.926861	0.346507	-0.144441	92.883614	-175.652145	1022.408264	
-0.311593	-0.847645	-0.429429	-0.279792	-0.350048	0.893971	-0.908090	0.398705	-0.128091	87.635880	-181.540970	1027.284668	
-0.369232	-0.843151	-0.390853	-0.156775	-0.358033	0.920453	-0.916019	0.401136	0.000012	76.677422	-187.963776	1031.733887	
-0.523959	-0.768997	-0.366211	-0.089462	-0.377890	0.921518	-0.847032	0.515600	0.129203	64.140503	-193.557999	1028.989990	
-0.523959	-0.768997	-0.366211	-0.089462	-0.377890	0.921518	-0.847032	0.515600	0.129203	64.140503	-193.557999	1028.989990	
-0.523959	-0.768997	-0.366211	-0.089462	-0.377890	0.921518	-0.847032	0.515600	0.129203	64.140503	-193.557999	1028.989990	
-0.523959	-0.768997	-0.366211	-0.089462	-0.377890	0.921518	-0.847032	0.515600	0.129203	64.140503	-193.557999	1028.989990	
-0.523959	-0.768997	-0.366211	-0.089462	-0.377890	0.921518	-0.847032	0.515600	0.129203	64.140503	-193.557999	1028.989990	
-0.946142	-0.316736	0.067026	0.244385	-0.562938	0.789543	-0.212346	0.763400	0.610024	11.306231	-210.513916	995.386292	
-0.954458	-0.260820	0.144852	0.278756	-0.606604	0.744531	-0.106321	0.751002	0.651684	1.337459	-210.020386	981.709106	
-0.966220	-0.192613	0.171227	0.257080	-0.673633	0.692912	-0.018120	0.713525	0.700395	-17.657900	-215.533997	1000.650024	
-0.966220	-0.192613	0.171227	0.257080	-0.673633	0.692912	-0.018120	0.713525	0.700395	-17.657900	-215.533997	1000.650024	
-0.966220	-0.192613	0.171227	0.257080	-0.673633	0.692912	-0.018120	0.713525	0.700395	-17.657900	-215.533997	1000.650024	
-0.966220	-0.192613	0.171227	0.257080	-0.673633	0.692912	-0.018120	0.713525	0.700395	-17.657900	-215.533997	1000.650024	
-0.844697	0.163049	0.509805	0.036749	-0.932558	0.359147	0.533981	0.322106	0.781736	-67.211418	-208.173508	975.258057	
-0.837370	0.245622	0.488346	-0.112943	-0.951829	0.285073	0.534841	0.183557	0.824773	-76.096237	-208.157883	963.466431	
-0.877014	0.335097	0.344321	-0.314523	-0.942160	0.115805	0.363211	-0.006733	0.931682	-95.334267	-210.600571	992.065979	
-0.774660	0.382057	0.503919	-0.438452	-0.898725	0.007368	0.455699	-0.215237	0.863719	-102.694183	-205.339417	973.342957	
-0.506510	0.463125	0.727298	-0.498046	-0.845703	0.191669	0.703844	-0.265146	0.659015	-107.984512	-191.814011	934.765015	
-0.496325	0.449985	0.742412	-0.694270	-0.719161	-0.028248	0.521201	-0.529454	0.669348	-122.670975	-182.649277	928.504456	
-0.421730	0.468049	0.776579	-0.798883	-0.596908	-0.074082	0.428871	-0.651638	0.625649	-130.688431	-174.780334	935.091064	
-0.317905	0.472889	0.821774	-0.915171	-0.379568	-0.135614	0.247788	-0.795177	0.553439	-135.050522	-162.867264	917.304749	
-0.243513	0.437152	0.865794	-0.965493	-0.194231	-0.173484	0.092325	-0.878165	0.469364	-140.123886	-148.844589	894.553101	
-0.196416	0.368056	0.908821	-0.979134	-0.024362	-0.201746	-0.052114	-0.929485	0.365160	-143.620804	-137.634964	898.342896	
-0.125510	0.278671	0.952150	-0.986382	0.067766	-0.149855	-0.106284	-0.957993	0.266371	-150.001251	-124.941528	916.191345	
-0.049364	0.179448	0.982528	-0.928754	0.353612	-0.111245	-0.367396	-0.918018	0.149208	-146.973007	-109.889000	877.226990	
-0.049364	0.179448	0.982528	-0.928754	0.353612	-0.111245	-0.367396	-0.918018	0.149208	-146.973007	-109.889000	877.226990	
-0.049364	0.179448	0.982528	-0.928754	0.353612	-0.111245	-0.367396	-0.918018	0.149208	-146.973007	-109.889000	877.226990	
-0.049364	0.179448	0.982528	-0.928754	0.353612	-0.111245	-0.367396	-0.918018	0.149208	-146.973007	-109.889000	877.226990	
0.000511	-0.097962	0.995190	-0.541659	0.836528	0.082622	-0.840598	-0.539096	-0.052635	-127.786346	-71.725822	817.578613	
-0.000194	-0.210918	0.977504	-0.404858	0.893826	0.192781	-0.914379	-0.395713	-0.085565	-116.988960	-63.534977	798.534912	
-0.059771	-0.276767	0.959076	-0.257440	0.932566	0.253072	-0.964444	-0.231778	-0.126991	-113.822998	-55.974602	811.554016	
-0.059771	-0.276767	0.959076	-0.257440	0.932566	0.253072	-0.964444	-0.231778	-0.126991	-113.822998	-55.974602	811.554016	
-0.059771	-0.276767	0.959076	-0.257440	0.932566	0.253072	-0.964444	-0.231778	-0.126991	-113.822998	-55.974602	811.554016	
-0.161807	-0.465261	0.870259	0.022486	0.879913	0.474603	-0.986567	0.096362	-0.131915	-81.223114	-12.453241	767.297852	
-0.226297	-0.504489	0.833235	0.122678	0.833853	0.538181	-0.966303	0.224009	-0.126809	-74.367188	-5.761048	780.571350	
-0.278309	-0.544032	0.791564	0.218719	0.766576	0.603758	-0.935258	0.341161	-0.094354	-64.872826	1.262582	773.539124	
-0.436371	-0.507024	0.743308	0.488263	0.560460	0.668942	-0.755765	0.654837	0.002993	-51.463959	8.473944	712.291748	
-0.441973	-0.545335	0.712229	0.516831	0.494147	0.699074	-0.733175	0.677074	0.063446	-33.702099	20.680500	726.643005	
-0.441973	-0.545335	0.712229	0.516831	0.494147	0.699074	-0.733175	0.677074	0.063446	-33.702099	20.680500	726.643005	
-0.441973	-0.545335	0.712229	0.516831	0.494147	0.699074	-0.733175	0.677074	0.063446	-33.702099	20.680500	726.643005	
-0.441973	-0.545335	0.712229	0.516831	0.494147	0.699074	-0.733175	0.677074	0.063446	-33.702099	20.680500	726.643005	
-0.736316	-0.520319	0.432557	0.582732	-0.162731	0.796205	-0.343891	0.838323	0.423028	7.239887	47.383247	683.834595	
-0.810816	-0.439899	0.386089	0.544389	-0.324510	0.773520	-0.214982	0.837365	0.502594	16.730598	50.554935	667.304749	
-0.897615	-0.352830	0.264193	0.418707	-0.495235	0.761201	-0.137737	0.793884	0.592263	34.301685	53.464016	650.897522	
-0.940419	-0.299481	0.161002	0.319241	-0.614720	0.721253	-0.117031	0.729678	0.673701	50.005577	55.266571	633.980164	
-0.972174	-0.195362	0.129269	0.231469	-0.716195	0.658398	-0.036044	0.669998	0.741486	57.096851	57.123398	629.893921	
-0.986077	-0.144745	0.081852	0.164066	-0.766699	0.620689	-0.027086	0.625475	0.779773	70.918823	58.858662	629.571472	
-0.994820	-0.097557	0.028543	0.096131	-0.811725	0.576075	-0.033032	0.575834	0.816898	82.356544	59.311138	627.717957	
-0.999485	0.010088	0.030470	0.007234	-0.854102	0.520055	0.031270	0.520006	0.853589	90.648315	57.809517	615.249878	
-0.997625	0.066719	-0.017106	-0.066507	-0.868559	0.491102	0.017908	0.491073	0.870934	95.198311	56.319740	609.721130	
-0.983667	0.162778	-0.076828	-0.179569	-0.858005	0.481229	0.012414	0.487164	0.873222	97.146675	52.573174	596.079224	
-0.956558	0.251076	-0.148185	-0.290695	-0.860127	0.419138	-0.022223	0.444005	0.895748	99.647949	51.153435	598.998535	
-0.904680	0.293604	-0.308791	-0.383549	-0.876796	0.290032	-0.185593	0.380821	0.905831	101.156448	45.122360	596.952576	
-0.845855	0.328007	-0.420645	-0.446670	-0.866607	0.222433	-0.291575	0.376035	0.879534	99.855812	38.051250	589.044556	
-0.720658	0.341325	-0.603448	-0.484641	-0.870431	0.086438	-0.495757	0.354748	0.792703	97.433022	29.638327	589.487488	
-0.661703	0.401173	-0.633412	-0.552561	-0.831951	0.050323	-0.506780	0.383297	0.772176	93.786339	20.554153	587.534790	
-0.538162	0.405804	-0.738718	-0.628144	-0.777498	0.030501	-0.561975	0.480435	0.673323	85.050949	14.712918	578.374451	
-0.422610	0.383989	-0.820947	-0.706933	-0.706487	0.033466	-0.567139	0.594497	0.570022	73.552567	8.032832	562.460266	
-0.347117	0.363111	-0.864674	-0.661206	-0.748606	-0.048934	-0.665070	0.554741	0.499944	63.184875	1.348857	572.186279	
-0.307415	0.341571	-0.888158	-0.616708	-0.782322	-0.087409	-0.724684	0.520864	0.451147	49.894608	-6.085975	579.134338	
-0.208533	0.306770	-0.928658	-0.680673	-0.727351	-0.087424	-0.702281	0.613882	0.360486	33.588127	-19.262383	561.205078	
-0.122221	0.212254	-0.969541	-0.647416	-0.757469	-0.084213	-0.752273	0.617404	0.229995	25.284088	-25.908016	557.266357	
-0.119002	0.113053	-0.986436	-0.656142	-0.754601	-0.007327	-0.745196	0.646370	0.163977	8.905577	-33.940678	557.154053	
-0.073631	0.003124	-0.997280	-0.587188	-0.808419	0.040822	-0.806095	0.588597	0.061358	0.261539	-42.929474	566.737305	
0.033246	-0.078789	-0.996336	-0.613567	-0.788530	0.041883	-0.788943	0.609926	-0.074558	-19.838284	-55.058414	559.487488	
0.063418	-0.173597	-0.982772	-0.647225	-0.756737	0.091905	-0.759656	0.630247	-0.160348	-37.974281	-63.459923	551.864075	
0.105793	-0.276488	-0.955176	-0.630090	-0.761755	0.150714	-0.769282	0.585903	-0.254801	-61.024410	-78.640526	587.592773	
0.067918	-0.405494	-0.911571	-0.669190	-0.696186	0.259826	-0.739981	0.592367	-0.318636	-82.707298	-97.794403	578.718994	
0.067918	-0.405494	-0.911571	-0.669190	-0.696186	0.259826	-0.739981	0.592367	-0.318636	-82.707298	-97.794403	578.718994	
0.067918	-0.405494	-0.911571	-0.669190	-0.696186	0.259826	-0.739981	0.592367	-0.318636	-82.707298	-97.794403	578.718994	
0.067918	-0.405494	-0.911571	-0.669190	-0.696186	0.259826	-0.739981	0.592367	-0.318636	-82.707298	-97.794403	578.718994	
-0.104685	-0.780909	-0.615810	-0.653834	-0.412534	0.634284	-0.749361	0.469038	-0.467398	-131.477066	-133.214600	592.955444	
-0.212807	-0.786496	-0.579774	-0.653887	-0.326277	0.682624	-0.726048	0.524373	-0.444844	-145.913742	-144.372147	590.359070	
-0.370380	-0.784956	-0.496651	-0.511466	-0.273981	0.814455	-0.775385	0.555678	-0.300000	-153.349670	-157.733841	595.479126	
-0.394639	-0.809975	-0.433821	-0.539583	-0.177862	0.822931	-0.743714	0.558843	-0.366856	-164.301895	-164.865112	591.783081	
-0.445530	-0.856451	-0.260759	-0.480215	-0.017200	0.876982	-0.755577	0.515942	-0.403617	-176.496460	-177.521835	621.719788	
-0.504764	-0.853192	-0.131439	-0.366655	0.074048	0.927406	-0.781523	0.516314	-0.350203	-187.522079	-187.451096	630.728516	
-0.550685	-0.834457	0.020664	-0.249796	0.188369	0.949800	-0.796460	0.517879	-0.312175	-195.795090	-192.048553	638.456726	
-0.575904	-0.798537	0.175136	-0.116409	0.292148	0.949263	-0.809187	0.526297	-0.261205	-203.012833	-196.912888	646.207642	
-0.613980	-0.724602	0.313017	0.041849	0.366124	0.929625	-0.788211	0.583870	-0.194468	-208.210831	-201.237335	663.389893	
-0.563428	-0.643210	0.518487	0.337130	0.393952	0.855070	-0.754249	0.656569	-0.005117	-209.381744	-208.447739	667.292236	
-0.625612	-0.521080	0.580591	0.463567	0.350276	0.813887	-0.627468	0.778320	0.022420	-195.015915	-199.519409	641.611877	
-0.615975	-0.441822	0.652202	0.512559	0.403917	0.757716	-0.598212	0.801026	-0.022342	-197.454422	-205.543945	665.049316	
-0.607372	-0.365099	0.705551	0.622712	0.332673	0.708207	-0.493284	0.869500	0.025297	-196.392288	-208.132721	678.352539	
-0.563534	-0.262571	0.783254	0.739202	0.263005	0.620006	-0.368796	0.928377	0.045882	-189.326767	-208.138733	686.896667	
-0.470627	-0.174532	0.864898	0.843482	0.198677	0.499065	-0.258939	0.964399	0.053713	-185.683594	-207.581039	705.892212	
-0.415980	-0.127836	0.900343	0.891008	0.140677	0.431641	-0.181838	0.981768	0.055386	-181.447067	-207.300949	722.455078	
-0.217628	-0.080553	0.972702	0.972988	0.060736	0.222721	-0.077019	0.994898	0.065161	-162.276001	-197.858673	713.646484	
-0.074158	-0.060950	0.995382	0.997078	0.013833	0.075130	-0.018349	0.998045	0.059747	-146.676025	-194.437531	730.905396	
0.015240	-0.015800	0.999759	0.998930	-0.043424	-0.015915	0.043665	0.998932	0.015123	-128.069992	-188.727753	730.206116	
0.134518	0.016622	0.990772	0.976210	-0.173812	-0.129625	0.170054	0.984639	-0.039608	-117.306000	-194.544998	781.635010	
0.134518	0.016622	0.990772	0.976210	-0.173812	-0.129625	0.170054	0.984639	-0.039608	-117.306000	-194.544998	781.635010	
0.134518	0.016622	0.990772	0.976210	-0.173812	-0.129625	0.170054	0.984639	-0.039608	-117.306000	-194.544998	781.635010	
0.477854	-0.020465	0.878201	0.773509	-0.464024	-0.431701	0.416340	0.885586	-0.205906	-79.663177	-176.190201	871.561096	
0.579120	-0.067276	0.812462	0.693227	-0.483813	-0.534192	0.429018	0.872582	-0.233548	-66.103203	-161.871002	850.088013	
0.579120	-0.067276	0.812462	0.693227	-0.483813	-0.534192	0.429018	0.872582	-0.233548	-66.103203	-161.871002	850.088013	
0.579120	-0.067276	0.812462	0.693227	-0.483813	-0.534192	0.429018	0.872582	-0.233548	-66.103203	-161.871002	850.088013	
0.792043	-0.247703	0.557952	0.326660	-0.600147	-0.730149	0.515714	0.760570	-0.394427	-5.620481	-127.439354	855.436523	
0.841564	-0.302417	0.447565	0.190477	-0.609208	-0.769795	0.505459	0.733082	-0.455084	3.877510	-118.042999	889.822021	
0.841564	-0.302417	0.447565	0.190477	-0.609208	-0.769795	0.505459	0.733082	-0.455084	3.877510	-118.042999	889.822021	
0.841564	-0.302417	0.447565	0.190477	-0.609208	-0.769795	0.505459	0.733082	-0.455084	3.877510	-118.042999	889.822021	
0.882521	-0.460262	0.096520	-0.195312	-0.545427	-0.815085	0.427798	0.700477	-0.571245	29.779909	-79.860641	897.002136	
0.844164	-0.535929	0.012940	-0.315101	-0.515568	-0.796808	0.433704	0.668558	-0.604095	36.204063	-65.477127	910.127625	
0.804412	-0.592906	-0.037206	-0.380736	-0.466454	-0.798412	0.456029	0.656417	-0.600962	42.020893	-51.052338	923.915161	
0.750192	-0.649222	-0.125391	-0.490779	-0.419631	-0.763575	0.443112	0.634366	-0.633428	53.020531	-44.435371	948.450378	
0.720113	-0.658095	-0.219884	-0.552450	-0.352067	-0.755545	0.419806	0.665552	-0.617092	61.192101	-32.365101	971.106995	
0.720113	-0.658095	-0.219884	-0.552450	-0.352067	-0.755545	0.419806	0.665552	-0.617092	61.192101	-32.365101	971.106995	
0.720113	-0.658095	-0.219884	-0.552450	-0.352067	-0.755545	0.419806	0.665552	-0.617092	61.192101	-32.365101	971.106995	
0.720113	-0.658095	-0.219884	-0.552450	-0.352067	-0.755545	0.419806	0.665552	-0.617092	61.192101	-32.365101	971.106995	
0.519863	-0.692821	-0.499741	-0.787371	-0.161704	-0.594894	0.331345	0.702745	-0.629571	65.180550	20.113617	970.961609	
0.504360	-0.709070	-0.492788	-0.777781	-0.125163	-0.615947	0.375071	0.693940	-0.614629	65.055061	25.787741	990.375427	
0.307372	-0.807112	-0.504075	-0.908937	-0.092206	-0.406610	0.281701	0.583153	-0.761956	67.240036	37.595089	1060.033203	
0.284999	-0.613362	-0.736589	-0.942249	-0.038249	-0.332722	0.175905	0.788875	-0.588841	53.569923	45.617180	1025.286011	
0.343597	-0.582695	-0.736483	-0.882640	0.067487	-0.465179	0.320761	0.809884	-0.491122	48.803001	60.338100	1032.380005	
0.343597	-0.582695	-0.736483	-0.882640	0.067487	-0.465179	0.320761	0.809884	-0.491122	48.803001	60.338100	1032.380005	
0.343597	-0.582695	-0.736483	-0.882640	0.067487	-0.465179	0.320761	0.809884	-0.491122	48.803001	60.338100	1032.380005	
0.343597	-0.582695	-0.736483	-0.882640	0.067487	-0.465179	0.320761	0.809884	-0.491122	48.803001	60.338100	1032.380005	
0.140655	-0.446535	-0.883642	-0.899329	0.315616	-0.302644	0.414032	0.837253	-0.357189	0.282559	88.914505	1049.503174	
0.087822	-0.328382	-0.940453	-0.890636	0.396966	-0.221780	0.446156	0.857079	-0.257606	-17.283800	91.493599	1060.719971	
0.087822	-0.328382	-0.940453	-0.890636	0.396966	-0.221780	0.446156	0.857079	-0.257606	-17.283800	91.493599	1060.719971	
0.087822	-0.328382	-0.940453	-0.890636	0.396966	-0.221780	0.446156	0.857079	-0.257606	-17.283800	91.493599	1060.719971	
0.087822	-0.328382	-0.940453	-0.890636	0.396966	-0.221780	0.446156	0.857079	-0.257606	-17.283800	91.493599	1060.719971	
-0.026312	0.053464	-0.998223	-0.850410	0.523695	0.050464	0.525463	0.850227	0.031686	-60.513805	89.332375	999.060547	
-0.011060	0.170556	-0.985286	-0.813595	0.571308	0.108028	0.581327	0.802819	0.132444	-86.084900	95.673401	1073.640015	
-0.011060	0.170556	-0.985286	-0.813595	0.571308	0.108028	0.581327	0.802819	0.132444	-86.084900	95.673401	1073.640015	
-0.011060	0.170556	-0.985286	-0.813595	0.571308	0.108028	0.581327	0.802819	0.132444	-86.084900	95.673401	1073.640015	
-0.011060	0.170556	-0.985286	-0.813595	0.571308	0.108028	0.581327	0.802819	0.132444	-86.084900	95.673401	1073.640015	
-0.011060	0.170556	-0.985286	-0.813595	0.571308	0.108028	0.581327	0.802819	0.132444	-86.084900	95.673401	1073.640015	
0.137795	0.531400	-0.835838	-0.701313	0.648255	0.296523	0.699409	0.545325	0.462004	-133.737991	75.879684	1070.074951	
0.154798	0.558916	-0.814646	-0.695415	0.647347	0.311993	0.701737	0.518222	0.488887	-139.774979	67.955002	1058.115356	
0.253782	0.619981	-0.742440	-0.655045	0.674926	0.339694	0.711696	0.400124	0.577399	-149.470505	65.146385	1070.977661	
0.275791	0.679567	-0.679799	-0.569019	0.685418	0.454335	0.774698	0.261518	0.575718	-155.671677	54.350113	1063.931519	
0.311046	0.699070	-0.643856	-0.606671	0.667529	0.431690	0.731574	0.256334	0.631737	-165.566010	44.201397	1060.209595	
0.403624	0.770142	-0.493932	-0.567730	0.634177	0.524883	0.717475	0.068565	0.693201	-173.917938	32.300636	1055.038940	
0.374926	0.818213	-0.435841	-0.528476	0.574902	0.624661	0.761672	-0.003870	0.647951	-174.759460	26.677603	1045.304321	
0.314051	0.840867	-0.440811	-0.486994	0.541242	0.685488	0.814990	-0.000606	0.579475	-178.886703	20.778290	1032.719604	
0.343309	0.871238	-0.350832	-0.670024	0.488948	0.558568	0.658184	0.043305	0.751610	-181.867401	14.399529	1035.042236	
0.345848	0.901700	-0.259474	-0.750995	0.431799	0.499557	0.562491	0.022094	0.826508	-182.830536	7.747717	1050.385742	
0.384787	0.920824	-0.063420	-0.840045	0.377845	0.389304	0.382444	-0.096523	0.918922	-186.617798	0.539111	1073.697998	
0.415872	0.885241	0.208326	-0.871637	0.322648	0.368982	0.259422	-0.335033	0.905788	-183.449951	-14.030936	1049.456055	
0.410901	0.866756	0.282656	-0.872821	0.284452	0.396573	0.263331	-0.409660	0.873403	-176.157501	-20.633791	1021.023743	
0.450429	0.839406	0.304157	-0.787635	0.213181	0.578087	0.420410	-0.499952	0.757167	-165.308365	-35.402588	1003.201172	
0.445352	0.832510	0.329529	-0.790168	0.192364	0.581919	0.421065	-0.519543	0.743491	-155.493698	-42.614368	989.298889	
0.448925	0.791340	0.415028	-0.817789	0.176666	0.547731	0.360121	-0.585296	0.726458	-142.000534	-49.116611	970.007690	
0.525471	0.745689	0.409668	-0.730180	0.148098	0.667011	0.436713	-0.649627	0.622307	-134.812790	-63.377296	957.457092	
