0.996356	-0.042383	0.074017	0.042761	0.999079	-0.003532	-0.073799	0.006684	0.997251	18.781086	3.933353	547.281982	
0.969890	-0.126043	0.208391	0.128643	0.991690	0.001083	-0.206796	0.025758	0.978045	27.657640	7.702307	547.391235	
0.948429	-0.164542	0.270940	0.172234	0.985045	-0.004688	-0.266116	0.051111	0.962585	36.426559	15.724772	548.501831	
0.907144	-0.201267	0.369570	0.220424	0.975354	-0.009877	-0.358474	0.090422	0.929151	45.153458	18.700214	548.300964	
0.834659	-0.266616	0.481934	0.311797	0.950039	-0.014418	-0.454012	0.162300	0.876089	53.005856	24.540550	550.302917	
0.769565	-0.329838	0.546788	0.387326	0.921877	0.010969	-0.507690	0.203343	0.837199	68.986290	25.794312	549.942139	
0.682899	-0.364287	0.633201	0.483293	0.875280	-0.017667	-0.547793	0.318086	0.773786	76.730354	29.854889	553.718933	
0.592585	-0.349075	0.725941	0.528288	0.848750	-0.023112	-0.608075	0.397202	0.687369	83.794319	31.114506	558.567871	
0.537332	-0.347407	0.768494	0.572675	0.819230	-0.030072	-0.619127	0.456256	0.639150	89.300766	31.806170	560.766541	
0.442333	-0.317218	0.838877	0.622116	0.782261	-0.032228	-0.645998	0.536134	0.543366	99.229050	31.612577	567.527222	
0.371902	-0.323633	0.870029	0.698837	0.714522	-0.032936	-0.610996	0.620257	0.491899	103.067085	30.295969	575.979614	
0.270064	-0.288954	0.918462	0.772231	0.634753	-0.027368	-0.575088	0.716655	0.394563	106.047440	27.738989	580.191467	
0.205528	-0.261407	0.943093	0.835933	0.547996	-0.030280	-0.508896	0.794585	0.331147	108.215309	25.792109	589.633606	
0.129562	-0.179795	0.975134	0.875565	0.482323	-0.027402	-0.465403	0.857343	0.219913	109.567337	21.641218	600.461792	
0.080101	-0.147994	0.985739	0.910203	0.413994	-0.011807	-0.406343	0.898168	0.167866	110.187515	14.631964	604.539734	
0.042784	-0.087228	0.995269	0.938877	0.344102	-0.010202	-0.341584	0.934871	0.096618	107.944687	8.072496	608.552856	
0.016028	-0.032942	0.999329	0.959518	0.281583	-0.006107	-0.281193	0.958970	0.036122	103.883507	4.763995	617.563171	
-0.005190	0.017062	0.999841	0.985048	0.172269	0.002174	-0.172204	0.984901	-0.017701	101.333504	-4.062404	627.833008	
-0.016977	0.080487	0.996611	0.998807	0.047009	0.013218	-0.045786	0.995646	-0.081189	96.758560	-14.423038	633.388367	
-0.000994	0.044361	0.999015	0.995609	-0.093465	0.005141	0.093601	0.994633	-0.044073	91.406349	-23.846287	636.273254	
0.016752	0.062381	0.997912	0.978857	-0.204513	-0.003647	0.203859	0.976873	-0.064488	90.631561	-30.657473	647.271667	
0.016270	0.130677	0.991291	0.976350	-0.215840	0.012428	0.215585	0.967644	-0.131098	86.166626	-38.774872	659.598389	
0.016872	0.229865	0.973076	0.972292	-0.230719	0.037644	0.233161	0.945478	-0.227389	75.354912	-52.123737	676.248474	
0.039775	0.116834	0.992355	0.962132	-0.272506	-0.006480	0.269666	0.955033	-0.123249	71.294823	-53.305351	664.991272	
0.094015	-0.062726	0.993593	0.959737	-0.259637	-0.107202	0.264698	0.963666	0.035791	72.003105	-65.122574	668.895142	
0.160246	-0.149730	0.975655	0.967872	-0.170196	-0.185086	0.193766	0.973968	0.117646	57.926697	-85.022346	684.919373	
0.232936	-0.335234	0.912885	0.936060	-0.177239	-0.303936	0.263689	0.925312	0.272515	47.808083	-111.883118	732.782593	
0.287331	-0.486711	0.824956	0.865373	-0.237273	-0.441396	0.410572	0.840721	0.353012	33.220417	-113.253738	739.639038	
0.308091	-0.591401	0.745201	0.766975	-0.309043	-0.562354	0.562876	0.744806	0.358377	21.905609	-119.955727	754.574402	
0.444514	-0.674210	0.589786	0.588511	-0.276570	-0.759713	0.675323	0.684799	0.273841	9.323666	-127.274857	742.049988	
0.547426	-0.631442	0.549186	0.523897	-0.253155	-0.813292	0.652576	0.732934	0.192227	-0.705409	-139.054459	738.694763	
0.664706	-0.544869	0.511159	0.485796	-0.204577	-0.849794	0.567598	0.813182	0.128712	-10.158751	-146.188339	760.438293	
0.697028	-0.533611	0.478969	0.454991	-0.187129	-0.870613	0.554197	0.824767	0.112355	-21.175041	-160.803619	780.641235	
0.747439	-0.548601	0.374663	0.353725	-0.148731	-0.923449	0.562329	0.822748	0.082887	-33.059578	-177.808609	810.208801	
0.813961	-0.480701	0.326179	0.325316	-0.088002	-0.941502	0.481286	0.872456	0.084750	-49.508392	-190.821884	863.060242	
0.815031	-0.511029	0.273082	0.270241	-0.081638	-0.959326	0.512537	0.855677	0.071564	-63.808926	-196.376083	859.534058	
0.741568	-0.640631	0.199166	0.187910	-0.086645	-0.978357	0.644023	0.762943	0.056129	-72.081825	-193.170609	839.302734	
0.703203	-0.698836	0.130892	0.139683	-0.044718	-0.989187	0.697132	0.713881	0.066170	-80.969963	-195.586700	842.134460	
0.711691	-0.693004	0.115065	0.130989	-0.030009	-0.990930	0.690171	0.720308	0.069419	-90.568733	-199.731201	865.966431	
0.729800	-0.674780	0.109835	0.141674	-0.007898	-0.989882	0.668819	0.737976	0.089835	-103.210411	-207.698853	916.943909	
0.887548	0.183984	-0.422384	0.454241	-0.502605	0.735563	-0.076960	-0.844712	-0.529659	-114.297997	-234.268005	896.443970	
0.887548	0.183984	-0.422384	0.454241	-0.502605	0.735563	-0.076960	-0.844712	-0.529659	-114.297997	-234.268005	896.443970	
0.887548	0.183984	-0.422384	0.454241	-0.502605	0.735563	-0.076960	-0.844712	-0.529659	-114.297997	-234.268005	896.443970	
0.887548	0.183984	-0.422384	0.454241	-0.502605	0.735563	-0.076960	-0.844712	-0.529659	-114.297997	-234.268005	896.443970	
0.887548	0.183984	-0.422384	0.454241	-0.502605	0.735563	-0.076960	-0.844712	-0.529659	-114.297997	-234.268005	896.443970	
0.887548	0.183984	-0.422384	0.454241	-0.502605	0.735563	-0.076960	-0.844712	-0.529659	-114.297997	-234.268005	896.443970	
0.622460	-0.077872	-0.778768	0.699771	-0.390265	0.598342	-0.350520	-0.917403	-0.188432	-109.739738	-255.240936	955.607300	
0.575605	-0.139443	-0.805751	0.697819	-0.429918	0.572903	-0.426294	-0.892035	-0.150157	-100.458038	-255.775589	969.922485	
0.522650	-0.187484	-0.831677	0.671672	-0.510249	0.537123	-0.525065	-0.839342	-0.140754	-95.878632	-256.743652	976.413940	
0.489180	-0.199282	-0.849111	0.662669	-0.548055	0.510395	-0.567072	-0.812355	-0.136040	-84.457253	-255.622543	978.950928	
0.426360	-0.233058	-0.874014	0.649448	-0.593695	0.475123	-0.629630	-0.770201	-0.101769	-77.515175	-251.414612	981.520142	
0.364583	-0.262262	-0.893475	0.660415	-0.603610	0.446660	-0.656453	-0.752909	-0.046864	-60.472046	-243.811737	988.296143	
0.304984	-0.219858	-0.926632	0.681746	-0.628990	0.373622	-0.664986	-0.745676	-0.041944	-51.343967	-237.489563	999.061096	
0.238218	-0.179191	-0.954538	0.705548	-0.643479	0.296876	-0.667423	-0.744194	-0.026860	-41.569363	-230.592789	1006.254150	
0.224552	-0.149790	-0.962881	0.687031	-0.676406	0.265446	-0.691059	-0.721136	-0.048977	-32.736633	-222.656235	1011.387024	
0.155927	-0.103018	-0.982382	0.687501	-0.702793	0.182820	-0.709245	-0.703895	-0.038759	-22.238384	-217.427658	1029.193604	
0.132419	-0.084486	-0.987587	0.684393	-0.712931	0.152755	-0.716987	-0.696125	-0.036583	-11.309208	-205.847656	1030.023926	
0.089307	-0.034237	-0.995416	0.690855	-0.717779	0.086670	-0.717456	-0.695428	-0.040449	9.424786	-195.799759	1035.084839	
0.000989	-0.002580	-0.999996	0.690516	-0.723312	0.002549	-0.723316	-0.690516	0.001066	16.929300	-176.248001	1021.419983	
0.000989	-0.002580	-0.999996	0.690516	-0.723312	0.002549	-0.723316	-0.690516	0.001066	16.929300	-176.248001	1021.419983	
0.000989	-0.002580	-0.999996	0.690516	-0.723312	0.002549	-0.723316	-0.690516	0.001066	16.929300	-176.248001	1021.419983	
-0.023376	0.233237	-0.972139	0.626191	-0.754605	-0.196103	-0.779320	-0.613329	-0.128411	52.533726	-135.866180	1029.978394	
0.000317	0.278981	-0.960297	0.591321	-0.774471	-0.224800	-0.806436	-0.567772	-0.165213	69.726997	-121.514000	1024.689941	
0.000317	0.278981	-0.960297	0.591321	-0.774471	-0.224800	-0.806436	-0.567772	-0.165213	69.726997	-121.514000	1024.689941	
0.000317	0.278981	-0.960297	0.591321	-0.774471	-0.224800	-0.806436	-0.567772	-0.165213	69.726997	-121.514000	1024.689941	
0.000317	0.278981	-0.960297	0.591321	-0.774471	-0.224800	-0.806436	-0.567772	-0.165213	69.726997	-121.514000	1024.689941	
0.179631	0.400331	-0.898592	0.495812	-0.825788	-0.268782	-0.849649	-0.397252	-0.346825	110.980087	-81.721153	1005.773682	
0.237882	0.387833	-0.890504	0.430252	-0.864041	-0.261373	-0.870802	-0.320965	-0.372406	114.439072	-66.220810	1004.449646	
0.311745	0.390516	-0.866206	0.416169	-0.875659	-0.244999	-0.854177	-0.284110	-0.435503	116.573967	-51.890144	994.468872	
0.389440	0.364413	-0.845896	0.399320	-0.894402	-0.201467	-0.829988	-0.259324	-0.493833	119.896629	-44.739872	984.934265	
0.467206	0.325866	-0.821907	0.361238	-0.918826	-0.158949	-0.806986	-0.222642	-0.546996	123.488663	-30.126762	996.273010	
0.518120	0.326077	-0.790712	0.337618	-0.927376	-0.161209	-0.785854	-0.183433	-0.590581	124.575119	-15.834816	999.190063	
0.590137	0.279716	-0.757297	0.261326	-0.953739	-0.148631	-0.763838	-0.110188	-0.635933	121.065857	-2.383261	991.245056	
0.627428	0.246117	-0.738757	0.238366	-0.963897	-0.118677	-0.741294	-0.101633	-0.663441	117.235252	3.430943	986.333191	
0.665995	0.156241	-0.729411	0.153710	-0.985579	-0.070765	-0.729948	-0.064989	-0.680406	112.889038	8.408219	974.389282	
0.697168	0.122174	-0.706421	0.122825	-0.991158	-0.050202	-0.706308	-0.051767	-0.706010	105.720238	19.928234	970.183105	
0.739652	0.081617	-0.668023	0.094094	-0.995411	-0.017432	-0.666380	-0.049963	-0.743937	94.524857	24.537540	957.835449	
0.792922	-0.007346	-0.609279	0.018202	-0.999196	0.035736	-0.609052	-0.039426	-0.792150	89.110542	30.494907	960.099243	
0.818677	-0.058494	-0.571268	-0.022482	-0.997301	0.069898	-0.573815	-0.044380	-0.817782	75.769661	38.640759	953.729614	
0.822265	-0.115736	-0.557212	-0.030827	-0.986723	0.159457	-0.568269	-0.113939	-0.814916	67.863731	45.231915	948.374451	
0.838327	-0.176657	-0.515752	-0.045396	-0.965378	0.256875	-0.543274	-0.191932	-0.817322	51.406456	48.293079	939.902954	
0.839688	-0.237337	-0.488463	-0.052596	-0.930760	0.361828	-0.540517	-0.278131	-0.794030	32.849777	52.798985	926.569519	
0.819757	-0.348257	-0.454660	-0.160835	-0.901914	0.400854	-0.549664	-0.255477	-0.795361	14.901408	55.230270	915.786255	
0.782517	-0.461133	-0.418359	-0.237499	-0.842185	0.484065	-0.575553	-0.279429	-0.768542	5.901383	55.607338	897.618835	
0.725303	-0.564716	-0.393740	-0.326604	-0.785739	0.525304	-0.606024	-0.252407	-0.754337	-13.352898	55.513695	884.239563	
0.654444	-0.668659	-0.352985	-0.377020	-0.693250	0.614216	-0.655408	-0.268888	-0.705790	-32.489456	54.660393	880.233521	
0.563177	-0.755108	-0.335625	-0.400147	-0.604569	0.688752	-0.722990	-0.253590	-0.642633	-52.230408	53.814930	873.726807	
0.457844	-0.833039	-0.310522	-0.407712	-0.507130	0.759336	-0.790032	-0.221054	-0.571826	-71.873505	50.354267	869.663696	
0.403239	-0.870277	-0.282871	-0.412733	-0.448854	0.792579	-0.816731	-0.202848	-0.540187	-81.418816	45.570736	865.916443	
0.344888	-0.904682	-0.250205	-0.361220	-0.373953	0.854213	-0.866356	-0.204228	-0.455761	-91.303665	40.770851	855.462036	
0.255022	-0.946131	-0.199497	-0.345863	-0.281925	0.894929	-0.902963	-0.159228	-0.399128	-106.593140	36.770401	823.064941	
0.118977	-0.971350	-0.205726	-0.288439	-0.232076	0.928947	-0.950077	-0.051184	-0.307787	-121.590355	32.881374	813.286499	
-0.024996	-0.983239	-0.180596	-0.216630	-0.171033	0.961155	-0.975934	0.063147	-0.208724	-135.744370	26.837091	805.549927	
-0.093291	-0.982206	-0.162997	-0.121106	-0.151302	0.981041	-0.988246	0.111262	-0.104835	-147.219101	21.416580	786.598816	
-0.229504	-0.963831	-0.135486	-0.023420	-0.133693	0.990746	-0.973026	0.230553	0.008111	-152.680908	14.883173	777.011230	
-0.290386	-0.945072	-0.150048	0.074492	-0.178655	0.981087	-0.954006	0.273717	0.122279	-159.126801	9.610561	764.168518	
-0.356226	-0.917565	-0.176568	0.127001	-0.234756	0.963722	-0.925729	0.320879	0.200158	-163.371002	4.367460	754.104248	
-0.484176	-0.865568	-0.127926	0.211321	-0.257558	0.942871	-0.849068	0.429482	0.307616	-171.359924	-11.651162	745.290466	
-0.525556	-0.844725	-0.101141	0.292680	-0.291148	0.910808	-0.798830	0.449078	0.400249	-171.755707	-26.493715	731.380066	
-0.645967	-0.760462	-0.066506	0.313622	-0.343812	0.885118	-0.695965	0.550899	0.460589	-174.092743	-35.366905	730.726929	
-0.695016	-0.716864	-0.055293	0.332416	-0.388570	0.859367	-0.637536	0.578893	0.508360	-172.660156	-42.732452	726.181396	
-0.791091	-0.611056	-0.027999	0.351975	-0.492159	0.796173	-0.500288	0.619990	0.604420	-170.944366	-50.187305	719.946655	
-0.872104	-0.489288	-0.005517	0.310106	-0.561383	0.767257	-0.378507	0.667417	0.641316	-164.826462	-65.987427	708.981628	
-0.931188	-0.364365	0.011238	0.255889	-0.631384	0.732034	-0.259633	0.684536	0.681175	-161.279770	-74.162811	694.573486	
-0.968833	-0.247164	0.016499	0.195847	-0.723495	0.661965	-0.151678	0.644564	0.749352	-156.602325	-89.701866	690.821899	
-0.979779	-0.199631	0.013381	0.170595	-0.798581	0.577205	-0.104542	0.567816	0.816489	-143.916489	-97.497604	683.551514	
-0.973768	-0.227127	-0.013706	0.168612	-0.760717	0.626800	-0.152790	0.608047	0.779059	-127.623291	-108.428108	666.511536	
-0.999934	0.010617	0.004433	-0.008690	-0.949464	0.313754	0.007540	0.313695	0.949494	-116.258003	-119.597000	662.375977	
-0.999934	0.010617	0.004433	-0.008690	-0.949464	0.313754	0.007540	0.313695	0.949494	-116.258003	-119.597000	662.375977	
-0.999934	0.010617	0.004433	-0.008690	-0.949464	0.313754	0.007540	0.313695	0.949494	-116.258003	-119.597000	662.375977	
-0.960071	0.279069	0.019603	-0.276755	-0.957674	0.079163	0.040865	0.070577	0.996669	-80.674599	-139.316940	630.643372	
-0.912032	0.407577	0.045594	-0.407109	-0.913171	0.019523	0.049592	-0.000756	0.998770	-71.746376	-144.533340	620.592651	
-0.881229	0.469725	0.052857	-0.472680	-0.874966	-0.104916	-0.003034	-0.117439	0.993076	-62.242439	-155.609955	608.874939	
-0.846150	0.528831	0.066094	-0.529339	-0.819533	-0.219464	-0.061893	-0.220686	0.973379	-52.970943	-160.088211	599.701660	
-0.762211	0.645901	0.042971	-0.627784	-0.721379	-0.292400	-0.157863	-0.249847	0.955330	-32.939915	-170.945572	598.669312	
-0.666288	0.744653	0.039407	-0.689066	-0.594628	-0.414252	-0.285042	-0.303165	0.909309	-23.334476	-175.010193	597.760132	
-0.555269	0.831156	0.029258	-0.710276	-0.455624	-0.536575	-0.432647	-0.318724	0.843345	-3.993556	-181.009430	587.942871	
-0.435532	0.899729	0.028274	-0.731633	-0.335513	-0.593417	-0.524428	-0.279138	0.804398	14.266369	-186.751862	583.632263	
-0.304351	0.952521	0.008626	-0.727320	-0.226527	-0.647836	-0.615123	-0.203443	0.761731	22.895693	-191.062469	575.315552	
-0.175166	0.984484	0.010420	-0.674333	-0.112257	-0.729844	-0.717350	-0.134869	0.683534	30.592361	-193.711609	576.334229	
-0.029361	0.999568	-0.000463	-0.563536	-0.016936	-0.825917	-0.825569	-0.023988	0.563791	45.212234	-192.732559	567.645813	
0.097950	0.995024	-0.018231	-0.462313	0.029273	-0.886233	-0.881290	0.095236	0.462880	52.006447	-193.298935	564.759644	
0.141381	0.989611	-0.026082	-0.370189	0.028415	-0.928521	-0.918134	0.140932	0.370361	61.489674	-189.602844	559.020264	
0.209869	0.977591	-0.016410	-0.300303	0.048479	-0.952611	-0.930469	0.204852	0.303748	66.259804	-188.887924	557.444519	
0.276286	0.960933	-0.016498	-0.192663	0.038560	-0.980507	-0.941566	0.274080	0.195790	71.409004	-188.425354	557.390869	
0.365766	0.928896	-0.058018	-0.169146	0.005046	-0.985578	-0.915207	0.370305	0.158965	77.814262	-185.383347	554.732666	
0.437679	0.887849	-0.141984	-0.074698	-0.121461	-0.989782	-0.896023	0.443813	0.013160	75.795517	-174.282120	520.256042	
0.552220	0.831150	-0.065134	0.052187	-0.112435	-0.992288	-0.832063	0.544562	-0.105464	80.893898	-178.850998	563.052002	
0.552220	0.831150	-0.065134	0.052187	-0.112435	-0.992288	-0.832063	0.544562	-0.105464	80.893898	-178.850998	563.052002	
0.552220	0.831150	-0.065134	0.052187	-0.112435	-0.992288	-0.832063	0.544562	-0.105464	80.893898	-178.850998	563.052002	
0.552220	0.831150	-0.065134	0.052187	-0.112435	-0.992288	-0.832063	0.544562	-0.105464	80.893898	-178.850998	563.052002	
0.552220	0.831150	-0.065134	0.052187	-0.112435	-0.992288	-0.832063	0.544562	-0.105464	80.893898	-178.850998	563.052002	
0.552220	0.831150	-0.065134	0.052187	-0.112435	-0.992288	-0.832063	0.544562	-0.105464	80.893898	-178.850998	563.052002	
0.552220	0.831150	-0.065134	0.052187	-0.112435	-0.992288	-0.832063	0.544562	-0.105464	80.893898	-178.850998	563.052002	
0.922201	0.342993	-0.178606	0.152461	-0.746929	-0.647188	-0.355388	0.569607	-0.741112	42.676605	-131.569809	578.802185	
0.944249	0.272501	-0.184758	0.111264	-0.792292	-0.599911	-0.309859	0.545909	-0.778441	28.462067	-124.825935	583.445068	
0.964610	0.192303	-0.180407	0.078844	-0.863243	-0.498594	-0.251617	0.466724	-0.847854	20.649815	-118.006638	591.876343	
0.973780	0.084985	-0.211017	-0.041069	-0.846683	-0.530511	-0.223750	0.525267	-0.820993	5.676390	-106.695282	582.950073	
0.982603	-0.073341	-0.170621	-0.164776	-0.768086	-0.618783	-0.085670	0.636132	-0.766809	-5.060231	-90.825310	571.677307	
0.957019	-0.212194	-0.197708	-0.286678	-0.795386	-0.534019	-0.043939	0.567744	-0.822031	-25.852198	-87.748337	595.794312	
0.931055	-0.296857	-0.212160	-0.347377	-0.899071	-0.266459	-0.111647	0.321787	-0.940206	-43.449558	-76.452423	635.345764	
0.873418	-0.388002	-0.294271	-0.428795	-0.899194	-0.087089	-0.230817	0.202247	-0.951746	-55.478451	-68.615952	649.055359	
0.843845	-0.460630	-0.275217	-0.487924	-0.872128	-0.036349	-0.223282	0.164957	-0.960695	-76.683929	-55.931709	676.746521	
0.754513	-0.563778	-0.335953	-0.577168	-0.813685	0.069227	-0.312389	0.141668	-0.939332	-98.983452	-48.760323	688.745117	
0.645119	-0.618356	-0.448840	-0.613746	-0.769257	0.177649	-0.455124	0.160869	-0.875776	-118.072571	-40.807888	690.971985	
0.580058	-0.636046	-0.508898	-0.563429	-0.764470	0.313259	-0.588285	0.105019	-0.801806	-136.991943	-33.926338	703.262634	
0.508245	-0.661464	-0.551499	-0.528422	-0.745180	0.406786	-0.680041	0.084677	-0.728268	-146.711166	-21.741564	712.628723	
0.386316	-0.695732	-0.605571	-0.569726	-0.696311	0.436534	-0.725377	0.176369	-0.665374	-155.239273	-8.698250	718.686096	
0.255778	-0.712054	-0.653879	-0.606150	-0.645032	0.465312	-0.753100	0.277331	-0.596597	-162.161606	-3.715346	726.732239	
0.111166	-0.738626	-0.664886	-0.605586	-0.580817	0.543982	-0.787977	0.342173	-0.511869	-178.612656	0.663996	747.160583	
0.121193	-0.741063	-0.660408	-0.455702	-0.632594	0.626227	-0.881843	0.225054	-0.414370	-185.929810	7.730223	736.271423	
0.066205	-0.719575	-0.691252	-0.396345	-0.654738	0.643605	-0.915711	0.231364	-0.328548	-186.014786	23.266558	737.742310	
-0.023220	-0.681086	-0.731835	-0.357733	-0.677902	0.642243	-0.933535	0.276714	-0.227907	-190.358566	28.829664	744.683594	
-0.068513	-0.637884	-0.767079	-0.341982	-0.707284	0.618706	-0.937206	0.304716	-0.169687	-193.946869	36.538036	765.484680	
-0.125101	-0.606159	-0.785444	-0.343487	-0.716244	0.607463	-0.930788	0.345783	-0.118605	-197.793427	43.800797	778.818604	
-0.179290	-0.567910	-0.803327	-0.273732	-0.755516	0.595203	-0.944948	0.326610	-0.019999	-201.340973	46.469059	803.797485	
-0.267868	-0.528426	-0.805613	-0.260009	-0.765496	0.588566	-0.927708	0.367124	0.067656	-205.346436	47.410053	830.044373	
-0.271144	-0.486506	-0.830538	-0.287576	-0.782506	0.552254	-0.918575	0.388583	0.072264	-194.134995	40.801300	801.770020	
-0.271144	-0.486506	-0.830538	-0.287576	-0.782506	0.552254	-0.918575	0.388583	0.072264	-194.134995	40.801300	801.770020	
-0.271144	-0.486506	-0.830538	-0.287576	-0.782506	0.552254	-0.918575	0.388583	0.072264	-194.134995	40.801300	801.770020	
-0.271144	-0.486506	-0.830538	-0.287576	-0.782506	0.552254	-0.918575	0.388583	0.072264	-194.134995	40.801300	801.770020	
-0.294373	-0.282956	-0.912842	-0.323552	-0.869253	0.373784	-0.899254	0.405383	0.164333	-169.553925	44.721859	865.030396	
-0.275074	-0.240235	-0.930925	-0.255119	-0.915327	0.311594	-0.926957	0.323208	0.190494	-159.692993	38.255199	857.862000	
-0.275074	-0.240235	-0.930925	-0.255119	-0.915327	0.311594	-0.926957	0.323208	0.190494	-159.692993	38.255199	857.862000	
-0.275074	-0.240235	-0.930925	-0.255119	-0.915327	0.311594	-0.926957	0.323208	0.190494	-159.692993	38.255199	857.862000	
-0.217664	-0.085779	-0.972248	-0.279709	-0.948867	0.146337	-0.935086	0.303799	0.182542	-118.687256	25.150160	897.023193	
-0.188501	-0.052668	-0.980660	-0.217886	-0.971431	0.094054	-0.957598	0.231401	0.171641	-100.648651	18.525051	909.872498	
-0.153234	-0.027877	-0.987797	-0.219137	-0.973755	0.061476	-0.963586	0.225882	0.143104	-81.273590	15.449372	913.731750	
-0.063572	-0.012051	-0.997905	-0.196284	-0.980244	0.024342	-0.978484	0.197420	0.059951	-59.701210	7.448688	925.154602	
0.017847	-0.013839	-0.999745	-0.210204	-0.977608	0.009780	-0.977495	0.209976	-0.020356	-38.795532	1.619331	941.511292	
0.091161	-0.021890	-0.995596	-0.220543	-0.975376	0.001252	-0.971108	0.219457	-0.093744	-28.918453	-3.158886	961.769836	
0.124224	-0.017929	-0.992092	-0.225058	-0.974287	-0.010573	-0.966394	0.224592	-0.125065	-19.198238	-15.149480	982.333984	
0.191819	-0.041076	-0.980571	-0.303262	-0.952709	-0.019414	-0.933401	0.301094	-0.195205	0.152453	-21.418016	1005.723999	
0.247849	-0.094356	-0.964193	-0.390561	-0.920518	-0.010312	-0.886585	0.379132	-0.265002	19.958014	-28.630959	1024.727783	
0.291920	-0.158415	-0.943232	-0.469408	-0.882975	0.003019	-0.833330	0.441880	-0.332120	29.677946	-35.751423	1035.044067	
0.280159	-0.210069	-0.936687	-0.356491	-0.928751	0.101665	-0.891305	0.305438	-0.335086	35.376400	-49.282600	989.918030	
0.280159	-0.210069	-0.936687	-0.356491	-0.928751	0.101665	-0.891305	0.305438	-0.335086	35.376400	-49.282600	989.918030	
0.280159	-0.210069	-0.936687	-0.356491	-0.928751	0.101665	-0.891305	0.305438	-0.335086	35.376400	-49.282600	989.918030	
0.306478	-0.384503	-0.870763	-0.327363	-0.901561	0.282882	-0.893815	0.198358	-0.402181	78.077164	-84.427567	1005.496277	
0.285398	-0.480191	-0.829437	-0.396773	-0.846982	0.353825	-0.872422	0.228118	-0.432254	87.929993	-91.767616	1009.016235	
0.229753	-0.547350	-0.804750	-0.395150	-0.808111	0.436822	-0.889421	0.217636	-0.401951	92.951286	-105.571388	1009.855530	
0.158680	-0.608618	-0.777435	-0.445838	-0.746730	0.493582	-0.880937	0.268288	-0.389836	96.125999	-113.167076	1010.982666	
0.114496	-0.684828	-0.719655	-0.452166	-0.680955	0.576061	-0.884555	0.259446	-0.387622	97.928642	-119.976875	1004.979248	
0.087197	-0.712320	-0.696418	-0.430308	-0.657430	0.618563	-0.898461	0.245738	-0.363843	100.922096	-133.775269	1017.678650	
-0.006520	-0.750829	-0.660465	-0.446147	-0.588914	0.673894	-0.894936	0.299058	-0.331140	101.682709	-146.647385	1021.201050	
-0.104743	-0.782631	-0.613611	-0.452535	-0.511918	0.730173	-0.885574	0.354161	-0.300547	102.621628	-153.171875	1028.987793	
-0.171060	-0.804611	-0.568630	-0.366421	-0.483786	0.794787	-0.914590	0.344314	-0.212070	100.928436	-166.128632	1035.236816	
-0.243276	-0.815697	-0.524839	-0.341937	-0.434235	0.833378	-0.907687	0.382203	-0.173277	95.171860	-180.320282	1052.991455	
-0.363321	-0.817372	-0.447104	-0.290570	-0.356548	0.887943	-0.885193	0.452524	-0.107962	89.629463	-183.323303	1041.982056	
-0.453271	-0.783800	-0.424505	-0.167943	-0.392614	0.904240	-0.875409	0.481158	0.046327	79.218643	-190.339630	1061.822754	
-0.523959	-0.768997	-0.366211	-0.089462	-0.377890	0.921518	-0.847032	0.515600	0.129203	64.140503	-193.557999	1028.989990	
-0.523959	-0.768997	-0.366211	-0.089462	-0.377890	0.921518	-0.847032	0.515600	0.129203	64.140503	-193.557999	1028.989990	
-0.523959	-0.768997	-0.366211	-0.089462	-0.377890	0.921518	-0.847032	0.515600	0.129203	64.140503	-193.557999	1028.989990	
-0.523959	-0.768997	-0.366211	-0.089462	-0.377890	0.921518	-0.847032	0.515600	0.129203	64.140503	-193.557999	1028.989990	
-0.523959	-0.768997	-0.366211	-0.089462	-0.377890	0.921518	-0.847032	0.515600	0.129203	64.140503	-193.557999	1028.989990	
-0.963607	-0.248580	0.098333	0.223425	-0.546938	0.806808	-0.146775	0.799416	0.582573	9.200806	-210.211960	996.008606	
-0.969573	-0.194416	0.148762	0.236611	-0.588382	0.773189	-0.062792	0.784863	0.616480	-0.492500	-211.406601	989.221191	
-0.969483	-0.163388	0.182778	0.245133	-0.657124	0.712810	0.003643	0.735862	0.677122	-18.539068	-213.488586	989.580444	
-0.967060	-0.121842	0.223493	0.242044	-0.711949	0.659199	0.078797	0.691580	0.717989	-27.547974	-213.325912	987.987061	
-0.942989	-0.052532	0.328652	0.246860	-0.772705	0.584796	0.223231	0.632587	0.741621	-47.816895	-214.206879	988.825256	
-0.904352	0.062815	0.422140	0.162196	-0.864312	0.476085	0.394766	0.499018	0.771454	-57.032310	-212.416656	981.866272	
-0.838105	0.166030	0.519629	0.070754	-0.911426	0.405335	0.540901	0.376479	0.752124	-66.990730	-208.699188	976.073303	
-0.808791	0.242826	0.535623	-0.061480	-0.940696	0.333631	0.584873	0.236908	0.775756	-79.018585	-205.465179	970.160278	
-0.722126	0.336663	0.604312	-0.298385	-0.939728	0.166966	0.624100	-0.059747	0.779057	-94.482300	-201.615997	964.468994	
-0.722126	0.336663	0.604312	-0.298385	-0.939728	0.166966	0.624100	-0.059747	0.779057	-94.482300	-201.615997	964.468994	
-0.722126	0.336663	0.604312	-0.298385	-0.939728	0.166966	0.624100	-0.059747	0.779057	-94.482300	-201.615997	964.468994	
-0.722126	0.336663	0.604312	-0.298385	-0.939728	0.166966	0.624100	-0.059747	0.779057	-94.482300	-201.615997	964.468994	
-0.386910	0.468618	0.794165	-0.808510	-0.586539	-0.047797	0.443410	-0.660583	0.605819	-129.937531	-173.091293	926.851135	
-0.292428	0.459227	0.838806	-0.915116	-0.388988	-0.106070	0.277575	-0.798623	0.533996	-134.709167	-162.162415	913.717224	
-0.255543	0.494596	0.830706	-0.961794	-0.217362	-0.166454	0.098236	-0.841504	0.531244	-144.364975	-150.078018	902.673401	
-0.214264	0.548908	0.807955	-0.975111	-0.168475	-0.144135	0.057003	-0.818729	0.571343	-152.121140	-132.135681	884.809937	
-0.198930	0.584744	0.786449	-0.978065	-0.169047	-0.121709	0.061778	-0.793409	0.605545	-161.715103	-114.054176	883.745361	
-0.210113	0.635348	0.743092	-0.968988	-0.236440	-0.071830	0.130060	-0.735139	0.665322	-174.181320	-96.473816	900.074707	
-0.026509	0.125781	0.991704	-0.880230	0.467269	-0.082795	-0.473806	-0.875122	0.098329	-145.270996	-102.653000	872.351990	
-0.026509	0.125781	0.991704	-0.880230	0.467269	-0.082795	-0.473806	-0.875122	0.098329	-145.270996	-102.653000	872.351990	
-0.026509	0.125781	0.991704	-0.880230	0.467269	-0.082795	-0.473806	-0.875122	0.098329	-145.270996	-102.653000	872.351990	
-0.008679	-0.108613	0.994046	-0.519368	0.849973	0.088336	-0.854506	-0.515510	-0.063787	-129.668289	-72.159927	828.445251	
-0.034470	-0.229015	0.972813	-0.372729	0.906108	0.200104	-0.927299	-0.355698	-0.116594	-119.340614	-63.945065	815.371582	
-0.053746	-0.287589	0.956245	-0.258436	0.929007	0.264872	-0.964532	-0.232892	-0.124254	-112.760201	-55.775421	807.321045	
-0.103638	-0.390321	0.914827	-0.155385	0.914840	0.372723	-0.982402	-0.103522	-0.155463	-106.109100	-41.445221	803.022400	
-0.147025	-0.425203	0.893077	-0.055087	0.905007	0.421814	-0.987597	0.012820	-0.156482	-98.339622	-27.007839	792.766113	
-0.192405	-0.469206	0.861874	0.099251	0.864475	0.492779	-0.976283	0.180356	-0.119760	-81.935524	-12.452130	775.059265	
-0.273985	-0.490112	0.827480	0.290210	0.778162	0.556993	-0.916902	0.392751	-0.070970	-72.915588	-5.841111	768.417908	
-0.331751	-0.514150	0.790943	0.366178	0.702502	0.610249	-0.869398	0.492077	-0.044786	-64.109314	1.822103	758.424744	
-0.389445	-0.529456	0.753664	0.470769	0.588882	0.656958	-0.791649	0.610651	0.019914	-53.637642	8.380804	739.415955	
-0.441231	-0.541379	0.715698	0.509802	0.505121	0.696386	-0.738523	0.672132	0.053120	-33.428238	19.274210	719.552979	
-0.561918	-0.479713	0.673888	0.568581	0.367713	0.735868	-0.600803	0.796657	0.066131	-28.743271	27.692837	721.302917	
-0.688971	-0.380662	0.616778	0.593566	0.192005	0.781545	-0.415929	0.904561	0.093662	-25.599972	32.685738	713.814636	
-0.765283	-0.259603	0.589022	0.569127	0.154618	0.807581	-0.300724	0.953257	0.029420	-16.734608	33.395973	692.515625	
-0.841376	-0.050001	0.538132	0.520464	0.193308	0.831714	-0.145612	0.979863	-0.136622	-14.991471	30.617771	656.192749	
-0.828275	-0.443239	0.342782	0.508526	-0.337745	0.792041	-0.235290	0.830342	0.505144	17.675600	51.304699	679.377014	
-0.828275	-0.443239	0.342782	0.508526	-0.337745	0.792041	-0.235290	0.830342	0.505144	17.675600	51.304699	679.377014	
-0.828275	-0.443239	0.342782	0.508526	-0.337745	0.792041	-0.235290	0.830342	0.505144	17.675600	51.304699	679.377014	
-0.976849	-0.213178	0.017921	0.172745	-0.736600	0.653895	-0.126195	0.641853	0.756373	58.540878	57.947124	644.734253	
-0.989796	-0.141173	-0.019300	0.099097	-0.779370	0.618677	-0.102382	0.610452	0.785408	72.298653	59.667366	643.475342	
-0.992213	-0.090374	-0.085697	0.023922	-0.813557	0.580992	-0.122226	0.574418	0.809385	83.410744	59.746544	634.703796	
-0.988695	0.018738	-0.148761	-0.091974	-0.859359	0.503032	-0.118413	0.511028	0.851369	92.581703	58.632938	626.921753	
-0.973610	0.073137	-0.216179	-0.166897	-0.874249	0.455887	-0.155652	0.479936	0.863385	97.098175	57.374332	621.452515	
-0.944506	0.174660	-0.278209	-0.281495	-0.866881	0.411433	-0.169313	0.466916	0.867942	99.387054	53.632233	610.815979	
-0.897006	0.263416	-0.354954	-0.391567	-0.846111	0.361622	-0.205073	0.463365	0.862112	101.225952	51.364246	607.742126	
-0.847789	0.284010	-0.447876	-0.429062	-0.863684	0.264491	-0.311705	0.416398	0.854080	102.992462	46.110954	603.490479	
-0.799895	0.309099	-0.514418	-0.479243	-0.844937	0.237502	-0.361239	0.436508	0.823995	100.831650	39.076141	596.369019	
-0.719673	0.327740	-0.612092	-0.511190	-0.846684	0.147687	-0.469845	0.419181	0.776874	96.985100	29.597977	596.416992	
-0.637024	0.364508	-0.679215	-0.571361	-0.814751	0.098624	-0.517442	0.450903	0.727282	93.399254	20.432737	587.902954	
-0.530057	0.390178	-0.752862	-0.621573	-0.782704	0.031979	-0.576790	0.484908	0.657402	85.562073	14.427664	583.632507	
-0.418456	0.394374	-0.818146	-0.680224	-0.732984	-0.005409	-0.601821	0.554259	0.574985	75.539879	7.648866	581.635559	
-0.352452	0.362517	-0.862762	-0.653040	-0.755623	-0.050722	-0.670310	0.545542	0.503059	63.744736	1.907318	576.051819	
-0.296708	0.337565	-0.893316	-0.629157	-0.772827	-0.083065	-0.718418	0.537390	0.441686	50.102135	-5.812069	574.452881	
-0.234478	0.344358	-0.909086	-0.699967	-0.708742	-0.087929	-0.674586	0.615713	0.407224	34.911148	-22.133787	582.271851	
-0.154819	0.294730	-0.942956	-0.767578	-0.636785	-0.073009	-0.621977	0.712488	0.324814	28.171490	-35.140751	599.250793	
-0.029283	0.145467	-0.988930	-0.854362	-0.517191	-0.050779	-0.518852	0.843417	0.139426	14.830492	-44.141796	612.158630	
0.005032	-0.010122	-0.999936	-0.585285	-0.810811	0.005262	-0.810812	0.585221	-0.010004	-0.820478	-43.891602	572.424011	
0.005032	-0.010122	-0.999936	-0.585285	-0.810811	0.005262	-0.810812	0.585221	-0.010004	-0.820478	-43.891602	572.424011	
0.005032	-0.010122	-0.999936	-0.585285	-0.810811	0.005262	-0.810812	0.585221	-0.010004	-0.820478	-43.891602	572.424011	
0.074021	-0.270753	-0.959799	-0.607603	-0.775420	0.171881	-0.790784	0.570454	-0.221908	-61.268066	-81.008240	571.574646	
0.133147	-0.414610	-0.900206	-0.695700	-0.686009	0.213058	-0.705885	0.597905	-0.379784	-76.580055	-99.535660	576.740601	
0.130565	-0.462673	-0.876862	-0.835601	-0.527357	0.153837	-0.533596	0.712621	-0.455465	-80.573990	-114.656738	563.871338	
0.148348	-0.587708	-0.795357	-0.855420	-0.479824	0.195002	-0.496236	0.651436	-0.573919	-86.446114	-122.041443	576.087097	
0.180971	-0.715424	-0.674847	-0.828556	-0.480583	0.287289	-0.529854	0.507158	-0.679740	-91.820702	-128.221497	555.225342	
-0.133532	-0.776703	-0.615550	-0.632657	-0.411279	0.656197	-0.762833	0.477055	-0.436467	-132.975006	-134.408005	598.591003	
-0.133532	-0.776703	-0.615550	-0.632657	-0.411279	0.656197	-0.762833	0.477055	-0.436467	-132.975006	-134.408005	598.591003	
-0.133532	-0.776703	-0.615550	-0.632657	-0.411279	0.656197	-0.762833	0.477055	-0.436467	-132.975006	-134.408005	598.591003	
-0.364621	-0.847610	-0.385498	-0.498482	-0.171998	0.849665	-0.786490	0.501970	-0.359804	-168.565414	-169.851486	607.726685	
-0.464608	-0.844016	-0.267912	-0.439893	-0.042594	0.897039	-0.768526	0.534625	-0.351487	-175.085037	-175.541183	611.712769	
-0.483740	-0.870743	-0.088331	-0.302705	0.071758	0.950379	-0.821197	0.486475	-0.298290	-184.446655	-185.054901	626.370605	
-0.499751	-0.864078	0.060144	-0.188953	0.176521	0.965990	-0.845308	0.471390	-0.251486	-190.489120	-188.550583	630.863464	
-0.486621	-0.851453	0.195518	-0.063620	0.257749	0.964115	-0.871293	0.456720	-0.179595	-191.942505	-190.190582	626.488037	
-0.516123	-0.789653	0.331760	0.096820	0.331067	0.938627	-0.851024	0.516568	-0.094417	-194.234787	-193.046463	635.980469	
-0.600342	-0.669594	0.437302	0.262408	0.351606	0.898618	-0.755467	0.654230	-0.035376	-199.396988	-202.101089	647.276367	
-0.628984	-0.550576	0.548857	0.477504	0.283525	0.831627	-0.613488	0.785162	0.084570	-198.799927	-207.884293	657.785767	
-0.635279	-0.422749	0.646300	0.589718	0.274809	0.759416	-0.498651	0.863576	0.074723	-205.564636	-213.473282	682.589355	
-0.642592	-0.334110	0.689525	0.645792	0.248131	0.722069	-0.412343	0.909286	0.056319	-206.667755	-219.957138	709.217834	
-0.583153	-0.218318	0.782476	0.753123	0.215785	0.621484	-0.304528	0.951721	0.038586	-199.805939	-219.537811	718.124817	
-0.475986	-0.115451	0.871841	0.850344	0.192523	0.489744	-0.224391	0.974477	0.006536	-195.493179	-217.958801	730.515991	
-0.421938	-0.047761	0.905365	0.895436	0.134443	0.424403	-0.141990	0.989769	-0.013959	-189.613342	-214.142563	735.791565	
-0.286536	0.035109	0.957426	0.954441	0.097349	0.282073	-0.083301	0.994631	-0.061403	-174.341461	-211.477173	737.332886	
-0.143248	0.113882	0.983113	0.986887	0.091106	0.133244	-0.074393	0.989308	-0.125439	-162.997696	-209.776505	764.060120	
-0.008658	0.196634	0.980439	0.994111	0.107607	-0.012802	-0.108019	0.974554	-0.196407	-146.861847	-209.317078	770.962219	
0.137979	0.251375	0.958004	0.986044	0.056111	-0.156741	-0.093155	0.966262	-0.240124	-128.654419	-209.021881	764.935242	
0.210699	0.297622	0.931143	0.969125	0.061199	-0.238855	-0.128074	0.952720	-0.275537	-120.638809	-205.675873	769.084045	
0.326785	0.386992	0.862235	0.928899	0.036674	-0.368511	-0.174233	0.921353	-0.347491	-116.228058	-199.939758	801.717102	
0.419578	0.527530	0.738693	0.875130	-0.018987	-0.483515	-0.241043	0.849324	-0.469624	-105.494652	-197.129974	857.739258	
0.579120	-0.067276	0.812462	0.693227	-0.483813	-0.534192	0.429018	0.872582	-0.233548	-66.103203	-161.871002	850.088013	
0.579120	-0.067276	0.812462	0.693227	-0.483813	-0.534192	0.429018	0.872582	-0.233548	-66.103203	-161.871002	850.088013	
0.579120	-0.067276	0.812462	0.693227	-0.483813	-0.534192	0.429018	0.872582	-0.233548	-66.103203	-161.871002	850.088013	
0.786039	-0.245445	0.567362	0.335782	-0.601075	-0.725232	0.519030	0.760570	-0.390051	-5.887286	-129.929932	875.090027	
0.846769	-0.290284	0.445778	0.207575	-0.591258	-0.779313	0.489791	0.752429	-0.440402	3.780774	-115.648247	880.001038	
0.871633	-0.312767	0.377402	0.121757	-0.607669	-0.784803	0.474795	0.730011	-0.491582	11.499895	-109.987839	899.233948	
0.911351	-0.336215	0.237485	-0.005500	-0.586833	-0.809691	0.411593	0.736605	-0.536659	17.644552	-95.175728	928.381226	
0.932062	-0.352201	0.084941	-0.136190	-0.557856	-0.818689	0.335727	0.751500	-0.567921	25.462353	-79.545662	942.571594	
0.911653	-0.410914	0.006107	-0.231633	-0.526064	-0.818294	0.339461	0.744585	-0.574768	33.350636	-63.622078	960.195984	
0.871182	-0.487233	-0.060374	-0.330025	-0.490125	-0.806761	0.363489	0.722760	-0.587786	41.004749	-48.312996	980.175537	
0.838438	-0.526480	-0.140851	-0.422382	-0.464409	-0.778409	0.344404	0.712140	-0.611753	52.062073	-40.369484	1004.240234	
0.794321	-0.543158	-0.272089	-0.529616	-0.399747	-0.748139	0.297591	0.738364	-0.605192	61.366829	-25.412819	1007.922363	
0.736362	-0.594884	-0.322309	-0.593673	-0.339600	-0.729538	0.324534	0.728549	-0.603235	65.593155	-12.585147	1004.008850	
0.659046	-0.651796	-0.375261	-0.656372	-0.254852	-0.710090	0.367196	0.714292	-0.595779	67.256538	0.233815	999.590332	
0.605782	-0.667910	-0.432349	-0.701103	-0.191220	-0.686943	0.376142	0.719258	-0.584110	68.732307	11.816254	1003.666870	
0.557198	-0.673259	-0.486058	-0.747328	-0.151420	-0.646973	0.361980	0.723736	-0.587516	67.747353	23.493263	1006.015991	
0.507910	-0.671748	-0.539243	-0.782982	-0.099042	-0.614110	0.359118	0.734129	-0.576270	65.279724	28.019831	1009.352234	
0.461079	-0.661444	-0.591522	-0.816295	-0.054780	-0.575032	0.347947	0.747991	-0.565191	62.186352	38.918385	1022.394653	
0.393399	-0.602128	-0.694752	-0.860778	0.024221	-0.508405	0.322952	0.798032	-0.508769	54.631737	50.046940	1025.542603	
0.350017	-0.567869	-0.744992	-0.884505	0.061516	-0.462457	0.308443	0.820817	-0.480751	49.558495	60.592033	1030.972534	
0.311916	-0.524019	-0.792536	-0.900415	0.103205	-0.422613	0.303251	0.845431	-0.439642	39.040070	70.019890	1038.310791	
0.250269	-0.510689	-0.822535	-0.900879	0.188375	-0.391064	0.354657	0.838875	-0.412924	25.149067	77.642509	1044.118286	
0.204750	-0.456030	-0.866092	-0.911282	0.234155	-0.338726	0.357269	0.858608	-0.367628	17.978165	87.449409	1054.937866	
0.160415	-0.406156	-0.899614	-0.909519	0.293253	-0.294580	0.383460	0.865471	-0.322363	2.623146	90.314026	1057.805420	
0.103196	-0.314799	-0.943533	-0.906036	0.361668	-0.219762	0.410426	0.877552	-0.247895	-15.981858	94.700851	1070.921143	
0.072825	-0.264991	-0.961498	-0.896858	0.404321	-0.179361	0.436283	0.875388	-0.208214	-34.341267	95.735939	1068.835815	
0.034623	-0.144064	-0.988963	-0.891023	0.443728	-0.095833	0.452636	0.884506	-0.113000	-45.039562	96.583893	1070.364624	
0.015006	-0.096201	-0.995250	-0.871619	0.486477	-0.060165	0.489954	0.868381	-0.076549	-54.423622	97.374672	1070.863037	
-0.004981	0.009214	-0.999946	-0.854594	0.519218	0.009041	0.519273	0.854592	0.005290	-64.751038	98.168610	1076.217407	
-0.014904	0.140171	-0.990016	-0.840100	0.535176	0.088420	0.542227	0.833029	0.109783	-85.747063	97.577156	1078.131958	
-0.012937	0.223009	-0.974731	-0.816267	0.560674	0.139112	0.577530	0.797440	0.174783	-98.046303	96.563492	1080.841553	
-0.003227	0.350124	-0.936698	-0.799127	0.562201	0.212896	0.601153	0.749228	0.277981	-110.225845	95.002220	1090.624023	
0.002172	0.405364	-0.914153	-0.803685	0.544677	0.239618	0.595050	0.734171	0.326969	-121.940613	92.349854	1101.118774	
0.022656	0.463921	-0.885587	-0.789502	0.551738	0.268835	0.613330	0.693082	0.378768	-134.054169	88.110458	1111.175781	
0.058394	0.512866	-0.856480	-0.760558	0.578583	0.294606	0.646638	0.634200	0.423852	-143.869019	82.030571	1116.449951	
0.098095	0.555134	-0.825956	-0.711370	0.619514	0.331896	0.695938	0.555003	0.455678	-150.301926	72.317551	1108.505005	
0.140734	0.596083	-0.790493	-0.661723	0.650531	0.372735	0.736420	0.470631	0.485996	-155.281158	67.155815	1093.642822	
0.185792	0.642195	-0.743684	-0.620494	0.663540	0.417974	0.761884	0.383796	0.521760	-160.121201	56.264194	1085.805298	
0.214632	0.687194	-0.694044	-0.599045	0.653872	0.462166	0.771413	0.316568	0.552003	-169.614914	44.878113	1075.716309	
0.285958	0.758055	-0.586157	-0.579892	0.623875	0.523933	0.762858	0.190086	0.617994	-177.795227	32.882080	1070.734863	
0.313689	0.807474	-0.499583	-0.578231	0.579780	0.574026	0.753158	0.108809	0.648779	-177.371323	27.182114	1053.458740	
0.339144	0.853723	-0.395141	-0.586587	0.520290	0.620657	0.735456	0.021294	0.677238	-180.246735	20.409386	1040.121216	
0.379347	0.886127	-0.266221	-0.591219	0.453473	0.666951	0.711726	-0.095610	0.695920	-182.736694	13.498488	1030.621460	
0.415091	0.897503	-0.148956	-0.604529	0.394453	0.692064	0.679884	-0.197220	0.706302	-182.005325	6.583153	1027.116455	
0.452786	0.891274	-0.024792	-0.618342	0.333922	0.711442	0.642368	-0.306800	0.702309	-180.949310	-0.062958	1018.232178	
0.514767	0.848801	0.120633	-0.671408	0.311626	0.672385	0.533127	-0.427115	0.730307	-188.821960	-13.395714	1051.153809	
0.506490	0.850669	0.140818	-0.664054	0.280661	0.693010	0.549999	-0.444512	0.707043	-180.728592	-20.317305	1025.686646	
0.498246	0.836694	0.227364	-0.679367	0.213810	0.701959	0.538711	-0.504211	0.674953	-167.184540	-34.799606	999.864014	
0.515223	0.807841	0.286249	-0.697175	0.200786	0.688209	0.498488	-0.554146	0.666657	-157.370743	-42.213768	990.753845	
0.543667	0.767013	0.340760	-0.704463	0.196320	0.682049	0.456242	-0.610860	0.647065	-143.661224	-48.684227	972.377441	
0.551003	0.735152	0.394902	-0.722985	0.184210	0.665852	0.416757	-0.652394	0.633005	-137.506683	-63.287567	973.127441	
