0.997590	-0.047448	0.050624	0.043144	0.995617	0.082980	-0.054339	-0.080596	0.995265	18.680258	5.491712	542.787598	
0.976787	-0.135304	0.166073	0.114537	0.985026	0.128859	-0.181021	-0.106846	0.977658	27.337549	10.234557	544.119141	
0.951810	-0.178269	0.249555	0.145590	0.978819	0.143931	-0.269927	-0.100662	0.957605	35.828148	18.788929	547.563416	
0.890112	-0.215488	0.401578	0.177089	0.975450	0.130906	-0.419928	-0.045406	0.906421	44.439785	21.409683	550.513855	
0.799884	-0.279369	0.531168	0.256712	0.959264	0.117945	-0.542480	0.042015	0.839017	52.472565	26.869526	554.701172	
0.726734	-0.349770	0.591201	0.346089	0.929876	0.124710	-0.593364	0.113977	0.796824	69.543556	28.473577	558.454285	
0.665216	-0.387456	0.638252	0.448763	0.890667	0.072965	-0.596741	0.237886	0.766362	76.529556	31.113396	558.345337	
0.592058	-0.309219	0.744212	0.592656	0.792827	-0.142069	-0.546101	0.525174	0.652661	82.351982	34.246513	561.069519	
0.505114	-0.300496	0.809051	0.646887	0.752366	-0.124428	-0.571312	0.586214	0.574418	87.413475	35.286594	563.319824	
0.427978	-0.257380	0.866367	0.699126	0.701774	-0.136879	-0.572763	0.664280	0.480285	97.110107	35.921371	571.192261	
0.409467	-0.254690	0.876054	0.758308	0.628907	-0.171594	-0.507254	0.734580	0.450651	101.097565	35.871254	584.858215	
0.320061	-0.211209	0.923555	0.821001	0.548301	-0.159129	-0.472777	0.809170	0.348893	104.284683	34.362377	594.942566	
0.267749	-0.180708	0.946392	0.875820	0.455029	-0.160898	-0.401560	0.871947	0.280101	106.173546	33.385979	609.467346	
0.144194	-0.096346	0.984849	0.912384	0.398248	-0.094625	-0.383097	0.912203	0.145330	107.187233	29.454590	620.411194	
0.060007	-0.036066	0.997547	0.954438	0.294724	-0.046758	-0.292314	0.954901	0.052109	105.296700	23.399975	618.173157	
0.046683	-0.001963	0.998908	0.971682	0.231975	-0.044955	-0.231634	0.972719	0.012737	104.245865	17.002268	625.049561	
-0.032173	0.024540	0.999182	0.983239	0.180274	0.027232	-0.179459	0.983310	-0.029929	102.843224	13.896884	641.913818	
-0.020179	0.051320	0.998479	0.991910	0.126217	0.013559	-0.125330	0.990674	-0.053452	104.632874	3.088961	677.972656	
-0.009992	0.101370	0.994799	0.999531	0.029826	0.007000	-0.028961	0.994401	-0.101621	100.515411	-9.880872	673.780823	
-0.015658	0.125314	0.991994	0.997746	-0.062781	0.023679	0.065246	0.990129	-0.124049	87.379097	-25.442900	639.239990	
-0.015658	0.125314	0.991994	0.997746	-0.062781	0.023679	0.065246	0.990129	-0.124049	87.379097	-25.442900	639.239990	
-0.015658	0.125314	0.991994	0.997746	-0.062781	0.023679	0.065246	0.990129	-0.124049	87.379097	-25.442900	639.239990	
-0.015658	0.125314	0.991994	0.997746	-0.062781	0.023679	0.065246	0.990129	-0.124049	87.379097	-25.442900	639.239990	
0.048295	0.480926	0.875431	0.930841	-0.339509	0.135161	0.362219	0.808359	-0.464062	59.261723	-56.515556	676.466248	
0.082243	0.563148	0.822254	0.907925	-0.382573	0.171206	0.410986	0.732463	-0.542760	52.965176	-70.904114	698.115234	
0.176550	0.588811	0.788754	0.876782	-0.458244	0.145829	0.447307	0.665819	-0.597161	37.238159	-86.078026	709.843445	
0.422326	0.575580	0.700249	0.866786	-0.482446	-0.126212	0.265187	0.660267	-0.702654	21.808481	-98.086082	690.155212	
0.466406	0.665476	0.582759	0.851261	-0.516759	-0.091192	0.240459	0.538612	-0.807513	12.673132	-102.618828	691.771057	
0.358888	0.763070	0.537516	0.740829	-0.583185	0.333268	0.567778	0.278601	-0.774603	-3.139940	-112.117996	747.073975	
0.358888	0.763070	0.537516	0.740829	-0.583185	0.333268	0.567778	0.278601	-0.774603	-3.139940	-112.117996	747.073975	
0.358888	0.763070	0.537516	0.740829	-0.583185	0.333268	0.567778	0.278601	-0.774603	-3.139940	-112.117996	747.073975	
0.623695	0.735524	0.264591	0.555521	-0.655222	0.511938	0.549908	-0.172307	-0.817258	-30.928282	-146.733490	771.790955	
0.550267	0.725155	0.413952	0.389486	-0.661433	0.640942	0.738584	-0.191462	-0.646403	-38.443306	-158.558365	774.838318	
0.525715	0.664269	0.531385	0.202327	-0.704389	0.680367	0.826249	-0.250165	-0.504708	-44.965614	-169.760910	767.126526	
0.428799	0.639361	0.638238	0.089739	-0.733136	0.674135	0.898931	-0.231794	-0.371745	-51.593479	-174.161804	774.514343	
0.395635	0.605235	0.690770	0.030347	-0.760344	0.648811	0.917906	-0.235730	-0.319186	-65.342361	-187.476395	789.266174	
0.381754	0.563583	0.732556	-0.021738	-0.786890	0.616711	0.924008	-0.251356	-0.288148	-79.613625	-203.543335	813.929871	
0.386705	0.517031	0.763635	-0.049722	-0.815161	0.577096	0.920862	-0.261136	-0.289520	-92.329391	-217.113266	836.137268	
0.391481	0.458500	0.797822	-0.073499	-0.848672	0.523787	0.917246	-0.263693	-0.298540	-102.823723	-224.110275	859.296753	
0.414918	0.341586	0.843304	-0.103624	-0.903081	0.416783	0.903939	-0.260318	-0.339308	-111.627754	-229.778030	882.094910	
0.456613	0.204581	0.865824	-0.187943	-0.929057	0.318638	0.869587	-0.308220	-0.385770	-117.315804	-243.980255	917.947205	
0.471504	0.139420	0.870773	-0.230960	-0.933435	0.274513	0.851082	-0.330548	-0.407918	-121.737389	-252.943451	940.544067	
0.483113	0.072688	0.872535	-0.243401	-0.946117	0.213586	0.841045	-0.315563	-0.439389	-123.552353	-255.630920	954.754333	
0.785431	0.027067	-0.618357	0.570666	-0.418506	0.706536	-0.239662	-0.907811	-0.344154	-115.802002	-246.240997	928.081970	
0.785431	0.027067	-0.618357	0.570666	-0.418506	0.706536	-0.239662	-0.907811	-0.344154	-115.802002	-246.240997	928.081970	
0.785431	0.027067	-0.618357	0.570666	-0.418506	0.706536	-0.239662	-0.907811	-0.344154	-115.802002	-246.240997	928.081970	
0.785431	0.027067	-0.618357	0.570666	-0.418506	0.706536	-0.239662	-0.907811	-0.344154	-115.802002	-246.240997	928.081970	
0.785431	0.027067	-0.618357	0.570666	-0.418506	0.706536	-0.239662	-0.907811	-0.344154	-115.802002	-246.240997	928.081970	
0.785431	0.027067	-0.618357	0.570666	-0.418506	0.706536	-0.239662	-0.907811	-0.344154	-115.802002	-246.240997	928.081970	
0.540536	-0.191189	-0.819309	0.709560	-0.419647	0.566057	-0.452044	-0.887323	-0.091174	-76.951500	-239.345764	933.654846	
0.417922	-0.254128	-0.872216	0.704827	-0.515059	0.487785	-0.573202	-0.818617	-0.036138	-74.011902	-246.143997	978.838989	
0.417922	-0.254128	-0.872216	0.704827	-0.515059	0.487785	-0.573202	-0.818617	-0.036138	-74.011902	-246.143997	978.838989	
0.417922	-0.254128	-0.872216	0.704827	-0.515059	0.487785	-0.573202	-0.818617	-0.036138	-74.011902	-246.143997	978.838989	
0.417922	-0.254128	-0.872216	0.704827	-0.515059	0.487785	-0.573202	-0.818617	-0.036138	-74.011902	-246.143997	978.838989	
0.074579	-0.188802	-0.979179	0.793101	-0.584002	0.173011	-0.604507	-0.789491	0.106184	-30.087246	-212.565933	978.612549	
0.033216	-0.153966	-0.987518	0.750725	-0.648420	0.126348	-0.659779	-0.745551	0.094048	-20.687889	-205.439438	983.946167	
-0.017105	-0.126876	-0.991771	0.769601	-0.634899	0.067948	-0.638296	-0.762106	0.108503	-10.909284	-195.313721	988.771484	
0.024201	-0.065972	-0.997528	0.770366	-0.634709	0.060667	-0.637142	-0.769930	0.035462	7.883211	-184.703659	993.812805	
-0.014146	0.001438	-0.999899	0.704174	-0.709942	-0.010984	-0.709886	-0.704259	0.009030	17.249760	-173.553192	1001.948975	
0.006971	0.066196	-0.997782	0.689775	-0.722738	-0.043130	-0.723990	-0.687945	-0.050699	26.299862	-159.783081	995.993225	
0.078742	0.121304	-0.989487	0.740570	-0.671572	-0.023396	-0.667350	-0.730943	-0.142715	42.880043	-143.161667	977.396484	
-0.012777	0.211166	-0.977367	0.606961	-0.775133	-0.175407	-0.794629	-0.595465	-0.118265	53.284901	-135.917007	1025.430054	
-0.012777	0.211166	-0.977367	0.606961	-0.775133	-0.175407	-0.794629	-0.595465	-0.118265	53.284901	-135.917007	1025.430054	
-0.012777	0.211166	-0.977367	0.606961	-0.775133	-0.175407	-0.794629	-0.595465	-0.118265	53.284901	-135.917007	1025.430054	
-0.012777	0.211166	-0.977367	0.606961	-0.775133	-0.175407	-0.794629	-0.595465	-0.118265	53.284901	-135.917007	1025.430054	
0.295619	0.441725	-0.847047	0.360628	-0.872672	-0.329229	-0.884622	-0.208142	-0.417277	99.704498	-97.279259	983.728760	
0.293282	0.429525	-0.854104	0.333231	-0.883291	-0.329778	-0.896070	-0.187896	-0.402184	111.407265	-84.069344	994.744690	
0.292587	0.416647	-0.860696	0.312851	-0.892259	-0.325574	-0.903613	-0.174010	-0.391412	114.696358	-67.074692	991.449585	
0.298736	0.418094	-0.857878	0.290911	-0.896039	-0.335389	-0.908915	-0.149373	-0.389307	118.687126	-52.518471	994.020752	
0.306446	0.405863	-0.861027	0.254795	-0.906513	-0.336621	-0.917153	-0.116229	-0.381209	122.871674	-44.670235	988.765503	
0.300618	0.366767	-0.880404	0.223694	-0.924468	-0.308741	-0.927141	-0.104127	-0.359955	124.009323	-30.237576	979.246277	
0.308617	0.346574	-0.885801	0.192816	-0.934719	-0.298535	-0.931438	-0.078663	-0.355295	124.007515	-16.052610	974.010620	
0.285381	0.301699	-0.909690	0.141782	-0.952008	-0.271254	-0.947869	-0.051566	-0.314460	121.607994	-2.631062	971.022461	
0.291596	0.270734	-0.917429	0.112874	-0.962149	-0.248054	-0.949858	-0.031222	-0.311117	117.292107	3.098122	962.299072	
0.290444	0.197460	-0.936297	0.030844	-0.979901	-0.197087	-0.956395	0.028365	-0.290696	114.085526	8.095533	959.723999	
0.299646	0.169303	-0.938909	-0.005136	-0.983829	-0.179041	-0.954037	0.058472	-0.293931	106.504997	20.036709	951.724121	
0.308069	0.118786	-0.943920	0.021743	-0.992795	-0.117839	-0.951115	0.015780	-0.308432	97.722511	24.419090	951.051880	
0.335250	0.039597	-0.941297	-0.033967	-0.997959	-0.054078	-0.941517	0.050103	-0.333220	92.980453	30.145029	950.189026	
0.354429	-0.026289	-0.934714	-0.057356	-0.998334	0.006330	-0.933322	0.051369	-0.355346	79.465317	37.831440	942.656189	
0.373973	-0.079964	-0.923986	-0.082058	-0.995222	0.052917	-0.923802	0.056032	-0.378747	70.072632	42.986759	923.471863	
0.393184	-0.144556	-0.908025	-0.125067	-0.986794	0.102941	-0.910914	0.073090	-0.406071	52.866531	45.060867	901.931213	
0.401335	-0.206786	-0.892283	-0.186963	-0.972166	0.141206	-0.896646	0.110153	-0.428825	34.809303	49.002964	887.841492	
0.394805	-0.331255	-0.856971	-0.270079	-0.933376	0.236364	-0.878172	0.138133	-0.457966	17.118683	52.068607	878.817383	
0.392117	-0.469019	-0.791369	-0.322793	-0.875715	0.359066	-0.861422	0.114653	-0.494779	7.422537	52.059353	862.211304	
0.371912	-0.585979	-0.719938	-0.396886	-0.801487	0.447327	-0.839144	0.119367	-0.530649	-10.973773	52.402378	851.158142	
0.328419	-0.696215	-0.638299	-0.429510	-0.711953	0.555559	-0.841226	0.091701	-0.532850	-30.062752	51.769672	844.518982	
0.324076	-0.784148	-0.529232	-0.434381	-0.620307	0.653096	-0.840409	0.018237	-0.541645	-50.900703	51.063370	852.624817	
0.292730	-0.858882	-0.420274	-0.471080	-0.512027	0.718271	-0.832101	-0.012276	-0.554488	-70.642296	48.712952	855.044678	
0.236433	-0.895618	-0.376788	-0.481813	-0.444816	0.754981	-0.843774	0.003040	-0.536689	-79.920677	44.166252	854.537170	
0.258003	-0.925489	-0.277318	-0.468456	-0.370872	0.801875	-0.844975	-0.076974	-0.529237	-89.144554	38.524441	837.277100	
0.236981	-0.950747	-0.199802	-0.458260	-0.290738	0.839922	-0.856643	-0.107484	-0.504589	-106.130188	33.909477	822.898621	
0.211571	-0.966165	-0.147526	-0.441992	-0.229209	0.867241	-0.871711	-0.118277	-0.475531	-121.354805	28.715057	796.198730	
0.162854	-0.976943	-0.138066	-0.354133	-0.188488	0.916004	-0.920906	-0.100280	-0.376663	-132.958740	23.833691	781.130249	
0.103202	-0.983406	-0.149210	-0.232675	-0.169718	0.957632	-0.967063	-0.064112	-0.246328	-144.618805	19.725433	768.867004	
-0.045360	-0.986529	-0.157172	-0.114672	-0.151152	0.981837	-0.992367	0.062560	-0.106271	-152.041016	13.903750	768.946533	
-0.159074	-0.974776	-0.156546	0.052266	-0.166659	0.984629	-0.985882	0.148447	0.077459	-161.599182	7.688180	769.207703	
-0.360204	-0.926289	-0.110639	0.126107	-0.165862	0.978053	-0.924310	0.338347	0.176556	-164.396393	0.718184	748.662537	
-0.441738	-0.889914	-0.113668	0.162211	-0.203839	0.965473	-0.882357	0.408048	0.234397	-169.924744	-12.675667	737.789185	
-0.541641	-0.834063	-0.104714	0.234025	-0.269263	0.934200	-0.807376	0.481495	0.341035	-168.980347	-25.073431	714.058655	
-0.667767	-0.739376	-0.086081	0.235145	-0.319253	0.918033	-0.706253	0.592791	0.387048	-167.548370	-33.268677	702.809692	
-0.741126	-0.663777	-0.100657	0.177093	-0.337905	0.924370	-0.647587	0.667249	0.367980	-161.976135	-40.245277	678.188171	
-0.793905	-0.607617	-0.022704	0.339466	-0.473904	0.812513	-0.504457	0.637351	0.582500	-166.541534	-48.827232	700.209961	
-0.871915	-0.483171	0.079436	0.364875	-0.532930	0.763448	-0.326542	0.694646	0.640966	-159.644135	-63.235794	680.637939	
-0.929215	-0.368163	0.031860	0.260993	-0.592796	0.761890	-0.261613	0.716275	0.646922	-155.267883	-70.890930	660.227051	
-0.968940	-0.247248	-0.004798	0.183763	-0.732865	0.655088	-0.165486	0.633859	0.755537	-154.132782	-88.338081	674.133118	
-0.979703	-0.195910	-0.042441	0.140219	-0.821078	0.553327	-0.143250	0.536145	0.831882	-143.135605	-96.996216	670.411011	
-0.988460	-0.142461	-0.051490	0.096939	-0.856092	0.507651	-0.116401	0.496801	0.860023	-127.658852	-110.732529	654.636108	
-0.999201	-0.017343	-0.035998	0.000140	-0.902409	0.430881	-0.039958	0.430531	0.901690	-112.959702	-117.594772	645.739685	
-0.989751	0.142790	0.002022	-0.138850	-0.965557	0.220049	0.033373	0.217512	0.975487	-106.736847	-126.304298	654.094604	
-0.974525	0.216594	0.058207	-0.206945	-0.968442	0.138902	0.086455	0.123317	0.988594	-89.419281	-133.283447	643.306946	
-0.960835	0.276160	0.023043	-0.272741	-0.957104	0.097802	0.049063	0.087686	0.994939	-80.639313	-138.778336	628.662659	
-0.917737	0.396322	0.026213	-0.391931	-0.914319	0.102035	0.064405	0.083367	0.994436	-71.664154	-145.076965	622.171387	
-0.878712	0.460945	-0.124077	-0.455240	-0.887399	-0.072661	-0.143599	-0.007364	0.989609	-61.984985	-148.203476	590.023499	
-0.847166	0.530605	-0.027730	-0.508942	-0.825356	-0.244468	-0.152603	-0.192992	0.969261	-52.741356	-159.097672	597.163757	
-0.763577	0.645684	0.006444	-0.628581	-0.740994	-0.236249	-0.147768	-0.184446	0.971671	-33.257977	-169.854965	597.751343	
-0.658428	0.750129	0.061475	-0.729185	-0.615541	-0.298997	-0.186446	-0.241695	0.952272	-21.888733	-171.705048	585.839722	
-0.533842	0.841047	0.087485	-0.794539	-0.463521	-0.392244	-0.289344	-0.278907	0.915692	-3.948076	-174.869507	565.962769	
-0.422183	0.905024	0.051913	-0.782284	-0.334794	-0.525304	-0.458032	-0.262386	0.849330	14.136337	-184.994904	577.020813	
-0.314556	0.948725	0.031243	-0.722507	-0.217945	-0.656112	-0.615661	-0.228958	0.754016	23.636620	-191.910416	575.870422	
-0.187418	0.981054	0.049087	-0.675636	-0.092475	-0.731413	-0.713015	-0.170245	0.680166	31.902924	-193.146912	571.992981	
-0.106250	0.984971	0.136180	-0.700607	0.023027	-0.713176	-0.705593	-0.171184	0.687630	48.410835	-194.884857	571.181824	
-0.053917	0.985113	0.163238	-0.591713	0.100163	-0.799902	-0.804344	-0.139719	0.577503	57.687057	-197.787003	574.985718	
-0.016582	0.989143	0.146024	-0.426238	0.125117	-0.895917	-0.904460	-0.077097	0.419535	69.122543	-197.756927	577.961548	
0.025547	0.988864	0.146619	-0.376133	0.145399	-0.915086	-0.926214	-0.031771	0.375658	72.206589	-195.009323	570.166565	
0.117700	0.990315	0.073652	-0.245242	0.100858	-0.964201	-0.962291	0.095424	0.254738	73.614807	-191.945007	563.236145	
0.142750	0.987014	0.073676	-0.256095	0.108737	-0.960516	-0.956054	0.118246	0.268291	77.857361	-187.637589	564.544800	
0.241516	0.970379	0.005963	-0.340596	0.090521	-0.935842	-0.908661	0.223990	0.352369	79.802612	-188.756592	577.777588	
0.326829	0.912471	-0.246130	-0.539315	-0.033794	-0.841425	-0.776094	0.407744	0.481064	82.331406	-184.467117	582.547485	
0.252796	0.799979	-0.544177	-0.803040	-0.140226	-0.579192	-0.539650	0.583413	0.606965	81.650040	-176.732895	569.063110	
0.242182	0.753062	-0.611757	-0.796355	-0.205890	-0.568708	-0.554227	0.624907	0.549840	77.372719	-167.139267	568.352844	
0.309742	0.650451	-0.693523	-0.711792	-0.324972	-0.622691	-0.630406	0.686518	0.362327	71.735809	-162.677231	571.802856	
0.299909	0.603330	-0.738950	-0.651536	-0.436262	-0.620625	-0.696818	0.667584	0.262251	67.703278	-158.052887	574.932190	
0.289781	0.537246	-0.792082	-0.642990	-0.503733	-0.576902	-0.708936	0.676477	0.199471	62.481834	-151.386612	573.145264	
0.247855	0.461339	-0.851900	-0.617766	-0.602106	-0.505799	-0.746280	0.651641	0.135764	55.161152	-136.620728	563.082031	
0.289029	0.338775	-0.895373	-0.550584	-0.706302	-0.444967	-0.783148	0.621587	-0.017619	43.162487	-131.955582	572.273804	
0.368993	0.265454	-0.890717	-0.498540	-0.752286	-0.430725	-0.784412	0.602993	-0.145249	29.054022	-124.735939	573.215149	
0.433363	0.205048	-0.877582	-0.414425	-0.819367	-0.396093	-0.800281	0.535345	-0.270106	21.145050	-116.428894	574.234741	
0.506975	0.066324	-0.859405	-0.486145	-0.801327	-0.348625	-0.711787	0.594540	-0.374009	3.319587	-107.476746	565.714905	
0.550853	-0.001083	-0.834601	-0.506941	-0.794827	-0.333559	-0.663003	0.606836	-0.438381	-14.862238	-94.507072	569.454041	
0.675110	-0.088437	-0.732396	-0.392120	-0.883949	-0.254711	-0.624875	0.459146	-0.631440	-33.213242	-89.140678	597.563660	
0.844798	-0.251369	-0.472367	-0.333547	-0.937674	-0.097546	-0.418406	0.239964	-0.875987	-45.318695	-75.365913	623.854370	
0.864332	-0.369910	-0.340731	-0.391697	-0.920080	0.005256	-0.315444	0.128921	-0.940145	-54.548847	-67.555038	628.653503	
0.850705	-0.419028	-0.317359	-0.405923	-0.907284	0.109834	-0.333958	0.035387	-0.941923	-74.374397	-53.464333	641.312805	
0.826180	-0.514937	-0.228622	-0.493159	-0.857171	0.148503	-0.272438	-0.009943	-0.962121	-92.678352	-45.084091	638.710327	
0.787684	-0.599909	-0.140227	-0.582745	-0.799364	0.146380	-0.199907	-0.033585	-0.979238	-110.206902	-38.190586	646.980164	
0.782066	-0.623143	-0.008190	-0.620060	-0.779379	0.089973	-0.062450	-0.065286	-0.995910	-128.006638	-32.756706	659.665405	
0.760050	-0.643235	0.092594	-0.647699	-0.761413	0.027176	0.053022	-0.080628	-0.995332	-137.870361	-21.109053	670.213074	
0.721920	-0.681055	0.122460	-0.684161	-0.729024	-0.021191	0.103708	-0.068484	-0.992246	-146.058044	-7.540132	675.956055	
0.682964	-0.718744	0.130263	-0.719973	-0.692475	-0.046027	0.123285	-0.062350	-0.990410	-152.770844	-1.441999	684.958679	
0.649955	-0.744409	0.153021	-0.747506	-0.662521	-0.047972	0.137091	-0.083205	-0.987057	-164.443665	3.636691	684.014038	
0.659609	-0.724833	0.198833	-0.727750	-0.682043	-0.072100	0.187873	-0.097142	-0.977377	-173.694855	8.468637	689.129211	
0.662599	-0.707276	0.246424	-0.689720	-0.704467	-0.167373	0.291977	-0.059062	-0.954599	-179.437088	17.740896	701.948364	
0.662267	-0.683201	0.307637	-0.547715	-0.721602	-0.423438	0.511285	0.111932	-0.852090	-189.925812	22.420609	728.994507	
0.726730	-0.634162	0.264014	-0.371674	-0.686233	-0.625254	0.577688	0.356265	-0.734406	-193.777954	27.565456	746.291504	
0.764620	-0.608770	0.211558	-0.371531	-0.684588	-0.627139	0.526614	0.400924	-0.749625	-194.562469	33.702923	747.741699	
0.788723	-0.579327	0.205663	-0.384780	-0.726138	-0.569797	0.479439	0.370278	-0.795633	-195.497528	35.771229	764.913330	
0.842207	-0.527778	0.110174	-0.378978	-0.724852	-0.575296	0.383489	0.442765	-0.810490	-193.632431	36.961594	767.885864	
0.874882	-0.479641	-0.067284	-0.402509	-0.642754	-0.651808	0.269387	0.597338	-0.755392	-183.790497	35.506058	756.910522	
0.892294	-0.440432	-0.099152	-0.390744	-0.643436	-0.658262	0.226122	0.626108	-0.746229	-178.337204	36.042274	761.714417	
0.912059	-0.405532	-0.060773	-0.347624	-0.686039	-0.639146	0.217501	0.604066	-0.766679	-172.626984	37.594563	779.168579	
0.935914	-0.350860	-0.031032	-0.286717	-0.707702	-0.645717	0.204595	0.613234	-0.762944	-169.082764	36.922424	799.875916	
-0.278917	-0.279606	-0.918709	-0.313508	-0.877746	0.362319	-0.907699	0.389079	0.157160	-166.296005	41.045399	845.341980	
-0.278917	-0.279606	-0.918709	-0.313508	-0.877746	0.362319	-0.907699	0.389079	0.157160	-166.296005	41.045399	845.341980	
-0.278917	-0.279606	-0.918709	-0.313508	-0.877746	0.362319	-0.907699	0.389079	0.157160	-166.296005	41.045399	845.341980	
-0.244188	-0.113191	-0.963099	-0.323002	-0.926957	0.190839	-0.914353	0.357684	0.189791	-135.628006	30.997250	882.573364	
-0.180465	-0.088621	-0.979581	-0.312979	-0.938992	0.142608	-0.932457	0.332324	0.141719	-119.654572	23.802353	904.980469	
-0.149550	-0.051885	-0.987392	-0.139630	-0.987506	0.073039	-0.978845	0.148793	0.140437	-100.570297	17.185631	910.693359	
-0.126959	-0.038720	-0.991152	-0.134209	-0.989378	0.055842	-0.982786	0.140112	0.120414	-81.624626	13.089067	919.001404	
-0.018459	-0.020952	-0.999610	-0.233805	-0.971969	0.024690	-0.972108	0.234170	0.013042	-62.604748	2.882194	937.871826	
-0.015496	-0.007709	-0.999850	-0.217265	-0.976051	0.010893	-0.975989	0.217402	0.013450	-43.156075	-2.613149	951.137695	
0.026819	0.000429	-0.999640	-0.171354	-0.985196	-0.005020	-0.984844	0.171427	-0.026349	-31.076502	-6.958754	938.678162	
0.011259	-0.019584	-0.999745	-0.199374	-0.979776	0.016948	-0.979858	0.199133	-0.014936	-20.776302	-18.368755	955.276794	
0.063900	-0.036631	-0.997284	-0.252764	-0.967334	0.019335	-0.965415	0.250843	-0.071072	-1.325212	-24.457012	978.671387	
0.084259	-0.089865	-0.992383	-0.294503	-0.953678	0.061355	-0.951928	0.287090	-0.106822	17.705536	-31.587265	994.907837	
0.279748	-0.140457	-0.949743	-0.628527	-0.774578	-0.070582	-0.725737	0.616684	-0.304968	24.910286	-37.952263	941.281616	
0.302999	-0.165247	-0.938555	-0.628426	-0.775027	-0.066424	-0.716430	0.609938	-0.338678	32.092201	-50.527897	940.315979	
0.261457	-0.209882	-0.942119	-0.614950	-0.788549	0.005009	-0.743960	0.578047	-0.335239	48.443588	-64.206512	961.177246	
0.233312	-0.242483	-0.941683	-0.593362	-0.802719	0.059688	-0.770381	0.544833	-0.331165	62.507175	-70.838669	979.247253	
0.180830	-0.298346	-0.937171	-0.613773	-0.778788	0.129496	-0.768493	0.551794	-0.323946	74.935730	-84.957848	978.987915	
0.064069	-0.357236	-0.931814	-0.665784	-0.710855	0.226748	-0.743388	0.605860	-0.283386	83.322121	-91.172623	967.855225	
0.031841	-0.433741	-0.900474	-0.621207	-0.714374	0.322134	-0.782999	0.549124	-0.292190	89.301376	-106.015381	984.074951	
-0.045274	-0.482084	-0.874954	-0.636373	-0.661225	0.397252	-0.770051	0.574783	-0.276850	91.444138	-112.417068	981.639160	
-0.101861	-0.549073	-0.829543	-0.613137	-0.622010	0.486996	-0.783381	0.558231	-0.273299	94.078499	-118.638145	982.149719	
-0.117336	-0.619140	-0.776464	-0.555634	-0.607104	0.568061	-0.823105	0.498084	-0.272781	96.336624	-133.314423	996.012268	
-0.137807	-0.704280	-0.696418	-0.486081	-0.564538	0.667098	-0.862979	0.430447	-0.264541	98.412170	-145.814102	1004.022644	
-0.046353	-0.826452	-0.561094	-0.377111	-0.505656	0.775950	-0.925007	0.247563	-0.288226	99.792221	-151.590317	1010.890137	
0.062311	-0.878813	-0.473079	-0.299960	-0.468576	0.830939	-0.951914	0.090129	-0.292807	95.886047	-158.535675	984.910461	
-0.226101	-0.814074	-0.534942	-0.324301	-0.454928	0.829379	-0.918536	0.361005	-0.161145	92.098503	-178.102997	1031.189941	
-0.226101	-0.814074	-0.534942	-0.324301	-0.454928	0.829379	-0.918536	0.361005	-0.161145	92.098503	-178.102997	1031.189941	
-0.226101	-0.814074	-0.534942	-0.324301	-0.454928	0.829379	-0.918536	0.361005	-0.161145	92.098503	-178.102997	1031.189941	
-0.226101	-0.814074	-0.534942	-0.324301	-0.454928	0.829379	-0.918536	0.361005	-0.161145	92.098503	-178.102997	1031.189941	
-0.226101	-0.814074	-0.534942	-0.324301	-0.454928	0.829379	-0.918536	0.361005	-0.161145	92.098503	-178.102997	1031.189941	
-0.826557	-0.559732	-0.059183	0.174407	-0.354673	0.918580	-0.535150	0.748937	0.390779	44.988823	-193.088165	969.637451	
-0.832055	-0.548786	-0.080742	0.153354	-0.367472	0.917304	-0.533074	0.750865	0.389915	40.506001	-207.223007	1022.049988	
-0.832055	-0.548786	-0.080742	0.153354	-0.367472	0.917304	-0.533074	0.750865	0.389915	40.506001	-207.223007	1022.049988	
-0.832055	-0.548786	-0.080742	0.153354	-0.367472	0.917304	-0.533074	0.750865	0.389915	40.506001	-207.223007	1022.049988	
-0.832055	-0.548786	-0.080742	0.153354	-0.367472	0.917304	-0.533074	0.750865	0.389915	40.506001	-207.223007	1022.049988	
-0.943941	-0.169011	0.283565	0.324947	-0.627074	0.707945	0.058166	0.760403	0.646841	-17.214745	-204.683762	945.680847	
-0.972560	-0.128542	0.193917	0.226637	-0.711750	0.664866	0.052558	0.690571	0.721352	-28.088835	-213.380661	983.187866	
-0.969891	-0.088199	0.227008	0.221806	-0.704807	0.673831	0.100565	0.703895	0.703149	-45.194725	-206.690186	946.764099	
-0.972341	0.024676	0.232259	0.134932	-0.752329	0.644820	0.190647	0.658325	0.728190	-54.585266	-210.926590	949.127319	
-0.959275	0.123356	0.254116	0.029109	-0.851648	0.523304	0.280970	0.509390	0.813374	-65.443024	-209.641022	962.772827	
-0.940280	0.222299	0.257792	-0.118609	-0.923814	0.364004	0.319070	0.311689	0.895010	-76.223404	-210.100281	967.154663	
-0.945781	0.292463	0.141291	-0.248627	-0.931791	0.264480	0.209005	0.215011	0.953984	-94.545395	-208.336685	981.866211	
-0.914511	0.362677	0.179260	-0.383398	-0.918382	-0.097879	0.129130	-0.158239	0.978920	-102.648888	-199.397293	954.631165	
-0.912782	0.408428	0.003862	-0.401412	-0.895274	-0.193267	-0.075478	-0.177961	0.981138	-106.339508	-188.060394	909.844116	
-0.902629	0.425927	-0.062017	-0.402195	-0.885957	-0.230908	-0.153295	-0.183482	0.970997	-118.114876	-179.899338	900.664978	
-0.877400	0.469357	-0.099358	-0.442535	-0.871762	-0.210225	-0.185288	-0.140482	0.972591	-126.715065	-173.651611	914.049255	
-0.813393	0.538108	-0.220978	-0.483247	-0.836523	-0.258264	-0.323828	-0.103283	0.940461	-140.532471	-176.167725	964.026611	
-0.249080	0.442234	0.861620	-0.962519	-0.211619	-0.169633	0.107317	-0.871577	0.478368	-142.802002	-150.744003	909.315002	
-0.249080	0.442234	0.861620	-0.962519	-0.211619	-0.169633	0.107317	-0.871577	0.478368	-142.802002	-150.744003	909.315002	
-0.249080	0.442234	0.861620	-0.962519	-0.211619	-0.169633	0.107317	-0.871577	0.478368	-142.802002	-150.744003	909.315002	
-0.048614	0.181483	0.982192	-0.931931	0.345557	-0.109975	-0.359362	-0.920681	0.152331	-143.942612	-107.437973	858.304321	
-0.084752	0.134120	0.987334	-0.885582	0.444025	-0.136334	-0.456686	-0.885920	0.081143	-141.583740	-99.439629	848.332397	
-0.121164	0.085488	0.988944	-0.840876	0.520594	-0.148024	-0.527492	-0.849514	0.008808	-135.417358	-91.275459	824.186646	
-0.113426	-0.014766	0.993437	-0.768173	0.635442	-0.078261	-0.630116	-0.772007	-0.083418	-128.324554	-76.911583	803.405701	
-0.158681	-0.063770	0.985268	-0.670589	0.739388	-0.060145	-0.724660	-0.670253	-0.160089	-123.629990	-68.359856	792.262817	
-0.157189	-0.146323	0.976668	-0.631683	0.775093	0.014457	-0.759124	-0.614671	-0.214266	-113.646698	-61.003185	779.558228	
-0.150071	-0.162947	0.975155	-0.634930	0.771938	0.031277	-0.757855	-0.614460	-0.219305	-107.131210	-53.877342	771.239624	
-0.108553	-0.213007	0.971002	-0.688487	0.720698	0.081129	-0.717079	-0.659714	-0.224885	-99.955345	-40.986488	768.816040	
-0.083705	-0.220355	0.971821	-0.728125	0.679335	0.091321	-0.680314	-0.699963	-0.217309	-92.587303	-26.064217	755.032959	
-0.063629	-0.264819	0.962197	-0.721237	0.678586	0.139068	-0.689760	-0.685122	-0.234175	-76.169060	-12.878654	732.231812	
-0.057486	-0.307265	0.949886	-0.744934	0.646644	0.164090	-0.664657	-0.698168	-0.266065	-67.037834	-7.105292	729.282410	
0.001688	-0.341465	0.939893	-0.792151	0.573184	0.209661	-0.610323	-0.744890	-0.269524	-57.553219	-0.542554	719.672913	
0.108113	-0.337722	0.935016	-0.855067	0.448187	0.260750	-0.507122	-0.827691	-0.240319	-47.529503	5.949532	703.154846	
-0.441973	-0.545335	0.712229	0.516831	0.494147	0.699074	-0.733175	0.677074	0.063446	-33.702099	20.680500	726.643005	
-0.441973	-0.545335	0.712229	0.516831	0.494147	0.699074	-0.733175	0.677074	0.063446	-33.702099	20.680500	726.643005	
-0.441973	-0.545335	0.712229	0.516831	0.494147	0.699074	-0.733175	0.677074	0.063446	-33.702099	20.680500	726.643005	
-0.441973	-0.545335	0.712229	0.516831	0.494147	0.699074	-0.733175	0.677074	0.063446	-33.702099	20.680500	726.643005	
-0.743220	-0.510905	0.431972	0.576264	-0.160808	0.801287	-0.339917	0.844462	0.413931	6.901240	46.728115	680.912048	
-0.828275	-0.443239	0.342782	0.508526	-0.337745	0.792041	-0.235290	0.830342	0.505144	17.675600	51.304699	679.377014	
-0.828275	-0.443239	0.342782	0.508526	-0.337745	0.792041	-0.235290	0.830342	0.505144	17.675600	51.304699	679.377014	
-0.828275	-0.443239	0.342782	0.508526	-0.337745	0.792041	-0.235290	0.830342	0.505144	17.675600	51.304699	679.377014	
-0.979089	-0.187749	0.078320	0.190059	-0.706941	0.681257	-0.072538	0.681897	0.727843	57.473705	56.795383	635.833862	
-0.991549	-0.118561	0.052652	0.122223	-0.717757	0.685482	-0.043480	0.686125	0.726183	69.885864	57.030807	625.733521	
-0.995873	-0.035430	0.083554	0.085613	-0.672254	0.735353	0.030117	0.739471	0.672514	77.987991	54.174713	600.695068	
-0.985854	0.007860	-0.167421	-0.086998	-0.877791	0.471079	-0.143258	0.478980	0.866057	93.267303	58.681702	628.536987	
-0.985854	0.007860	-0.167421	-0.086998	-0.877791	0.471079	-0.143258	0.478980	0.866057	93.267303	58.681702	628.536987	
-0.985854	0.007860	-0.167421	-0.086998	-0.877791	0.471079	-0.143258	0.478980	0.866057	93.267303	58.681702	628.536987	
-0.985854	0.007860	-0.167421	-0.086998	-0.877791	0.471079	-0.143258	0.478980	0.866057	93.267303	58.681702	628.536987	
-0.985854	0.007860	-0.167421	-0.086998	-0.877791	0.471079	-0.143258	0.478980	0.866057	93.267303	58.681702	628.536987	
-0.985854	0.007860	-0.167421	-0.086998	-0.877791	0.471079	-0.143258	0.478980	0.866057	93.267303	58.681702	628.536987	
-0.985854	0.007860	-0.167421	-0.086998	-0.877791	0.471079	-0.143258	0.478980	0.866057	93.267303	58.681702	628.536987	
-0.642847	0.395868	-0.655771	-0.577329	-0.813046	0.075141	-0.503427	0.426900	0.751211	93.402840	19.359276	584.027344	
-0.519409	0.402027	-0.754047	-0.660702	-0.748556	0.056012	-0.541929	0.527294	0.654427	85.407623	13.389853	578.837219	
-0.400234	0.384932	-0.831648	-0.705534	-0.708581	0.011572	-0.584838	0.591388	0.555181	75.178001	7.076866	573.982910	
-0.369895	0.358209	-0.857242	-0.702142	-0.712015	0.005446	-0.608420	0.603920	0.514885	63.876831	-0.015144	569.887024	
-0.351028	0.331953	-0.875549	-0.686237	-0.727377	-0.000647	-0.637070	0.600607	0.483128	50.377052	-7.053986	566.997131	
-0.302023	0.302011	-0.904196	-0.721903	-0.691922	0.010024	-0.622607	0.655769	0.426999	34.548145	-20.044544	557.926331	
-0.255909	0.204401	-0.944844	-0.720000	-0.692500	0.045201	-0.645067	0.691855	0.324386	25.121914	-27.877083	545.570007	
-0.133177	0.101239	-0.985908	-0.668715	-0.743387	0.013995	-0.731495	0.661155	0.166703	8.308838	-35.719143	556.586487	
-0.006090	-0.014072	-0.999882	-0.592342	-0.805548	0.014945	-0.805664	0.592363	-0.003429	-0.570095	-43.574436	566.959534	
0.164748	-0.084169	-0.982738	-0.659691	-0.750106	-0.046346	-0.733257	0.655938	-0.179104	-18.882812	-56.180180	541.707886	
0.076296	-0.201475	-0.976518	-0.571984	-0.811044	0.122645	-0.816709	0.549195	-0.177120	-40.778900	-67.055496	573.033997	
0.076296	-0.201475	-0.976518	-0.571984	-0.811044	0.122645	-0.816709	0.549195	-0.177120	-40.778900	-67.055496	573.033997	
0.106593	-0.396919	-0.911643	-0.714170	-0.668493	0.207551	-0.691808	0.628945	-0.354725	-80.302094	-95.431602	561.439880	
0.072417	-0.521577	-0.850125	-0.720049	-0.617133	0.317293	-0.690134	0.589154	-0.420252	-93.851448	-104.721886	576.909668	
-0.040592	-0.624597	-0.779892	-0.706562	-0.533948	0.464402	-0.706485	0.569893	-0.419643	-104.205734	-112.753067	580.916199	
-0.080078	-0.680372	-0.728478	-0.661432	-0.510476	0.549474	-0.745718	0.525839	-0.409142	-122.508675	-119.614143	584.772461	
-0.191932	-0.759476	-0.621577	-0.600666	-0.409963	0.686390	-0.776121	0.505100	-0.377506	-129.671799	-131.115616	583.816406	
-0.268336	-0.779849	-0.565536	-0.595664	-0.327060	0.733633	-0.757087	0.533729	-0.376766	-145.762604	-143.715637	588.876709	
-0.340172	-0.793909	-0.503975	-0.561333	-0.258544	0.786169	-0.754446	0.550330	-0.357698	-153.493668	-156.193329	592.497864	
-0.275284	-0.887529	-0.369474	-0.580845	-0.152695	0.799565	-0.766053	0.434714	-0.473482	-172.640472	-174.410080	623.998596	
-0.363116	-0.884850	-0.291867	-0.611034	-0.010338	0.791537	-0.703409	0.465760	-0.536920	-179.721161	-180.662476	630.813599	
-0.376323	-0.862894	-0.337334	-0.737261	0.058404	0.673079	-0.561094	0.501998	-0.658157	-187.877777	-188.305710	629.170715	
-0.417468	-0.772285	-0.478848	-0.813184	0.082338	0.576153	-0.405526	0.629917	-0.662384	-188.104477	-181.721649	603.791565	
-0.492546	-0.760968	-0.422286	-0.788611	0.185029	0.586393	-0.368092	0.621845	-0.691244	-194.348785	-186.691513	613.313416	
-0.619756	-0.701833	-0.351188	-0.688503	0.271470	0.672509	-0.376652	0.658585	-0.651459	-199.044983	-191.481110	630.942688	
-0.735240	-0.617971	-0.278450	-0.556992	0.316754	0.767741	-0.386241	0.719568	-0.577095	-199.359802	-196.935623	635.123657	
-0.836132	-0.517573	-0.181662	-0.396503	0.341440	0.852176	-0.379036	0.784561	-0.490708	-197.496094	-198.754883	644.135071	
-0.892170	-0.445425	-0.075030	-0.258700	0.367704	0.893234	-0.370280	0.816326	-0.443287	-198.418930	-202.821014	661.049194	
-0.929734	-0.367930	-0.014913	-0.132945	0.297624	0.945381	-0.343396	0.880935	-0.325626	-195.037537	-203.741272	668.127502	
-0.960582	-0.273153	0.051683	-0.021029	0.256774	0.966242	-0.277202	0.927067	-0.252397	-187.691284	-204.899933	677.598083	
-0.975551	-0.179982	0.126121	0.087999	0.205959	0.974596	-0.201385	0.961866	-0.185085	-182.725800	-204.137070	693.316223	
-0.973494	-0.142138	0.179182	0.155422	0.163626	0.974202	-0.167790	0.976228	-0.137198	-177.154083	-202.067719	705.144409	
-0.959159	-0.086919	0.269185	0.261085	0.094183	0.960710	-0.108856	0.991753	-0.067644	-163.371307	-198.923340	715.367371	
-0.930114	-0.031304	0.365935	0.364448	0.044645	0.930153	-0.045454	0.998512	-0.030117	-149.023361	-196.053864	735.401489	
-0.866104	-0.004461	0.499844	0.499794	-0.024470	0.865798	0.008369	0.999690	0.023423	-131.816422	-192.379623	744.644043	
-0.812865	0.019086	0.582139	0.573460	-0.148726	0.805620	0.101955	0.988694	0.109949	-115.406921	-190.030807	765.031128	
-0.751812	0.021360	0.659031	0.632497	-0.259102	0.729940	0.186348	0.965613	0.181286	-106.631050	-186.171555	788.450989	
-0.654941	0.002012	0.755678	0.711522	-0.335188	0.617563	0.254538	0.942149	0.218096	-93.813477	-175.104782	795.613892	
-0.641607	-0.023348	0.766679	0.699960	-0.426589	0.572780	0.313685	0.904144	0.290045	-75.311363	-165.969360	817.618896	
-0.471432	-0.053120	0.880301	0.782480	-0.485620	0.389741	0.406790	0.872554	0.270502	-65.571701	-161.142365	844.568726	
-0.335647	-0.116175	0.934796	0.806045	-0.548968	0.221192	0.487477	0.827730	0.277902	-46.102509	-149.985931	854.122314	
-0.274185	-0.151247	0.949709	0.792134	-0.595487	0.133857	0.545295	0.788998	0.283081	-25.793005	-142.932007	862.084045	
-0.110608	-0.223820	0.968334	0.802089	-0.595429	-0.046009	0.586873	0.771601	0.245382	-7.360652	-130.410797	869.398193	
0.003781	-0.279262	0.960207	0.783671	-0.595627	-0.176316	0.621165	0.753153	0.216597	2.650912	-115.925636	870.760559	
0.059121	-0.309253	0.949140	0.770380	-0.590528	-0.240395	0.634838	0.745411	0.203330	12.067224	-107.111252	860.968445	
0.182535	-0.381048	0.906357	0.736969	-0.557174	-0.382666	0.650814	0.737807	0.179116	20.492695	-93.021416	867.359375	
0.874999	-0.469092	0.119706	-0.182764	-0.549034	-0.815573	0.448302	0.691747	-0.566137	29.662901	-82.327400	914.658997	
0.874999	-0.469092	0.119706	-0.182764	-0.549034	-0.815573	0.448302	0.691747	-0.566137	29.662901	-82.327400	914.658997	
0.874999	-0.469092	0.119706	-0.182764	-0.549034	-0.815573	0.448302	0.691747	-0.566137	29.662901	-82.327400	914.658997	
0.803602	-0.591678	-0.064365	-0.364916	-0.404390	-0.838633	0.470172	0.697414	-0.540881	49.965271	-45.439960	922.388733	
0.720113	-0.658095	-0.219884	-0.552450	-0.352067	-0.755545	0.419806	0.665552	-0.617092	61.192101	-32.365101	971.106995	
0.720113	-0.658095	-0.219884	-0.552450	-0.352067	-0.755545	0.419806	0.665552	-0.617092	61.192101	-32.365101	971.106995	
0.720113	-0.658095	-0.219884	-0.552450	-0.352067	-0.755545	0.419806	0.665552	-0.617092	61.192101	-32.365101	971.106995	
0.720113	-0.658095	-0.219884	-0.552450	-0.352067	-0.755545	0.419806	0.665552	-0.617092	61.192101	-32.365101	971.106995	
0.539098	-0.676985	-0.501063	-0.766283	-0.147339	-0.625381	0.349547	0.721098	-0.598193	64.706078	20.855431	977.919800	
0.514416	-0.694997	-0.502349	-0.756333	-0.091624	-0.647739	0.404149	0.713150	-0.572783	63.715492	25.557957	997.950256	
0.464604	-0.694890	-0.548881	-0.792866	-0.050409	-0.607308	0.394344	0.717347	-0.574375	60.573536	36.655834	1011.667053	
0.448528	-0.580913	-0.679236	-0.822961	0.028027	-0.567406	0.348651	0.813482	-0.465499	50.656769	47.890053	1007.254700	
0.447699	-0.548473	-0.706217	-0.816908	0.070302	-0.572468	0.363632	0.833207	-0.416578	45.324535	57.623096	1009.434998	
0.302297	-0.525644	-0.795182	-0.899016	0.120062	-0.421136	0.316838	0.842189	-0.436269	34.837318	68.077507	1029.083130	
0.237278	-0.501280	-0.832116	-0.908917	0.187782	-0.372301	0.342883	0.844663	-0.411066	22.132812	76.958076	1032.422119	
0.177885	-0.465702	-0.866878	-0.907513	0.262986	-0.327504	0.380497	0.844962	-0.375849	14.699717	84.535370	1033.700073	
0.166382	-0.390274	-0.905540	-0.904505	0.305294	-0.297769	0.392667	0.868609	-0.302211	-0.548735	86.049088	1012.404846	
0.087181	-0.354300	-0.931059	-0.911448	0.348852	-0.218095	0.402073	0.867625	-0.292513	-13.282812	91.015335	1020.905090	
0.063949	-0.270275	-0.960657	-0.886414	0.426843	-0.179097	0.458455	0.862992	-0.212280	-35.323799	93.615799	1062.819946	
0.063949	-0.270275	-0.960657	-0.886414	0.426843	-0.179097	0.458455	0.862992	-0.212280	-35.323799	93.615799	1062.819946	
0.063949	-0.270275	-0.960657	-0.886414	0.426843	-0.179097	0.458455	0.862992	-0.212280	-35.323799	93.615799	1062.819946	
0.063949	-0.270275	-0.960657	-0.886414	0.426843	-0.179097	0.458455	0.862992	-0.212280	-35.323799	93.615799	1062.819946	
0.054900	0.153385	-0.986641	-0.843368	0.536101	0.036416	0.534525	0.830102	0.158791	-81.887718	93.538223	1037.072754	
0.048140	0.198236	-0.978972	-0.838273	0.540954	0.068319	0.543122	0.817356	0.192217	-91.234756	95.237556	1048.805054	
-0.041831	0.318230	-0.947090	-0.796503	0.561651	0.223899	0.603186	0.763726	0.229977	-101.976364	91.416870	1047.679077	
-0.089279	0.346035	-0.933964	-0.780741	0.557930	0.281347	0.618444	0.754303	0.220352	-109.725166	85.862549	1031.302246	
0.043299	0.468841	-0.882221	-0.722900	0.624220	0.296252	0.689595	0.624930	0.365953	-124.834000	82.265297	1074.770020	
0.043299	0.468841	-0.882221	-0.722900	0.624220	0.296252	0.689595	0.624930	0.365953	-124.834000	82.265297	1074.770020	
0.043299	0.468841	-0.882221	-0.722900	0.624220	0.296252	0.689595	0.624930	0.365953	-124.834000	82.265297	1074.770020	
0.043299	0.468841	-0.882221	-0.722900	0.624220	0.296252	0.689595	0.624930	0.365953	-124.834000	82.265297	1074.770020	
0.043299	0.468841	-0.882221	-0.722900	0.624220	0.296252	0.689595	0.624930	0.365953	-124.834000	82.265297	1074.770020	
0.212024	0.737418	-0.641296	-0.381378	0.666618	0.640446	0.899776	0.108786	0.422573	-155.496658	42.006683	1002.842102	
0.279139	0.747923	-0.602239	-0.574749	0.632553	0.519173	0.769249	0.201215	0.606438	-174.225006	32.471699	1058.540039	
0.279139	0.747923	-0.602239	-0.574749	0.632553	0.519173	0.769249	0.201215	0.606438	-174.225006	32.471699	1058.540039	
0.279139	0.747923	-0.602239	-0.574749	0.632553	0.519173	0.769249	0.201215	0.606438	-174.225006	32.471699	1058.540039	
0.279139	0.747923	-0.602239	-0.574749	0.632553	0.519173	0.769249	0.201215	0.606438	-174.225006	32.471699	1058.540039	
0.279139	0.747923	-0.602239	-0.574749	0.632553	0.519173	0.769249	0.201215	0.606438	-174.225006	32.471699	1058.540039	
0.279139	0.747923	-0.602239	-0.574749	0.632553	0.519173	0.769249	0.201215	0.606438	-174.225006	32.471699	1058.540039	
0.533221	0.841471	0.087189	-0.600519	0.303900	0.739609	0.595863	-0.446734	0.667365	-172.645920	-12.959304	988.396973	
0.587944	0.787389	0.185312	-0.583336	0.254006	0.771492	0.560394	-0.561693	0.608654	-169.210022	-20.182781	971.702942	
0.600609	0.727645	0.331362	-0.638115	0.186531	0.747004	0.481745	-0.660105	0.576354	-163.094620	-35.382065	963.261780	
0.632326	0.715796	0.296312	-0.567097	0.167097	0.806524	0.527793	-0.678023	0.511585	-148.728424	-41.412289	933.860291	
0.543760	0.758684	0.358781	-0.697210	0.170414	0.696316	0.467143	-0.628775	0.621627	-142.434998	-49.747501	968.963013	
0.543760	0.758684	0.358781	-0.697210	0.170414	0.696316	0.467143	-0.628775	0.621627	-142.434998	-49.747501	968.963013	
