0.994151	-0.042514	0.099286	0.041879	0.999087	0.008468	-0.099556	-0.004260	0.995023	18.812195	3.958098	544.241455	
0.970479	-0.125074	0.206224	0.126634	0.991933	0.005670	-0.205269	0.020612	0.978489	27.687809	7.441900	543.419739	
0.943729	-0.167117	0.285389	0.171198	0.985178	0.010776	-0.282960	0.038688	0.958352	36.339256	15.460886	544.583801	
0.897849	-0.201679	0.391400	0.216434	0.976275	0.006566	-0.383438	0.078817	0.920198	44.838795	18.157393	545.419434	
0.830841	-0.264729	0.489513	0.310783	0.950384	-0.013518	-0.461647	0.163363	0.871892	53.028484	24.077141	549.406311	
0.780976	-0.312533	0.540741	0.399900	0.915271	-0.048562	-0.479747	0.254168	0.839787	70.030426	25.758739	552.480530	
0.692580	-0.350094	0.630689	0.490567	0.869602	-0.055993	-0.528846	0.348174	0.774014	77.167603	29.434551	554.030823	
0.600723	-0.337895	0.724541	0.533843	0.844167	-0.048930	-0.595100	0.416184	0.687494	83.921715	30.560230	556.981079	
0.542990	-0.339623	0.767997	0.576993	0.815374	-0.047372	-0.610116	0.468851	0.638700	89.463745	31.268486	559.732788	
0.442187	-0.311230	0.841194	0.618541	0.784986	-0.034712	-0.649522	0.535662	0.539618	99.195518	31.103298	565.846985	
0.374533	-0.320189	0.870176	0.695180	0.717982	-0.035025	-0.613556	0.618046	0.491496	102.910156	29.793812	574.306091	
0.267135	-0.279976	0.922092	0.769280	0.638250	-0.029071	-0.580386	0.717112	0.385879	105.715233	27.092649	576.321106	
0.202342	-0.262513	0.943475	0.836327	0.547565	-0.027007	-0.509525	0.794518	0.330342	108.333717	25.592237	588.674500	
0.119956	-0.178247	0.976647	0.866937	0.498175	-0.015559	-0.483768	0.848557	0.214288	109.200775	20.759245	597.372009	
0.067503	-0.143093	0.987405	0.913970	0.405765	-0.003679	-0.400129	0.902706	0.158173	109.687775	14.938129	602.524170	
0.043415	-0.114097	0.992521	0.954641	0.297666	-0.007539	-0.294580	0.947827	0.121845	108.210045	9.502845	604.764832	
0.034694	-0.125159	0.991531	0.976747	0.214280	-0.007128	-0.211573	0.968720	0.129683	105.635292	6.851023	610.421997	
0.001893	-0.139699	0.990193	0.987097	0.158807	0.020518	-0.160117	0.977376	0.138197	104.733383	-3.413308	618.404114	
-0.003743	-0.126193	0.991999	0.995825	0.090010	0.015208	-0.091209	0.987914	0.125330	101.933899	-15.312205	623.691956	
0.006233	-0.053936	0.998526	0.999523	-0.029893	-0.007853	0.030272	0.998097	0.053724	91.550110	-26.013401	629.650757	
0.006665	0.040653	0.999152	0.996873	-0.078947	-0.003437	0.078740	0.996049	-0.041052	86.212387	-33.384911	640.256409	
-0.041323	0.120102	0.991902	0.995109	-0.084211	0.051653	0.089732	0.989183	-0.116035	79.508720	-39.815502	645.922058	
-0.082054	0.182273	0.979819	0.982923	-0.147681	0.109787	0.164711	0.972094	-0.167043	70.071121	-49.788265	650.464966	
-0.128852	0.208893	0.969414	0.974499	-0.154425	0.162804	0.183710	0.965669	-0.183668	61.255852	-55.050659	648.281616	
0.104698	0.577357	0.809751	0.906255	-0.390707	0.161400	0.409561	0.716943	-0.564139	51.838100	-70.394997	704.843994	
0.104698	0.577357	0.809751	0.906255	-0.390707	0.161400	0.409561	0.716943	-0.564139	51.838100	-70.394997	704.843994	
0.242573	0.697846	0.673921	0.819541	-0.519140	0.242582	0.519145	0.493462	-0.697843	14.615929	-96.988083	720.905273	
0.310179	0.747530	0.587357	0.803972	-0.535986	0.257578	0.507363	0.392324	-0.767245	6.004056	-104.076897	734.528076	
0.359355	0.748640	0.557138	0.764929	-0.578284	0.283672	0.534553	0.324233	-0.780466	-2.976111	-111.505905	740.874878	
0.470380	0.760454	0.447719	0.694149	-0.632114	0.344367	0.544885	0.148801	-0.825202	-12.814372	-125.629211	747.312927	
0.533739	0.774374	0.339806	0.638053	-0.632484	0.439147	0.554987	-0.017576	-0.831674	-22.522684	-139.331985	750.413208	
0.616630	0.737356	0.275815	0.555462	-0.655772	0.511296	0.557880	-0.162076	-0.813942	-31.068550	-145.238876	765.683716	
0.672793	0.720076	0.169828	0.525618	-0.626770	0.575226	0.520649	-0.297743	-0.800171	-39.260361	-159.849899	781.186768	
0.757390	0.651520	0.043403	0.482756	-0.603481	0.634630	0.439667	-0.459709	-0.771596	-48.196541	-173.659012	788.699158	
0.797199	0.598588	-0.078535	0.490269	-0.565981	0.662797	0.352293	-0.566885	-0.744669	-56.139069	-179.808319	806.922852	
0.822580	0.556229	-0.118200	0.470954	-0.549886	0.689802	0.318691	-0.623084	-0.714284	-69.912491	-191.556046	817.592529	
0.842345	0.500603	-0.199629	0.479540	-0.527145	0.701541	0.245960	-0.686669	-0.684097	-82.641418	-202.468491	823.060669	
0.857442	0.445150	-0.258138	0.479928	-0.510827	0.713249	0.185639	-0.735457	-0.651645	-94.137466	-213.077972	835.349670	
0.864700	0.400498	-0.303143	0.483376	-0.499457	0.718951	0.136531	-0.768209	-0.625471	-103.667633	-218.766586	854.130859	
0.875687	0.296174	-0.381383	0.482010	-0.488786	0.727155	0.028950	-0.820591	-0.570782	-110.838158	-222.647552	869.112061	
0.882040	0.189115	-0.431557	0.465662	-0.489584	0.737201	-0.071868	-0.851201	-0.519897	-113.458267	-231.498047	887.900635	
0.855005	0.136564	-0.500317	0.503386	-0.450632	0.737247	-0.124778	-0.882203	-0.454037	-115.052811	-235.391373	892.553833	
0.837556	0.089245	-0.539014	0.520917	-0.427957	0.738578	-0.164760	-0.899382	-0.404927	-115.802864	-237.776566	901.705688	
0.804962	0.043517	-0.591728	0.557113	-0.398518	0.728565	-0.204110	-0.916128	-0.345036	-115.191124	-243.245941	918.102356	
0.733562	-0.003963	-0.679611	0.624946	-0.389037	0.676825	-0.267076	-0.921214	-0.282906	-113.761299	-247.273376	922.151672	
0.689113	-0.052731	-0.722733	0.658863	-0.369642	0.655183	-0.301701	-0.927677	-0.219983	-110.429756	-248.775345	930.901306	
0.615015	-0.074488	-0.784989	0.716876	-0.361795	0.595981	-0.328398	-0.929277	-0.169111	-107.003906	-251.427612	942.030396	
0.581086	-0.141354	-0.801473	0.702617	-0.409830	0.581694	-0.410692	-0.901143	-0.138829	-96.975166	-249.927368	951.330261	
0.508550	-0.200529	-0.837356	0.701828	-0.466851	0.538040	-0.498814	-0.861300	-0.096680	-91.711555	-248.867493	953.931702	
0.477944	-0.216829	-0.851208	0.718735	-0.460548	0.520878	-0.504964	-0.860744	-0.064274	-79.486168	-246.627914	959.366150	
0.413039	-0.259488	-0.872963	0.711531	-0.506349	0.487170	-0.568439	-0.822360	-0.024509	-72.229187	-241.706192	960.200867	
0.368544	-0.273391	-0.888500	0.706028	-0.539436	0.458839	-0.604731	-0.796409	-0.005785	-57.664051	-237.919800	975.713623	
0.286602	-0.245204	-0.926140	0.730164	-0.569948	0.376854	-0.620258	-0.784241	0.015692	-48.980488	-232.880859	987.456360	
0.226089	-0.210341	-0.951126	0.752658	-0.582116	0.307647	-0.618376	-0.785429	0.026705	-39.454556	-224.263504	989.208801	
0.187819	-0.190660	-0.963521	0.748213	-0.607752	0.266110	-0.636319	-0.770900	0.028507	-30.107746	-215.348038	989.128235	
0.127550	-0.152177	-0.980088	0.726084	-0.658843	0.196791	-0.675672	-0.736727	0.026458	-20.342726	-206.312622	990.850769	
0.080178	-0.120817	-0.989431	0.751334	-0.644978	0.139640	-0.655033	-0.754590	0.039061	-10.494969	-195.845505	995.093689	
0.062230	-0.094089	-0.993617	0.716226	-0.689126	0.110113	-0.695088	-0.718507	0.024504	8.115977	-183.036514	991.680176	
0.030644	-0.007734	-0.999500	0.702684	-0.710988	0.027045	-0.710842	-0.703162	-0.016353	17.092358	-173.078873	1003.664673	
0.013221	0.061442	-0.998023	0.681431	-0.730997	-0.035976	-0.731762	-0.679609	-0.051533	26.702129	-161.188110	1009.812988	
0.067175	0.121113	-0.990363	0.636022	-0.769981	-0.051022	-0.768741	-0.626466	-0.128754	43.712646	-147.555161	1007.820801	
0.039293	0.205945	-0.977774	0.608411	-0.781161	-0.140083	-0.792648	-0.589385	-0.155994	52.306858	-133.001282	1006.371399	
0.034137	0.271402	-0.961860	0.609231	-0.768581	-0.195244	-0.792257	-0.579331	-0.191584	68.994835	-120.136528	1014.843506	
0.026423	0.294777	-0.955201	0.575912	-0.785513	-0.226480	-0.817084	-0.544128	-0.190521	75.850456	-111.949051	1009.422363	
0.064432	0.319896	-0.945259	0.552251	-0.800389	-0.233227	-0.831184	-0.506994	-0.228234	88.788254	-104.444160	1010.355286	
0.134141	0.379568	-0.915387	0.570379	-0.784953	-0.241900	-0.810354	-0.489669	-0.321792	100.491470	-96.756104	1011.610962	
0.206868	0.395699	-0.894778	0.500221	-0.828763	-0.250857	-0.840824	-0.395693	-0.369382	109.886673	-81.129715	1003.542969	
0.280759	0.383039	-0.880031	0.445114	-0.864308	-0.234189	-0.850322	-0.325964	-0.413158	114.217278	-66.168541	1007.298584	
0.344249	0.400768	-0.849045	0.398452	-0.881203	-0.254394	-0.850134	-0.250730	-0.463040	115.895096	-50.958256	989.422424	
0.410386	0.415303	-0.811853	0.338983	-0.895956	-0.286972	-0.846566	-0.157436	-0.508468	118.803719	-43.646332	971.937317	
0.475007	0.366435	-0.800058	0.312323	-0.920188	-0.236025	-0.822692	-0.137764	-0.551542	121.078743	-29.711536	973.987854	
0.511953	0.346878	-0.785862	0.293282	-0.930453	-0.219640	-0.807396	-0.118035	-0.578082	120.992096	-15.524531	966.950989	
0.592952	0.285205	-0.753038	0.245103	-0.954725	-0.168594	-0.767028	-0.084605	-0.636011	120.002274	-2.169882	979.050476	
0.626914	0.256383	-0.735694	0.229541	-0.963169	-0.140055	-0.744506	-0.081070	-0.662675	115.440208	3.472685	969.447937	
0.663610	0.162031	-0.730320	0.144476	-0.985641	-0.087397	-0.733995	-0.047518	-0.677491	112.075592	8.872742	966.852051	
0.680834	0.121118	-0.722354	0.109271	-0.991992	-0.063338	-0.724241	-0.035811	-0.688616	103.902863	20.075615	955.015381	
0.722701	0.082007	-0.686278	0.081972	-0.996098	-0.032705	-0.686282	-0.032620	-0.726603	93.835518	24.845745	948.684509	
0.779952	0.001500	-0.625838	0.018256	-0.999626	0.020357	-0.625573	-0.027303	-0.779687	87.464943	30.213732	941.538818	
0.794381	-0.048153	-0.605508	-0.029756	-0.998741	0.040389	-0.606690	-0.014067	-0.794814	73.993484	37.913734	931.761963	
0.788761	-0.092529	-0.607696	-0.060580	-0.995494	0.072947	-0.611707	-0.020725	-0.790813	65.191750	43.124222	915.718323	
0.801358	-0.134811	-0.582795	-0.086618	-0.990157	0.109941	-0.591880	-0.037622	-0.805148	49.492249	44.932632	901.721558	
0.790053	-0.186930	-0.583843	-0.118644	-0.980994	0.153538	-0.601448	-0.052035	-0.797216	31.749821	48.044548	881.468628	
0.764209	-0.316765	-0.561822	-0.223047	-0.947136	0.230616	-0.605173	-0.050927	-0.794464	14.366511	50.721375	869.068176	
0.775341	-0.460969	-0.431687	-0.244955	-0.849537	0.467208	-0.582102	-0.256502	-0.771598	5.657026	54.853607	887.697998	
0.747881	-0.568352	-0.343001	-0.334567	-0.768988	0.544722	-0.573358	-0.292631	-0.765263	-12.813212	55.816219	883.653870	
0.683869	-0.658029	-0.315150	-0.374920	-0.687498	0.621918	-0.625905	-0.307155	-0.716867	-32.879135	55.415989	883.490356	
0.583311	-0.745027	-0.323546	-0.390792	-0.606619	0.692311	-0.712060	-0.277395	-0.644998	-52.311787	53.868778	870.850769	
0.500179	-0.818630	-0.282251	-0.378008	-0.499678	0.779378	-0.779058	-0.283136	-0.559377	-71.143570	50.756012	870.950378	
0.428843	-0.863258	-0.266230	-0.423596	-0.452453	0.784763	-0.797910	-0.223767	-0.559704	-80.671043	45.712814	862.921021	
0.355569	-0.902581	-0.242730	-0.383964	-0.377835	0.842503	-0.852140	-0.206369	-0.480905	-89.724083	39.633247	845.506531	
0.287148	-0.939374	-0.187405	-0.381138	-0.291537	0.877348	-0.878794	-0.180503	-0.441746	-106.111740	35.759857	824.222839	
0.296707	-0.947235	-0.121281	-0.383018	-0.234378	0.893512	-0.874793	-0.218659	-0.432349	-120.740646	30.924429	788.963928	
0.433143	-0.900901	-0.027627	-0.331809	-0.187879	0.924447	-0.838028	-0.391252	-0.380306	-136.278259	26.522543	786.034546	
0.614849	-0.783927	-0.086128	-0.069731	-0.162821	0.984188	-0.785556	-0.599122	-0.154775	-150.833710	21.072916	785.607666	
0.714390	-0.690723	-0.112013	0.009040	-0.150952	0.988499	-0.699689	-0.707188	-0.101594	-158.083832	15.074509	779.867615	
0.776159	-0.622024	-0.103259	-0.020027	-0.188000	0.981964	-0.630219	-0.760094	-0.158376	-168.114380	9.461315	777.475098	
0.837176	-0.542583	-0.068846	-0.056116	-0.210425	0.975997	-0.544047	-0.813219	-0.206610	-174.606384	2.855081	773.906250	
0.951178	-0.308046	-0.019175	-0.075556	-0.292637	0.953233	-0.299252	-0.905247	-0.301625	-183.563675	-10.183941	766.202515	
0.979060	-0.196964	0.051452	-0.117606	-0.340949	0.932696	-0.166166	-0.919217	-0.356974	-185.662476	-23.067451	750.959839	
0.988970	-0.094211	0.114289	-0.141556	-0.374124	0.916511	-0.043588	-0.922581	-0.383334	-185.606873	-31.449047	745.577698	
0.983561	-0.049370	0.173693	-0.178743	-0.402821	0.897655	0.025649	-0.913946	-0.405024	-183.838394	-39.061085	740.614380	
0.974497	-0.000816	0.224399	-0.201059	-0.447266	0.871509	0.099654	-0.894401	-0.436023	-177.974915	-46.276798	722.704712	
0.942020	0.117282	0.314394	-0.223876	-0.478253	0.849207	0.249956	-0.870356	-0.424267	-172.971176	-62.138378	711.752014	
0.833491	0.236316	0.499448	-0.323236	-0.524564	0.787624	0.448119	-0.817917	-0.360833	-167.413940	-69.702240	689.095398	
0.637492	0.310260	0.705226	-0.435644	-0.609806	0.662081	0.635467	-0.729299	-0.253583	-157.489182	-81.766434	662.841797	
0.571918	0.295541	0.765223	-0.462151	-0.654627	0.598231	0.677737	-0.695787	-0.237808	-142.887436	-88.250595	642.359009	
0.506995	0.299802	0.808131	-0.475119	-0.685067	0.552219	0.719179	-0.663930	-0.204883	-128.819321	-102.176178	633.809998	
0.497182	0.354228	0.792044	-0.405851	-0.711894	0.573142	0.766874	-0.606407	-0.210176	-114.529869	-108.848518	620.394531	
0.493803	0.434156	0.753438	-0.315238	-0.718129	0.620416	0.810422	-0.543875	-0.217751	-105.977455	-115.397682	612.905518	
0.501239	0.458546	0.733823	-0.290931	-0.709374	0.641988	0.814935	-0.535280	-0.222160	-89.209030	-120.665550	596.969971	
-0.959323	0.281472	0.021736	-0.279313	-0.957511	0.071808	0.041024	0.062817	0.997182	-81.093002	-139.710007	631.809021	
-0.959323	0.281472	0.021736	-0.279313	-0.957511	0.071808	0.041024	0.062817	0.997182	-81.093002	-139.710007	631.809021	
-0.959323	0.281472	0.021736	-0.279313	-0.957511	0.071808	0.041024	0.062817	0.997182	-81.093002	-139.710007	631.809021	
-0.959323	0.281472	0.021736	-0.279313	-0.957511	0.071808	0.041024	0.062817	0.997182	-81.093002	-139.710007	631.809021	
-0.764028	0.645010	0.014987	-0.619891	-0.727439	-0.294224	-0.178875	-0.234085	0.955619	-32.663948	-168.998718	591.688171	
-0.667570	0.741986	0.061712	-0.718980	-0.620893	-0.312344	-0.193437	-0.252881	0.947963	-22.753614	-171.975372	585.138550	
-0.647969	0.729450	0.219182	-0.709855	-0.474027	-0.520965	-0.276118	-0.493156	0.824958	-6.991278	-179.039017	585.429749	
-0.657344	0.622179	0.425197	-0.705229	-0.309016	-0.638092	-0.265613	-0.719307	0.641908	8.287942	-185.471222	588.624939	
-0.471231	0.758024	0.450936	-0.804988	-0.160678	-0.571119	-0.360465	-0.632126	0.685916	17.755791	-197.282379	597.425720	
-0.257118	0.919339	0.297838	-0.832406	-0.054129	-0.551517	-0.490908	-0.389726	0.779181	28.834736	-201.189804	598.601440	
-0.190113	0.883850	0.427397	-0.836604	0.081967	-0.541641	-0.513761	-0.460534	0.723849	44.233601	-202.063812	591.665588	
-0.060690	0.733273	0.677222	-0.983338	0.072552	-0.166679	-0.171353	-0.676053	0.716652	48.261238	-195.163879	555.671631	
0.016550	0.626713	0.779075	-0.997591	0.062843	-0.029360	-0.067359	-0.776712	0.626244	56.642609	-187.313141	524.999451	
0.235873	0.971621	-0.017781	-0.345091	0.066642	-0.936200	-0.908447	0.226960	0.351017	69.710297	-194.490997	565.020996	
0.235873	0.971621	-0.017781	-0.345091	0.066642	-0.936200	-0.908447	0.226960	0.351017	69.710297	-194.490997	565.020996	
0.235873	0.971621	-0.017781	-0.345091	0.066642	-0.936200	-0.908447	0.226960	0.351017	69.710297	-194.490997	565.020996	
0.235873	0.971621	-0.017781	-0.345091	0.066642	-0.936200	-0.908447	0.226960	0.351017	69.710297	-194.490997	565.020996	
0.235873	0.971621	-0.017781	-0.345091	0.066642	-0.936200	-0.908447	0.226960	0.351017	69.710297	-194.490997	565.020996	
0.235873	0.971621	-0.017781	-0.345091	0.066642	-0.936200	-0.908447	0.226960	0.351017	69.710297	-194.490997	565.020996	
0.235873	0.971621	-0.017781	-0.345091	0.066642	-0.936200	-0.908447	0.226960	0.351017	69.710297	-194.490997	565.020996	
0.235873	0.971621	-0.017781	-0.345091	0.066642	-0.936200	-0.908447	0.226960	0.351017	69.710297	-194.490997	565.020996	
0.235873	0.971621	-0.017781	-0.345091	0.066642	-0.936200	-0.908447	0.226960	0.351017	69.710297	-194.490997	565.020996	
0.235873	0.971621	-0.017781	-0.345091	0.066642	-0.936200	-0.908447	0.226960	0.351017	69.710297	-194.490997	565.020996	
0.867324	0.468491	-0.168120	0.198520	-0.635332	-0.746286	-0.456440	0.613897	-0.644044	55.422535	-137.090607	568.893311	
0.923442	0.339337	-0.179180	0.145262	-0.741303	-0.655262	-0.355182	0.579069	-0.733843	42.534046	-130.443420	572.724121	
0.939681	0.279423	-0.197286	0.110578	-0.793963	-0.597825	-0.323684	0.539950	-0.776971	28.253805	-123.666451	577.453430	
0.953867	0.213556	-0.211024	0.084247	-0.865031	-0.494595	-0.288167	0.454000	-0.843116	19.948200	-116.319336	584.026184	
0.971058	0.076494	-0.226262	-0.033346	-0.894630	-0.445562	-0.236505	0.440212	-0.866187	2.606590	-109.623146	594.006042	
0.965125	0.001764	-0.261782	-0.102167	-0.918144	-0.382849	-0.241029	0.396244	-0.885943	-15.317573	-95.495560	600.647156	
0.956750	-0.120277	-0.264883	-0.196438	-0.938702	-0.283286	-0.214574	0.323067	-0.921730	-34.685917	-88.298340	608.444580	
0.919349	-0.247233	-0.306058	-0.303894	-0.940295	-0.153280	-0.249890	0.233927	-0.939592	-44.758514	-73.637711	619.296997	
0.868409	-0.367948	-0.332385	-0.401527	-0.915139	-0.036003	-0.290932	0.164727	-0.942456	-54.847645	-66.465225	629.608582	
0.858837	-0.415970	-0.298944	-0.427971	-0.903374	0.027490	-0.281494	0.104330	-0.953874	-75.790802	-52.895321	649.963684	
0.791785	-0.504365	-0.344517	-0.522832	-0.851267	0.044635	-0.315789	0.144783	-0.937718	-96.160698	-45.667480	656.449036	
0.700060	-0.586693	-0.407072	-0.595547	-0.794232	0.120497	-0.394005	0.158075	-0.905412	-115.427094	-39.347351	669.111511	
0.607538	-0.628224	-0.486037	-0.554327	-0.773604	0.307015	-0.568875	0.082900	-0.818235	-133.604034	-32.824238	680.366699	
0.525942	-0.651591	-0.546638	-0.468578	-0.758362	0.453125	-0.709802	0.017825	-0.704175	-140.738129	-19.989056	677.595581	
0.420860	-0.693957	-0.584210	-0.513720	-0.713128	0.477011	-0.747642	0.099365	-0.656626	-149.176712	-7.227623	684.854248	
0.311921	-0.728543	-0.609862	-0.554833	-0.660743	0.505548	-0.771275	0.180681	-0.610319	-155.889328	-1.989108	693.296936	
0.217525	-0.752192	-0.622005	-0.533291	-0.625328	0.569707	-0.817486	0.207785	-0.537161	-168.993607	2.623831	699.187378	
0.163283	-0.736675	-0.656238	-0.446967	-0.648223	0.616463	-0.879522	0.192659	-0.435114	-179.577972	7.901642	708.743469	
0.066078	-0.715371	-0.695613	-0.475842	-0.635352	0.608196	-0.877045	0.290814	-0.382386	-183.419693	16.702572	712.860962	
-0.054532	-0.681792	-0.729511	-0.432676	-0.642310	0.632637	-0.899899	0.350141	-0.259969	-188.196381	21.123589	719.380127	
-0.085054	-0.629511	-0.772322	-0.436517	-0.673243	0.596823	-0.895667	0.387894	-0.217531	-190.046097	28.249649	733.564209	
-0.120146	-0.603829	-0.788007	-0.424545	-0.686265	0.590595	-0.897400	0.405502	-0.173901	-192.201874	34.970680	740.885254	
-0.172405	-0.575905	-0.799130	-0.335053	-0.728619	0.597373	-0.926292	0.370741	-0.067342	-193.637543	37.053043	760.664429	
-0.248463	-0.532106	-0.809400	-0.294197	-0.754677	0.586439	-0.922884	0.383832	0.030964	-194.414932	38.407795	772.750488	
-0.280237	-0.490936	-0.824893	-0.285585	-0.777777	0.559915	-0.916465	0.392487	0.077757	-190.892303	40.202686	789.997986	
-0.295691	-0.452410	-0.841363	-0.285364	-0.798702	0.529758	-0.911666	0.396740	0.107067	-185.663528	41.786842	797.575928	
-0.313638	-0.414237	-0.854423	-0.282614	-0.818324	0.500475	-0.906510	0.398440	0.139587	-179.543777	42.460270	812.051270	
-0.298074	-0.340388	-0.891789	-0.308403	-0.849811	0.427446	-0.903350	0.402441	0.148329	-174.567154	42.611900	825.672424	
-0.287081	-0.283437	-0.915012	-0.326943	-0.868869	0.371720	-0.900385	0.405871	0.156767	-164.298279	40.906860	837.353638	
-0.291042	-0.247280	-0.924201	-0.267092	-0.906609	0.326683	-0.918671	0.341926	0.197814	-158.692200	38.488060	853.172913	
-0.303827	-0.196584	-0.932225	-0.254589	-0.926147	0.278277	-0.918082	0.321883	0.231339	-144.030289	36.369568	868.772034	
-0.265326	-0.129558	-0.955414	-0.332611	-0.917801	0.216825	-0.904971	0.375311	0.200423	-135.878632	31.378172	884.603394	
-0.253694	-0.099513	-0.962152	-0.273444	-0.946743	0.170019	-0.927830	0.306228	0.212971	-118.640053	24.892279	894.460388	
-0.229449	-0.076045	-0.970345	-0.204837	-0.970844	0.124520	-0.951523	0.227334	0.207182	-99.797508	17.880360	900.904663	
-0.217557	-0.056774	-0.974395	-0.218468	-0.970146	0.105304	-0.951284	0.235784	0.198657	-81.428085	14.237350	912.143250	
-0.178999	-0.029014	-0.983421	-0.209955	-0.975413	0.066993	-0.961186	0.218466	0.168505	-61.397064	4.637081	920.954773	
-0.138817	-0.024076	-0.990025	-0.228673	-0.971909	0.055699	-0.963556	0.234124	0.129411	-41.556858	-0.548309	929.276855	
-0.064468	-0.016872	-0.997777	-0.226240	-0.973576	0.031080	-0.971937	0.227741	0.058946	-30.765244	-5.084885	930.681274	
-0.058585	-0.038414	-0.997543	-0.235425	-0.970543	0.051200	-0.970126	0.237846	0.047815	-20.288427	-16.122456	942.801575	
-0.025396	-0.048786	-0.998486	-0.313666	-0.947980	0.054296	-0.949194	0.314570	0.008772	-0.993170	-21.347828	957.290039	
0.078089	-0.102786	-0.991633	-0.393307	-0.917171	0.064095	-0.916086	0.385011	-0.112048	17.952715	-27.149052	963.234863	
0.216498	-0.172348	-0.960949	-0.445322	-0.893365	0.059897	-0.868803	0.414965	-0.270163	26.631063	-34.848953	967.401489	
0.284149	-0.207858	-0.935977	-0.374078	-0.922884	0.091385	-0.882795	0.324161	-0.339992	34.985641	-48.779934	978.492065	
0.329250	-0.266233	-0.905932	-0.317997	-0.934647	0.159099	-0.889086	0.235701	-0.392394	50.819489	-62.392807	983.218994	
0.351340	-0.310156	-0.883381	-0.260695	-0.938627	0.225868	-0.899222	0.150937	-0.410634	64.967018	-69.585701	999.947632	
0.325928	-0.379166	-0.866027	-0.336699	-0.902539	0.268435	-0.883406	0.204100	-0.421827	77.290779	-83.319382	995.028870	
0.297680	-0.486175	-0.821596	-0.399957	-0.844955	0.355085	-0.866846	0.222901	-0.445975	87.305038	-90.653160	998.509216	
0.239446	-0.551229	-0.799257	-0.405410	-0.804770	0.433575	-0.882219	0.220209	-0.416173	92.714508	-104.833778	1002.879944	
0.177021	-0.603729	-0.777286	-0.452306	-0.751324	0.480553	-0.874119	0.266503	-0.406071	95.911713	-112.262444	1007.280762	
0.138605	-0.682564	-0.717562	-0.458018	-0.686592	0.564632	-0.878071	0.250396	-0.407792	98.582390	-118.654427	1006.042236	
0.095487	-0.720648	-0.686694	-0.433643	-0.651062	0.622953	-0.896012	0.238296	-0.374672	99.562637	-132.128021	1007.748657	
-0.037642	-0.749717	-0.660688	-0.456780	-0.575132	0.678656	-0.888783	0.327335	-0.320807	100.420395	-145.169220	1010.746460	
-0.119675	-0.772968	-0.623056	-0.466515	-0.510186	0.722547	-0.876380	0.377136	-0.299545	99.555290	-151.303299	1012.639526	
-0.164914	-0.790797	-0.589444	-0.390233	-0.496547	0.775344	-0.905827	0.357886	-0.226708	97.960960	-162.621994	1010.625427	
-0.220529	-0.804938	-0.550856	-0.340611	-0.465652	0.816793	-0.913976	0.367754	-0.171481	90.851273	-174.903976	1015.406677	
-0.351367	-0.811428	-0.467040	-0.312440	-0.368625	0.875498	-0.882567	0.453543	-0.124000	86.083046	-179.883972	1013.132446	
-0.409077	-0.802835	-0.433719	-0.223633	-0.372607	0.900639	-0.884673	0.465425	-0.027116	75.547722	-185.003143	1013.580566	
-0.510406	-0.769374	-0.384123	-0.109881	-0.384677	0.916487	-0.852885	0.509988	0.111801	62.814350	-188.136047	1004.628967	
-0.643301	-0.703687	-0.301643	-0.020111	-0.378322	0.925455	-0.765350	0.601413	0.229222	55.830704	-191.537720	1001.157349	
-0.752616	-0.630052	-0.191325	0.066917	-0.362245	0.929677	-0.655052	0.686887	0.314792	48.159565	-199.603485	1004.823730	
-0.848531	-0.518420	-0.106006	0.118922	-0.382044	0.916460	-0.515611	0.765038	0.385827	38.953014	-201.412521	997.833984	
-0.910635	-0.412785	0.018767	0.222462	-0.451482	0.864103	-0.348216	0.791058	0.502963	29.908037	-206.753296	997.675842	
-0.944900	-0.323404	0.050741	0.230212	-0.546257	0.805360	-0.232740	0.772666	0.590609	11.557146	-210.338028	991.946777	
-0.960894	-0.251108	0.116742	0.251702	-0.616212	0.746276	-0.115458	0.746477	0.655318	1.432334	-211.002472	987.425720	
-0.967532	-0.195171	0.160596	0.251053	-0.668562	0.699998	-0.029251	0.717589	0.695852	-17.611204	-210.543396	978.872314	
-0.967931	-0.132735	0.213288	0.240872	-0.731502	0.637876	0.071352	0.668795	0.740015	-27.287342	-209.288681	973.129761	
-0.946008	-0.075336	0.315268	0.254144	-0.776092	0.577141	0.201198	0.626104	0.753335	-46.726677	-210.318970	973.308838	
-0.913456	0.046801	0.404238	0.163289	-0.867733	0.469443	0.372742	0.494823	0.784993	-56.497101	-210.438232	972.786499	
-0.853695	0.152991	0.497793	0.073508	-0.910904	0.406018	0.515559	0.383208	0.766388	-66.222687	-206.974625	964.542114	
-0.811433	0.252632	0.527023	-0.098229	-0.947873	0.303129	0.576132	0.194200	0.793951	-76.092804	-205.877899	958.878418	
-0.757339	0.342973	0.555704	-0.281599	-0.939311	0.195954	0.589186	-0.008082	0.807957	-93.442490	-200.216858	958.915527	
-0.654544	0.371427	0.658494	-0.395068	-0.910654	0.120960	0.644588	-0.180976	0.742801	-100.744858	-193.662354	928.477783	
-0.580182	0.416334	0.700038	-0.535394	-0.842649	0.057421	0.613794	-0.341482	0.711792	-109.638245	-191.022949	928.522278	
-0.466352	0.441437	0.766582	-0.707663	-0.706147	-0.023873	0.530782	-0.553616	0.641701	-121.840591	-180.521927	918.754761	
-0.370642	0.460812	0.806397	-0.812360	-0.581716	-0.040963	0.450219	-0.670268	0.589953	-128.020996	-170.562897	913.469177	
-0.300082	0.475667	0.826856	-0.917203	-0.382030	-0.113099	0.262087	-0.792335	0.550923	-133.026962	-160.221359	902.663147	
-0.252876	0.443816	0.859698	-0.963251	-0.198669	-0.180774	0.090565	-0.873818	0.477744	-141.240570	-149.679153	900.374695	
-0.187521	0.470872	0.862040	-0.981610	-0.057890	-0.181910	-0.035753	-0.880300	0.473068	-145.266510	-134.550552	886.164551	
-0.128838	0.478208	0.868744	-0.984085	0.046458	-0.171517	-0.122381	-0.877017	0.464612	-150.140350	-118.952553	877.037415	
-0.123063	0.380445	0.916578	-0.961468	0.183085	-0.205084	-0.245835	-0.906500	0.343254	-151.894943	-104.976944	873.373779	
-0.113687	0.280079	0.953221	-0.951399	0.245702	-0.185664	-0.286209	-0.928001	0.238533	-149.805450	-97.967293	874.542725	
-0.022339	0.108316	0.993865	-0.867666	0.491745	-0.073096	-0.496645	-0.863976	0.082997	-141.694839	-93.759323	861.554016	
0.036114	-0.000274	0.999347	-0.730321	0.682587	0.026579	-0.682149	-0.730804	0.024451	-134.523895	-79.996414	838.133484	
-0.003011	-0.090688	0.995874	-0.536392	0.840636	0.074928	-0.843963	-0.533954	-0.051175	-130.031830	-71.701843	828.720886	
-0.020513	-0.210455	0.977387	-0.377936	0.906688	0.187299	-0.925604	-0.365548	-0.098138	-119.661568	-64.047470	813.731384	
-0.044279	-0.273103	0.960964	-0.265003	0.930660	0.252279	-0.963230	-0.243488	-0.113582	-112.928139	-55.782524	805.501099	
-0.105567	-0.376363	0.920437	-0.148294	0.921219	0.359672	-0.983293	-0.098526	-0.153063	-105.206085	-41.234985	795.698547	
-0.171426	-0.408876	0.896344	-0.180432	0.907454	0.379435	-0.968534	-0.096684	-0.229336	-96.355576	-24.692152	771.958740	
-0.183067	-0.414832	0.891291	-0.322593	0.881761	0.344136	-0.928666	-0.224525	-0.295243	-80.012703	-8.413387	753.477417	
0.255742	-0.329314	0.908926	-0.527283	0.740519	0.416657	-0.810289	-0.585819	0.015740	-75.393280	-2.853937	766.588379	
0.456391	-0.329883	0.826368	-0.538654	0.636780	0.551690	-0.708209	-0.696913	0.112928	-68.484596	4.830170	770.665771	
0.507270	-0.340825	0.791527	-0.627840	0.483007	0.610344	-0.590335	-0.806562	0.031032	-59.334160	13.301476	765.631653	
0.526829	-0.382929	0.758825	-0.691664	0.325749	0.644583	-0.494017	-0.864438	-0.093244	-39.861141	27.514450	756.821533	
0.592511	-0.432880	0.679372	-0.723669	0.084462	0.684959	-0.353887	-0.897486	-0.263216	-29.852489	38.939709	755.320984	
0.642643	-0.493071	0.586423	-0.701764	-0.071648	0.708797	-0.307472	-0.867034	-0.392063	-18.913536	41.858765	739.297607	
0.699591	-0.454495	0.551367	-0.675492	-0.169065	0.717723	-0.232986	-0.874557	-0.425283	-6.796493	46.635754	729.049438	
0.758230	-0.410605	0.506450	-0.624092	-0.232297	0.746020	-0.188673	-0.881726	-0.432389	4.129800	49.248894	705.269226	
0.803018	-0.261448	0.535545	-0.560506	-0.026022	0.827740	-0.202476	-0.964867	-0.167438	13.285634	43.359386	681.465698	
0.782122	-0.332612	0.526930	-0.543221	0.050342	0.838078	-0.305282	-0.941719	-0.141308	32.598015	41.685818	656.361816	
0.783006	-0.324589	0.530608	-0.534574	0.084974	0.840837	-0.318015	-0.942030	-0.106981	47.423252	41.640228	640.287842	
0.810902	-0.358223	0.462725	-0.480085	0.044884	0.876072	-0.334599	-0.932556	-0.135581	56.518764	42.976452	632.791565	
0.820184	-0.402924	0.406141	-0.429494	0.035313	0.902378	-0.377933	-0.914551	-0.144090	70.465218	44.075405	628.402649	
0.843194	-0.410040	0.347695	-0.381005	0.000508	0.924571	-0.379289	-0.912067	-0.155799	82.438988	45.082462	622.738770	
0.856508	-0.453629	0.246203	-0.290252	-0.028895	0.956512	-0.426789	-0.890722	-0.156415	93.406540	44.265789	616.534119	
0.884740	-0.437519	0.160663	-0.200210	-0.045470	0.978696	-0.420894	-0.898058	-0.127824	101.037720	43.293941	621.666260	
0.906482	-0.421170	0.030103	-0.054427	-0.045852	0.997463	-0.418722	-0.905822	-0.064487	105.802696	39.116215	616.561768	
0.904616	-0.410149	-0.115964	0.104963	-0.049328	0.993251	-0.413102	-0.910683	-0.001573	109.887321	36.589657	617.422485	
0.898484	-0.402586	-0.175072	0.174257	-0.038979	0.983927	-0.402940	-0.914552	0.035131	111.826042	29.820086	619.775269	
0.878043	-0.406844	-0.252027	0.253143	-0.052099	0.966024	-0.406152	-0.912011	0.057245	112.196579	23.086374	617.431458	
0.852086	-0.398341	-0.339518	0.344981	-0.060405	0.936663	-0.393621	-0.915246	0.085950	113.404785	13.565948	635.755554	
-0.654532	0.395677	-0.644226	-0.557127	-0.828454	0.057212	-0.511075	0.396363	0.762692	94.248497	20.033400	590.184021	
-0.654532	0.395677	-0.644226	-0.557127	-0.828454	0.057212	-0.511075	0.396363	0.762692	94.248497	20.033400	590.184021	
-0.654532	0.395677	-0.644226	-0.557127	-0.828454	0.057212	-0.511075	0.396363	0.762692	94.248497	20.033400	590.184021	
-0.654532	0.395677	-0.644226	-0.557127	-0.828454	0.057212	-0.511075	0.396363	0.762692	94.248497	20.033400	590.184021	
-0.291016	0.339985	-0.894271	-0.634010	-0.768543	-0.085864	-0.716479	0.541990	0.439212	49.391521	-6.196535	572.063354	
-0.239722	0.311550	-0.919494	-0.638667	-0.763924	-0.092331	-0.731190	0.565117	0.382106	33.983601	-19.461092	571.527588	
-0.155201	0.216155	-0.963945	-0.612144	-0.786901	-0.077895	-0.775366	0.577984	0.254446	25.939207	-27.343966	569.886353	
-0.076396	0.107255	-0.991292	-0.618262	-0.785087	-0.037297	-0.782251	0.610029	0.126289	8.264067	-35.105980	566.273193	
-0.003848	-0.008999	-0.999952	-0.596978	-0.802202	0.009517	-0.802249	0.596986	-0.002285	-0.830400	-43.003044	564.656189	
0.047286	-0.063194	-0.996880	-0.642708	-0.765899	0.018066	-0.764652	0.639848	-0.076832	-20.512417	-56.054470	556.801636	
0.009111	-0.180692	-0.983497	-0.645978	-0.751831	0.132145	-0.763302	0.634114	-0.123573	-38.477909	-63.646622	554.099365	
-0.131660	-0.486146	-0.863902	-0.669752	-0.598871	0.439075	-0.730821	0.636409	-0.246749	-47.050003	-77.271439	535.885437	
0.067918	-0.405494	-0.911571	-0.669190	-0.696186	0.259826	-0.739981	0.592367	-0.318636	-82.707298	-97.794403	578.718994	
0.067918	-0.405494	-0.911571	-0.669190	-0.696186	0.259826	-0.739981	0.592367	-0.318636	-82.707298	-97.794403	578.718994	
0.067918	-0.405494	-0.911571	-0.669190	-0.696186	0.259826	-0.739981	0.592367	-0.318636	-82.707298	-97.794403	578.718994	
0.067918	-0.405494	-0.911571	-0.669190	-0.696186	0.259826	-0.739981	0.592367	-0.318636	-82.707298	-97.794403	578.718994	
-0.138993	-0.769610	-0.623203	-0.636308	-0.412801	0.651695	-0.758810	0.487130	-0.432332	-131.113220	-132.761520	591.566528	
-0.221244	-0.796581	-0.562592	-0.630828	-0.323042	0.705478	-0.743712	0.510981	-0.431034	-146.613815	-145.141113	594.613342	
-0.303249	-0.809142	-0.503319	-0.587645	-0.257003	0.767218	-0.750142	0.528430	-0.397552	-154.441116	-157.865692	598.841675	
-0.366624	-0.847332	-0.384207	-0.504734	-0.165763	0.847211	-0.781556	0.504530	-0.366904	-168.314163	-169.155304	607.111145	
-0.463879	-0.848609	-0.254320	-0.435020	-0.031881	0.899857	-0.771734	0.528059	-0.354372	-174.803772	-174.761932	614.124268	
-0.514780	-0.849184	-0.117845	-0.316960	0.060794	0.946489	-0.796579	0.524585	-0.300452	-184.856384	-184.494400	621.651794	
-0.556219	-0.830726	0.022682	-0.212842	0.168787	0.962398	-0.803317	0.530476	-0.270695	-192.505325	-188.615555	627.798340	
-0.581149	-0.795614	0.171068	-0.093313	0.273971	0.957201	-0.808429	0.540313	-0.233459	-198.353485	-192.914642	632.489258	
-0.621674	-0.718534	0.311818	0.078889	0.338633	0.937606	-0.779293	0.607484	-0.153834	-201.128830	-195.172852	643.217529	
-0.647517	-0.623416	0.438262	0.240945	0.378119	0.893852	-0.722957	0.684381	-0.094629	-201.993637	-201.309387	648.723511	
-0.647996	-0.518671	0.557747	0.389032	0.404166	0.827831	-0.654794	0.753412	-0.060117	-200.944427	-204.905502	661.414917	
-0.609257	-0.438122	0.660950	0.524573	0.402384	0.750273	-0.594666	0.803826	-0.015327	-199.695923	-206.748947	671.344421	
-0.606550	-0.357531	0.710119	0.628095	0.332115	0.703701	-0.487435	0.872853	0.023120	-197.009735	-208.439972	680.540833	
-0.531458	-0.261646	0.805664	0.761429	0.269209	0.589705	-0.371185	0.926859	0.056152	-188.338776	-207.767258	684.322021	
-0.451127	-0.174276	0.875279	0.852658	0.205455	0.480376	-0.263548	0.963024	0.055912	-183.648315	-205.965210	698.985352	
-0.390798	-0.130849	0.911129	0.900979	0.148274	0.407738	-0.188448	0.980252	0.059947	-178.513351	-203.997162	711.459473	
-0.243711	-0.085439	0.966077	0.959523	0.123717	0.252999	-0.141136	0.988633	0.051830	-164.068558	-202.236298	721.439087	
-0.116927	-0.030860	0.992661	0.983236	0.137205	0.120081	-0.139904	0.990062	0.014300	-148.012711	-199.677307	735.081299	
0.010488	0.053986	0.998486	0.994808	0.100518	-0.015884	-0.101223	0.993470	-0.052651	-133.118362	-198.473846	748.458862	
0.136629	0.146797	0.979685	0.988804	0.039676	-0.143846	-0.059986	0.988371	-0.139732	-118.086670	-196.301620	761.688416	
0.217068	0.203516	0.954705	0.975712	-0.074712	-0.205919	0.029421	0.976217	-0.214791	-110.321510	-189.182846	776.414673	
0.347365	0.255104	0.902363	0.937031	-0.057284	-0.344516	-0.036196	0.965216	-0.258938	-101.798790	-182.914337	795.212769	
0.443091	0.333613	0.832089	0.881094	0.009139	-0.472852	-0.165354	0.942666	-0.289895	-85.024200	-176.351364	812.703003	
0.495870	0.404995	0.768174	0.833106	0.027749	-0.552416	-0.245041	0.913898	-0.323643	-76.215950	-171.813065	832.762939	
0.544409	0.482752	0.685980	0.774060	0.025956	-0.632579	-0.323183	0.875373	-0.359548	-59.339539	-161.018906	839.731689	
0.532306	0.533197	0.657535	0.761762	0.037128	-0.646791	-0.369279	0.845177	-0.386405	-40.312645	-154.846054	848.093811	
0.549729	0.597748	0.583520	0.723852	0.007784	-0.689910	-0.416934	0.801647	-0.428401	-23.262218	-141.201904	862.825073	
0.564938	0.645366	0.514148	0.681977	-0.014434	-0.731230	-0.464489	0.763738	-0.448279	-14.304962	-126.004768	863.261658	
0.548110	0.691757	0.470157	0.661024	-0.013857	-0.750236	-0.512465	0.721998	-0.464863	-5.743926	-118.937218	867.096008	
0.555896	0.744995	0.368732	0.618704	-0.074578	-0.782076	-0.555143	0.662889	-0.502389	1.326821	-103.338776	880.287781	
0.561612	0.783060	0.267227	0.558343	-0.120327	-0.820837	-0.610609	0.610197	-0.504793	8.225039	-87.271927	880.327148	
0.571215	0.795922	0.200556	0.512471	-0.154967	-0.844606	-0.641159	0.585231	-0.496406	14.239670	-71.887573	895.595642	
0.556147	0.822918	0.116226	0.483846	-0.206896	-0.850345	-0.675716	0.529152	-0.513230	19.239292	-56.886444	913.346313	
0.564709	0.824896	0.025523	0.427420	-0.265870	-0.864075	-0.705985	0.498860	-0.502715	28.597860	-48.786125	923.017944	
0.586151	0.805923	-0.083164	0.354713	-0.347553	-0.867978	-0.728426	0.479267	-0.489589	36.061859	-32.977364	929.044189	
0.684777	-0.670427	-0.285673	-0.611936	-0.316112	-0.724988	0.395746	0.671268	-0.626724	64.041901	-18.465099	976.182007	
0.684777	-0.670427	-0.285673	-0.611936	-0.316112	-0.724988	0.395746	0.671268	-0.626724	64.041901	-18.465099	976.182007	
0.684777	-0.670427	-0.285673	-0.611936	-0.316112	-0.724988	0.395746	0.671268	-0.626724	64.041901	-18.465099	976.182007	
0.684777	-0.670427	-0.285673	-0.611936	-0.316112	-0.724988	0.395746	0.671268	-0.626724	64.041901	-18.465099	976.182007	
0.508861	-0.670531	-0.539860	-0.784217	-0.102420	-0.611976	0.355056	0.734777	-0.577959	63.782898	26.497570	993.062744	
0.465669	-0.660634	-0.588827	-0.811243	-0.052805	-0.582320	0.353607	0.748849	-0.560524	60.494682	37.720112	1006.262451	
0.382366	-0.606398	-0.697194	-0.868034	0.022900	-0.495977	0.316725	0.794832	-0.517617	53.600651	49.268414	1020.128235	
0.351082	-0.574418	-0.739449	-0.880992	0.064856	-0.468666	0.317168	0.815989	-0.483288	47.865307	59.428951	1020.746033	
0.306102	-0.535798	-0.786907	-0.898698	0.110069	-0.424532	0.314077	0.837142	-0.447827	37.005875	67.706879	1020.973694	
0.247429	-0.535079	-0.807756	-0.897976	0.186466	-0.398585	0.363893	0.823967	-0.434351	25.047043	76.047829	1026.447510	
0.185743	-0.497009	-0.847633	-0.899172	0.261877	-0.350588	0.396221	0.827286	-0.398254	16.852018	83.907921	1037.450684	
0.140349	-0.433268	-0.890270	-0.904350	0.309942	-0.293407	0.403056	0.846295	-0.348326	1.512636	88.269539	1054.710693	
0.104047	-0.315114	-0.943333	-0.892785	0.388401	-0.228214	0.438305	0.865938	-0.240917	-16.448004	89.820992	1041.815552	
0.121196	-0.236331	-0.964085	-0.918883	0.340657	-0.199020	0.375456	0.910001	-0.175874	-33.768097	92.180573	1038.215698	
0.033984	-0.132840	-0.990555	-0.892259	0.442475	-0.089950	0.450244	0.886888	-0.103490	-44.033466	92.576942	1041.116455	
-0.000092	-0.075165	-0.997171	-0.852872	0.520650	-0.039167	0.522121	0.850456	-0.064154	-53.867653	93.628662	1051.153076	
-0.030784	0.014637	-0.999419	-0.824639	0.564658	0.033670	0.564822	0.825196	-0.005312	-63.859901	94.002075	1054.844116	
-0.018516	0.151188	-0.988332	-0.828992	0.550302	0.099712	0.558956	0.821164	0.115144	-84.269585	93.858459	1057.691284	
-0.009366	0.231752	-0.972730	-0.810048	0.568594	0.143266	0.586290	0.789299	0.182405	-95.021729	93.718231	1062.371704	
-0.019674	0.337390	-0.941160	-0.773661	0.591125	0.228081	0.633295	0.732625	0.249395	-104.541580	90.940407	1061.615234	
-0.001609	0.400809	-0.916160	-0.762503	0.592250	0.260442	0.646983	0.698994	0.304665	-115.067955	88.078445	1070.933838	
0.032685	0.461747	-0.886410	-0.718614	0.627253	0.300249	0.694642	0.627172	0.352319	-123.739517	82.624008	1067.096191	
0.063105	0.509047	-0.858422	-0.707627	0.629364	0.321195	0.703763	0.587174	0.399931	-132.888092	76.358078	1069.058350	
0.098894	0.553640	-0.826864	-0.669937	0.651460	0.356070	0.735802	0.518733	0.435329	-140.951263	68.391457	1068.701904	
0.127488	0.592292	-0.795574	-0.641256	0.661148	0.389455	0.756662	0.460515	0.464099	-147.045563	64.529816	1056.116577	
0.175062	0.619516	-0.765214	-0.614203	0.676157	0.406901	0.769486	0.398763	0.498878	-152.858536	54.390121	1050.950195	
0.218947	0.683009	-0.696822	-0.580638	0.665143	0.469516	0.784170	0.301802	0.542212	-164.143646	44.186104	1051.187988	
0.278376	0.759030	-0.588542	-0.541264	0.630171	0.556704	0.793436	0.163583	0.586259	-172.633575	32.187050	1045.516357	
0.307317	0.804012	-0.509039	-0.548425	0.586798	0.595734	0.777681	0.096090	0.621273	-174.664749	26.744286	1037.505005	
0.325486	0.836701	-0.440444	-0.554753	0.546194	0.627632	0.765708	0.040051	0.641940	-175.563583	19.879929	1015.671631	
0.394840	0.876983	-0.273864	-0.580617	0.469196	0.665387	0.712029	-0.103712	0.694449	-182.178879	13.497684	1026.791138	
0.436327	0.889405	-0.136301	-0.611604	0.404265	0.680083	0.659971	-0.213377	0.720354	-182.397736	6.132942	1029.064819	
0.476007	0.879389	-0.009592	-0.627127	0.347066	0.697322	0.616547	-0.325915	0.716694	-180.491745	0.149175	1017.646118	
0.510478	0.853976	0.100683	-0.651755	0.307879	0.693128	0.560917	-0.419448	0.713748	-176.831818	-13.549218	1009.980164	
0.526991	0.834445	0.161187	-0.652486	0.275727	0.705859	0.544558	-0.477154	0.689770	-172.220139	-20.592533	995.971802	
0.521532	0.810769	0.265817	-0.682193	0.209117	0.700630	0.512463	-0.546740	0.662162	-162.976974	-35.146641	984.352783	
0.529159	0.787733	0.315384	-0.690531	0.183779	0.699566	0.493111	-0.587964	0.641202	-153.231506	-42.857822	973.234741	
0.546216	0.748289	0.376447	-0.702206	0.164035	0.692820	0.456680	-0.642773	0.615051	-140.752441	-49.588501	960.822693	
0.538859	0.733565	0.414142	-0.711715	0.133444	0.689677	0.450659	-0.666390	0.593996	-134.041992	-63.759155	955.946228	
