0.997593	-0.044260	0.053374	0.042682	0.998627	0.030360	-0.054644	-0.028008	0.998113	18.834204	4.004528	541.721191	
0.980641	-0.129474	0.146903	0.126331	0.991517	0.030568	-0.149615	-0.011418	0.988679	27.711353	7.555854	542.423340	
0.960788	-0.172796	0.216859	0.176792	0.984248	0.000990	-0.213614	0.037388	0.976203	36.733051	15.547009	545.913757	
0.910714	-0.205109	0.358512	0.219695	0.975568	0.000051	-0.349763	0.078717	0.933526	45.196228	18.355814	546.710449	
0.835309	-0.267302	0.480425	0.311457	0.950173	-0.012862	-0.453049	0.160375	0.876942	53.074562	24.157351	548.583191	
0.778103	-0.327010	0.536303	0.398512	0.916965	-0.019068	-0.485536	0.228560	0.843810	69.824196	25.973818	551.281921	
0.678766	-0.364198	0.637681	0.480994	0.876651	-0.011303	-0.554907	0.314393	0.770218	76.565971	29.437128	551.124023	
0.592341	-0.354629	0.723443	0.528851	0.848544	-0.017059	-0.607824	0.392698	0.690173	83.734871	30.788679	557.785339	
0.530857	-0.353670	0.770135	0.574771	0.818057	-0.020515	-0.622759	0.453541	0.637551	89.168114	31.556257	559.035645	
0.436241	-0.323231	0.839771	0.619098	0.785074	-0.019429	-0.653002	0.528376	0.542593	99.199768	31.428253	566.768311	
0.366708	-0.334273	0.868209	0.692916	0.720860	-0.015128	-0.620800	0.607143	0.495968	103.110779	29.849514	574.925171	
0.265970	-0.285990	0.920581	0.771823	0.635322	-0.025620	-0.577538	0.717339	0.389710	106.203354	27.325665	579.759705	
0.202573	-0.266066	0.942429	0.838223	0.544688	-0.026398	-0.506306	0.795313	0.333362	108.504089	25.634609	589.927002	
0.125325	-0.180357	0.975585	0.871088	0.490670	-0.021190	-0.474868	0.852475	0.218599	109.298973	20.906301	598.365723	
0.077893	-0.143417	0.986592	0.915585	0.401886	-0.013866	-0.394509	0.904389	0.162615	109.803215	14.954412	602.783936	
0.036509	-0.096943	0.994620	0.939062	0.343747	-0.000966	-0.341804	0.934045	0.103586	107.821259	7.837997	606.257751	
0.018190	-0.045466	0.998800	0.957882	0.287129	-0.004374	-0.286586	0.956812	0.048774	104.079712	4.329656	616.228394	
0.006944	-0.006251	0.999956	0.987077	0.160138	-0.005853	-0.160094	0.987075	0.007282	101.256645	-3.061040	621.030396	
-0.007316	0.054170	0.998505	0.998858	0.047550	0.004739	-0.047222	0.997399	-0.054456	96.888344	-13.611530	625.387634	
-0.017896	0.120816	0.992513	0.998745	-0.044275	0.023398	0.046771	0.991687	-0.119872	86.280090	-25.969051	632.969971	
-0.010741	0.234636	0.972024	0.985198	-0.163836	0.050435	0.171086	0.958177	-0.229403	79.968666	-31.743240	643.341125	
0.011265	0.347271	0.937697	0.971057	-0.227545	0.072605	0.238582	0.909739	-0.339783	73.565575	-37.898331	655.652710	
0.028176	0.392089	0.919496	0.952972	-0.288212	0.093697	0.301748	0.873613	-0.381770	67.059944	-49.988693	672.765259	
0.074480	0.487533	0.869922	0.935351	-0.336642	0.108583	0.345790	0.805595	-0.481088	58.836807	-57.015026	685.355103	
0.106624	0.563094	0.819485	0.911963	-0.383776	0.145049	0.396176	0.731875	-0.554440	50.418808	-69.449394	696.115540	
0.185607	0.631700	0.752666	0.855350	-0.480887	0.192672	0.483659	0.608032	-0.629580	32.506653	-83.741257	711.427734	
0.240197	0.688630	0.684174	0.831536	-0.509613	0.221000	0.500852	0.515832	-0.695028	14.527399	-97.880859	724.828552	
0.298193	0.733901	0.610304	0.826328	-0.518527	0.219796	0.477768	0.438770	-0.761064	5.453121	-104.167107	738.205322	
0.323767	0.712367	0.622662	0.842696	-0.516329	0.152537	0.430161	0.475328	-0.767479	-2.969220	-108.868469	732.997925	
0.464301	0.765106	0.446136	0.671301	-0.632593	0.386238	0.577736	0.120161	-0.807331	-13.107500	-126.323997	753.031006	
0.464301	0.765106	0.446136	0.671301	-0.632593	0.386238	0.577736	0.120161	-0.807331	-13.107500	-126.323997	753.031006	
0.464301	0.765106	0.446136	0.671301	-0.632593	0.386238	0.577736	0.120161	-0.807331	-13.107500	-126.323997	753.031006	
0.663220	0.712220	0.229964	0.524854	-0.661646	0.535494	0.533544	-0.234453	-0.812627	-38.490299	-157.183899	767.567810	
0.758529	0.643277	0.104059	0.462074	-0.643564	0.610175	0.459480	-0.414752	-0.785403	-46.709034	-170.143234	773.617004	
0.797709	0.602060	-0.034402	0.479766	-0.599041	0.641074	0.365357	-0.527895	-0.766708	-54.954384	-177.165054	794.757751	
0.825359	0.554057	-0.108643	0.475743	-0.578832	0.662286	0.304058	-0.598310	-0.741332	-68.944405	-189.621445	808.475647	
0.841170	0.498624	-0.209301	0.492221	-0.545693	0.678188	0.223947	-0.673494	-0.704453	-81.285599	-199.867035	811.508545	
0.858549	0.445690	-0.253482	0.479506	-0.522860	0.704764	0.181571	-0.726620	-0.662612	-92.345009	-210.286118	823.331238	
0.870938	0.398393	-0.287661	0.473620	-0.524553	0.707481	0.130962	-0.752414	-0.645540	-102.145416	-216.422577	844.020691	
0.870216	0.281442	-0.404370	0.492346	-0.526597	0.693031	-0.017892	-0.802176	-0.596819	-108.652832	-218.503586	854.725342	
0.883082	0.189648	-0.429186	0.459358	-0.535971	0.708327	-0.095698	-0.822659	-0.560422	-112.942581	-230.094147	881.805725	
0.847607	0.135941	-0.512916	0.507334	-0.490862	0.708285	-0.155486	-0.860566	-0.485025	-115.315918	-236.079865	892.037842	
0.830289	0.084149	-0.550944	0.523754	-0.455754	0.719702	-0.190533	-0.886119	-0.422481	-116.104538	-238.465942	901.037659	
0.788745	0.039064	-0.613478	0.569503	-0.422117	0.705326	-0.231407	-0.905699	-0.355190	-115.124374	-243.698761	916.171997	
0.737154	-0.001050	-0.675723	0.621876	-0.390138	0.679017	-0.264338	-0.920756	-0.286939	-114.367058	-247.965652	921.112427	
0.711681	-0.036648	-0.701546	0.643154	-0.367739	0.671656	-0.282600	-0.929207	-0.238143	-111.641144	-250.185760	931.014282	
0.643416	-0.066210	-0.762648	0.689801	-0.381861	0.615109	-0.331951	-0.921845	-0.200023	-108.187103	-252.653229	941.725281	
0.589755	-0.127706	-0.797421	0.699965	-0.411651	0.583604	-0.402789	-0.902349	-0.153384	-98.436325	-251.986588	953.410034	
0.533203	-0.191853	-0.823945	0.683044	-0.477014	0.553092	-0.499146	-0.857700	-0.123302	-92.689888	-250.624985	956.935669	
0.488693	-0.209429	-0.846946	0.708711	-0.470873	0.525366	-0.508830	-0.856982	-0.081687	-79.733620	-246.605591	956.330139	
0.439324	-0.252594	-0.862084	0.697930	-0.508225	0.504582	-0.565587	-0.823349	-0.046983	-73.089745	-243.541412	964.300354	
0.388646	-0.280286	-0.877720	0.692756	-0.539185	0.478926	-0.607490	-0.794178	-0.015383	-57.504719	-237.670303	971.362488	
0.295606	-0.254836	-0.920692	0.708273	-0.588277	0.390233	-0.641067	-0.767456	0.006594	-48.130054	-230.124649	974.406128	
0.240565	-0.216073	-0.946277	0.737705	-0.592887	0.322921	-0.630809	-0.775756	0.016770	-39.087273	-223.453690	982.358398	
0.188063	-0.200529	-0.961467	0.736628	-0.618695	0.273124	-0.649624	-0.759608	0.031361	-29.313774	-214.815521	983.336731	
0.119374	-0.159050	-0.980027	0.715971	-0.670065	0.195957	-0.687849	-0.725062	0.033887	-19.591522	-203.786743	978.669189	
0.104602	-0.130851	-0.985868	0.735973	-0.656540	0.165229	-0.668882	-0.742855	0.027627	-10.277797	-193.769714	983.521484	
0.238755	-0.073571	-0.968288	0.648305	-0.730294	0.215344	-0.722978	-0.679160	-0.126666	7.678448	-184.063385	995.896301	
0.357575	-0.002334	-0.933881	0.480221	-0.857197	0.186015	-0.800954	-0.514983	-0.305392	15.424723	-171.630585	989.166016	
0.430834	0.069365	-0.899761	0.430065	-0.892321	0.137138	-0.793364	-0.446039	-0.414274	25.515583	-161.229385	994.590820	
0.486333	0.158450	-0.859286	0.401469	-0.913991	0.058684	-0.776082	-0.373516	-0.508117	42.630848	-148.511429	991.546753	
0.444676	0.250347	-0.859993	0.344815	-0.933993	-0.093595	-0.826660	-0.254918	-0.501648	51.074238	-134.026367	975.570618	
0.344131	0.330314	-0.878900	0.398989	-0.898800	-0.181569	-0.849931	-0.288188	-0.441097	67.683998	-120.799072	984.578979	
0.266221	0.334005	-0.904194	0.494672	-0.852442	-0.169242	-0.827301	-0.402223	-0.392161	74.767311	-112.398872	993.463196	
0.132464	0.350257	-0.927239	0.518517	-0.821758	-0.236337	-0.844745	-0.449483	-0.290468	87.379395	-102.942368	992.127258	
0.145154	0.397218	-0.906172	0.553060	-0.791999	-0.258579	-0.820400	-0.463633	-0.334648	97.461006	-94.136803	984.784790	
0.204271	0.404166	-0.891584	0.488655	-0.831297	-0.264880	-0.848228	-0.381570	-0.367308	108.490356	-80.371071	988.976929	
0.247690	0.398858	-0.882928	0.435313	-0.859972	-0.266367	-0.865536	-0.318373	-0.386635	113.481613	-65.861427	996.236450	
0.327492	0.429859	-0.841409	0.344168	-0.883610	-0.317462	-0.879942	-0.185619	-0.437320	114.258011	-50.277229	972.624146	
0.399543	0.407624	-0.821101	0.343379	-0.897038	-0.278234	-0.849975	-0.170782	-0.498376	118.979706	-43.864033	974.525269	
0.496213	0.358185	-0.790870	0.328584	-0.920650	-0.210800	-0.803621	-0.155265	-0.574533	121.822037	-30.443520	981.026794	
0.538907	0.339217	-0.771044	0.317348	-0.929651	-0.187190	-0.780302	-0.143811	-0.608646	121.580566	-16.077744	974.918579	
0.594839	0.278202	-0.754167	0.261532	-0.954136	-0.145688	-0.760111	-0.110578	-0.640317	119.043503	-2.452215	975.149658	
0.623309	0.250304	-0.740832	0.231109	-0.964032	-0.131269	-0.747044	-0.089391	-0.658738	114.835381	3.292724	968.914368	
0.652521	0.179352	-0.736238	0.132074	-0.983634	-0.122563	-0.746172	-0.017262	-0.665531	112.116035	9.321485	967.543091	
0.683865	0.139194	-0.716206	0.073260	-0.989772	-0.122409	-0.725922	0.031243	-0.687069	105.940681	20.705383	970.004395	
0.709659	0.088807	-0.698924	0.067237	-0.996033	-0.058290	-0.701330	-0.005627	-0.712816	94.122971	24.994562	951.781250	
0.751961	-0.004036	-0.659194	0.021008	-0.999327	0.030082	-0.658874	-0.036468	-0.751370	87.400536	29.659073	940.915771	
0.781943	-0.052175	-0.621161	-0.021217	-0.998142	0.057130	-0.622989	-0.031492	-0.781597	74.330185	37.651806	933.918579	
0.787708	-0.101916	-0.607559	-0.036253	-0.992181	0.119431	-0.614982	-0.072051	-0.785243	65.195465	43.013218	916.912109	
0.817171	-0.173492	-0.549664	-0.038030	-0.967777	0.248922	-0.575140	-0.182508	-0.797437	49.875637	46.497005	917.963928	
0.820399	-0.231399	-0.522876	-0.046381	-0.938372	0.342503	-0.569908	-0.256737	-0.780571	32.026859	50.507912	902.203918	
0.791631	-0.340383	-0.507405	-0.141808	-0.910130	0.389299	-0.594317	-0.236227	-0.768756	14.380074	53.151573	899.731445	
0.774461	-0.460355	-0.433917	-0.232842	-0.845182	0.481094	-0.588214	-0.271554	-0.761750	5.775456	54.347595	885.248413	
0.654407	-0.566277	-0.501080	-0.222814	-0.777672	0.587860	-0.722569	-0.273052	-0.635089	-12.797432	54.727184	874.194946	
0.483300	-0.613989	-0.624050	0.124613	-0.657326	0.743233	-0.866541	-0.436969	-0.241176	-29.375923	54.309715	868.469971	
0.376388	-0.646558	-0.663547	0.354471	-0.561221	0.747919	-0.855969	-0.516715	0.017948	-47.922836	52.475212	867.326843	
0.290853	-0.762101	-0.578452	0.346552	-0.479622	0.806143	-0.891800	-0.434932	0.124606	-69.223869	48.721550	879.115479	
0.288838	-0.807338	-0.514566	0.327824	-0.421580	0.845460	-0.899503	-0.412888	0.142895	-78.457794	43.484581	871.924561	
0.302349	-0.852897	-0.425620	0.272358	-0.350604	0.896046	-0.913459	-0.386839	0.126287	-88.488525	37.916454	859.429077	
0.347060	-0.880424	-0.323117	0.193177	-0.270034	0.943273	-0.917732	-0.389790	0.076357	-106.306122	34.237743	843.364990	
0.369044	-0.893380	-0.256281	0.151832	-0.214091	0.964941	-0.916927	-0.395017	0.056633	-121.050659	29.370584	806.760254	
0.459944	-0.863719	-0.206014	0.111634	-0.173924	0.978411	-0.880903	-0.473012	0.016424	-135.528564	24.435631	794.636902	
0.508858	-0.842749	-0.175609	0.068469	-0.163728	0.984126	-0.858124	-0.512803	-0.025613	-148.718094	20.290083	778.957458	
0.597998	-0.796627	-0.088234	-0.061885	-0.155651	0.985871	-0.799105	-0.584089	-0.142380	-156.123062	15.036226	776.336792	
0.626889	-0.778111	-0.039421	-0.153244	-0.172757	0.972970	-0.763889	-0.603903	-0.227541	-167.404495	9.225226	780.624207	
0.676170	-0.736380	0.023262	-0.236638	-0.187173	0.953398	-0.697709	-0.650163	-0.300817	-172.656631	2.774766	776.756409	
0.758972	-0.636019	0.139445	-0.365761	-0.239274	0.899424	-0.538685	-0.733641	-0.414234	-181.449295	-10.693867	774.993591	
0.785528	-0.562033	0.258975	-0.470977	-0.271521	0.839318	-0.401408	-0.781279	-0.477992	-182.774429	-23.395178	761.149536	
0.848150	-0.440410	0.294421	-0.452637	-0.313693	0.834694	-0.275250	-0.841212	-0.465405	-187.046768	-33.269772	770.892578	
-0.689540	-0.721763	-0.059933	0.328686	-0.385601	0.862135	-0.645368	0.574778	0.503121	-171.132004	-42.098000	723.101990	
-0.689540	-0.721763	-0.059933	0.328686	-0.385601	0.862135	-0.645368	0.574778	0.503121	-171.132004	-42.098000	723.101990	
-0.689540	-0.721763	-0.059933	0.328686	-0.385601	0.862135	-0.645368	0.574778	0.503121	-171.132004	-42.098000	723.101990	
-0.689540	-0.721763	-0.059933	0.328686	-0.385601	0.862135	-0.645368	0.574778	0.503121	-171.132004	-42.098000	723.101990	
-0.964577	-0.261552	-0.034361	0.180274	-0.748649	0.637986	-0.192591	0.609193	0.769281	-154.520737	-87.947426	677.307495	
-0.976153	-0.216864	-0.009681	0.171075	-0.795972	0.580656	-0.133629	0.565154	0.814091	-139.955872	-93.730484	655.159180	
-0.991876	-0.122994	-0.032468	0.098843	-0.905849	0.411907	-0.080073	0.405352	0.910647	-131.170929	-111.442383	668.582581	
-0.999745	-0.010264	-0.020081	0.002487	-0.935173	0.354183	-0.022414	0.354044	0.934960	-114.815765	-116.770271	650.030640	
-0.989921	0.140950	-0.013738	-0.141168	-0.974405	0.174945	0.011272	0.175122	0.984482	-108.180618	-126.819305	659.020935	
-0.979505	0.201063	0.011933	-0.196296	-0.966200	0.167109	0.045129	0.161342	0.985866	-89.619247	-130.834671	636.806641	
-0.952549	0.298439	0.059865	-0.296276	-0.954159	0.042440	0.069787	0.022691	0.997303	-80.982719	-138.055496	626.719666	
-0.910930	0.411866	0.023935	-0.412362	-0.910758	-0.021835	0.012806	-0.029759	0.999474	-71.916122	-144.834061	621.960083	
-0.880888	0.472509	0.027777	-0.471455	-0.870688	-0.140118	-0.042021	-0.136523	0.989744	-62.594955	-156.099152	610.951599	
-0.843778	0.530790	0.079374	-0.532929	-0.811167	-0.240820	-0.063440	-0.245499	0.967318	-52.636879	-160.425430	600.501282	
-0.748724	0.640264	0.171678	-0.662836	-0.726126	-0.182725	0.007668	-0.250605	0.968058	-32.802017	-167.770096	588.675598	
-0.650235	0.737443	0.182683	-0.756963	-0.608342	-0.238594	-0.064816	-0.293426	0.953781	-23.072693	-170.732407	583.792603	
-0.545013	0.821293	0.168641	-0.819261	-0.478908	-0.315370	-0.178248	-0.310041	0.933863	-4.162477	-177.303131	575.585022	
-0.451223	0.887113	0.097101	-0.764432	-0.328075	-0.554986	-0.460479	-0.324650	0.826172	13.260187	-185.897461	579.329651	
-0.333578	0.939792	0.074277	-0.732156	-0.208632	-0.648397	-0.593862	-0.270673	0.757669	22.224707	-190.114929	571.576233	
-0.211544	0.973968	0.081470	-0.689135	-0.089530	-0.719080	-0.693067	-0.208260	0.690134	30.144966	-189.775101	563.295776	
-0.108445	0.986259	0.124631	-0.608833	0.033214	-0.792601	-0.785850	-0.161833	0.596865	44.411518	-188.374573	554.161621	
0.094838	0.995487	0.003425	-0.476427	0.048408	-0.877879	-0.874084	0.081625	0.478868	51.581467	-193.536469	563.854492	
0.158755	0.987313	0.003186	-0.410691	0.068970	-0.909161	-0.897847	0.143026	0.416430	63.029251	-193.607132	561.364563	
0.224565	0.974434	-0.007038	-0.348902	0.073658	-0.934259	-0.909855	0.212258	0.356523	68.318443	-193.037201	559.435303	
0.293423	0.955580	-0.027741	-0.231426	0.042847	-0.971908	-0.927547	0.291601	0.233719	72.883003	-191.071991	558.645874	
0.364793	0.929999	-0.045033	-0.173659	0.020441	-0.984593	-0.914750	0.366994	0.168960	77.696548	-186.412567	558.431335	
0.497939	0.865615	-0.052615	-0.050394	-0.031687	-0.998226	-0.865746	0.499708	0.027844	78.926506	-183.456680	557.285645	
0.563051	0.823088	-0.074167	0.046092	-0.120882	-0.991595	-0.825135	0.554901	-0.106000	79.523361	-176.800598	556.696594	
0.617710	0.782107	-0.082111	0.080274	-0.166579	-0.982754	-0.782297	0.600468	-0.165679	79.295792	-172.680984	556.471069	
0.660935	0.743993	-0.098178	0.108639	-0.224308	-0.968443	-0.742537	0.629414	-0.229079	76.770386	-165.480011	564.241089	
0.753264	0.650284	-0.098612	0.169372	-0.336659	-0.926268	-0.635536	0.681024	-0.363732	71.200615	-161.227066	569.179871	
0.799783	0.589741	-0.112037	0.210103	-0.449842	-0.868043	-0.562320	0.670708	-0.483681	66.679565	-155.354507	566.983337	
0.836369	0.532137	-0.131593	0.203938	-0.524891	-0.826377	-0.508818	0.664320	-0.547524	61.847565	-150.057495	570.194763	
0.865644	0.473050	-0.163961	0.207612	-0.637174	-0.742230	-0.455584	0.608468	-0.649776	55.625286	-137.322983	571.094238	
0.919099	0.348957	-0.182991	0.151639	-0.741899	-0.653140	-0.363678	0.572553	-0.734793	43.048191	-130.684128	575.798096	
0.941699	0.278477	-0.188822	0.114114	-0.792295	-0.599372	-0.316514	0.542882	-0.777880	28.599619	-123.911461	579.961365	
0.953939	0.211374	-0.212885	0.083105	-0.868043	-0.489485	-0.288258	0.449248	-0.845625	20.362642	-117.010033	588.474426	
0.968131	0.074506	-0.239103	-0.036006	-0.903397	-0.427292	-0.247840	0.422285	-0.871923	2.904298	-110.143585	597.545288	
0.964554	0.010108	-0.263690	-0.091328	-0.924725	-0.369519	-0.247576	0.380504	-0.891023	-15.425917	-96.314590	605.868408	
0.946171	-0.116835	-0.301842	-0.193969	-0.951240	-0.239830	-0.259104	0.285469	-0.922698	-34.671356	-88.618904	612.649231	
0.909610	-0.249220	-0.332414	-0.298300	-0.948678	-0.105012	-0.289182	0.194680	-0.937268	-44.484268	-74.011139	621.344788	
0.852657	-0.370843	-0.368037	-0.392366	-0.919641	0.017631	-0.345000	0.129373	-0.929643	-54.573257	-66.767654	630.659180	
0.820775	-0.423536	-0.383334	-0.407451	-0.904380	0.126812	-0.400389	0.052106	-0.914862	-74.821419	-52.617195	644.341248	
0.738905	-0.524961	-0.422415	-0.495051	-0.848238	0.188194	-0.457103	0.070060	-0.886649	-94.523964	-45.194038	647.378967	
0.635334	-0.610384	-0.473057	-0.561440	-0.785696	0.259744	-0.530223	0.100569	-0.841872	-113.232971	-38.559681	659.677673	
0.578520	-0.637817	-0.508433	-0.520571	-0.768592	0.371848	-0.627949	0.049555	-0.776674	-131.929169	-32.399258	674.649841	
0.528637	-0.659380	-0.534566	-0.472606	-0.751750	0.459907	-0.705114	0.009516	-0.709029	-141.167191	-20.207575	681.903076	
0.434436	-0.702223	-0.564047	-0.502240	-0.708700	0.495479	-0.747677	0.068034	-0.660568	-149.534393	-7.314120	688.796509	
0.340052	-0.740372	-0.579840	-0.534468	-0.659478	0.528613	-0.773763	0.130151	-0.619960	-157.272461	-2.373497	701.859253	
0.223120	-0.761360	-0.608727	-0.537992	-0.616929	0.574424	-0.812885	0.199325	-0.547254	-170.482407	2.551013	707.269043	
0.128700	-0.745537	-0.653919	-0.463563	-0.628153	0.624926	-0.876667	0.222705	-0.426446	-180.317245	8.175715	713.878479	
0.027657	-0.722109	-0.691226	-0.464996	-0.621415	0.630573	-0.884881	0.303979	-0.352963	-184.488297	16.675465	718.198486	
-0.059992	-0.681780	-0.729093	-0.425040	-0.643437	0.636654	-0.903184	0.348089	-0.251183	-189.989960	20.930288	725.842957	
-0.114440	-0.635265	-0.763767	-0.411428	-0.669479	0.618485	-0.904229	0.385016	-0.184750	-192.248581	28.083918	741.711731	
-0.163374	-0.603989	-0.780067	-0.387640	-0.687799	0.613732	-0.907218	0.402654	-0.121761	-193.915497	34.971249	747.745239	
-0.183324	-0.572687	-0.799012	-0.318586	-0.734311	0.599407	-0.929998	0.364440	-0.047833	-195.391998	37.209007	766.413696	
-0.260608	-0.523745	-0.811032	-0.301203	-0.754025	0.583715	-0.917257	0.396407	0.038751	-195.183746	38.776588	776.287598	
-0.274135	-0.487588	-0.828919	-0.294852	-0.777814	0.555037	-0.915376	0.396564	0.069460	-191.671890	40.501125	794.184448	
-0.292595	-0.450959	-0.843222	-0.290855	-0.798062	0.527731	-0.910929	0.399667	0.102345	-186.234695	42.410637	799.257263	
-0.312625	-0.410550	-0.856571	-0.300604	-0.812663	0.499216	-0.901057	0.413556	0.130646	-178.889847	42.644073	809.414551	
-0.300928	-0.342381	-0.890065	-0.300484	-0.851745	0.429232	-0.905070	0.396618	0.153434	-176.195709	42.451469	834.314148	
-0.281987	-0.273825	-0.919511	-0.307218	-0.882171	0.356919	-0.908901	0.383138	0.164637	-163.974335	41.193802	834.452026	
-0.288420	-0.240157	-0.926897	-0.245627	-0.917084	0.314045	-0.925463	0.318248	0.205516	-157.904938	38.604065	850.140442	
-0.291941	-0.186837	-0.938009	-0.258279	-0.928898	0.265407	-0.920903	0.319752	0.222927	-143.550659	36.678513	866.078552	
-0.264420	-0.116733	-0.957316	-0.332036	-0.920941	0.204009	-0.905447	0.371808	0.204756	-135.698166	31.686825	884.256287	
-0.231874	-0.088346	-0.968725	-0.291984	-0.943625	0.155945	-0.927890	0.319012	0.193006	-118.857651	25.505194	897.747864	
-0.197820	-0.065443	-0.978050	-0.225724	-0.967914	0.110419	-0.953895	0.242613	0.176700	-100.375175	18.592693	905.124573	
-0.187436	-0.047763	-0.981114	-0.222767	-0.970726	0.089815	-0.956683	0.235395	0.171309	-80.939117	14.886528	907.429565	
-0.156230	-0.019289	-0.987531	-0.236492	-0.969998	0.056360	-0.958991	0.242349	0.146981	-61.327785	5.455080	922.307129	
-0.128432	-0.012161	-0.991643	-0.212983	-0.976255	0.039556	-0.968578	0.216283	0.122792	-41.200684	0.586440	928.772034	
-0.030686	-0.010422	-0.999474	-0.204836	-0.978658	0.016493	-0.978315	0.205235	0.027897	-31.058157	-4.492683	935.785767	
0.077260	-0.014705	-0.996901	-0.234420	-0.972128	-0.003829	-0.969060	0.233990	-0.078554	-20.835785	-15.716171	948.333496	
0.162648	-0.044960	-0.985658	-0.315196	-0.948987	-0.008726	-0.934985	0.312095	-0.168522	-0.999166	-21.268024	962.769409	
0.230020	-0.097423	-0.968296	-0.389613	-0.920979	0.000109	-0.891792	0.377236	-0.249800	18.385256	-28.612228	974.687378	
0.276622	-0.164054	-0.946871	-0.416701	-0.908345	0.035642	-0.865933	0.384704	-0.319629	27.464581	-35.172279	975.911133	
0.313763	-0.213404	-0.925208	-0.377561	-0.922108	0.084647	-0.871206	0.322764	-0.369896	35.265976	-48.377140	984.055725	
0.288117	-0.266315	-0.919817	-0.367013	-0.917911	0.150802	-0.884471	0.294136	-0.362206	51.390228	-61.248264	986.788513	
0.302919	-0.315477	-0.899284	-0.306868	-0.925652	0.221360	-0.902259	0.208908	-0.377207	64.996521	-67.929710	998.520630	
0.254229	-0.381936	-0.888533	-0.366732	-0.888178	0.276853	-0.894916	0.255470	-0.365869	78.008842	-82.567261	997.841064	
0.289933	-0.490852	-0.821585	-0.406127	-0.840434	0.358792	-0.866602	0.229643	-0.443017	87.971054	-90.111244	1001.730103	
0.239137	-0.558553	-0.794248	-0.400353	-0.801935	0.443416	-0.884608	0.211942	-0.415390	92.973335	-104.107010	1001.467285	
0.176605	-0.616593	-0.767217	-0.459390	-0.741000	0.489775	-0.870501	0.265955	-0.414120	95.837799	-111.294434	1002.866333	
0.109241	-0.677150	-0.727691	-0.468406	-0.680765	0.563164	-0.876733	0.279335	-0.391548	98.830826	-118.563568	1005.140564	
0.090145	-0.722135	-0.685853	-0.442984	-0.645857	0.621798	-0.891986	0.247770	-0.378115	100.002357	-131.980759	1007.847595	
-0.017600	-0.749618	-0.661636	-0.468195	-0.578525	0.667908	-0.883450	0.321530	-0.340785	100.051208	-144.915070	1008.298218	
-0.128063	-0.762420	-0.634283	-0.490309	-0.507256	0.708722	-0.862089	0.401757	-0.308860	99.842484	-150.713593	1008.532166	
-0.171017	-0.782041	-0.599303	-0.428797	-0.488563	0.759893	-0.887066	0.386934	-0.251784	98.138176	-162.964127	1011.418823	
-0.237729	-0.775908	-0.584338	-0.424315	-0.458195	0.781033	-0.873751	0.433618	-0.220303	90.578812	-172.586945	1004.295349	
-0.278974	-0.810210	-0.515493	-0.442408	-0.368010	0.817827	-0.852319	0.456212	-0.255778	86.236748	-179.968796	1013.928406	
-0.422467	-0.803370	-0.419665	-0.208864	-0.364265	0.907571	-0.881985	0.471072	-0.013905	76.295639	-186.445404	1017.881287	
-0.525550	-0.767449	-0.367179	-0.099948	-0.372904	0.922470	-0.844871	0.521504	0.119274	63.940575	-191.063370	1017.113770	
-0.645148	-0.717206	-0.263439	0.023013	-0.362873	0.931553	-0.763711	0.594929	0.250611	56.715649	-195.147614	1015.873413	
-0.736114	-0.654499	-0.172537	0.096087	-0.353373	0.930534	-0.670003	0.668401	0.323010	49.414265	-200.309265	1009.146118	
-0.828504	-0.555288	-0.072367	0.168318	-0.370195	0.913577	-0.534088	0.744723	0.400171	40.508823	-204.834045	1011.329956	
-0.899516	-0.436368	0.021346	0.239451	-0.451551	0.859513	-0.365426	0.778259	0.510664	30.428162	-208.798752	1004.052002	
-0.945821	-0.315563	0.076445	0.249862	-0.557032	0.792012	-0.207348	0.768204	0.605698	10.890538	-210.386032	992.222900	
-0.955781	-0.268596	0.119746	0.262514	-0.595722	0.759079	-0.132551	0.756950	0.639888	1.727730	-211.378235	985.985718	
-0.964163	-0.208253	0.164384	0.262588	-0.660429	0.703478	-0.037937	0.721433	0.691444	-18.309898	-214.538239	994.124512	
-0.970371	-0.142603	0.195050	0.237166	-0.716444	0.656095	0.046181	0.682916	0.729035	-28.202450	-213.356705	989.153870	
-0.946932	-0.065870	0.314612	0.249387	-0.768078	0.589799	0.202797	0.636961	0.743743	-47.878712	-211.343994	979.163635	
-0.917823	0.043291	0.394623	0.150313	-0.882134	0.446370	0.367435	0.469006	0.803133	-57.720776	-211.411728	980.837708	
-0.845658	0.151871	0.511662	0.060517	-0.925196	0.374635	0.530284	0.347778	0.773206	-67.783585	-207.433105	971.891235	
-0.784699	0.256789	0.564186	-0.113243	-0.954229	0.276811	0.609446	0.153323	0.777860	-76.924889	-204.590286	956.117004	
-0.706760	0.338312	0.621317	-0.287352	-0.939816	0.184868	0.646468	-0.047880	0.761437	-93.612572	-197.352829	948.671631	
-0.646495	0.365277	0.669788	-0.402540	-0.909099	0.107245	0.648079	-0.200284	0.734765	-100.351654	-192.593475	924.752930	
-0.570981	0.426501	0.701482	-0.516800	-0.850647	0.096536	0.637887	-0.307406	0.706117	-106.872421	-186.563400	905.807495	
-0.549182	0.425858	0.719057	-0.545572	-0.834471	0.077527	0.633049	-0.349722	0.690611	-117.183510	-177.360657	890.038635	
-0.423165	0.503364	0.753363	-0.754037	-0.656657	0.015205	0.502355	-0.561630	0.657428	-127.841370	-166.362061	891.750916	
-0.327200	0.505305	0.798502	-0.911826	-0.390624	-0.126442	0.248023	-0.769468	0.588561	-133.539658	-157.913223	888.598083	
-0.267673	0.450134	0.851897	-0.960692	-0.192258	-0.200270	0.073636	-0.872019	0.483901	-139.911743	-148.672897	887.688416	
-0.207916	0.377513	0.902360	-0.977569	-0.048492	-0.204957	-0.033616	-0.924734	0.379127	-142.794342	-134.196136	885.499451	
-0.113556	0.275974	0.954433	-0.972343	0.166470	-0.163821	-0.204095	-0.946639	0.249438	-146.845001	-124.082001	893.836975	
-0.113556	0.275974	0.954433	-0.972343	0.166470	-0.163821	-0.204095	-0.946639	0.249438	-146.845001	-124.082001	893.836975	
-0.113556	0.275974	0.954433	-0.972343	0.166470	-0.163821	-0.204095	-0.946639	0.249438	-146.845001	-124.082001	893.836975	
-0.113556	0.275974	0.954433	-0.972343	0.166470	-0.163821	-0.204095	-0.946639	0.249438	-146.845001	-124.082001	893.836975	
-0.004311	-0.052172	0.998629	-0.707681	0.705722	0.033814	-0.706519	-0.706564	-0.039963	-132.677338	-79.593742	834.547058	
0.070007	-0.115053	0.990890	-0.508160	0.850667	0.134674	-0.858413	-0.512959	0.001087	-127.928329	-71.478722	823.190735	
0.013846	-0.234439	0.972032	-0.357724	0.906622	0.223759	-0.933725	-0.350817	-0.071312	-118.060890	-63.211670	807.973145	
-0.010169	-0.286510	0.958023	-0.244782	0.929636	0.275423	-0.969525	-0.231706	-0.079586	-110.942123	-55.051331	793.705933	
0.077791	-0.398117	0.914031	-0.077179	0.911652	0.403650	-0.993978	-0.101944	0.040192	-104.299591	-41.600967	785.016418	
0.093450	-0.406052	0.909059	-0.109567	0.903314	0.414750	-0.989577	-0.138361	0.039925	-96.006882	-26.182995	763.158203	
0.173028	-0.412131	0.894544	-0.207761	0.872533	0.442177	-0.962755	-0.262360	0.065348	-80.791870	-10.732690	747.065491	
0.321431	-0.398094	0.859188	-0.334761	0.800974	0.496361	-0.885787	-0.447168	0.124191	-73.891113	-4.261188	757.506165	
0.399426	-0.410106	0.819922	-0.421336	0.712192	0.561478	-0.814208	-0.569731	0.111675	-65.800163	2.905295	761.285461	
0.398746	-0.439786	0.804730	-0.543554	0.593416	0.593637	-0.738614	-0.674125	-0.002425	-56.725727	10.708507	765.305481	
0.363689	-0.487047	0.794050	-0.664410	0.461839	0.587592	-0.652909	-0.741275	-0.155634	-36.066814	23.607786	755.691101	
0.400115	-0.558790	0.726403	-0.761422	0.238428	0.602818	-0.510045	-0.794295	-0.330077	-25.615585	36.417980	765.128479	
0.485875	-0.594443	0.640751	-0.788292	0.018610	0.615020	-0.377520	-0.803922	-0.459553	-15.521881	42.711193	759.159668	
-0.701099	-0.545209	0.459573	0.577873	-0.056835	0.814145	-0.417760	0.836371	0.354909	-2.949520	43.913200	704.908020	
-0.701099	-0.545209	0.459573	0.577873	-0.056835	0.814145	-0.417760	0.836371	0.354909	-2.949520	43.913200	704.908020	
-0.701099	-0.545209	0.459573	0.577873	-0.056835	0.814145	-0.417760	0.836371	0.354909	-2.949520	43.913200	704.908020	
-0.907790	-0.358872	0.217091	0.385483	-0.509901	0.769028	-0.165287	0.781801	0.601221	35.402130	53.714363	655.658569	
-0.946834	-0.309399	0.088197	0.274415	-0.633566	0.723388	-0.167936	0.709131	0.684784	51.245369	56.164757	646.359802	
-0.978233	-0.205826	0.026398	0.173391	-0.740855	0.648899	-0.114003	0.639351	0.760416	58.485016	57.989395	642.720886	
-0.987418	-0.153631	-0.037451	0.100055	-0.790402	0.604362	-0.122449	0.593011	0.795829	72.119469	59.317299	638.840149	
-0.988020	-0.100449	-0.117162	0.017892	-0.828615	0.559532	-0.153286	0.550733	0.820485	83.195694	59.632042	631.523865	
-0.984836	0.009292	-0.173236	-0.092841	-0.871772	0.481035	-0.146553	0.489825	0.859415	92.422821	58.336876	622.831909	
-0.969672	0.065260	-0.235538	-0.165418	-0.884671	0.435884	-0.179927	0.461627	0.868635	96.328957	57.133114	614.001770	
-0.941102	0.163266	-0.296093	-0.273833	-0.881720	0.384169	-0.198349	0.442622	0.874496	98.910637	53.478020	603.710205	
-0.894953	0.256983	-0.364716	-0.382172	-0.863372	0.329444	-0.230224	0.434221	0.870889	100.162170	51.021996	599.655701	
-0.855733	0.295411	-0.424797	-0.417761	-0.878863	0.230384	-0.305280	0.374611	0.875483	101.067604	45.227497	596.525696	
-0.815106	0.330227	-0.475975	-0.458614	-0.869819	0.181903	-0.353942	0.366559	0.860441	99.828583	38.110233	591.037598	
-0.735746	0.343015	-0.583967	-0.477285	-0.874357	0.087749	-0.480496	0.343279	0.807021	96.280418	29.573849	589.367859	
-0.656288	0.398248	-0.640846	-0.556393	-0.829128	0.054547	-0.509620	0.392361	0.765729	93.173241	20.415339	584.703186	
-0.543435	0.411045	-0.731929	-0.619149	-0.785049	0.018824	-0.566862	0.463402	0.681121	85.462799	14.456751	583.886597	
-0.429638	0.388662	-0.815078	-0.690163	-0.723409	0.018844	-0.582310	0.570633	0.579044	74.300110	8.396189	570.917175	
-0.354248	0.365886	-0.860602	-0.665399	-0.745252	-0.042948	-0.657078	0.557430	0.507463	62.945637	1.212751	571.252869	
-0.288623	0.337461	-0.896000	-0.636085	-0.767035	-0.083991	-0.715606	0.545690	0.436038	49.103092	-6.150936	568.902832	
-0.203699	0.312152	-0.927938	-0.644234	-0.756430	-0.113037	-0.737203	0.574783	0.355183	33.683479	-19.102110	567.207520	
-0.126237	0.220015	-0.967294	-0.611867	-0.784785	-0.098651	-0.780822	0.579401	0.233688	25.756134	-26.888481	566.655151	
-0.070968	0.114240	-0.990915	-0.622539	-0.781266	-0.045485	-0.779364	0.613655	0.126563	8.701215	-34.797546	566.291382	
-0.086118	0.000828	-0.996284	-0.619355	-0.783328	0.052885	-0.780373	0.621608	0.067970	0.247259	-41.843056	557.246460	
0.061799	-0.067018	-0.995836	-0.564301	-0.825315	0.020523	-0.823253	0.560682	-0.088822	-20.933144	-58.141010	566.388123	
0.046892	-0.196214	-0.979439	-0.588815	-0.797487	0.131572	-0.806906	0.570539	-0.152930	-39.820213	-65.243179	563.225281	
0.065849	-0.274982	-0.959192	-0.623732	-0.761673	0.175538	-0.778859	0.586719	-0.221671	-61.400345	-81.968185	572.819763	
0.063015	-0.402505	-0.913246	-0.679002	-0.687927	0.256345	-0.731427	0.603942	-0.316651	-81.999008	-96.684090	573.397522	
0.039567	-0.524449	-0.850522	-0.695614	-0.625515	0.353344	-0.717325	0.577654	-0.389565	-92.033188	-103.741302	575.688843	
-0.009632	-0.634773	-0.772639	-0.698614	-0.548552	0.459379	-0.715433	0.544201	-0.438178	-102.292023	-111.312973	580.769897	
-0.041513	-0.693996	-0.718781	-0.669899	-0.514413	0.535364	-0.741291	0.503735	-0.443553	-121.399010	-119.208328	585.927490	
-0.124599	-0.775422	-0.619029	-0.645239	-0.410628	0.644244	-0.753752	0.479694	-0.449169	-130.503296	-132.447342	590.664978	
-0.209508	-0.796075	-0.567778	-0.649660	-0.320646	0.689295	-0.730786	0.513275	-0.450001	-146.694611	-145.500854	596.186707	
-0.299606	-0.806422	-0.509823	-0.603511	-0.253679	0.755924	-0.738925	0.534163	-0.410681	-154.306183	-157.842682	599.480408	
-0.364076	-0.846022	-0.389481	-0.521887	-0.161050	0.837674	-0.771416	0.508241	-0.382894	-168.157120	-169.588074	608.637085	
-0.462522	-0.848104	-0.258445	-0.451029	-0.025889	0.892133	-0.763313	0.529197	-0.370546	-174.752625	-175.533264	616.299011	
-0.517585	-0.846544	-0.124373	-0.340699	0.070568	0.937520	-0.784875	0.527620	-0.324942	-184.695480	-185.326706	623.815186	
-0.557370	-0.829964	0.022343	-0.225320	0.177107	0.958052	-0.799105	0.528955	-0.285722	-191.928802	-189.736740	630.128357	
-0.588686	-0.792273	0.160478	-0.108201	0.273964	0.955634	-0.801087	0.545204	-0.247004	-198.951416	-194.572128	636.519104	
-0.631008	-0.713613	0.304280	0.067296	0.340397	0.937871	-0.772852	0.612280	-0.166770	-203.674179	-198.125153	651.048950	
-0.652971	-0.613163	0.444590	0.241416	0.387888	0.889529	-0.717877	0.688168	-0.105252	-202.456345	-202.829987	651.289795	
-0.652184	-0.510175	0.560695	0.380842	0.419019	0.824247	-0.655452	0.751096	-0.078981	-202.036102	-206.769455	664.997375	
-0.606662	-0.432865	0.666776	0.520574	0.417585	0.744732	-0.600803	0.798906	-0.027994	-201.563721	-209.268661	677.422119	
-0.607890	-0.347688	0.713851	0.621133	0.351826	0.700295	-0.494635	0.869098	0.002090	-198.180527	-210.284912	684.440186	
-0.542570	-0.245015	0.803484	0.750719	0.287720	0.594676	-0.376882	0.925843	0.027829	-191.002075	-210.393250	691.905273	
-0.451168	-0.154290	0.879000	0.852649	0.216301	0.475609	-0.263510	0.964058	0.033968	-185.910843	-208.360947	705.764893	
-0.396369	-0.119531	0.910277	0.896413	0.163803	0.411841	-0.198333	0.979225	0.042223	-180.098114	-206.046951	715.769714	
-0.261028	-0.077785	0.962192	0.959131	0.091890	0.267626	-0.109232	0.992726	0.050621	-165.358658	-202.380310	725.323792	
-0.127717	-0.032279	0.991285	0.991483	0.021532	0.128443	-0.025490	0.999247	0.029254	-148.272308	-195.551025	732.239258	
-0.107159	0.022813	0.993980	0.988611	-0.103804	0.108963	0.105665	0.994336	-0.011430	-132.182190	-184.665161	724.563354	
-0.112028	0.296239	0.948521	0.962771	-0.203956	0.177409	0.246012	0.933083	-0.262362	-131.050339	-189.687546	773.167542	
-0.001696	0.408653	0.912688	0.981685	-0.173191	0.079370	0.190505	0.896107	-0.400875	-127.271759	-192.502441	804.003784	
0.337870	0.000844	0.941193	0.879288	-0.356961	-0.315327	0.335703	0.934119	-0.121348	-96.626701	-177.811996	812.187012	
0.337870	0.000844	0.941193	0.879288	-0.356961	-0.315327	0.335703	0.934119	-0.121348	-96.626701	-177.811996	812.187012	
0.582078	-0.060493	0.810880	0.696063	-0.478431	-0.535350	0.420335	0.876039	-0.236377	-65.469589	-160.435196	843.692139	
0.623132	-0.118320	0.773115	0.635134	-0.500291	-0.588485	0.456412	0.857735	-0.236598	-44.735950	-147.313263	837.028320	
0.704873	-0.161803	0.690633	0.509476	-0.561962	-0.651638	0.493546	0.811184	-0.313677	-24.307674	-142.007935	858.441162	
0.790790	-0.236614	0.564504	0.343355	-0.592007	-0.729133	0.506713	0.770417	-0.386910	-5.164581	-130.065735	878.698425	
0.858184	-0.289240	0.424099	0.180016	-0.604124	-0.776292	0.480743	0.742546	-0.466381	4.930403	-116.678329	889.592834	
0.873262	-0.328948	0.359455	0.093384	-0.611053	-0.786062	0.478219	0.720006	-0.502890	14.375650	-109.215317	891.988586	
0.880936	-0.410783	0.234967	-0.057434	-0.585646	-0.808530	0.469738	0.698768	-0.539509	22.114609	-95.030396	899.694763	
0.882964	-0.457023	0.107262	-0.180457	-0.541371	-0.821190	0.433371	0.705725	-0.560483	29.570740	-80.632561	905.569641	
0.849401	-0.526038	0.042442	-0.277687	-0.513873	-0.811681	0.448785	0.677657	-0.582557	36.478981	-66.217834	920.619141	
0.812167	-0.582826	-0.026440	-0.361353	-0.466930	-0.807094	0.458050	0.665049	-0.589830	42.384918	-52.060040	934.303650	
0.763831	-0.639188	-0.089447	-0.448896	-0.426551	-0.785205	0.463740	0.639917	-0.612741	52.358543	-45.429352	952.579468	
0.727003	-0.649237	-0.223515	-0.542951	-0.344292	-0.765942	0.420323	0.678200	-0.602805	60.544483	-31.461008	956.414673	
0.692708	-0.655378	-0.301057	-0.608114	-0.306330	-0.732366	0.387754	0.690393	-0.610741	63.448112	-17.637169	957.902710	
0.634156	-0.683610	-0.361279	-0.663492	-0.241198	-0.708239	0.397020	0.688841	-0.606526	65.018829	-3.661779	973.107788	
0.588685	-0.692129	-0.417621	-0.708604	-0.193217	-0.678637	0.389013	0.695432	-0.604189	67.296448	8.947493	989.107422	
0.551275	-0.688690	-0.470957	-0.742847	-0.148171	-0.652859	0.379835	0.709755	-0.593274	66.713226	21.401600	998.116150	
0.499582	-0.683310	-0.532450	-0.785935	-0.099032	-0.610328	0.364314	0.723381	-0.586512	64.729523	26.771965	1002.408569	
0.461728	-0.668017	-0.583575	-0.814377	-0.058494	-0.577382	0.351565	0.741844	-0.571025	61.789204	37.994480	1018.144409	
0.396969	-0.609594	-0.686156	-0.858166	0.018628	-0.513034	0.325524	0.792495	-0.515738	54.230255	49.072796	1022.288452	
0.359693	-0.576373	-0.733767	-0.875000	0.064736	-0.479776	0.324031	0.814619	-0.481041	48.882919	59.124767	1028.321899	
0.319331	-0.531054	-0.784862	-0.893118	0.108232	-0.436609	0.316810	0.840398	-0.439731	37.458817	67.357895	1025.357300	
0.248472	-0.502145	-0.828318	-0.906839	0.179964	-0.381125	0.340448	0.845851	-0.410648	24.307447	76.509140	1037.484619	
0.200287	-0.462952	-0.863458	-0.904228	0.251934	-0.344821	0.377170	0.849827	-0.368155	16.896248	84.018600	1038.864624	
0.143709	-0.435540	-0.888624	-0.903974	0.307635	-0.296972	0.402715	0.845971	-0.349506	1.816010	88.087982	1049.417847	
0.087674	-0.319854	-0.943401	-0.895632	0.389266	-0.215213	0.436071	0.863809	-0.252342	-16.322609	90.649559	1051.909790	
0.078620	-0.260365	-0.962303	-0.889247	0.418014	-0.185752	0.450620	0.870330	-0.198665	-34.767551	92.917099	1060.434082	
0.015992	-0.138927	-0.990173	-0.876031	0.475429	-0.080854	0.481990	0.868716	-0.114101	-45.422459	94.089272	1070.028076	
0.014388	-0.084209	-0.996344	-0.853502	0.518060	-0.056111	0.520892	0.851189	-0.064419	-54.823925	94.912903	1067.022339	
-0.009914	0.047524	-0.998820	-0.826459	0.561912	0.034938	0.562910	0.825832	0.033706	-65.649872	95.476135	1072.970093	
-0.006760	0.168078	-0.985750	-0.815635	0.569383	0.102677	0.578528	0.804708	0.133241	-84.524841	93.918190	1061.199585	
-0.003827	0.238494	-0.971136	-0.794692	0.588765	0.147721	0.607002	0.772320	0.187276	-96.097565	93.879814	1072.778320	
0.011719	0.356581	-0.934190	-0.770245	0.598979	0.218967	0.637641	0.716991	0.281674	-105.505226	89.601868	1062.733032	
0.032327	0.417573	-0.908068	-0.758534	0.601868	0.249762	0.650832	0.680727	0.336199	-115.596710	86.240860	1066.423950	
0.061276	0.479227	-0.875549	-0.720082	0.628667	0.293701	0.691179	0.612471	0.383604	-124.558350	80.754349	1064.635010	
0.087142	0.521167	-0.848994	-0.694597	0.642695	0.323231	0.714102	0.561542	0.418006	-132.998459	74.699387	1062.597046	
0.112696	0.565025	-0.817340	-0.668200	0.651898	0.358522	0.735397	0.505743	0.451016	-140.846359	67.204468	1061.771118	
0.161706	0.611075	-0.774879	-0.631728	0.667338	0.394434	0.758136	0.425732	0.493946	-148.148285	63.898621	1063.250244	
0.196211	0.651347	-0.732972	-0.592241	0.674479	0.440828	0.781506	0.347602	0.518095	-153.738159	53.418800	1053.941406	
0.230120	0.685997	-0.690255	-0.613454	0.652875	0.444329	0.755460	0.321191	0.571067	-164.605011	42.699699	1049.437012	
0.316668	0.762033	-0.564824	-0.556872	0.631405	0.539649	0.767865	0.143646	0.624300	-171.335510	31.429344	1037.178955	
0.328306	0.806726	-0.491333	-0.545563	0.586580	0.598569	0.771088	0.071540	0.632697	-173.859573	26.278515	1031.363892	
0.340375	0.845602	-0.411221	-0.596930	0.532228	0.600340	0.726513	0.041130	0.685921	-179.141800	19.955269	1031.181763	
0.386805	0.877573	-0.283280	-0.600816	0.472873	0.644524	0.699574	-0.079106	0.710169	-179.990753	13.513304	1016.415039	
0.430842	0.891230	-0.141724	-0.624996	0.407973	0.665536	0.650966	-0.198163	0.732786	-179.408813	6.532621	1013.385132	
0.473588	0.880460	-0.022487	-0.630279	0.356632	0.689609	0.615193	-0.312418	0.723832	-177.293152	0.351581	1001.576904	
0.505089	0.858689	0.086829	-0.644415	0.308291	0.699775	0.574122	-0.409403	0.709065	-172.591995	-12.889788	989.005554	
0.512836	0.846793	0.141215	-0.647405	0.273445	0.711403	0.563797	-0.456257	0.688450	-170.005920	-20.145870	983.709106	
0.513927	0.821023	0.248599	-0.678482	0.211702	0.703451	0.524921	-0.530193	0.665848	-161.563904	-34.994102	975.626770	
0.527203	0.792650	0.306208	-0.682751	0.180609	0.707976	0.505874	-0.582312	0.636400	-151.241653	-42.445831	964.185852	
0.542653	0.755730	0.366606	-0.698857	0.164096	0.696182	0.465968	-0.633992	0.617194	-139.013428	-49.062130	949.917725	
0.542527	0.729154	0.417133	-0.714696	0.139700	0.685340	0.441446	-0.669940	0.596914	-132.741699	-63.285450	946.205200	
