0.996646	-0.040678	0.071008	0.039778	0.999110	0.014032	-0.071515	-0.011160	0.997377	18.790024	3.949709	542.732178	
0.974372	-0.128693	0.184493	0.129023	0.991588	0.010266	-0.184263	0.013801	0.982780	27.696199	7.625073	543.904846	
0.956402	-0.171912	0.236097	0.175071	0.984526	0.007684	-0.233765	0.033984	0.971699	36.229965	15.703586	544.127808	
0.920230	-0.208245	0.331378	0.221530	0.975150	-0.002379	-0.322648	0.075599	0.943496	44.753105	18.308605	543.612366	
0.851460	-0.268338	0.450568	0.305263	0.952218	-0.009772	-0.426416	0.145862	0.892689	52.601788	24.218054	546.927795	
0.793525	-0.333639	0.508924	0.385999	0.922494	0.002910	-0.470451	0.194135	0.860807	69.503815	25.877062	549.400024	
0.699745	-0.374899	0.608119	0.479489	0.877481	-0.010775	-0.529574	0.299126	0.793773	76.396599	29.410793	550.908752	
0.605881	-0.358836	0.710032	0.534126	0.844915	-0.028773	-0.589592	0.396679	0.703582	83.529701	30.727940	556.989990	
0.542591	-0.356390	0.760645	0.576097	0.816894	-0.028201	-0.611317	0.453507	0.648555	88.896126	31.465200	558.356201	
0.452349	-0.325458	0.830336	0.623432	0.781162	-0.033447	-0.637742	0.532787	0.556259	99.321068	31.085638	567.206299	
0.375047	-0.325687	0.867910	0.699402	0.713903	-0.034334	-0.608422	0.619895	0.495533	102.608643	29.757320	573.684326	
0.264528	-0.282569	0.922052	0.770093	0.637417	-0.025591	-0.580501	0.716835	0.386219	105.908409	27.206587	578.004578	
0.201451	-0.256227	0.945392	0.836692	0.546847	-0.030078	-0.509278	0.797061	0.324546	107.763298	25.269634	586.225098	
0.121377	-0.179506	0.976241	0.865847	0.500063	-0.015703	-0.485363	0.847180	0.216121	109.190369	20.518070	597.589294	
0.074635	-0.151189	0.985684	0.915604	0.402009	-0.007667	-0.395095	0.903067	0.168433	109.968483	14.952829	603.264404	
0.042576	-0.097087	0.994365	0.941048	0.338196	-0.007273	-0.335584	0.936054	0.105762	107.691978	8.265196	605.343262	
0.017222	-0.091237	0.995681	0.954563	0.297813	0.010779	-0.297511	0.950254	0.092220	105.084190	4.413340	615.783569	
-0.007623	-0.069703	0.997539	0.976054	0.216353	0.022577	-0.217395	0.973823	0.066385	103.520058	-4.699209	627.015930	
-0.023409	0.049199	0.998515	0.997203	0.072060	0.019828	-0.070978	0.996185	-0.050748	97.212334	-14.546665	628.205200	
-0.027186	0.091244	0.995458	0.999255	-0.024806	0.029563	0.027391	0.995519	-0.090502	87.200310	-26.066849	631.370789	
-0.039674	0.207657	0.977397	0.996332	-0.066005	0.054466	0.075823	0.975972	-0.204277	79.297768	-33.036194	631.080200	
0.004849	0.339949	0.940432	0.967689	-0.238686	0.081291	0.252102	0.909650	-0.330123	74.275261	-37.579819	653.773010	
0.028671	0.391870	0.919574	0.950541	-0.295323	0.096213	0.309274	0.871333	-0.380956	67.281952	-49.763039	668.531128	
0.060536	0.484474	0.872709	0.931732	-0.341065	0.124708	0.358068	0.805580	-0.472047	58.956818	-56.511299	678.598206	
0.106321	0.575223	0.811058	0.910099	-0.384856	0.153645	0.400520	0.721806	-0.564429	51.069183	-69.677872	696.700317	
0.203215	0.639812	0.741177	0.856297	-0.483221	0.182357	0.474827	0.597609	-0.646067	32.553413	-83.251053	708.077820	
0.251685	0.695263	0.673248	0.825983	-0.516856	0.224975	0.504389	0.499467	-0.704361	14.464389	-97.075012	720.189941	
0.311821	0.753328	0.579019	0.789906	-0.544206	0.282646	0.528031	0.369235	-0.764754	5.643225	-103.847488	735.351440	
0.370584	0.765461	0.526057	0.743086	-0.584139	0.326505	0.557217	0.269908	-0.785277	-3.131476	-110.989441	739.932495	
0.465146	0.765871	0.443937	0.670396	-0.632264	0.388346	0.578109	0.116975	-0.807532	-13.125090	-124.822929	743.714783	
0.538212	0.775848	0.329221	0.644315	-0.630576	0.432703	0.543312	-0.020764	-0.839275	-22.834383	-139.404449	750.902954	
0.628987	0.734586	0.254477	0.593198	-0.665075	0.453644	0.502487	-0.134381	-0.854078	-31.182407	-146.028351	767.825012	
0.686272	0.712417	0.146599	0.571655	-0.652924	0.496892	0.449713	-0.257199	-0.855341	-39.292770	-159.787125	778.692505	
0.766141	0.641067	0.045397	0.514263	-0.653893	0.554939	0.385439	-0.401815	-0.830651	-47.752106	-173.373932	785.576172	
0.798887	0.598291	-0.061853	0.504869	-0.611115	0.609628	0.326937	-0.518251	-0.790271	-55.849331	-179.217545	803.225342	
0.822176	0.562593	-0.086693	0.474037	-0.592372	0.651447	0.315146	-0.576699	-0.753725	-69.320671	-190.756851	813.207031	
0.839390	0.511767	-0.183083	0.484732	-0.552456	0.678106	0.245888	-0.657941	-0.711796	-82.249969	-202.357925	821.244873	
0.857921	0.454993	-0.238648	0.477384	-0.534212	0.697655	0.189941	-0.712458	-0.675518	-93.353577	-212.523560	830.286255	
0.867908	0.384228	-0.314807	0.483340	-0.507124	0.713588	0.114535	-0.771487	-0.625850	-102.162987	-216.303436	843.832764	
0.878093	0.283211	-0.385675	0.478344	-0.499557	0.722239	0.011880	-0.818677	-0.574130	-109.839348	-222.193604	865.704346	
0.888084	0.181067	-0.422518	0.452467	-0.506533	0.733961	-0.081123	-0.842993	-0.531771	-112.324631	-230.193069	881.837891	
0.849219	0.119924	-0.514243	0.504224	-0.473354	0.722284	-0.156799	-0.872670	-0.462450	-113.788391	-233.995499	886.527466	
0.833939	0.078279	-0.546276	0.517947	-0.452667	0.725826	-0.190464	-0.888236	-0.418041	-114.770058	-236.530258	896.625916	
0.792155	0.035455	-0.609289	0.564544	-0.421903	0.709428	-0.231907	-0.905946	-0.354229	-113.873306	-242.151749	913.862610	
0.728163	-0.005131	-0.685385	0.624036	-0.408616	0.666042	-0.283476	-0.912691	-0.294337	-112.544930	-245.618942	917.044861	
0.695891	-0.047996	-0.716542	0.650884	-0.379460	0.657542	-0.303458	-0.923961	-0.232822	-109.166107	-246.606766	922.963013	
0.638230	-0.071675	-0.766502	0.692553	-0.381364	0.612317	-0.336204	-0.921641	-0.193759	-105.096878	-247.405579	928.893250	
0.597975	-0.131607	-0.790636	0.698785	-0.397558	0.594682	-0.392588	-0.908089	-0.145765	-95.266975	-246.001465	938.887573	
0.538633	-0.182465	-0.822545	0.699160	-0.447986	0.557211	-0.470160	-0.875222	-0.113728	-90.237114	-245.338440	942.620850	
0.484294	-0.208225	-0.849765	0.707714	-0.477812	0.520419	-0.514393	-0.853426	-0.084038	-78.253693	-244.341919	951.862854	
0.415994	-0.259488	-0.871559	0.627574	-0.611685	0.481656	-0.658104	-0.747333	-0.091609	-73.494041	-247.918030	981.719788	
0.349961	-0.289729	-0.890833	0.463817	-0.772629	0.433494	-0.813880	-0.564889	-0.136009	-58.455036	-244.911560	995.103210	
0.305151	-0.252172	-0.918309	0.446589	-0.813798	0.371873	-0.841095	-0.523583	-0.135714	-49.496964	-240.638077	1006.892822	
0.233230	-0.223342	-0.946425	0.584463	-0.745658	0.319994	-0.777179	-0.627782	-0.043375	-39.988216	-231.405380	1012.170898	
0.174041	-0.203429	-0.963496	0.727032	-0.633379	0.265056	-0.664179	-0.746623	0.037665	-29.863865	-217.107834	994.222290	
0.112287	-0.160981	-0.980549	0.743242	-0.641355	0.190406	-0.659532	-0.750164	0.047632	-19.588800	-205.291946	985.420593	
0.044917	-0.167863	-0.984786	0.793273	-0.593185	0.137293	-0.607207	-0.787371	0.106517	-9.625473	-196.274094	996.103516	
-0.281772	-0.302556	-0.910529	0.805895	-0.589640	-0.053462	-0.520710	-0.748854	0.409972	8.528139	-199.239136	1063.638916	
-0.489372	-0.323831	-0.809721	0.757799	-0.617405	-0.211073	-0.431574	-0.716898	0.547539	18.385868	-186.857086	1063.766846	
-0.519459	-0.276251	-0.808608	0.728610	-0.637576	-0.250247	-0.446418	-0.719153	0.532474	28.821735	-169.667450	1049.189331	
-0.025843	0.139531	-0.989880	0.639835	-0.758505	-0.123621	-0.768078	-0.636555	-0.069675	44.483299	-149.996002	1024.770020	
-0.025843	0.139531	-0.989880	0.639835	-0.758505	-0.123621	-0.768078	-0.636555	-0.069675	44.483299	-149.996002	1024.770020	
-0.025843	0.139531	-0.989880	0.639835	-0.758505	-0.123621	-0.768078	-0.636555	-0.069675	44.483299	-149.996002	1024.770020	
-0.025843	0.139531	-0.989880	0.639835	-0.758505	-0.123621	-0.768078	-0.636555	-0.069675	44.483299	-149.996002	1024.770020	
0.093781	0.332789	-0.938327	0.541419	-0.807981	-0.232448	-0.835506	-0.486228	-0.255951	88.857178	-104.328972	1004.339233	
0.124819	0.390822	-0.911965	0.536623	-0.799707	-0.269267	-0.834539	-0.455771	-0.309543	100.810341	-96.389175	1006.559814	
0.209466	0.404474	-0.890239	0.441766	-0.851368	-0.282869	-0.872334	-0.334025	-0.357016	111.609985	-81.521622	1007.514404	
0.282268	0.393302	-0.875008	0.357516	-0.889520	-0.284494	-0.890229	-0.232525	-0.391695	113.736336	-65.302162	991.333069	
0.384639	0.405182	-0.829387	0.375344	-0.889529	-0.260492	-0.843309	-0.211109	-0.494230	117.315521	-51.938263	994.571716	
0.440196	0.391252	-0.808177	0.352220	-0.903174	-0.245395	-0.825935	-0.176635	-0.535380	121.660233	-44.312492	988.936829	
0.543936	0.350614	-0.762367	0.327724	-0.925133	-0.191644	-0.772483	-0.145603	-0.618118	122.392899	-30.295553	981.642151	
0.578458	0.326617	-0.747467	0.305319	-0.936422	-0.172901	-0.756417	-0.128200	-0.641404	123.693573	-16.189276	984.331177	
0.639132	0.263326	-0.722614	0.277083	-0.955305	-0.103047	-0.717451	-0.134363	-0.683529	120.895996	-2.922431	984.739807	
0.675532	0.231642	-0.700000	0.232769	-0.967819	-0.095635	-0.699625	-0.098333	-0.707712	117.062294	3.520388	978.820007	
0.727076	0.143843	-0.671320	0.164521	-0.985820	-0.033046	-0.666553	-0.086419	-0.740432	112.648582	8.881119	971.687622	
0.730290	0.118835	-0.672722	0.118405	-0.991868	-0.046674	-0.672798	-0.045568	-0.738422	104.421677	20.270906	959.034546	
0.746046	0.082510	-0.660762	0.093175	-0.995467	-0.019103	-0.659342	-0.047315	-0.750353	93.421371	25.001352	947.563721	
0.764224	0.002472	-0.644947	0.025335	-0.999336	0.026191	-0.644453	-0.036355	-0.763779	87.883797	30.220201	945.064514	
0.803431	-0.054582	-0.592891	-0.021995	-0.997830	0.062055	-0.594991	-0.036816	-0.802890	74.056786	38.126915	936.459351	
0.809285	-0.111690	-0.576701	-0.038431	-0.989721	0.137750	-0.586158	-0.089315	-0.805260	66.436707	44.881676	935.351318	
0.827223	-0.169966	-0.535550	-0.048019	-0.971048	0.234008	-0.559817	-0.167860	-0.811436	50.248863	47.501923	924.554321	
0.841544	-0.222626	-0.492180	-0.071428	-0.948985	0.307123	-0.535445	-0.223302	-0.814516	31.928358	51.247597	913.052124	
0.818823	-0.348554	-0.456114	-0.175375	-0.908462	0.379394	-0.546601	-0.230665	-0.804998	14.423942	54.276436	901.293701	
0.779798	-0.465845	-0.418215	-0.251342	-0.844804	0.472371	-0.573361	-0.263238	-0.775863	5.780519	54.875652	887.179443	
0.728256	-0.571603	-0.378039	-0.342497	-0.781378	0.521674	-0.593581	-0.250435	-0.764817	-13.016423	55.395500	877.898254	
0.653474	-0.663578	-0.364192	-0.372009	-0.700558	0.608957	-0.659228	-0.262454	-0.704654	-32.777378	54.100960	871.221069	
0.568875	-0.745711	-0.346838	-0.396329	-0.618098	0.678881	-0.720628	-0.248736	-0.647168	-52.100693	53.329704	869.458801	
0.472818	-0.828527	-0.299976	-0.433095	-0.514986	0.739743	-0.767380	-0.219845	-0.602326	-70.929375	49.316376	861.903076	
0.391154	-0.879726	-0.270333	-0.460172	-0.441334	0.770368	-0.797020	-0.176932	-0.577456	-80.167580	44.496387	856.497681	
0.325405	-0.912399	-0.248270	-0.397578	-0.370243	0.839555	-0.857930	-0.174488	-0.483230	-88.763802	38.434074	840.585999	
0.245458	-0.949456	-0.195660	-0.381883	-0.280218	0.880707	-0.891020	-0.141457	-0.431363	-105.606598	35.005730	828.131714	
0.152691	-0.971711	-0.180173	-0.448274	-0.230576	0.863647	-0.880759	-0.051104	-0.470800	-119.278725	30.539570	801.223816	
0.222989	-0.967337	-0.120556	-0.518106	-0.222363	0.825907	-0.825738	-0.121708	-0.550768	-133.311813	25.494459	791.391296	
0.304399	-0.951664	-0.040936	-0.593735	-0.223166	0.773095	-0.744863	-0.211024	-0.632968	-145.303818	20.633680	770.637329	
0.334894	-0.941668	0.033269	-0.685810	-0.219385	0.693928	-0.646152	-0.255208	-0.719276	-152.221954	15.139393	767.579102	
0.380236	-0.917205	0.118973	-0.772496	-0.244210	0.586184	-0.508597	-0.314793	-0.801396	-161.238266	8.933224	766.973145	
0.416234	-0.890042	0.185938	-0.808089	-0.268359	0.524382	-0.416824	-0.368519	-0.830935	-166.478882	2.091182	764.370483	
0.523428	-0.799212	0.295436	-0.811712	-0.362259	0.458140	-0.259127	-0.479612	-0.838348	-173.994614	-11.912848	764.710266	
0.569632	-0.723427	0.390093	-0.821898	-0.500168	0.272611	-0.002103	-0.475904	-0.879496	-177.608414	-26.633595	758.174927	
0.733898	-0.648915	0.200753	-0.677407	-0.721016	0.145792	0.050139	-0.242987	-0.968734	-173.533249	-33.324192	732.180481	
0.821246	-0.538193	0.189484	-0.563600	-0.816936	0.122350	0.088948	-0.207272	-0.974232	-172.618195	-40.010872	726.313477	
0.837165	-0.478594	0.264768	-0.516276	-0.851291	0.093605	0.180596	-0.215056	-0.959759	-170.610855	-47.903271	717.970337	
0.867294	-0.380806	0.320608	-0.431005	-0.896692	0.100876	0.249073	-0.225672	-0.941826	-167.683487	-64.909698	723.457336	
0.915008	-0.245942	0.319803	-0.292453	-0.950402	0.105854	0.277907	-0.190384	-0.941554	-163.425293	-73.220100	703.127075	
0.948010	-0.136238	0.287607	-0.159862	-0.985300	0.060204	0.275177	-0.103051	-0.955855	-161.541565	-90.637772	708.324402	
0.937228	0.023233	0.347943	0.014783	-0.999527	0.026920	0.348404	-0.020086	-0.937130	-151.882217	-100.594238	703.526672	
0.950460	0.070917	0.302651	0.185437	-0.910765	-0.368943	0.249480	0.406787	-0.878798	-138.980072	-117.103889	697.525635	
0.893479	0.168906	0.416135	0.414547	-0.666617	-0.619493	0.172767	0.726009	-0.665629	-121.279564	-127.390640	672.154236	
0.825583	0.255409	0.503171	0.544750	-0.593324	-0.592632	0.147179	0.763367	-0.628974	-113.188950	-138.812485	673.153625	
0.774614	0.295758	0.559019	0.619143	-0.534906	-0.574924	0.128984	0.791455	-0.597463	-93.301918	-144.442810	650.524414	
0.738195	0.300898	0.603763	0.656406	-0.526785	-0.540026	0.155560	0.794956	-0.586383	-83.918030	-152.528625	643.573547	
0.616518	0.339954	0.710167	0.759696	-0.493768	-0.423150	0.206806	0.800389	-0.562680	-73.234894	-156.652420	632.823975	
0.448167	0.379490	0.809404	0.852177	-0.454905	-0.258567	0.270078	0.805634	-0.527267	-63.189354	-166.569977	619.213074	
0.296276	0.340608	0.892305	0.893174	-0.429741	-0.132524	0.338321	0.836245	-0.431545	-51.489868	-166.055298	599.081055	
0.227925	0.400010	0.887718	0.890068	-0.455226	-0.023401	0.394752	0.795461	-0.459795	-32.057606	-174.225525	596.000183	
0.170111	0.586855	0.791621	0.898765	-0.421811	0.119569	0.404084	0.691140	-0.599201	-23.441807	-177.765518	597.072021	
0.248395	0.799876	0.546348	0.885189	-0.416490	0.207312	0.393372	0.432125	-0.811497	-5.161695	-188.047302	603.779419	
0.258775	0.932983	0.250153	0.891286	-0.330459	0.310495	0.372352	0.142609	-0.917071	13.559521	-194.652847	603.605713	
0.177337	0.980193	-0.088150	0.922184	-0.134222	0.362716	0.343699	-0.145613	-0.927722	23.781788	-194.718384	580.225891	
0.048598	0.993468	-0.103230	0.948022	-0.013340	0.317926	0.314472	-0.113314	-0.942480	31.039005	-192.693237	567.867859	
-0.074798	0.989435	-0.124180	0.947554	0.109323	0.300317	0.310720	-0.095204	-0.945722	45.685028	-192.731552	563.434082	
-0.190422	0.972841	-0.131594	0.934634	0.220664	0.278869	0.300333	-0.069889	-0.951271	52.162079	-190.927048	554.180298	
-0.249059	0.962352	-0.108838	0.921113	0.270093	0.280360	0.299201	-0.030426	-0.953705	64.023376	-192.938080	559.049011	
-0.294195	0.952344	-0.080548	0.918361	0.305022	0.252142	0.264695	0.000207	-0.964333	69.535622	-194.003616	562.798767	
-0.317619	0.946756	-0.052631	0.926931	0.321704	0.193148	0.199795	0.012563	-0.979758	74.241188	-193.457428	566.146423	
-0.317531	0.948114	0.015856	0.911058	0.300397	0.282377	0.262962	0.104109	-0.959173	79.178146	-192.270645	574.419800	
-0.335193	0.940517	0.055428	0.865453	0.284121	0.412633	0.372340	0.186282	-0.909210	82.716248	-195.869278	591.935608	
-0.261906	0.928320	0.263864	0.883043	0.120190	0.453641	0.389411	0.351814	-0.851227	83.779900	-193.335953	600.609985	
-0.216557	0.852867	0.475099	0.902855	-0.010189	0.429825	0.371425	0.522026	-0.767810	85.541237	-191.685593	607.710083	
0.660788	0.744497	-0.095312	0.116209	-0.226935	-0.966952	-0.741522	0.627874	-0.236473	77.145699	-166.158005	566.494995	
0.660788	0.744497	-0.095312	0.116209	-0.226935	-0.966952	-0.741522	0.627874	-0.236473	77.145699	-166.158005	566.494995	
0.660788	0.744497	-0.095312	0.116209	-0.226935	-0.966952	-0.741522	0.627874	-0.236473	77.145699	-166.158005	566.494995	
0.660788	0.744497	-0.095312	0.116209	-0.226935	-0.966952	-0.741522	0.627874	-0.236473	77.145699	-166.158005	566.494995	
0.660788	0.744497	-0.095312	0.116209	-0.226935	-0.966952	-0.741522	0.627874	-0.236473	77.145699	-166.158005	566.494995	
0.660788	0.744497	-0.095312	0.116209	-0.226935	-0.966952	-0.741522	0.627874	-0.236473	77.145699	-166.158005	566.494995	
0.938902	0.281160	-0.198523	0.113184	-0.796934	-0.593368	-0.325042	0.534644	-0.780066	28.147093	-123.613350	577.407837	
0.953921	0.205825	-0.218335	0.078867	-0.874049	-0.479394	-0.289508	0.440084	-0.850007	20.094070	-116.867165	585.954590	
0.968995	0.071944	-0.236371	-0.030413	-0.914662	-0.403072	-0.245199	0.397764	-0.884117	2.639747	-110.272560	596.685486	
0.970381	0.008836	-0.241417	-0.082520	-0.927095	-0.365629	-0.227048	0.374721	-0.898907	-15.514154	-96.020859	602.939148	
0.978492	-0.093797	-0.183723	-0.149690	-0.935671	-0.319549	-0.141932	0.340178	-0.929589	-34.111130	-87.848495	607.172607	
0.943015	-0.239756	-0.230736	-0.269052	-0.957409	-0.104777	-0.195788	0.160886	-0.967359	-44.643776	-74.398384	622.903870	
0.875531	-0.371403	-0.309040	-0.379529	-0.924486	0.035811	-0.299003	0.085936	-0.950375	-54.642166	-66.642357	629.586426	
0.862980	-0.439008	-0.250074	-0.438057	-0.896765	0.062589	-0.251735	0.055533	-0.966202	-75.231361	-52.066162	643.311401	
0.799131	-0.553435	-0.234733	-0.546645	-0.831453	0.099322	-0.250138	0.048945	-0.966973	-95.532684	-44.894844	648.417542	
0.719321	-0.650085	-0.244880	-0.628437	-0.759186	0.169419	-0.296046	0.032025	-0.954637	-115.402344	-38.652496	664.403931	
0.653427	-0.678886	-0.334885	-0.633768	-0.732546	0.248424	-0.413970	0.049912	-0.908921	-134.462555	-32.539074	681.220398	
0.582307	-0.679157	-0.446838	-0.540684	-0.733990	0.410998	-0.607106	0.002271	-0.794618	-142.549362	-20.040215	685.997070	
0.468420	-0.703184	-0.534898	-0.493176	-0.710432	0.502059	-0.733048	0.028625	-0.679574	-150.293701	-7.528877	691.170044	
0.339035	-0.729527	-0.594008	-0.530329	-0.669724	0.519827	-0.777049	0.138780	-0.613950	-156.411682	-1.905969	698.093079	
0.244526	-0.745842	-0.619619	-0.540552	-0.635363	0.551469	-0.804991	0.200088	-0.558529	-167.549347	2.830807	696.078735	
0.242916	-0.726632	-0.642650	-0.488857	-0.663916	0.565892	-0.837860	0.176700	-0.516495	-176.806915	8.075252	702.239990	
0.048107	-0.714760	-0.697714	-0.468492	-0.633067	0.616231	-0.882156	0.297229	-0.365315	-182.981995	16.613651	712.364258	
-0.062039	-0.682059	-0.728662	-0.410233	-0.648121	0.641597	-0.909867	0.338726	-0.239595	-188.353012	21.223284	719.412903	
-0.122939	-0.640998	-0.757634	-0.406785	-0.663796	0.627614	-0.905213	0.385353	-0.179143	-190.380234	27.874514	733.523987	
-0.149978	-0.612551	-0.776072	-0.396425	-0.681832	0.614778	-0.905733	0.399858	-0.140571	-192.596024	34.791409	742.215759	
-0.202122	-0.583540	-0.786529	-0.323387	-0.718292	0.616018	-0.924427	0.378864	-0.043528	-193.591278	36.642441	758.948730	
-0.239582	-0.528664	-0.814319	-0.308118	-0.753985	0.580147	-0.920686	0.389899	0.017750	-194.160202	38.413784	771.804199	
-0.303066	-0.499512	-0.811565	-0.326497	-0.745650	0.580867	-0.895293	0.441015	0.062891	-190.564011	39.350208	787.346558	
-0.344773	-0.465077	-0.815374	-0.354515	-0.739788	0.571868	-0.869166	0.486228	0.090182	-186.412643	40.647945	796.984009	
-0.279307	-0.393216	-0.875996	-0.301207	-0.830376	0.468776	-0.911735	0.394788	0.113490	-179.239716	42.431946	808.974182	
-0.314111	-0.314109	-0.895918	-0.304025	-0.860706	0.408356	-0.899390	0.400651	0.174860	-174.808548	42.434959	821.597473	
-0.336232	-0.295068	-0.894362	-0.352649	-0.841115	0.410078	-0.873262	0.453278	0.178753	-163.797333	40.172783	830.422913	
-0.281395	-0.244162	-0.928010	-0.294050	-0.898624	0.325593	-0.913428	0.364502	0.181072	-157.762543	37.398773	847.110046	
-0.299104	-0.192905	-0.934518	-0.290266	-0.914549	0.281686	-0.909000	0.355513	0.217551	-144.721161	35.489880	870.746460	
-0.278146	-0.123140	-0.952613	-0.367846	-0.902488	0.224065	-0.887312	0.412738	0.205726	-135.941833	30.443850	885.177368	
-0.287735	-0.103149	-0.952139	-0.323100	-0.925442	0.197898	-0.901562	0.364579	0.232954	-119.098648	24.133095	895.964478	
-0.244441	-0.073756	-0.966855	-0.261988	-0.954996	0.139088	-0.933600	0.287304	0.214116	-101.100952	17.157330	908.499573	
-0.231539	-0.053800	-0.971337	-0.287336	-0.950142	0.121119	-0.929423	0.307144	0.204536	-81.802971	13.565594	911.286316	
-0.198560	-0.038006	-0.979351	-0.323802	-0.940595	0.102152	-0.925054	0.337400	0.174458	-62.759384	3.689941	926.171021	
-0.106637	-0.015434	-0.994178	-0.287459	-0.956703	0.045686	-0.951837	0.290657	0.097583	-42.784203	-1.127445	940.809692	
0.026472	-0.011368	-0.999585	-0.253139	-0.967421	0.004298	-0.967067	0.252920	-0.028488	-31.524515	-5.528199	938.069031	
0.064249	-0.026132	-0.997592	-0.259317	-0.965754	0.008598	-0.963652	0.258141	-0.068826	-21.013515	-16.400599	947.792725	
0.079322	-0.056229	-0.995262	-0.304681	-0.951998	0.029502	-0.949145	0.300898	-0.092647	-1.838448	-22.226894	965.404358	
0.154144	-0.101368	-0.982835	-0.380181	-0.924224	0.035697	-0.911976	0.368153	-0.181002	17.778423	-28.957047	974.087341	
0.264674	-0.166243	-0.949900	-0.424402	-0.904588	0.040060	-0.865927	0.392538	-0.309975	27.072166	-35.759975	973.169922	
0.277379	-0.218497	-0.935585	-0.427543	-0.900135	0.083462	-0.860387	0.376853	-0.343096	34.834297	-48.296345	972.586914	
0.324312	-0.231351	-0.917223	-0.462998	-0.884370	0.059357	-0.824896	0.405423	-0.393928	49.899082	-60.781559	969.227417	
0.323485	-0.300471	-0.897260	-0.349498	-0.919132	0.181792	-0.879322	0.254784	-0.402340	64.255417	-68.368179	989.889832	
0.278517	-0.374566	-0.884380	-0.377573	-0.889378	0.257773	-0.883100	0.262124	-0.389134	77.150856	-83.044930	994.715088	
0.265417	-0.487811	-0.831621	-0.415248	-0.836296	0.358022	-0.870127	0.250304	-0.424530	87.396866	-90.435036	1000.771790	
0.274147	-0.570175	-0.774431	-0.395826	-0.800810	0.449474	-0.876450	0.183318	-0.445230	92.256714	-104.836082	1005.454041	
0.254219	-0.656484	-0.710212	-0.393587	-0.741004	0.544062	-0.883437	0.141219	-0.446761	95.215347	-112.830704	1008.436401	
0.233118	-0.730229	-0.642200	-0.410840	-0.672521	0.615570	-0.881400	0.120341	-0.456785	97.800079	-119.506271	1009.326294	
0.199217	-0.765122	-0.612292	-0.410612	-0.632497	0.656770	-0.889781	0.120575	-0.440173	99.258789	-133.214111	1014.131287	
0.110768	-0.812469	-0.572386	-0.420907	-0.560080	0.713546	-0.900315	0.161883	-0.404014	100.282402	-147.089920	1021.736755	
-0.008111	-0.833310	-0.552748	-0.424159	-0.497708	0.756555	-0.905551	0.240589	-0.349419	100.387611	-154.766342	1030.481445	
-0.159912	-0.799997	-0.578302	-0.375266	-0.492590	0.785195	-0.913018	0.342580	-0.221441	98.435623	-165.627075	1021.399048	
-0.220251	-0.801287	-0.556264	-0.356315	-0.464771	0.810573	-0.908035	0.376735	-0.183145	90.650040	-175.456100	1015.187073	
-0.364811	-0.806570	-0.465145	-0.303826	-0.369104	0.878323	-0.880114	0.461746	-0.110404	85.480682	-180.869827	1013.309570	
-0.409178	-0.804261	-0.430974	-0.213025	-0.375070	0.902188	-0.887239	0.460964	-0.017858	75.692558	-186.336960	1011.415466	
-0.517570	-0.767805	-0.377622	-0.092799	-0.388358	0.916824	-0.850593	0.509564	0.129750	63.513374	-189.924850	1010.216614	
-0.627548	-0.724740	-0.284493	0.026247	-0.384886	0.922591	-0.778135	0.571503	0.260556	56.373764	-194.589706	1010.973022	
-0.757144	-0.631249	-0.168100	0.097288	-0.363424	0.926531	-0.645962	0.685163	0.336577	48.193977	-199.782990	1002.486084	
-0.828283	-0.552271	-0.094574	0.141364	-0.369303	0.918495	-0.542183	0.747404	0.383958	39.973160	-203.594589	1002.083801	
-0.929313	-0.364963	0.056379	0.239350	-0.478997	0.844556	-0.281225	0.798351	0.532492	28.857079	-210.246994	1014.484375	
-0.945336	-0.318582	0.069609	0.248306	-0.564861	0.786941	-0.211386	0.761208	0.613089	12.010900	-214.263000	1011.390015	
-0.945336	-0.318582	0.069609	0.248306	-0.564861	0.786941	-0.211386	0.761208	0.613089	12.010900	-214.263000	1011.390015	
-0.945336	-0.318582	0.069609	0.248306	-0.564861	0.786941	-0.211386	0.761208	0.613089	12.010900	-214.263000	1011.390015	
-0.945336	-0.318582	0.069609	0.248306	-0.564861	0.786941	-0.211386	0.761208	0.613089	12.010900	-214.263000	1011.390015	
-0.934088	-0.008644	0.356937	0.246132	-0.739792	0.626200	0.258646	0.672780	0.693158	-45.405186	-196.222839	917.242920	
-0.905608	0.052340	0.420873	0.160765	-0.875935	0.454855	0.392465	0.479582	0.784839	-57.248001	-213.037003	987.377014	
-0.905608	0.052340	0.420873	0.160765	-0.875935	0.454855	0.392465	0.479582	0.784839	-57.248001	-213.037003	987.377014	
-0.905608	0.052340	0.420873	0.160765	-0.875935	0.454855	0.392465	0.479582	0.784839	-57.248001	-213.037003	987.377014	
-0.905608	0.052340	0.420873	0.160765	-0.875935	0.454855	0.392465	0.479582	0.784839	-57.248001	-213.037003	987.377014	
-0.709319	0.376417	0.595967	-0.410056	-0.908046	0.085480	0.573341	-0.183747	0.798446	-101.392326	-195.146286	937.007568	
-0.738859	0.429448	0.519290	-0.461676	-0.883946	0.074130	0.490859	-0.184971	0.851376	-108.332283	-191.659439	927.768127	
-0.719598	0.497115	0.484826	-0.541858	-0.838626	0.055635	0.434244	-0.222672	0.872839	-122.265404	-187.029953	940.285522	
-0.701247	0.587024	0.404546	-0.641276	-0.767308	0.001817	0.311478	-0.258151	0.914515	-130.669571	-180.952118	958.465027	
-0.647053	0.678155	0.348466	-0.746348	-0.656787	-0.107682	0.155843	-0.329752	0.931115	-139.168228	-173.054306	967.841309	
-0.249080	0.442234	0.861620	-0.962519	-0.211619	-0.169633	0.107317	-0.871577	0.478368	-142.802002	-150.744003	909.315002	
-0.249080	0.442234	0.861620	-0.962519	-0.211619	-0.169633	0.107317	-0.871577	0.478368	-142.802002	-150.744003	909.315002	
-0.249080	0.442234	0.861620	-0.962519	-0.211619	-0.169633	0.107317	-0.871577	0.478368	-142.802002	-150.744003	909.315002	
-0.051097	0.193218	0.979824	-0.935220	0.334934	-0.114819	-0.350361	-0.922218	0.163588	-143.805725	-107.196358	856.952087	
-0.035324	0.134951	0.990222	-0.884824	0.456395	-0.093763	-0.464585	-0.879484	0.103286	-142.150070	-100.342606	852.769226	
-0.015371	0.071519	0.997321	-0.823608	0.564660	-0.053186	-0.566951	-0.822219	0.050225	-138.573471	-93.881287	847.351501	
-0.012658	-0.038876	0.999164	-0.713659	0.700257	0.018205	-0.700379	-0.712832	-0.036608	-132.054810	-79.249611	827.191650	
-0.019733	-0.099659	0.994826	-0.527131	0.846526	0.074346	-0.849555	-0.522937	-0.069237	-128.982147	-72.033234	823.027893	
-0.044024	-0.219312	0.974661	-0.373856	0.908337	0.187501	-0.926441	-0.356129	-0.121979	-118.190086	-63.966244	804.602722	
-0.083954	-0.280164	0.956274	-0.259697	0.932650	0.250443	-0.962034	-0.227315	-0.151057	-111.794632	-55.274544	798.485168	
-0.127360	-0.382873	0.914980	-0.165103	0.917806	0.361073	-0.978019	-0.105079	-0.180104	-105.099319	-41.184002	793.599548	
-0.174495	-0.425318	0.888063	-0.094522	0.904971	0.414842	-0.980111	-0.011554	-0.198114	-97.441589	-27.280472	782.601318	
-0.263895	-0.479334	0.837018	0.031500	0.863034	0.504163	-0.964037	0.159413	-0.212651	-81.016159	-12.832855	763.432800	
-0.287383	-0.489091	0.823530	0.296097	0.772320	0.562004	-0.910899	0.405355	-0.077133	-72.565895	-5.520566	762.529785	
-0.329653	-0.512928	0.792612	0.372326	0.700866	0.608408	-0.867584	0.495674	-0.040066	-62.900337	1.523823	750.221191	
-0.376101	-0.525520	0.763136	0.486133	0.589236	0.645349	-0.788811	0.613702	0.033860	-52.649673	8.228861	733.865295	
-0.450201	-0.536702	0.713632	0.523639	0.488670	0.697856	-0.723271	0.687862	0.061038	-33.029903	20.087910	711.114746	
-0.526642	-0.566676	0.633662	0.571288	0.316063	0.757452	-0.629506	0.760910	0.157283	-23.300631	30.209000	707.617554	
-0.609990	-0.589043	0.530039	0.575624	0.130308	0.807264	-0.544581	0.797527	0.259580	-13.382577	34.971569	698.889160	
-0.707311	-0.533292	0.464017	0.572294	-0.046672	0.818719	-0.414959	0.844643	0.338211	-2.961472	42.835941	690.035339	
-0.765103	-0.502077	0.403158	0.536471	-0.150768	0.830342	-0.356112	0.851580	0.384702	7.150772	46.295612	673.235474	
-0.829781	-0.435467	0.349046	0.507575	-0.328846	0.796384	-0.232016	0.837992	0.493901	17.271986	50.221783	667.360657	
-0.880048	-0.347406	0.323768	0.467221	-0.511415	0.721221	-0.084976	0.785980	0.612384	34.977261	53.334705	651.337280	
-0.933942	-0.304853	0.186591	0.347815	-0.654936	0.670883	-0.082315	0.691465	0.717704	50.994247	56.268608	646.200989	
-0.976904	-0.210215	0.038322	0.185142	-0.743175	0.642973	-0.106683	0.635217	0.764929	58.251991	57.830761	641.715576	
-0.987506	-0.155758	-0.023897	0.110434	-0.792231	0.600146	-0.112410	0.590009	0.799533	71.949043	59.171848	638.266541	
-0.992237	-0.097435	-0.077282	0.039347	-0.835462	0.548139	-0.117974	0.540842	0.832809	82.937355	59.265514	628.549194	
-0.990254	0.005745	-0.139156	-0.067598	-0.893402	0.444145	-0.121771	0.449222	0.885082	92.041061	58.490547	621.622620	
-0.972009	0.059105	-0.227387	-0.152029	-0.896129	0.416943	-0.179124	0.439840	0.880031	96.163353	57.053200	613.724060	
-0.943426	0.165484	-0.287336	-0.268802	-0.889073	0.370534	-0.194146	0.426807	0.883257	98.773468	53.371456	603.299683	
-0.897511	0.252870	-0.361290	-0.377501	-0.864055	0.333022	-0.227964	0.435277	0.870957	100.192978	50.890106	599.214172	
-0.854247	0.291071	-0.430744	-0.418820	-0.876182	0.238529	-0.307981	0.384165	0.870381	100.973709	44.900749	595.555969	
-0.807096	0.327828	-0.491044	-0.467253	-0.863071	0.191793	-0.360931	0.384236	0.849759	99.765831	37.787067	589.852905	
-0.712305	0.340032	-0.614003	-0.498623	-0.860830	0.101730	-0.493961	0.378617	0.782720	95.873871	28.915741	586.354431	
-0.636465	0.391040	-0.664831	-0.567434	-0.821216	0.060202	-0.522428	0.415563	0.744564	92.857826	19.731556	581.890076	
-0.539682	0.400103	-0.740717	-0.635733	-0.770477	0.047015	-0.551895	0.496270	0.670170	84.950661	14.049908	579.622131	
-0.422628	0.379858	-0.822857	-0.689453	-0.724059	0.019862	-0.588252	0.575714	0.567901	74.483063	7.695516	573.575684	
-0.356619	0.366872	-0.859202	-0.658857	-0.750792	-0.047116	-0.662368	0.549288	0.509461	63.343842	0.907583	573.842651	
-0.307130	0.363299	-0.879594	-0.616977	-0.779726	-0.106618	-0.724576	0.509943	0.463623	50.272919	-6.318385	577.604248	
-0.182825	0.366771	-0.912170	-0.590942	-0.782495	-0.196187	-0.785724	0.503171	0.359799	35.335964	-19.785433	579.067139	
-0.004560	0.366661	-0.930344	-0.423999	-0.843294	-0.330273	-0.905651	0.392958	0.159309	30.556883	-28.441139	599.740906	
0.168843	0.352812	-0.920335	-0.350394	-0.851261	-0.390614	-0.921258	0.388431	-0.020106	14.059924	-37.418835	617.148071	
0.005032	-0.010122	-0.999936	-0.585285	-0.810811	0.005262	-0.810812	0.585221	-0.010004	-0.820478	-43.891602	572.424011	
0.005032	-0.010122	-0.999936	-0.585285	-0.810811	0.005262	-0.810812	0.585221	-0.010004	-0.820478	-43.891602	572.424011	
0.005032	-0.010122	-0.999936	-0.585285	-0.810811	0.005262	-0.810812	0.585221	-0.010004	-0.820478	-43.891602	572.424011	
0.078214	-0.271826	-0.959163	-0.624899	-0.763010	0.165279	-0.776778	0.586453	-0.229542	-60.799683	-81.581596	566.264343	
0.117284	-0.375831	-0.919236	-0.715363	-0.674011	0.184298	-0.688840	0.635973	-0.347906	-81.006737	-95.536629	572.388367	
0.108525	-0.502604	-0.857678	-0.741896	-0.615216	0.266645	-0.661675	0.607370	-0.439646	-91.502251	-102.876801	572.151855	
0.002174	-0.609386	-0.792871	-0.728688	-0.543959	0.416079	-0.684842	0.576851	-0.445235	-100.919746	-109.807465	569.875854	
-0.061227	-0.689497	-0.721696	-0.657106	-0.516412	0.549118	-0.751308	0.507852	-0.421455	-121.499260	-118.805290	582.883484	
-0.130149	-0.756385	-0.641049	-0.672562	-0.407705	0.617605	-0.728507	0.511526	-0.455653	-129.983368	-131.522919	586.341431	
-0.226366	-0.788742	-0.571529	-0.630870	-0.328336	0.702991	-0.742133	0.519694	-0.423270	-146.741440	-145.276703	594.173584	
-0.315075	-0.801551	-0.508176	-0.581966	-0.259792	0.770599	-0.749695	0.538538	-0.384622	-153.755402	-157.341782	595.805786	
-0.378410	-0.845627	-0.376459	-0.491638	-0.160980	0.855790	-0.784282	0.508922	-0.354826	-168.217316	-169.458008	606.529907	
-0.458029	-0.855285	-0.242273	-0.441657	-0.017573	0.897011	-0.771458	0.517859	-0.369695	-175.382797	-175.719482	616.249878	
-0.518758	-0.847466	-0.112659	-0.331375	0.077847	0.940281	-0.788087	0.525111	-0.321213	-184.721191	-184.933594	621.716736	
-0.559321	-0.828398	0.030279	-0.223661	0.185983	0.956758	-0.798208	0.528362	-0.289305	-193.002640	-189.667877	630.127258	
-0.587218	-0.792105	0.166567	-0.099905	0.275138	0.956200	-0.803240	0.544857	-0.240701	-198.523849	-193.223373	633.007568	
-0.634706	-0.712730	0.298604	0.063515	0.336992	0.939363	-0.770139	0.615185	-0.168622	-200.928650	-195.033508	642.196289	
-0.657658	-0.620928	0.426536	0.253519	0.350754	0.901498	-0.709376	0.701013	-0.073260	-199.510483	-199.205841	640.693298	
-0.656900	-0.519668	0.546284	0.391218	0.384447	0.836151	-0.644539	0.762984	-0.049240	-199.309647	-203.308960	656.140259	
-0.621485	-0.436725	0.650405	0.520601	0.390166	0.759437	-0.585432	0.810581	-0.015123	-198.235336	-205.369461	667.175110	
-0.602673	-0.361072	0.711626	0.632013	0.328461	0.701907	-0.487181	0.872777	0.030248	-196.101501	-207.953369	678.565613	
-0.531980	-0.263194	0.804814	0.761640	0.266589	0.590623	-0.370003	0.927178	0.058639	-188.644684	-208.065109	685.895630	
-0.438531	-0.174974	0.881518	0.855634	0.218764	0.469076	-0.274921	0.959962	0.053779	-184.275757	-207.094818	702.332275	
-0.375175	-0.130736	0.917688	0.904097	0.166882	0.393393	-0.204577	0.977271	0.055587	-178.690826	-204.656570	712.828674	
-0.260295	-0.080630	0.962157	0.933937	0.231800	0.272085	-0.244966	0.969416	0.014966	-165.394409	-205.417358	727.174500	
-0.146572	-0.015373	0.989081	0.965467	0.215483	0.146422	-0.215381	0.976386	-0.016742	-150.472672	-202.504883	745.015381	
-0.004379	0.081947	0.996627	0.982015	0.188473	-0.011183	-0.188754	0.978653	-0.081298	-135.215408	-200.826965	757.176331	
0.136085	0.195868	0.971142	0.980053	0.116694	-0.160870	-0.144836	0.973662	-0.176081	-120.440834	-199.173920	776.126099	
0.228843	0.220669	0.948122	0.962225	0.096291	-0.254659	-0.147491	0.970584	-0.190298	-110.065872	-191.020584	778.922180	
0.333350	0.277478	0.901045	0.924931	0.088951	-0.369580	-0.182700	0.956605	-0.226996	-100.623611	-181.946899	791.383972	
0.320720	0.324988	0.889674	0.929671	0.071731	-0.361341	-0.181249	0.942993	-0.279127	-83.211014	-172.556442	805.436951	
0.410246	0.372794	0.832299	0.889336	0.038551	-0.455627	-0.201941	0.927113	-0.315724	-73.778473	-166.117203	821.099670	
0.408456	0.397518	0.821670	0.888979	0.030969	-0.456899	-0.207072	0.917071	-0.340736	-55.756775	-153.739746	819.817505	
0.718473	-0.169351	0.674624	0.478994	-0.582807	-0.656430	0.504343	0.794768	-0.337613	-25.493000	-144.507004	870.056030	
0.718473	-0.169351	0.674624	0.478994	-0.582807	-0.656430	0.504343	0.794768	-0.337613	-25.493000	-144.507004	870.056030	
0.718473	-0.169351	0.674624	0.478994	-0.582807	-0.656430	0.504343	0.794768	-0.337613	-25.493000	-144.507004	870.056030	
0.865582	-0.329036	0.377497	0.101016	-0.623611	-0.775180	0.490474	0.709115	-0.506549	13.148102	-109.170578	880.642090	
0.878314	-0.417643	0.232678	-0.061898	-0.581931	-0.810878	0.474061	0.697804	-0.536970	21.376896	-95.420509	892.046631	
0.881650	-0.459455	0.107680	-0.184579	-0.545750	-0.817365	0.434309	0.700754	-0.565967	29.163542	-81.091248	900.526794	
0.854386	-0.518143	0.039400	-0.276459	-0.517443	-0.809828	0.439994	0.681013	-0.585342	36.008244	-66.748825	917.616638	
0.813038	-0.581238	-0.033657	-0.367562	-0.467595	-0.803898	0.451519	0.665970	-0.593814	42.186073	-52.440807	934.185547	
0.759618	-0.646128	-0.074164	-0.453946	-0.445078	-0.771906	0.465741	0.620019	-0.631396	52.275837	-45.406364	949.675110	
0.708960	-0.677640	-0.195393	-0.558739	-0.370635	-0.741916	0.430334	0.635163	-0.641389	60.729843	-31.855099	958.477661	
0.662299	-0.703160	-0.258699	-0.630419	-0.336404	-0.699574	0.404886	0.626416	-0.666085	63.919167	-17.841244	964.849304	
0.606145	-0.720808	-0.336187	-0.675900	-0.244035	-0.695417	0.419222	0.648753	-0.635115	65.163872	-3.487407	971.772949	
0.564764	-0.714523	-0.412914	-0.728697	-0.196922	-0.655913	0.387354	0.671325	-0.631886	66.690750	9.489191	979.800537	
0.521438	-0.714014	-0.467210	-0.767863	-0.153848	-0.621866	0.372142	0.683017	-0.628487	66.333641	21.748476	986.817139	
0.483926	-0.689127	-0.539369	-0.801698	-0.102003	-0.588962	0.350853	0.717425	-0.601833	63.954296	26.675104	990.545288	
0.437067	-0.686483	-0.581130	-0.831978	-0.063081	-0.551211	0.341739	0.724403	-0.598710	61.013870	37.701416	1004.163391	
0.384420	-0.611520	-0.691566	-0.868499	0.014376	-0.495483	0.312940	0.791097	-0.525578	53.186626	48.914574	1005.623352	
0.336782	-0.569184	-0.750071	-0.892891	0.059798	-0.446285	0.298871	0.820032	-0.488080	47.526657	58.826817	1005.073486	
0.300850	-0.523535	-0.797119	-0.904022	0.109619	-0.413193	0.303701	0.844922	-0.440308	36.822105	66.710594	1005.428406	
0.277111	-0.491604	-0.825550	-0.900426	0.166986	-0.401683	0.335325	0.854657	-0.396379	23.831787	74.704109	1010.900635	
0.189946	-0.460055	-0.867334	-0.912491	0.243300	-0.328887	0.362329	0.853904	-0.373582	16.071585	82.273697	1015.264160	
0.139517	-0.433228	-0.890419	-0.901345	0.316773	-0.295353	0.410017	0.843781	-0.346292	1.262796	85.595047	1023.202209	
0.085984	-0.327942	-0.940776	-0.898268	0.382935	-0.215585	0.430956	0.863605	-0.261653	-15.991056	88.723915	1029.508789	
0.094826	-0.265845	-0.959340	-0.882763	0.422991	-0.204474	0.460152	0.866258	-0.194567	-33.608742	90.622910	1032.636719	
0.047020	-0.149173	-0.987692	-0.889151	0.444336	-0.109438	0.455193	0.883352	-0.111744	-43.456989	92.035881	1035.281982	
0.038269	-0.072950	-0.996601	-0.866305	0.494660	-0.069475	0.498048	0.866018	-0.044267	-53.295231	92.781990	1035.283325	
0.027837	0.041594	-0.998746	-0.843549	0.537052	-0.001146	0.536332	0.842522	0.050037	-63.672543	92.888077	1038.582031	
-0.016731	0.148557	-0.988762	-0.828380	0.551721	0.096911	0.559918	0.820690	0.113831	-83.116974	92.868912	1044.041870	
-0.007442	0.224654	-0.974410	-0.812505	0.566664	0.136851	0.582908	0.792730	0.178315	-93.945061	91.765976	1046.820312	
-0.003165	0.341293	-0.939951	-0.789578	0.575946	0.211783	0.613643	0.742834	0.267655	-103.203506	89.004845	1045.216919	
0.005108	0.407809	-0.913052	-0.762706	0.592099	0.260190	0.646726	0.695060	0.314063	-112.776443	85.379364	1047.290283	
0.043064	0.473591	-0.879691	-0.736042	0.610431	0.292601	0.675566	0.634888	0.374871	-122.892197	81.482277	1057.928101	
0.064455	0.514064	-0.855326	-0.706100	0.629163	0.324927	0.705174	0.583001	0.403533	-131.486572	75.468262	1058.035034	
0.104747	0.558946	-0.822560	-0.685992	0.639447	0.347162	0.720031	0.527904	0.450413	-138.950500	67.859634	1053.625977	
0.137310	0.609427	-0.780860	-0.651329	0.649480	0.392359	0.746269	0.454721	0.486118	-146.390839	63.699066	1050.171509	
0.189496	0.649437	-0.736424	-0.609099	0.666012	0.430611	0.770124	0.366955	0.521779	-152.623642	54.224716	1049.703613	
0.219564	0.690270	-0.689432	-0.586020	0.658297	0.472468	0.779983	0.300283	0.549051	-163.368683	43.164848	1044.385254	
0.309887	0.758961	-0.572665	-0.565416	0.631342	0.530765	0.764380	0.159317	0.624774	-170.018494	31.563602	1030.859863	
0.323983	0.807816	-0.492409	-0.581088	0.580649	0.570249	0.746574	0.101382	0.657533	-174.364746	26.806684	1037.485962	
0.351545	0.829500	-0.433984	-0.650348	0.549842	0.524140	0.673399	0.097982	0.732758	-177.626404	21.006104	1027.862671	
0.386306	0.840791	-0.379255	-0.721482	0.531616	0.443676	0.574659	0.102231	0.811983	-179.445755	15.340149	1018.411438	
0.357934	0.858065	-0.368244	-0.774730	0.493051	0.395848	0.521228	0.143602	0.841249	-180.209564	8.830444	1026.643677	
0.331433	0.879646	-0.341133	-0.793996	0.455357	0.402768	0.509632	0.137367	0.849356	-177.995239	2.845165	1020.416138	
0.309201	0.895196	-0.320959	-0.834713	0.417187	0.359458	0.455687	0.156763	0.876228	-175.645782	-10.716234	1024.252686	
0.291712	0.908578	-0.298975	-0.843389	0.391778	0.367704	0.451221	0.144888	0.880572	-171.863312	-18.114096	1015.299316	
0.246575	0.923788	-0.292939	-0.891222	0.334886	0.305901	0.380690	0.185646	0.905876	-165.319138	-33.909164	1020.707092	
0.225119	0.932635	-0.281975	-0.927412	0.293835	0.231452	0.298715	0.209402	0.931085	-157.170364	-42.257137	1025.339233	
0.214870	0.944386	-0.248920	-0.938299	0.270332	0.215675	0.270973	0.187220	0.944205	-145.404846	-49.642365	1016.390259	
0.544179	0.731028	0.411664	-0.712137	0.143073	0.687307	0.443542	-0.667179	0.598450	-135.542007	-64.367203	964.293030	
