0.994956	-0.044037	0.090123	0.045512	0.998860	-0.014369	-0.089388	0.018398	0.995827	18.207731	4.493008	546.039856	
0.974601	-0.134374	0.179154	0.138249	0.990354	-0.009264	-0.176182	0.033797	0.983778	27.184685	7.534048	540.463684	
0.961334	-0.191347	0.198050	0.198024	0.980093	-0.014281	-0.191375	0.052948	0.980088	34.722687	13.672626	526.346558	
0.907362	-0.201378	0.368974	0.219425	0.975603	-0.007137	-0.358535	0.087438	0.929412	45.216099	18.582600	550.057983	
0.907362	-0.201378	0.368974	0.219425	0.975603	-0.007137	-0.358535	0.087438	0.929412	45.216099	18.582600	550.057983	
0.907362	-0.201378	0.368974	0.219425	0.975603	-0.007137	-0.358535	0.087438	0.929412	45.216099	18.582600	550.057983	
0.907362	-0.201378	0.368974	0.219425	0.975603	-0.007137	-0.358535	0.087438	0.929412	45.216099	18.582600	550.057983	
0.907362	-0.201378	0.368974	0.219425	0.975603	-0.007137	-0.358535	0.087438	0.929412	45.216099	18.582600	550.057983	
0.907362	-0.201378	0.368974	0.219425	0.975603	-0.007137	-0.358535	0.087438	0.929412	45.216099	18.582600	550.057983	
0.437402	-0.322879	0.839302	0.628635	0.777174	-0.028634	-0.643039	0.540139	0.542911	99.530785	31.241966	568.429138	
0.371496	-0.330013	0.867803	0.700300	0.713278	-0.028540	-0.609566	0.618324	0.496089	103.281738	30.101028	577.173096	
0.264213	-0.283888	0.921736	0.775492	0.630735	-0.028030	-0.573414	0.722205	0.386802	106.157700	27.515781	580.945435	
0.200616	-0.259347	0.944718	0.839938	0.541874	-0.029609	-0.504239	0.799444	0.326545	108.420052	25.825079	591.366516	
0.121673	-0.177691	0.976535	0.874713	0.484192	-0.020882	-0.469120	0.856728	0.214343	109.633492	20.985832	600.215698	
0.078873	-0.135014	0.987699	0.918289	0.395441	-0.019276	-0.387974	0.908514	0.155173	109.881363	15.152369	602.864380	
0.049634	-0.096444	0.994100	0.940805	0.338654	-0.014118	-0.335294	0.935955	0.107544	108.217415	8.343162	607.346863	
0.021902	-0.053494	0.998328	0.958098	0.286385	-0.005674	-0.285602	0.956620	0.057526	104.227013	4.747437	614.519043	
-0.007016	0.012050	0.999903	0.981158	0.193157	0.004556	-0.193083	0.981094	-0.013177	100.519882	-3.738195	621.634949	
-0.027275	0.065930	0.997451	0.997308	0.069744	0.022661	-0.068071	0.995384	-0.067655	95.874191	-13.805088	624.543396	
-0.039304	0.147573	0.988270	0.999116	0.020576	0.036662	-0.014923	0.988837	-0.148251	86.645988	-25.542021	631.000061	
-0.052295	0.280113	0.958542	0.998221	-0.012881	0.058224	0.028657	0.959880	-0.278940	80.740974	-32.403126	639.580566	
0.004273	0.314588	0.949218	0.968674	-0.236997	0.074183	0.248300	0.919166	-0.305745	74.567978	-37.397789	647.601196	
0.025264	0.410210	0.911641	0.950307	-0.292907	0.105463	0.310289	0.863674	-0.397225	67.734589	-49.155720	669.386536	
0.063346	0.482139	0.873801	0.930171	-0.345780	0.123359	0.361620	0.804971	-0.470375	59.374161	-55.644291	676.384338	
0.105057	0.564232	0.818904	0.899749	-0.404667	0.163390	0.423575	0.719643	-0.550180	51.631760	-69.190056	698.296387	
0.187796	0.640684	0.744484	0.846221	-0.490339	0.208514	0.498642	0.590840	-0.634243	32.718193	-83.246597	712.733276	
0.228544	0.708838	0.667320	0.821832	-0.507930	0.258070	0.521882	0.489444	-0.698629	14.225319	-97.519745	724.941895	
0.264912	0.770611	0.579638	0.794612	-0.514997	0.321511	0.546273	0.375415	-0.748764	5.309047	-104.814438	737.162109	
0.339820	0.766658	0.544755	0.747959	-0.571448	0.337644	0.570157	0.292717	-0.767618	-3.599938	-112.588455	748.990112	
0.453869	0.771630	0.445635	0.678182	-0.623530	0.388946	0.577990	0.125691	-0.806305	-13.102460	-125.966179	751.128418	
0.528974	0.781745	0.330245	0.648909	-0.623381	0.436247	0.546903	-0.016465	-0.837033	-21.603462	-138.545532	748.650085	
0.645578	0.735601	0.205235	0.606812	-0.657259	0.446977	0.463690	-0.164020	-0.870683	-29.473579	-144.761002	769.564148	
0.671562	0.712195	0.204413	0.571213	-0.673345	0.469384	0.471934	-0.198457	-0.859007	-40.441025	-157.556625	778.345093	
0.752292	0.646990	0.124345	0.505164	-0.687615	0.521531	0.422927	-0.329529	-0.844122	-50.138069	-171.814285	785.903870	
0.801241	0.596754	-0.043575	0.535629	-0.682897	0.496741	0.266675	-0.421350	-0.866803	-56.176113	-176.561737	811.485718	
0.821801	0.567147	-0.054664	0.522081	-0.711111	0.470906	0.228201	-0.415530	-0.880487	-71.769501	-187.766891	828.836792	
0.835505	0.548580	-0.031503	0.504201	-0.742600	0.440823	0.218432	-0.384195	-0.897040	-90.102028	-197.055176	837.218140	
0.847539	0.530288	0.021752	0.473081	-0.773414	0.421929	0.240567	-0.347311	-0.906367	-105.626320	-206.167847	854.016602	
0.860279	0.505594	0.065539	0.432413	-0.791700	0.431543	0.270073	-0.342908	-0.899707	-118.381058	-211.845032	872.362793	
0.870654	0.491631	0.016195	0.441752	-0.795955	0.413896	0.216375	-0.353207	-0.910179	-128.986374	-216.287247	893.803528	
0.894693	0.446481	0.013418	0.396559	-0.807765	0.436183	0.205586	-0.384930	-0.899757	-135.960938	-228.021286	924.898132	
0.885142	0.463372	0.042564	0.404580	-0.811558	0.421531	0.229869	-0.355894	-0.905814	-138.527420	-228.718872	922.877258	
0.866302	0.497795	0.041495	0.433074	-0.789866	0.434232	0.248934	-0.358206	-0.899844	-140.549179	-232.200760	931.716003	
0.812414	0.582848	-0.016518	0.535628	-0.734802	0.416134	0.230406	-0.346921	-0.909152	-142.514069	-238.326614	948.903381	
0.688066	0.725068	0.029048	0.648992	-0.632793	0.422352	0.324616	-0.271754	-0.905965	-145.759735	-241.166367	938.791382	
0.623092	0.781164	-0.039264	0.725993	-0.558946	0.400641	0.291020	-0.278142	-0.915393	-145.593506	-243.018890	953.748230	
0.555149	0.830055	-0.053104	0.756390	-0.477262	0.447320	0.345956	-0.288497	-0.892795	-146.320709	-245.239548	956.761841	
0.509347	0.859291	-0.046743	0.756092	-0.420913	0.501156	0.410965	-0.290605	-0.864093	-140.855148	-243.603378	961.392639	
0.489721	0.871578	-0.022953	0.754743	-0.410599	0.511636	0.436507	-0.267883	-0.858895	-137.233948	-244.572372	966.107361	
0.461922	0.883628	-0.076360	0.776493	-0.361303	0.516254	0.428587	-0.297762	-0.853024	-126.906151	-241.230423	970.930420	
0.417922	-0.254128	-0.872216	0.704827	-0.515059	0.487785	-0.573202	-0.818617	-0.036138	-74.011902	-246.143997	978.838989	
0.417922	-0.254128	-0.872216	0.704827	-0.515059	0.487785	-0.573202	-0.818617	-0.036138	-74.011902	-246.143997	978.838989	
0.417922	-0.254128	-0.872216	0.704827	-0.515059	0.487785	-0.573202	-0.818617	-0.036138	-74.011902	-246.143997	978.838989	
0.417922	-0.254128	-0.872216	0.704827	-0.515059	0.487785	-0.573202	-0.818617	-0.036138	-74.011902	-246.143997	978.838989	
0.167736	-0.196899	-0.965969	0.729412	-0.634381	0.255968	-0.663191	-0.747525	0.037211	-30.132298	-216.741135	995.917053	
0.098364	-0.154734	-0.983048	0.715971	-0.675084	0.177900	-0.691166	-0.721332	0.044380	-20.448341	-207.826828	996.657593	
0.066930	-0.113019	-0.991336	0.738466	-0.662530	0.125390	-0.670961	-0.740460	0.039117	-11.237196	-198.480835	1006.141113	
0.028449	-0.075743	-0.996722	0.745794	-0.662316	0.071617	-0.665569	-0.745386	0.037646	7.886058	-187.803925	1015.152710	
-0.000268	-0.004105	-0.999992	0.670154	-0.742217	0.002867	-0.742222	-0.670147	0.002950	17.319727	-175.098999	1013.020081	
-0.031691	0.063946	-0.997450	0.622005	-0.779900	-0.069761	-0.782371	-0.622630	-0.015059	26.701603	-163.584732	1024.331909	
-0.067013	0.130601	-0.989168	0.516544	-0.843656	-0.146383	-0.853634	-0.520759	-0.010926	44.302940	-148.062927	1021.100586	
-0.078170	0.178193	-0.980886	0.500190	-0.844088	-0.193203	-0.862380	-0.505732	-0.023148	52.290455	-133.094070	1006.444824	
-0.113818	0.170912	-0.978690	0.497812	-0.842695	-0.205057	-0.859784	-0.510543	0.010831	68.353920	-118.678795	985.714844	
-0.081838	0.226564	-0.970552	0.534646	-0.811860	-0.234601	-0.841104	-0.538101	-0.054691	75.159744	-111.883942	997.127625	
0.051553	0.301164	-0.952178	0.540791	-0.809975	-0.226907	-0.839576	-0.503231	-0.204624	90.748299	-105.961090	1020.188232	
0.119371	0.375007	-0.919304	0.606748	-0.760460	-0.231425	-0.785880	-0.530161	-0.318312	102.984367	-98.096176	1019.686523	
0.193450	0.396617	-0.897370	0.505841	-0.824027	-0.255155	-0.840656	-0.404567	-0.360033	111.834465	-81.927307	1012.247925	
0.248950	0.397200	-0.883321	0.427908	-0.863299	-0.267598	-0.868860	-0.311362	-0.384884	115.460770	-66.610069	1007.042297	
0.316907	0.415978	-0.852368	0.383990	-0.878016	-0.285729	-0.867249	-0.236752	-0.437981	117.686531	-51.025284	993.921631	
0.390942	0.405008	-0.826518	0.354017	-0.895070	-0.271150	-0.849609	-0.186598	-0.493301	121.971428	-44.099987	989.612671	
0.468495	0.356501	-0.808344	0.327171	-0.919926	-0.216091	-0.820653	-0.163229	-0.547618	123.519150	-29.757107	982.212891	
0.494478	0.325617	-0.805894	0.303866	-0.933434	-0.190703	-0.814344	-0.150585	-0.560507	123.841827	-16.053288	975.315796	
0.567094	0.263415	-0.780395	0.201387	-0.963068	-0.178731	-0.798653	-0.055804	-0.599199	120.780373	-2.613151	974.569519	
0.620035	0.237871	-0.747645	0.202831	-0.969136	-0.140130	-0.757902	-0.064760	-0.649146	116.937286	3.886067	977.613281	
0.674565	0.165839	-0.719345	0.134198	-0.985752	-0.101412	-0.725914	-0.028126	-0.687210	113.811539	9.347640	976.027771	
0.707029	0.137032	-0.693780	0.121851	-0.989981	-0.071359	-0.696607	-0.034085	-0.716643	105.327377	20.638018	964.257141	
0.750647	0.094305	-0.653938	0.091746	-0.995051	-0.038184	-0.654302	-0.031334	-0.755584	93.594917	25.450743	951.826660	
0.795091	0.006701	-0.606452	0.027001	-0.999339	0.024357	-0.605888	-0.035741	-0.794747	87.299103	30.289938	943.478394	
0.832311	-0.053452	-0.551724	-0.029416	-0.998197	0.052330	-0.553526	-0.027326	-0.832383	73.713028	37.887367	931.485107	
0.825244	-0.112380	-0.553482	-0.026770	-0.986685	0.160424	-0.564141	-0.117573	-0.817265	66.999268	45.392708	939.987244	
0.831712	-0.174035	-0.527224	-0.035900	-0.964472	0.261734	-0.554044	-0.198761	-0.808412	50.766850	47.925690	935.744263	
0.836348	-0.223643	-0.500503	-0.048155	-0.939442	0.339308	-0.546078	-0.259679	-0.796471	32.013721	52.125565	916.231384	
0.817465	-0.341920	-0.463509	-0.161781	-0.908643	0.384961	-0.552790	-0.239706	-0.798101	14.646209	54.604847	912.040100	
0.782701	-0.455338	-0.424317	-0.244746	-0.851995	0.462820	-0.572255	-0.258400	-0.778301	5.220773	55.053627	891.790405	
0.784404	-0.525829	-0.328959	-0.369724	-0.822236	0.432703	-0.498010	-0.217790	-0.839377	-12.505125	52.719826	855.711182	
0.652444	-0.663406	-0.366346	-0.376868	-0.703425	0.602630	-0.657486	-0.255118	-0.708962	-33.432499	54.883202	884.616028	
0.652444	-0.663406	-0.366346	-0.376868	-0.703425	0.602630	-0.657486	-0.255118	-0.708962	-33.432499	54.883202	884.616028	
0.652444	-0.663406	-0.366346	-0.376868	-0.703425	0.602630	-0.657486	-0.255118	-0.708962	-33.432499	54.883202	884.616028	
0.404536	-0.866808	-0.291539	-0.409265	-0.456676	0.789905	-0.817834	-0.200229	-0.539495	-80.491386	44.842869	857.648682	
0.345573	-0.902406	-0.257374	-0.351251	-0.378724	0.856265	-0.870174	-0.205500	-0.447848	-88.794144	39.106136	836.413635	
0.279668	-0.933513	-0.224362	-0.353910	-0.317466	0.879751	-0.892487	-0.166635	-0.419164	-104.370972	34.931671	813.422241	
0.149505	-0.964888	-0.215960	-0.278798	-0.250689	0.927052	-0.948641	-0.078390	-0.306488	-119.372025	30.915745	796.906494	
0.019374	-0.983298	-0.180967	-0.223817	-0.180673	0.957738	-0.974439	0.021947	-0.223579	-134.161713	25.945541	792.179138	
-0.033541	-0.987070	-0.156741	-0.154943	-0.149798	0.976500	-0.987354	0.057038	-0.147914	-146.716980	21.618622	775.330505	
-0.102375	-0.987996	-0.115687	-0.140961	-0.100715	0.984879	-0.984708	0.117134	-0.128957	-151.862167	17.642509	759.891235	
-0.095739	-0.993368	-0.063672	-0.150403	-0.048795	0.987420	-0.983979	0.104111	-0.144733	-157.887909	12.435088	742.520264	
-0.091818	-0.995479	-0.024299	-0.170871	-0.008289	0.985258	-0.981006	0.094616	-0.169336	-160.542999	5.938186	726.336060	
-0.186996	-0.981613	0.038311	-0.187600	0.073965	0.979456	-0.964282	0.175966	-0.197981	-164.925644	-7.604759	714.224365	
-0.241913	-0.965651	0.094851	-0.193266	0.143750	0.970559	-0.950856	0.216459	-0.221401	-167.134705	-21.189238	705.699402	
-0.368096	-0.913440	0.173586	-0.216409	0.265735	0.939442	-0.904253	0.308239	-0.295492	-167.140610	-31.685205	705.709839	
-0.397861	-0.890774	0.219609	-0.222256	0.325821	0.918936	-0.890118	0.316798	-0.327610	-166.132050	-39.826897	703.309875	
-0.419476	-0.855887	0.302485	-0.259430	0.432352	0.863579	-0.869906	0.283776	-0.403403	-163.726379	-47.817551	695.273987	
-0.375245	-0.862673	0.339094	-0.303533	0.460018	0.834417	-0.875819	0.210184	-0.434469	-154.425461	-60.318909	673.532349	
-0.201023	-0.908540	0.366257	-0.337756	0.415246	0.844684	-0.919517	0.046095	-0.390338	-148.776474	-64.914803	646.979553	
-0.965375	-0.260220	-0.018324	0.190440	-0.751023	0.632216	-0.178277	0.606837	0.774575	-156.556000	-89.319702	686.642029	
-0.965375	-0.260220	-0.018324	0.190440	-0.751023	0.632216	-0.178277	0.606837	0.774575	-156.556000	-89.319702	686.642029	
-0.965375	-0.260220	-0.018324	0.190440	-0.751023	0.632216	-0.178277	0.606837	0.774575	-156.556000	-89.319702	686.642029	
-0.999981	0.003663	-0.005030	-0.005050	-0.949997	0.312215	-0.003635	0.312235	0.949998	-115.351189	-118.754372	658.187561	
-0.992394	0.123055	0.003625	-0.119620	-0.970817	0.207857	0.029097	0.205842	0.978152	-107.343895	-125.629028	654.907654	
-0.986335	0.164323	0.011918	-0.160328	-0.973978	0.160192	0.037931	0.156093	0.987014	-88.335533	-131.219025	639.274109	
-0.967987	0.250871	0.008160	-0.249303	-0.964697	0.084899	0.029171	0.080147	0.996356	-79.770561	-137.459274	625.107117	
-0.939706	0.336658	-0.060128	-0.338300	-0.940841	0.019286	-0.050078	0.038465	0.998004	-69.875557	-134.390396	589.820374	
-0.880969	0.472274	0.029158	-0.472265	-0.873789	-0.116010	-0.029311	-0.115972	0.992820	-62.430099	-156.656998	612.107971	
-0.880969	0.472274	0.029158	-0.472265	-0.873789	-0.116010	-0.029311	-0.115972	0.992820	-62.430099	-156.656998	612.107971	
-0.880969	0.472274	0.029158	-0.472265	-0.873789	-0.116010	-0.029311	-0.115972	0.992820	-62.430099	-156.656998	612.107971	
-0.880969	0.472274	0.029158	-0.472265	-0.873789	-0.116010	-0.029311	-0.115972	0.992820	-62.430099	-156.656998	612.107971	
-0.554278	0.832158	-0.016975	-0.683784	-0.466890	-0.560761	-0.474567	-0.299210	0.827804	-2.520970	-178.801254	581.249817	
-0.421163	0.906754	-0.020451	-0.698241	-0.338541	-0.630753	-0.578861	-0.251370	0.775714	15.690883	-182.334229	572.182556	
-0.294011	0.955801	-0.001302	-0.710509	-0.219468	-0.668588	-0.639323	-0.195647	0.743632	23.782728	-188.464172	570.698669	
-0.153618	0.985946	0.065672	-0.657172	-0.052308	-0.751923	-0.737920	-0.158667	0.655971	31.864262	-191.449661	574.701233	
-0.135032	0.985751	0.100306	-0.551949	0.009239	-0.833827	-0.822872	-0.167957	0.542837	49.279984	-203.201553	614.339539	
-0.075064	0.976934	0.199917	-0.487512	0.138936	-0.861991	-0.869883	-0.162166	0.465837	56.924263	-198.802399	597.127502	
0.167789	0.985808	-0.005454	-0.406873	0.064210	-0.911225	-0.897943	0.155113	0.411872	64.383202	-195.147995	566.783020	
0.167789	0.985808	-0.005454	-0.406873	0.064210	-0.911225	-0.897943	0.155113	0.411872	64.383202	-195.147995	566.783020	
0.167789	0.985808	-0.005454	-0.406873	0.064210	-0.911225	-0.897943	0.155113	0.411872	64.383202	-195.147995	566.783020	
0.167789	0.985808	-0.005454	-0.406873	0.064210	-0.911225	-0.897943	0.155113	0.411872	64.383202	-195.147995	566.783020	
0.167789	0.985808	-0.005454	-0.406873	0.064210	-0.911225	-0.897943	0.155113	0.411872	64.383202	-195.147995	566.783020	
0.167789	0.985808	-0.005454	-0.406873	0.064210	-0.911225	-0.897943	0.155113	0.411872	64.383202	-195.147995	566.783020	
0.167789	0.985808	-0.005454	-0.406873	0.064210	-0.911225	-0.897943	0.155113	0.411872	64.383202	-195.147995	566.783020	
0.167789	0.985808	-0.005454	-0.406873	0.064210	-0.911225	-0.897943	0.155113	0.411872	64.383202	-195.147995	566.783020	
0.167789	0.985808	-0.005454	-0.406873	0.064210	-0.911225	-0.897943	0.155113	0.411872	64.383202	-195.147995	566.783020	
0.167789	0.985808	-0.005454	-0.406873	0.064210	-0.911225	-0.897943	0.155113	0.411872	64.383202	-195.147995	566.783020	
0.167789	0.985808	-0.005454	-0.406873	0.064210	-0.911225	-0.897943	0.155113	0.411872	64.383202	-195.147995	566.783020	
0.868157	0.467639	-0.166187	0.198829	-0.634541	-0.746876	-0.454721	0.615363	-0.643862	55.647812	-137.521683	570.557373	
0.920355	0.346792	-0.180780	0.152734	-0.744274	-0.650176	-0.360026	0.570782	-0.737963	42.864155	-131.161179	575.729675	
0.935754	0.296643	-0.190703	0.119547	-0.775580	-0.619825	-0.331773	0.557206	-0.761215	28.272816	-123.678635	575.335693	
0.938070	0.283233	-0.199507	0.139476	-0.835892	-0.530877	-0.317129	0.470175	-0.823630	20.973545	-119.814713	593.242310	
0.956867	0.178411	-0.229290	0.058546	-0.891452	-0.449317	-0.284565	0.416514	-0.863447	3.811580	-114.959503	607.007446	
0.960672	0.014614	-0.277298	-0.086330	-0.933409	-0.348274	-0.263923	0.358517	-0.895439	-14.320462	-96.659409	601.642883	
0.917515	-0.035309	-0.396129	-0.150066	-0.953157	-0.262623	-0.368301	0.300407	-0.879835	-28.548973	-88.580101	606.770630	
0.895519	-0.176579	-0.408491	-0.239723	-0.964759	-0.108497	-0.374938	0.195087	-0.906291	-28.900120	-76.957062	609.437134	
0.855571	-0.373254	-0.358719	-0.389133	-0.920696	0.029891	-0.341428	0.114016	-0.932967	-54.845402	-67.138496	631.926025	
0.855571	-0.373254	-0.358719	-0.389133	-0.920696	0.029891	-0.341428	0.114016	-0.932967	-54.845402	-67.138496	631.926025	
0.855571	-0.373254	-0.358719	-0.389133	-0.920696	0.029891	-0.341428	0.114016	-0.932967	-54.845402	-67.138496	631.926025	
0.644949	-0.608524	-0.462319	-0.554166	-0.788967	0.265392	-0.526251	0.085037	-0.846067	-113.307266	-38.986115	661.015747	
0.590256	-0.636939	-0.495890	-0.516428	-0.770117	0.374463	-0.620403	0.035062	-0.783499	-131.802444	-32.793003	674.501709	
0.529670	-0.656640	-0.536912	-0.468134	-0.754169	0.460523	-0.707319	0.007422	-0.706855	-140.671341	-20.263283	679.723999	
0.418153	-0.707303	-0.569974	-0.516214	-0.701328	0.491592	-0.747443	0.088667	-0.658382	-147.684433	-7.313137	681.971191	
0.319557	-0.735195	-0.597807	-0.526416	-0.662314	0.533130	-0.787889	0.144329	-0.598665	-155.952499	-2.122930	695.736450	
0.218383	-0.756451	-0.616515	-0.491154	-0.631114	0.600386	-0.843254	0.171690	-0.509358	-169.022568	3.146692	700.349548	
0.150484	-0.738893	-0.656805	-0.391034	-0.654678	0.646908	-0.907991	0.159483	-0.387450	-179.974869	8.622151	710.696838	
0.035847	-0.722757	-0.690172	-0.422125	-0.636933	0.645079	-0.905828	0.268215	-0.327926	-184.135086	16.964752	715.589294	
-0.048513	-0.690564	-0.721643	-0.406066	-0.646457	0.645913	-0.912555	0.324369	-0.249053	-189.958908	21.560560	723.969727	
-0.113349	-0.634670	-0.764426	-0.391729	-0.678513	0.621425	-0.913072	0.369885	-0.171709	-191.788086	27.819407	738.737366	
-0.124305	-0.628967	-0.767430	-0.372801	-0.687160	0.623563	-0.919547	0.363611	-0.149062	-190.499451	33.155365	734.948425	
-0.136877	-0.618103	-0.774089	-0.309706	-0.715567	0.626136	-0.940929	0.325444	-0.093485	-191.488129	34.760582	750.164856	
-0.214599	-0.577083	-0.787987	-0.288859	-0.733193	0.615621	-0.933010	0.359728	-0.009353	-192.577499	36.037888	763.121094	
-0.268859	-0.523365	-0.808582	-0.289988	-0.756557	0.586113	-0.918489	0.392061	0.051638	-190.556366	37.933289	784.700806	
-0.285424	-0.457632	-0.842084	-0.289895	-0.796252	0.530984	-0.913506	0.395671	0.094605	-185.897644	40.695221	794.049866	
-0.296169	-0.395969	-0.869191	-0.299174	-0.825767	0.478126	-0.907071	0.401645	0.126104	-178.137451	41.097782	801.243713	
-0.293959	-0.333561	-0.895726	-0.272450	-0.869012	0.413025	-0.916165	0.365453	0.164576	-173.378021	41.163879	811.281494	
-0.295470	-0.225687	-0.928312	-0.172526	-0.943116	0.284197	-0.939645	0.244129	0.239725	-160.567871	36.946213	804.339539	
-0.275074	-0.240235	-0.930925	-0.255119	-0.915327	0.311594	-0.926957	0.323208	0.190494	-159.692993	38.255199	857.862000	
-0.275074	-0.240235	-0.930925	-0.255119	-0.915327	0.311594	-0.926957	0.323208	0.190494	-159.692993	38.255199	857.862000	
-0.275074	-0.240235	-0.930925	-0.255119	-0.915327	0.311594	-0.926957	0.323208	0.190494	-159.692993	38.255199	857.862000	
-0.243235	-0.082967	-0.966413	-0.235517	-0.961467	0.141820	-0.940940	0.262103	0.214322	-118.174690	23.635868	893.382812	
-0.266402	-0.037774	-0.963122	-0.118563	-0.990359	0.071637	-0.956542	0.133274	0.259356	-99.302826	15.171091	902.415039	
-0.199813	-0.018277	-0.979664	-0.150883	-0.987327	0.049195	-0.968147	0.157644	0.194524	-79.582092	12.146009	917.183411	
-0.170266	0.037073	-0.984701	-0.124301	-0.992117	-0.015859	-0.977527	0.119699	0.173533	-60.278564	0.938992	946.005005	
-0.120613	0.063140	-0.990690	-0.168116	-0.984859	-0.042301	-0.978361	0.161448	0.129402	-39.016640	-3.811613	964.165100	
0.047287	0.029674	-0.998441	-0.184959	-0.982013	-0.037945	-0.981608	0.186465	-0.040948	-29.075899	-7.511358	962.806519	
0.061484	-0.004108	-0.998100	-0.258833	-0.965847	-0.011969	-0.963963	0.259077	-0.060447	-16.531332	-16.559029	976.687683	
0.000838	0.021253	-0.999775	-0.260187	-0.965335	-0.020739	-0.965558	0.260146	0.004721	5.163784	-22.142822	981.509766	
0.136451	-0.035128	-0.990025	-0.225369	-0.974267	0.003507	-0.964671	0.222642	-0.140857	19.382917	-29.734251	965.120361	
0.239368	-0.163467	-0.957070	-0.406971	-0.911846	0.053958	-0.881520	0.376584	-0.284794	28.586441	-35.824970	985.283203	
0.280356	-0.229487	-0.932061	-0.391223	-0.914011	0.107367	-0.876553	0.334543	-0.346030	35.755280	-47.487232	975.888855	
0.332364	-0.275084	-0.902144	-0.298806	-0.937959	0.175921	-0.894567	0.211097	-0.393940	51.065529	-61.978065	984.668884	
0.333609	-0.319309	-0.886988	-0.237861	-0.938958	0.248556	-0.912210	0.128059	-0.389196	64.499138	-68.245117	989.738708	
0.299651	-0.388426	-0.871399	-0.311474	-0.903150	0.295472	-0.901772	0.182880	-0.391614	76.606407	-82.866974	991.294067	
0.278393	-0.493870	-0.823767	-0.395433	-0.840545	0.370293	-0.875289	0.222657	-0.429294	86.712364	-89.352829	991.230469	
0.228956	-0.559501	-0.796580	-0.398470	-0.800484	0.447715	-0.888145	0.214906	-0.406220	91.174339	-103.261482	995.272095	
0.158665	-0.619639	-0.768683	-0.459736	-0.735360	0.497884	-0.873766	0.274395	-0.401546	94.598221	-111.361496	1001.398743	
0.120825	-0.690684	-0.712993	-0.457129	-0.676278	0.577653	-0.881155	0.256135	-0.397443	97.787262	-118.920319	1004.588501	
0.037321	-0.673778	-0.737991	-0.560870	-0.625339	0.542565	-0.827062	0.393668	-0.401241	99.114769	-135.106003	1011.723572	
0.003873	-0.736018	-0.676952	-0.511277	-0.583243	0.631209	-0.859407	0.343665	-0.378568	100.379219	-148.389603	1018.424194	
-0.084337	-0.775376	-0.625843	-0.453826	-0.529267	0.716883	-0.887091	0.344483	-0.307249	99.367470	-153.619629	1018.050598	
-0.161395	-0.794964	-0.584795	-0.361654	-0.503699	0.784536	-0.918236	0.338113	-0.206207	97.376068	-164.557358	1013.570801	
-0.237200	-0.791819	-0.562814	-0.321482	-0.482725	0.814634	-0.916725	0.374166	-0.140053	90.584648	-177.411575	1023.173950	
-0.380568	-0.786351	-0.486641	-0.307335	-0.388777	0.868562	-0.872189	0.480109	-0.093717	86.368073	-183.719772	1021.912292	
-0.408717	-0.814131	-0.412481	-0.174252	-0.374030	0.910901	-0.895872	0.444176	0.011009	75.780815	-186.281418	1011.487671	
-0.526212	-0.778211	-0.342767	-0.111613	-0.336392	0.935086	-0.842997	0.530310	0.090155	64.214760	-189.194412	997.117004	
-0.677229	-0.687701	-0.261588	0.033280	-0.383796	0.922819	-0.735019	0.616253	0.282805	57.364365	-196.850296	1018.088196	
-0.803099	-0.572973	-0.163505	0.060106	-0.350912	0.934478	-0.592807	0.740650	0.316257	49.270149	-200.134369	1002.608582	
-0.879364	-0.471205	-0.068446	0.121327	-0.360747	0.924739	-0.460433	0.804877	0.374399	40.838993	-202.535614	997.020752	
-0.926106	-0.376669	0.021172	0.206960	-0.460325	0.863290	-0.315429	0.803879	0.504266	31.319017	-204.770279	985.023560	
-0.930283	-0.363762	0.047440	0.259199	-0.560278	0.786705	-0.259594	0.744155	0.615505	14.686623	-206.197128	969.194275	
-0.942235	-0.315647	0.112076	0.293103	-0.615029	0.732005	-0.162125	0.722570	0.672019	3.790649	-208.622818	974.612488	
-0.964207	-0.214937	0.155260	0.262514	-0.691518	0.672971	-0.037282	0.689641	0.723191	-16.430984	-210.189392	974.734558	
-0.974402	-0.144564	0.172169	0.217814	-0.796671	0.563803	0.055656	0.586871	0.807766	-26.157097	-205.095886	958.490906	
-0.951024	-0.085994	0.296916	0.241027	-0.807693	0.538088	0.193544	0.583299	0.788863	-45.539272	-210.864456	982.323853	
-0.922109	0.006110	0.386881	0.168893	-0.893238	0.416655	0.348122	0.449543	0.822632	-54.988594	-208.972015	968.785645	
-0.841689	0.159657	0.515819	0.007684	-0.951648	0.307095	0.539907	0.262441	0.799766	-66.184219	-204.532303	957.297241	
-0.754002	0.263648	0.601641	-0.139491	-0.959293	0.245561	0.641890	0.101230	0.760085	-76.481636	-201.901031	941.460938	
-0.712287	0.322680	0.623318	-0.282845	-0.944719	0.165847	0.642375	-0.058172	0.764180	-94.169083	-200.335495	956.993774	
-0.678034	0.355786	0.643185	-0.379345	-0.918884	0.108394	0.629577	-0.170494	0.758001	-102.887077	-196.769836	942.476501	
-0.564670	0.405820	0.718651	-0.518461	-0.851919	0.073702	0.642141	-0.330975	0.691455	-109.863640	-190.761520	925.220947	
-0.457651	0.411707	0.788069	-0.680382	-0.732754	-0.012306	0.572394	-0.541820	0.615464	-123.094978	-182.746277	926.781677	
-0.385982	0.452166	0.804093	-0.813267	-0.578222	-0.065234	0.435447	-0.679122	0.590915	-130.286240	-173.144211	924.583435	
-0.303539	0.436659	0.846873	-0.910556	-0.394710	-0.122847	0.280627	-0.808414	0.517413	-134.294846	-161.867340	908.684143	
-0.249492	0.423736	0.870748	-0.962048	-0.211088	-0.172929	0.110528	-0.880847	0.460319	-141.787048	-149.544357	901.210266	
-0.180646	0.351126	0.918738	-0.982931	-0.031377	-0.181276	-0.034824	-0.935803	0.350801	-144.134369	-136.923843	897.705444	
-0.138595	0.187500	0.972439	-0.989675	-0.062432	-0.129014	0.036522	-0.980279	0.194217	-143.166473	-119.200462	878.119568	
-0.118242	0.223475	0.967512	-0.972757	-0.221732	-0.067667	0.199406	-0.949155	0.243605	-146.931458	-101.798691	865.377808	
-0.104009	0.222105	0.969460	-0.969774	-0.238970	-0.049294	0.220723	-0.945285	0.240247	-146.700760	-92.845085	861.072205	
-0.094465	0.259807	0.961030	-0.969283	-0.244201	-0.029258	0.227083	-0.934273	0.274895	-142.552002	-83.659309	845.379761	
-0.094016	0.335922	0.937187	-0.960718	-0.277507	0.003093	0.261115	-0.900082	0.348816	-139.823547	-68.488228	837.075439	
-0.165535	0.350417	0.921850	-0.920051	-0.391455	-0.016410	0.355111	-0.850866	0.387200	-138.917160	-61.017464	844.418945	
-0.257356	0.358085	0.897521	-0.737460	-0.672978	0.057039	0.624436	-0.647207	0.437268	-131.709656	-53.616005	841.639954	
-0.291860	0.323787	0.899989	-0.601105	-0.794004	0.090723	0.743969	-0.514510	0.426368	-125.661736	-45.458004	837.339539	
-0.322491	0.382333	0.865923	-0.537848	-0.826788	0.164746	0.778922	-0.412606	0.472269	-121.741508	-32.676590	844.376160	
-0.262786	0.362632	0.894116	-0.401503	-0.883739	0.240420	0.877348	-0.295811	0.377832	-111.214401	-16.421513	808.464050	
-0.221474	0.432005	0.874256	-0.427034	-0.848953	0.311323	0.876693	-0.304387	0.372501	-99.207672	0.029781	802.117249	
-0.092222	0.447966	0.889283	-0.427552	-0.824383	0.370935	0.899274	-0.346007	0.267555	-90.486130	8.946983	792.179138	
0.079958	0.436465	0.896163	-0.355648	-0.827378	0.434697	0.931193	-0.353476	0.089072	-76.994568	18.887890	742.854370	
0.175327	0.438312	0.881559	-0.403880	-0.784591	0.470425	0.897854	-0.438522	0.039465	-65.427002	28.128649	715.974976	
0.401013	0.327538	0.855517	-0.381629	-0.789267	0.481059	0.832795	-0.519401	-0.191509	-47.278549	38.266037	708.608032	
0.475160	0.290039	0.830724	-0.334447	-0.813721	0.475401	0.813860	-0.503724	-0.289645	-37.472610	45.575874	692.713013	
0.556731	0.235349	0.796657	-0.345808	-0.806316	0.479866	0.755292	-0.542647	-0.367516	-28.170103	46.683575	678.088867	
0.604968	0.223401	0.764268	-0.283464	-0.836528	0.468904	0.744084	-0.500315	-0.442747	-19.270639	51.296543	664.226257	
0.647081	0.215969	0.731194	-0.271381	-0.830986	0.485608	0.712487	-0.512660	-0.479106	-10.645273	53.593597	658.345642	
0.681461	0.226189	0.696024	-0.233953	-0.833812	0.500025	0.693452	-0.503585	-0.515294	-1.892972	54.816639	654.114990	
0.765149	0.303330	0.567924	-0.105655	-0.810960	0.575484	0.635124	-0.500335	-0.588458	12.591908	55.854980	655.334717	
0.777711	0.440509	0.448461	0.042788	-0.748843	0.661365	0.627163	-0.495162	-0.601233	24.816942	52.769768	640.328430	
0.709467	0.563445	0.423304	0.128498	-0.694009	0.708407	0.692924	-0.448198	-0.564780	30.723639	48.811291	627.975281	
-0.987075	-0.155832	-0.037402	0.102254	-0.792124	0.601734	-0.123397	0.590132	0.797820	72.840897	59.778900	645.640991	
-0.987075	-0.155832	-0.037402	0.102254	-0.792124	0.601734	-0.123397	0.590132	0.797820	72.840897	59.778900	645.640991	
-0.987075	-0.155832	-0.037402	0.102254	-0.792124	0.601734	-0.123397	0.590132	0.797820	72.840897	59.778900	645.640991	
-0.987075	-0.155832	-0.037402	0.102254	-0.792124	0.601734	-0.123397	0.590132	0.797820	72.840897	59.778900	645.640991	
-0.987075	-0.155832	-0.037402	0.102254	-0.792124	0.601734	-0.123397	0.590132	0.797820	72.840897	59.778900	645.640991	
-0.987075	-0.155832	-0.037402	0.102254	-0.792124	0.601734	-0.123397	0.590132	0.797820	72.840897	59.778900	645.640991	
-0.861133	0.294728	-0.414228	-0.412733	-0.881030	0.231163	-0.296818	0.370028	0.880328	100.877342	44.751251	595.694824	
-0.814771	0.334417	-0.473617	-0.463476	-0.866471	0.185519	-0.348336	0.370665	0.860970	99.820251	38.073288	590.819580	
-0.736777	0.354749	-0.575598	-0.491332	-0.865737	0.095349	-0.464492	0.353061	0.812154	96.194756	29.225853	587.001343	
-0.669174	0.422135	-0.611563	-0.573438	-0.816770	0.063677	-0.472626	0.393304	0.788629	92.544571	20.611034	579.118591	
-0.574992	0.456202	-0.679164	-0.642033	-0.766130	0.028939	-0.507127	0.452685	0.733415	84.589897	15.023984	573.247742	
-0.510279	0.491176	-0.705947	-0.694230	-0.719752	0.001029	-0.507602	0.490615	0.708263	74.428581	9.151812	564.202087	
-0.405372	0.441722	-0.800347	-0.688596	-0.723385	-0.050475	-0.601256	0.530655	0.597408	63.461700	1.990164	571.012146	
-0.295081	0.341937	-0.892192	-0.633443	-0.769078	-0.085249	-0.715316	0.539998	0.443537	50.001892	-6.031294	572.031311	
-0.280397	0.386554	-0.878609	-0.685112	-0.721696	-0.098873	-0.672309	0.574222	0.467193	34.370430	-18.389351	567.315918	
-0.337962	0.426397	-0.839028	-0.689900	-0.718619	-0.087312	-0.640172	0.549337	0.537037	26.806063	-25.221724	564.069824	
-0.526518	0.483913	-0.699005	-0.634261	-0.771083	-0.056061	-0.566120	0.413834	0.712916	12.417076	-29.889683	544.190674	
-0.605012	0.338601	-0.720632	-0.466091	-0.884405	-0.024242	-0.645538	0.321213	0.692894	7.710228	-40.104927	556.168579	
-0.688349	0.320153	-0.650905	-0.416706	-0.909018	-0.006429	-0.593743	0.266811	0.759132	-9.868559	-49.258461	528.850464	
-0.663933	0.292702	-0.688127	-0.433657	-0.900381	0.035425	-0.609208	0.321931	0.724725	-28.242867	-56.479561	532.166870	
0.073499	-0.272293	-0.959403	-0.621062	-0.765193	0.169594	-0.780308	0.583384	-0.225352	-61.751598	-82.858101	575.432007	
0.073499	-0.272293	-0.959403	-0.621062	-0.765193	0.169594	-0.780308	0.583384	-0.225352	-61.751598	-82.858101	575.432007	
0.073499	-0.272293	-0.959403	-0.621062	-0.765193	0.169594	-0.780308	0.583384	-0.225352	-61.751598	-82.858101	575.432007	
-0.018103	-0.640034	-0.768133	-0.675929	-0.558269	0.481098	-0.736744	0.527913	-0.422512	-103.180786	-112.166840	584.082642	
-0.040779	-0.725922	-0.686566	-0.653926	-0.500147	0.567657	-0.755458	0.472113	-0.454304	-120.051178	-119.111801	583.969116	
-0.099216	-0.789160	-0.606121	-0.594477	-0.441465	0.672091	-0.797968	0.427008	-0.425337	-129.398392	-131.855713	587.377380	
-0.171278	-0.774316	-0.609179	-0.570289	-0.426279	0.702180	-0.803389	0.467677	-0.368572	-139.828384	-139.984512	577.408752	
-0.303498	-0.810749	-0.500575	-0.588269	-0.253839	0.767793	-0.749552	0.527496	-0.399899	-156.796005	-159.953003	605.854980	
-0.303498	-0.810749	-0.500575	-0.588269	-0.253839	0.767793	-0.749552	0.527496	-0.399899	-156.796005	-159.953003	605.854980	
-0.303498	-0.810749	-0.500575	-0.588269	-0.253839	0.767793	-0.749552	0.527496	-0.399899	-156.796005	-159.953003	605.854980	
-0.303498	-0.810749	-0.500575	-0.588269	-0.253839	0.767793	-0.749552	0.527496	-0.399899	-156.796005	-159.953003	605.854980	
-0.548080	-0.835652	0.035944	-0.210651	0.179493	0.960941	-0.809465	0.519102	-0.274408	-193.239182	-190.468246	630.770996	
-0.573569	-0.799531	0.178235	-0.097717	0.282811	0.954185	-0.813308	0.529875	-0.240339	-198.101700	-194.067505	632.344971	
-0.580128	-0.750814	0.315797	0.073090	0.338158	0.938247	-0.811239	0.567386	-0.141298	-197.665512	-194.811295	634.166199	
-0.603922	-0.676133	0.422044	0.269077	0.325473	0.906457	-0.750250	0.660992	-0.014629	-199.303192	-201.238312	640.466064	
-0.654997	-0.512946	0.554855	0.385299	0.404941	0.829197	-0.650017	0.756907	-0.067597	-201.176575	-205.775513	663.065308	
-0.611356	-0.426456	0.666617	0.530934	0.403607	0.745124	-0.586815	0.809466	-0.020328	-198.872253	-206.631210	670.520813	
-0.601842	-0.368724	0.708399	0.636403	0.314452	0.704351	-0.482469	0.874735	0.045407	-194.820282	-206.893784	677.088623	
-0.539055	-0.269163	0.798105	0.759089	0.255340	0.598819	-0.364969	0.928629	0.066677	-188.164856	-207.179413	685.620056	
-0.453212	-0.175921	0.873871	0.852258	0.201802	0.482629	-0.261254	0.963497	0.058471	-184.112976	-206.080093	701.909546	
-0.403762	-0.118968	0.907096	0.895033	0.153953	0.418585	-0.189449	0.980889	0.044320	-178.530426	-203.585434	711.458557	
-0.284136	-0.034940	0.958148	0.954271	0.086532	0.286143	-0.092909	0.995636	0.008755	-166.813019	-202.201050	726.747070	
-0.140869	-0.020738	0.989812	0.988468	0.053162	0.141792	-0.055561	0.998370	0.013010	-150.798752	-198.346375	744.921265	
0.012714	-0.023682	0.999639	0.999363	-0.033022	-0.013493	0.033329	0.999174	0.023247	-132.643646	-193.862061	749.525696	
0.133086	-0.003584	0.991099	0.981808	-0.136167	-0.132331	0.135428	0.990679	-0.014603	-116.084000	-192.064880	770.542358	
0.197806	0.016311	0.980106	0.973540	-0.119978	-0.194485	0.114418	0.992642	-0.039612	-105.970757	-185.396957	782.456970	
0.322074	0.056662	0.945018	0.944497	-0.087505	-0.316650	0.064751	0.994551	-0.081700	-95.773506	-177.533173	801.693054	
0.445238	0.093572	0.890510	0.894992	-0.076957	-0.439394	0.027415	0.992634	-0.118011	-76.940651	-169.249557	819.368958	
0.561746	0.176924	0.808170	0.820937	0.001808	-0.571016	-0.102488	0.984222	-0.144229	-67.643478	-165.785065	841.009460	
0.670037	0.239839	0.702515	0.720454	0.017936	-0.693271	-0.178875	0.970647	-0.160775	-49.728794	-154.566971	844.144775	
0.718230	0.241480	0.652559	0.668313	0.021603	-0.743566	-0.193655	0.970165	-0.145869	-30.031994	-148.368240	852.935791	
0.812506	0.219315	0.540125	0.533182	0.095025	-0.840647	-0.235692	0.971015	-0.039726	-12.905236	-135.285278	863.209961	
0.863974	0.296937	0.406663	0.374343	0.161372	-0.913141	-0.336770	0.941162	0.028264	-4.820610	-123.843323	878.386108	
0.870457	0.363120	0.332336	0.235488	0.285684	-0.928940	-0.432260	0.886864	0.163166	3.025077	-120.538177	895.316223	
0.905441	0.366448	0.214224	0.074733	0.359178	-0.930272	-0.417841	0.858316	0.297829	10.716080	-107.392113	904.138794	
0.911654	0.396616	0.107616	-0.080343	0.428825	-0.899808	-0.403027	0.811668	0.422806	18.461536	-92.252182	902.538513	
0.909714	0.414768	0.019638	-0.164121	0.402604	-0.900541	-0.381422	0.816013	0.434327	23.917189	-77.790977	927.433411	
0.878201	0.477159	-0.032867	-0.281870	0.460808	-0.841550	-0.386408	0.748314	0.539180	28.257788	-62.933800	942.074890	
0.863591	0.502548	-0.040671	-0.344442	0.529139	-0.775482	-0.368197	0.683708	0.630059	37.596920	-55.532742	948.816589	
0.720113	-0.658095	-0.219884	-0.552450	-0.352067	-0.755545	0.419806	0.665552	-0.617092	61.192101	-32.365101	971.106995	
0.720113	-0.658095	-0.219884	-0.552450	-0.352067	-0.755545	0.419806	0.665552	-0.617092	61.192101	-32.365101	971.106995	
0.720113	-0.658095	-0.219884	-0.552450	-0.352067	-0.755545	0.419806	0.665552	-0.617092	61.192101	-32.365101	971.106995	
0.720113	-0.658095	-0.219884	-0.552450	-0.352067	-0.755545	0.419806	0.665552	-0.617092	61.192101	-32.365101	971.106995	
0.560969	-0.678509	-0.474277	-0.739400	-0.153015	-0.655648	0.372291	0.718479	-0.587527	66.134651	21.491127	992.326599	
0.519510	-0.670933	-0.529111	-0.774534	-0.108262	-0.623198	0.360841	0.733572	-0.575904	63.956715	26.461306	996.444153	
0.453225	-0.668473	-0.589688	-0.803588	-0.020094	-0.594847	0.385789	0.743465	-0.546284	60.597107	37.360146	1002.223511	
0.391618	-0.593683	-0.702977	-0.840369	0.080363	-0.536025	0.374722	0.800676	-0.467441	53.180580	48.484917	1008.157471	
0.344844	-0.565582	-0.749133	-0.859252	0.131057	-0.494479	0.377848	0.814212	-0.440783	48.023678	58.863972	1011.802307	
0.287539	-0.532557	-0.796056	-0.891339	0.155356	-0.425887	0.350481	0.832014	-0.430018	37.888374	67.706345	1015.819580	
0.215441	-0.545375	-0.810032	-0.877017	0.256738	-0.406112	0.429449	0.797904	-0.422991	23.812342	74.321106	1019.528442	
0.121694	-0.539967	-0.832843	-0.862872	0.357143	-0.357633	0.490553	0.762158	-0.422460	17.325888	81.754272	1028.213745	
0.054802	-0.507801	-0.859730	-0.844295	0.436110	-0.311407	0.533069	0.742931	-0.404835	2.428501	84.622665	1023.978088	
0.029276	-0.543028	-0.839204	-0.930530	0.291802	-0.221280	0.365043	0.787383	-0.496762	-11.827891	91.040741	1028.249268	
0.030006	-0.522636	-0.852028	-0.956199	0.233305	-0.176784	0.291176	0.820012	-0.492744	-26.428200	94.278358	1027.937256	
-0.004297	-0.584663	-0.811265	-0.988278	0.126291	-0.085780	0.152607	0.801386	-0.578352	-34.325874	96.891708	1029.709229	
0.033001	-0.744472	-0.666838	-0.996255	0.028851	-0.081513	0.079923	0.667030	-0.740732	-40.451607	97.601936	1021.490051	
-0.058228	-0.703815	-0.707994	-0.990813	0.127458	-0.045218	0.122064	0.698856	-0.704770	-50.940853	97.606392	1028.231812	
-0.107692	-0.665287	-0.738780	-0.989964	0.140162	0.018089	0.091514	0.733313	-0.673704	-70.538246	96.792809	1029.471436	
-0.151558	-0.487303	-0.859981	-0.986707	0.126215	0.102373	0.058655	0.864064	-0.499953	-84.473862	98.176613	1043.773193	
-0.123124	-0.489248	-0.863410	-0.989925	-0.000758	0.141594	-0.069929	0.872145	-0.484225	-94.216675	96.345406	1047.752319	
-0.129559	-0.480055	-0.867619	-0.983411	-0.049817	0.174414	-0.126950	0.875823	-0.465637	-103.291199	92.632011	1037.391846	
-0.093356	-0.530621	-0.842453	-0.969461	-0.144286	0.198310	-0.226782	0.835239	-0.500946	-112.388977	88.629990	1043.143433	
-0.071488	-0.568319	-0.819697	-0.956280	-0.194594	0.218318	-0.283583	0.799467	-0.529560	-120.255325	82.612198	1036.770142	
-0.047648	-0.596948	-0.800864	-0.939104	-0.246394	0.239530	-0.340315	0.763508	-0.548856	-128.329056	75.670341	1043.845093	
-0.025728	-0.605719	-0.795263	-0.924814	-0.287620	0.248987	-0.379550	0.741876	-0.552777	-135.492310	71.386322	1042.288818	
0.077479	-0.694506	-0.715303	-0.876077	-0.389899	0.283670	-0.475907	0.604682	-0.638649	-141.385483	63.161152	1049.661255	
0.265740	-0.774942	-0.573452	-0.767082	-0.530267	0.361113	-0.583925	0.343923	-0.735357	-149.992813	53.107372	1042.526611	
0.361599	-0.817442	-0.448371	-0.685391	-0.559087	0.466543	-0.632050	0.138608	-0.762431	-157.254486	41.310066	1036.099731	
0.395253	-0.853268	-0.340162	-0.669491	-0.521145	0.529329	-0.628934	0.018517	-0.777239	-157.674927	34.555595	1026.922607	
0.382837	-0.888043	-0.254592	-0.675693	-0.457102	0.578357	-0.629981	-0.049390	-0.775039	-161.766327	27.432987	1022.138489	
0.363542	-0.914377	-0.178194	-0.680146	-0.391232	0.619952	-0.636585	-0.104181	-0.764138	-166.052170	19.387630	1019.435669	
0.358902	-0.928815	-0.092165	-0.684369	-0.329013	0.650685	-0.634690	-0.170457	-0.753734	-163.437347	11.821923	1001.794739	
0.405155	-0.913221	0.043344	-0.699533	-0.279129	0.657831	-0.588646	-0.296844	-0.751917	-160.274597	4.723466	983.089539	
0.501213	0.862047	0.075235	-0.641535	0.311836	0.700850	0.580705	-0.399541	0.709330	-177.179993	-13.052900	1015.280029	
0.501213	0.862047	0.075235	-0.641535	0.311836	0.700850	0.580705	-0.399541	0.709330	-177.179993	-13.052900	1015.280029	
0.501213	0.862047	0.075235	-0.641535	0.311836	0.700850	0.580705	-0.399541	0.709330	-177.179993	-13.052900	1015.280029	
0.501213	0.862047	0.075235	-0.641535	0.311836	0.700850	0.580705	-0.399541	0.709330	-177.179993	-13.052900	1015.280029	
0.545858	0.757599	0.357887	-0.691520	0.166160	0.702986	0.473115	-0.631217	0.614596	-141.368896	-49.715351	961.607788	
0.545718	0.725185	0.419880	-0.691071	0.106089	0.714958	0.473932	-0.680333	0.559049	-134.007263	-63.433037	954.645752	
