0.995996	-0.042573	0.078616	0.043612	0.998981	-0.011547	-0.078045	0.014930	0.996838	18.771393	3.928092	547.162842	
0.969469	-0.123522	0.211832	0.128181	0.991715	-0.008346	-0.209046	0.035244	0.977271	27.601624	7.599579	546.772217	
0.946461	-0.159498	0.280666	0.168541	0.985660	-0.008220	-0.275330	0.055084	0.959771	36.000710	15.590937	546.628662	
0.911214	-0.202902	0.358498	0.222242	0.974903	-0.013109	-0.346841	0.091618	0.933439	45.164192	18.832670	548.038879	
0.839293	-0.263956	0.475305	0.314683	0.948760	-0.028781	-0.443354	0.173726	0.879350	53.198391	24.667772	550.943176	
0.766238	-0.323899	0.554950	0.383265	0.923586	0.009869	-0.515740	0.205130	0.831826	68.871933	25.796999	550.229309	
0.676605	-0.352944	0.646249	0.475478	0.879555	-0.017450	-0.562252	0.319083	0.762928	76.068108	29.390419	552.087463	
0.587637	-0.339653	0.734384	0.523608	0.851589	-0.025118	-0.616863	0.399288	0.678269	83.307976	30.727354	557.403198	
0.535649	-0.344277	0.771074	0.568589	0.822148	-0.027905	-0.624330	0.453371	0.636134	88.913788	31.543188	560.327820	
0.444783	-0.321789	0.835835	0.619615	0.784416	-0.027729	-0.646720	0.530229	0.548280	99.052399	31.509842	568.421692	
0.375170	-0.326458	0.867567	0.700116	0.713201	-0.034386	-0.607525	0.620297	0.496130	102.868279	30.047174	576.349060	
0.283574	-0.309871	0.907505	0.754376	0.656340	-0.011615	-0.592034	0.687893	0.419880	105.304459	26.905581	581.492188	
0.218436	-0.283442	0.933781	0.775773	0.630933	0.010041	-0.592000	0.722208	0.357704	105.419907	21.390583	585.812317	
0.164438	-0.240107	0.956718	0.769163	0.638438	0.028027	-0.617535	0.731263	0.289664	106.054520	14.842306	599.712891	
0.077512	-0.185628	0.979558	0.842135	0.538108	0.035335	-0.533668	0.822181	0.198033	109.192726	8.253614	602.476685	
0.051529	-0.158332	0.986040	0.922774	0.385102	0.013615	-0.381882	0.909191	0.165948	110.940186	6.113365	609.842102	
0.030364	-0.170951	0.984812	0.949687	0.312210	0.024915	-0.311728	0.934505	0.171829	110.649002	3.197631	619.028564	
0.012483	-0.167584	0.985779	0.984376	0.175225	0.017323	-0.175637	0.970161	0.167153	111.158806	-4.221680	630.204041	
-0.000637	-0.090753	0.995873	0.999997	-0.002480	0.000414	0.002432	0.995870	0.090755	105.621208	-11.373485	629.827942	
0.005749	-0.060921	0.998126	0.991884	-0.126438	-0.013430	0.127019	0.990102	0.059699	96.923218	-21.605564	635.537170	
0.015338	0.067526	0.997600	0.975911	-0.218170	-0.000236	0.217630	0.973572	-0.069246	89.959976	-29.140244	644.060364	
0.018354	0.159438	0.987037	0.973841	-0.226481	0.018476	0.226491	0.960878	-0.159425	84.148239	-37.820087	659.302551	
0.020506	0.287398	0.957592	0.966937	-0.249218	0.054091	0.254194	0.924820	-0.283006	71.902077	-50.880508	673.238708	
0.044061	0.173746	0.983805	0.958401	-0.285332	0.007469	0.282008	0.942549	-0.179090	68.376595	-53.659351	666.973267	
0.100742	-0.064256	0.992836	0.957691	-0.264145	-0.114271	0.269595	0.962340	0.034927	73.025391	-67.812912	678.190186	
0.164629	-0.173708	0.970940	0.960309	-0.196500	-0.197981	0.225180	0.964994	0.134464	59.968502	-90.924316	701.782532	
0.197934	-0.410992	0.889892	0.898761	-0.286242	-0.332106	0.391218	0.865535	0.312727	44.096046	-108.579605	726.482971	
0.198921	-0.554030	0.808383	0.860227	-0.296472	-0.414867	0.469511	0.777917	0.417617	30.445375	-113.447632	747.308899	
0.240715	-0.625784	0.741925	0.892369	-0.157962	-0.422761	0.381753	0.763834	0.520406	18.392191	-124.641663	773.926697	
0.417809	-0.726015	0.546204	0.595378	-0.235321	-0.768212	0.686267	0.646162	0.333935	5.039060	-124.857307	731.279785	
0.522868	-0.655042	0.545463	0.510873	-0.271437	-0.815679	0.682363	0.705153	0.192718	-2.271980	-133.765137	722.889343	
0.629309	-0.586059	0.510398	0.470322	-0.235630	-0.850457	0.618683	0.775250	0.127353	-12.386768	-141.635406	746.780151	
0.669601	-0.582183	0.461192	0.420204	-0.215063	-0.881576	0.612424	0.784098	0.100629	-22.978806	-162.105270	806.115662	
0.729595	-0.596214	0.334995	0.303687	-0.156442	-0.939841	0.612754	0.787435	0.066923	-34.246902	-175.766541	836.488464	
0.795914	0.603449	-0.048680	0.499085	-0.608492	0.616970	0.342688	-0.515351	-0.785480	-56.546001	-181.697998	814.794983	
0.795914	0.603449	-0.048680	0.499085	-0.608492	0.616970	0.342688	-0.515351	-0.785480	-56.546001	-181.697998	814.794983	
0.795914	0.603449	-0.048680	0.499085	-0.608492	0.616970	0.342688	-0.515351	-0.785480	-56.546001	-181.697998	814.794983	
0.857257	0.458400	-0.234477	0.472051	-0.517856	0.713438	0.205614	-0.722285	-0.660323	-94.742241	-215.598282	844.029968	
0.865620	0.408130	-0.290054	0.478583	-0.504139	0.718890	0.147172	-0.761101	-0.631716	-108.683784	-223.813583	878.746460	
0.878558	0.296950	-0.374107	0.476484	-0.490541	0.729611	0.033142	-0.819262	-0.572460	-115.534119	-228.095444	893.084656	
0.892749	0.183145	-0.411650	0.443756	-0.515528	0.733016	-0.077969	-0.837072	-0.541508	-112.696129	-230.858612	881.852356	
0.853803	0.110977	-0.508628	0.497274	-0.463004	0.733721	-0.154071	-0.879381	-0.450500	-117.617691	-238.658188	903.282349	
0.834855	0.047845	-0.548386	0.507693	-0.451954	0.733474	-0.212753	-0.890757	-0.401606	-117.383598	-239.025040	902.906921	
0.784108	0.012491	-0.620498	0.566932	-0.421201	0.707939	-0.252512	-0.906881	-0.337348	-118.656395	-248.028336	931.632935	
0.727986	-0.026785	-0.685068	0.616671	-0.411060	0.671376	-0.299587	-0.911215	-0.282729	-118.339745	-253.313797	937.620361	
0.705908	-0.055506	-0.706125	0.635723	-0.389947	0.666181	-0.312328	-0.919163	-0.239979	-116.551605	-256.440582	947.880005	
0.687128	-0.206890	-0.696455	0.658781	-0.226807	0.717333	-0.306370	-0.951712	-0.019550	-110.570557	-278.247040	980.595215	
0.576572	-0.149607	-0.803233	0.695997	-0.425006	0.578756	-0.427964	-0.892742	-0.140921	-98.016899	-253.289001	964.247986	
0.576572	-0.149607	-0.803233	0.695997	-0.425006	0.578756	-0.427964	-0.892742	-0.140921	-98.016899	-253.289001	964.247986	
0.576572	-0.149607	-0.803233	0.695997	-0.425006	0.578756	-0.427964	-0.892742	-0.140921	-98.016899	-253.289001	964.247986	
0.576572	-0.149607	-0.803233	0.695997	-0.425006	0.578756	-0.427964	-0.892742	-0.140921	-98.016899	-253.289001	964.247986	
0.576572	-0.149607	-0.803233	0.695997	-0.425006	0.578756	-0.427964	-0.892742	-0.140921	-98.016899	-253.289001	964.247986	
0.316943	-0.220210	-0.922526	0.671513	-0.634798	0.382233	-0.669789	-0.740634	-0.053321	-52.186531	-245.817108	1021.636414	
0.215122	-0.214118	-0.952825	0.742050	-0.598453	0.302018	-0.634889	-0.772015	0.030146	-40.685398	-228.108994	1005.630005	
0.215122	-0.214118	-0.952825	0.742050	-0.598453	0.302018	-0.634889	-0.772015	0.030146	-40.685398	-228.108994	1005.630005	
0.215122	-0.214118	-0.952825	0.742050	-0.598453	0.302018	-0.634889	-0.772015	0.030146	-40.685398	-228.108994	1005.630005	
0.215122	-0.214118	-0.952825	0.742050	-0.598453	0.302018	-0.634889	-0.772015	0.030146	-40.685398	-228.108994	1005.630005	
0.062517	-0.018875	-0.997866	0.753196	-0.655092	0.059580	-0.654818	-0.755313	-0.026738	7.882139	-192.853653	1036.933228	
0.068110	0.070419	-0.995190	0.662990	-0.748589	-0.007595	-0.745523	-0.659284	-0.097674	18.999250	-188.134659	1057.935181	
-0.017013	0.068260	-0.997522	0.657409	-0.750929	-0.062599	-0.753342	-0.656845	-0.032099	26.560699	-163.503998	1023.919983	
-0.017013	0.068260	-0.997522	0.657409	-0.750929	-0.062599	-0.753342	-0.656845	-0.032099	26.560699	-163.503998	1023.919983	
-0.017013	0.068260	-0.997522	0.657409	-0.750929	-0.062599	-0.753342	-0.656845	-0.032099	26.560699	-163.503998	1023.919983	
0.029050	0.269513	-0.962559	0.585429	-0.785115	-0.202161	-0.810203	-0.557637	-0.180588	68.176147	-120.963600	1000.139465	
0.105916	0.253608	-0.961492	0.605039	-0.783777	-0.140083	-0.789120	-0.566902	-0.236457	72.446663	-115.554153	990.099060	
0.084523	0.332781	-0.939209	0.533718	-0.811083	-0.239352	-0.841428	-0.481042	-0.246166	90.498802	-106.278999	1021.590027	
0.084523	0.332781	-0.939209	0.533718	-0.811083	-0.239352	-0.841428	-0.481042	-0.246166	90.498802	-106.278999	1021.590027	
0.084523	0.332781	-0.939209	0.533718	-0.811083	-0.239352	-0.841428	-0.481042	-0.246166	90.498802	-106.278999	1021.590027	
0.084523	0.332781	-0.939209	0.533718	-0.811083	-0.239352	-0.841428	-0.481042	-0.246166	90.498802	-106.278999	1021.590027	
0.326588	0.382154	-0.864465	0.409638	-0.881482	-0.234918	-0.851784	-0.277396	-0.444425	118.537521	-52.051060	1011.067749	
0.386802	0.319319	-0.865112	0.423681	-0.894795	-0.140843	-0.819071	-0.312053	-0.481398	120.921249	-45.228870	1008.703674	
0.474347	0.312163	-0.823134	0.382520	-0.915225	-0.126653	-0.792889	-0.254788	-0.553543	126.240372	-30.093218	1038.531494	
0.518555	0.330956	-0.788396	0.326615	-0.928802	-0.175070	-0.790204	-0.166718	-0.589731	125.502998	-15.991500	998.991028	
0.518555	0.330956	-0.788396	0.326615	-0.928802	-0.175070	-0.790204	-0.166718	-0.589731	125.502998	-15.991500	998.991028	
0.518555	0.330956	-0.788396	0.326615	-0.928802	-0.175070	-0.790204	-0.166718	-0.589731	125.502998	-15.991500	998.991028	
0.518555	0.330956	-0.788396	0.326615	-0.928802	-0.175070	-0.790204	-0.166718	-0.589731	125.502998	-15.991500	998.991028	
0.518555	0.330956	-0.788396	0.326615	-0.928802	-0.175070	-0.790204	-0.166718	-0.589731	125.502998	-15.991500	998.991028	
0.732273	0.079871	-0.676311	0.091278	-0.995649	-0.018753	-0.674867	-0.048000	-0.736377	93.217224	24.834311	949.457947	
0.795605	-0.012029	-0.605697	-0.000460	-0.999815	0.019252	-0.605816	-0.015039	-0.795462	90.389572	31.362505	967.026184	
0.819269	-0.083823	-0.567250	-0.032834	-0.994492	0.099536	-0.572469	-0.062922	-0.817508	77.521103	39.176380	961.955872	
0.822258	-0.143247	-0.550793	-0.045455	-0.981243	0.187338	-0.567298	-0.129004	-0.813345	70.205399	46.610497	961.268616	
0.836847	-0.172584	-0.519521	-0.046735	-0.968064	0.246309	-0.545438	-0.181843	-0.818187	51.109901	48.019600	938.827026	
0.836847	-0.172584	-0.519521	-0.046735	-0.968064	0.246309	-0.545438	-0.181843	-0.818187	51.109901	48.019600	938.827026	
0.836847	-0.172584	-0.519521	-0.046735	-0.968064	0.246309	-0.545438	-0.181843	-0.818187	51.109901	48.019600	938.827026	
0.785026	-0.464876	-0.409418	-0.238296	-0.836693	0.493113	-0.571794	-0.289545	-0.767603	5.232497	55.916340	890.779053	
0.718904	-0.561361	-0.409941	-0.313874	-0.788361	0.529122	-0.620210	-0.251719	-0.742952	-13.729156	55.702961	864.714417	
0.649011	-0.669483	-0.361355	-0.344665	-0.682184	0.644849	-0.678226	-0.293969	-0.673492	-29.764357	54.497505	852.582153	
0.563577	-0.749078	-0.348227	-0.399108	-0.615998	0.679160	-0.723252	-0.243779	-0.646126	-53.261700	53.792000	879.119019	
0.563577	-0.749078	-0.348227	-0.399108	-0.615998	0.679160	-0.723252	-0.243779	-0.646126	-53.261700	53.792000	879.119019	
0.563577	-0.749078	-0.348227	-0.399108	-0.615998	0.679160	-0.723252	-0.243779	-0.646126	-53.261700	53.792000	879.119019	
0.563577	-0.749078	-0.348227	-0.399108	-0.615998	0.679160	-0.723252	-0.243779	-0.646126	-53.261700	53.792000	879.119019	
0.242538	-0.943639	-0.225214	-0.363871	-0.303682	0.880553	-0.899318	-0.131619	-0.417018	-106.749466	36.005074	831.063477	
0.108254	-0.969704	-0.218986	-0.328015	-0.242786	0.912941	-0.938449	-0.026998	-0.344360	-127.026619	32.534821	836.534180	
-0.003138	-0.956332	-0.292266	-0.242094	-0.282846	0.928110	-0.970248	0.073668	-0.230635	-145.805725	30.401455	831.489075	
-0.086692	-0.969977	-0.227220	-0.123674	-0.215836	0.968565	-0.988529	0.112068	-0.101250	-151.164429	23.813519	792.309753	
-0.288094	-0.952600	-0.097753	-0.035169	-0.091487	0.995185	-0.956956	0.290146	-0.007145	-153.763046	12.953741	778.407837	
-0.324754	-0.936387	-0.133095	0.045048	-0.155876	0.986749	-0.944725	0.314456	0.092803	-152.474640	9.373579	748.674438	
-0.341399	-0.897864	-0.278006	0.088271	-0.325097	0.941552	-0.935764	0.296906	0.190243	-149.312225	10.534275	714.642151	
-0.469577	-0.876984	-0.101961	0.210418	-0.223322	0.951762	-0.857451	0.425472	0.289400	-170.470993	-13.118800	743.817993	
-0.469577	-0.876984	-0.101961	0.210418	-0.223322	0.951762	-0.857451	0.425472	0.289400	-170.470993	-13.118800	743.817993	
-0.469577	-0.876984	-0.101961	0.210418	-0.223322	0.951762	-0.857451	0.425472	0.289400	-170.470993	-13.118800	743.817993	
-0.469577	-0.876984	-0.101961	0.210418	-0.223322	0.951762	-0.857451	0.425472	0.289400	-170.470993	-13.118800	743.817993	
-0.469577	-0.876984	-0.101961	0.210418	-0.223322	0.951762	-0.857451	0.425472	0.289400	-170.470993	-13.118800	743.817993	
-0.861640	-0.506751	-0.027934	0.310703	-0.570215	0.760473	-0.401298	0.646575	0.648769	-163.512573	-64.815956	704.523010	
-0.928266	-0.371912	-0.001885	0.255757	-0.642015	0.722777	-0.270019	0.670447	0.691080	-161.092834	-73.433632	694.290833	
-0.972624	-0.224654	0.059435	0.208489	-0.730628	0.650166	-0.102638	0.644758	0.757464	-156.216492	-87.403351	692.547119	
-0.980773	-0.179977	0.075447	0.188636	-0.775252	0.602828	-0.050005	0.605469	0.794296	-142.889877	-93.060493	680.251221	
-0.973696	-0.224060	0.041398	0.190860	-0.702800	0.685307	-0.124455	0.675181	0.727077	-125.425987	-96.963516	637.289490	
-0.999934	0.010617	0.004433	-0.008690	-0.949464	0.313754	0.007540	0.313695	0.949494	-116.258003	-119.597000	662.375977	
-0.999934	0.010617	0.004433	-0.008690	-0.949464	0.313754	0.007540	0.313695	0.949494	-116.258003	-119.597000	662.375977	
-0.999934	0.010617	0.004433	-0.008690	-0.949464	0.313754	0.007540	0.313695	0.949494	-116.258003	-119.597000	662.375977	
-0.960078	0.279085	0.019023	-0.277049	-0.958064	0.073192	0.038652	0.064999	0.997137	-80.582779	-139.375259	630.427917	
-0.910304	0.409608	0.059728	-0.410165	-0.912005	0.003172	0.055772	-0.021611	0.998210	-71.275146	-145.005463	620.401489	
-0.880325	0.471524	0.051889	-0.474329	-0.873534	-0.109315	-0.006218	-0.120845	0.992652	-61.885933	-156.234253	610.505859	
-0.844105	0.533522	0.053297	-0.530432	-0.816412	-0.228282	-0.078281	-0.220965	0.972135	-52.516106	-160.803314	601.822693	
-0.758088	0.649895	0.054202	-0.634216	-0.715330	-0.293383	-0.151895	-0.256786	0.954458	-33.143688	-171.103912	600.925293	
-0.657129	0.753719	0.009373	-0.695241	-0.601247	-0.393880	-0.291239	-0.265347	0.919114	-23.964001	-176.953522	610.629761	
-0.541332	0.840718	0.012367	-0.727095	-0.460683	-0.509022	-0.422246	-0.284542	0.860665	-4.636697	-184.235321	603.215088	
-0.428709	0.903066	0.026088	-0.767176	-0.348644	-0.538413	-0.477127	-0.250837	0.842278	13.427204	-193.162872	611.983215	
-0.300157	0.952640	0.048819	-0.784598	-0.217456	-0.580619	-0.542504	-0.212580	0.812711	22.046627	-199.785248	605.620789	
-0.160323	0.985506	0.055443	-0.704779	-0.074966	-0.705455	-0.691074	-0.152175	0.706583	30.293333	-200.239243	595.887085	
-0.026289	0.998793	0.041481	-0.601258	0.017352	-0.798867	-0.798622	-0.045942	0.600077	45.605267	-200.897751	592.356567	
0.102857	0.994171	0.032327	-0.492327	0.079122	-0.866807	-0.864311	0.073242	0.497596	52.214424	-204.003876	598.252075	
0.169612	0.985231	0.023474	-0.426020	0.094778	-0.899736	-0.888673	0.142606	0.435804	63.858578	-207.888458	611.034363	
0.235873	0.971621	-0.017781	-0.345091	0.066642	-0.936200	-0.908447	0.226960	0.351017	69.710297	-194.490997	565.020996	
0.235873	0.971621	-0.017781	-0.345091	0.066642	-0.936200	-0.908447	0.226960	0.351017	69.710297	-194.490997	565.020996	
0.235873	0.971621	-0.017781	-0.345091	0.066642	-0.936200	-0.908447	0.226960	0.351017	69.710297	-194.490997	565.020996	
0.235873	0.971621	-0.017781	-0.345091	0.066642	-0.936200	-0.908447	0.226960	0.351017	69.710297	-194.490997	565.020996	
0.235873	0.971621	-0.017781	-0.345091	0.066642	-0.936200	-0.908447	0.226960	0.351017	69.710297	-194.490997	565.020996	
0.235873	0.971621	-0.017781	-0.345091	0.066642	-0.936200	-0.908447	0.226960	0.351017	69.710297	-194.490997	565.020996	
0.235873	0.971621	-0.017781	-0.345091	0.066642	-0.936200	-0.908447	0.226960	0.351017	69.710297	-194.490997	565.020996	
0.235873	0.971621	-0.017781	-0.345091	0.066642	-0.936200	-0.908447	0.226960	0.351017	69.710297	-194.490997	565.020996	
0.235873	0.971621	-0.017781	-0.345091	0.066642	-0.936200	-0.908447	0.226960	0.351017	69.710297	-194.490997	565.020996	
0.235873	0.971621	-0.017781	-0.345091	0.066642	-0.936200	-0.908447	0.226960	0.351017	69.710297	-194.490997	565.020996	
0.854176	0.490247	-0.173323	0.210887	-0.631294	-0.746320	-0.475300	0.600938	-0.642623	54.118240	-137.897827	573.203430	
0.893262	0.398193	-0.208626	0.179557	-0.741509	-0.646470	-0.412118	0.540008	-0.733860	39.628956	-131.142136	578.411621	
0.924513	0.317313	-0.211159	0.142479	-0.801555	-0.580697	-0.353519	0.506777	-0.786258	25.968136	-125.195206	587.839111	
0.942156	0.248303	-0.225138	0.112800	-0.867419	-0.484624	-0.315623	0.431196	-0.845252	17.933830	-118.323547	595.257935	
0.951084	0.172940	-0.255991	-0.006136	-0.817892	-0.575340	-0.308873	0.548767	-0.776822	3.376355	-103.046829	572.020630	
0.961849	0.007043	-0.273492	-0.094832	-0.929108	-0.357442	-0.256621	0.369741	-0.892993	-15.660300	-97.020599	608.431030	
0.961849	0.007043	-0.273492	-0.094832	-0.929108	-0.357442	-0.256621	0.369741	-0.892993	-15.660300	-97.020599	608.431030	
0.961849	0.007043	-0.273492	-0.094832	-0.929108	-0.357442	-0.256621	0.369741	-0.892993	-15.660300	-97.020599	608.431030	
0.845946	-0.363229	-0.390435	-0.377251	-0.925100	0.043258	-0.376904	0.110698	-0.919614	-55.493004	-66.273239	627.779297	
0.814782	-0.428371	-0.390676	-0.439027	-0.895986	0.066816	-0.378662	0.117077	-0.918100	-75.358711	-54.286812	648.702515	
0.765155	-0.515559	-0.385664	-0.508743	-0.851255	0.128623	-0.394611	0.097787	-0.913630	-99.797119	-45.272865	678.875671	
0.668128	-0.596651	-0.444536	-0.573205	-0.793676	0.203749	-0.474384	0.118680	-0.872281	-120.103867	-38.120525	694.610779	
0.599994	-0.618522	-0.507382	-0.524359	-0.783044	0.334497	-0.604196	0.065355	-0.794151	-137.860916	-31.719315	700.146423	
0.542310	-0.647126	-0.535843	-0.497480	-0.761277	0.415896	-0.677062	0.041027	-0.734782	-149.019073	-19.709908	717.467224	
0.413866	-0.702707	-0.578720	-0.504249	-0.706244	0.496944	-0.757924	0.086151	-0.646630	-149.757996	-7.334210	689.658997	
0.413866	-0.702707	-0.578720	-0.504249	-0.706244	0.496944	-0.757924	0.086151	-0.646630	-149.757996	-7.334210	689.658997	
0.413866	-0.702707	-0.578720	-0.504249	-0.706244	0.496944	-0.757924	0.086151	-0.646630	-149.757996	-7.334210	689.658997	
0.413866	-0.702707	-0.578720	-0.504249	-0.706244	0.496944	-0.757924	0.086151	-0.646630	-149.757996	-7.334210	689.658997	
0.021165	-0.709047	-0.704844	-0.420594	-0.645895	0.637117	-0.907002	0.282969	-0.311891	-186.176651	20.983711	722.970276	
-0.082305	-0.665141	-0.742169	-0.376531	-0.668746	0.641095	-0.922741	0.332215	-0.195405	-193.567261	28.346651	741.590210	
-0.146351	-0.614129	-0.775518	-0.380513	-0.688692	0.617181	-0.913122	0.385420	-0.132893	-201.844559	35.693310	775.333191	
-0.204144	-0.576975	-0.790839	-0.381466	-0.697108	0.607061	-0.901559	0.425606	-0.077786	-205.466415	43.275570	787.490417	
-0.178977	-0.576524	-0.797237	-0.311296	-0.735507	0.601768	-0.933307	0.355880	-0.047830	-197.033005	37.494900	771.788025	
-0.178977	-0.576524	-0.797237	-0.311296	-0.735507	0.601768	-0.933307	0.355880	-0.047830	-197.033005	37.494900	771.788025	
-0.178977	-0.576524	-0.797237	-0.311296	-0.735507	0.601768	-0.933307	0.355880	-0.047830	-197.033005	37.494900	771.788025	
-0.178977	-0.576524	-0.797237	-0.311296	-0.735507	0.601768	-0.933307	0.355880	-0.047830	-197.033005	37.494900	771.788025	
-0.305828	-0.413376	-0.857665	-0.283561	-0.820399	0.496527	-0.908880	0.395051	0.133684	-182.277679	45.763580	829.851318	
-0.296493	-0.384185	-0.874353	-0.293803	-0.834428	0.466271	-0.908720	0.395133	0.134527	-178.480469	47.195419	852.328979	
-0.286844	-0.309298	-0.906672	-0.317782	-0.862133	0.394640	-0.903735	0.401323	0.149008	-170.223419	46.838390	876.300171	
-0.275074	-0.240235	-0.930925	-0.255119	-0.915327	0.311594	-0.926957	0.323208	0.190494	-159.692993	38.255199	857.862000	
-0.275074	-0.240235	-0.930925	-0.255119	-0.915327	0.311594	-0.926957	0.323208	0.190494	-159.692993	38.255199	857.862000	
-0.275074	-0.240235	-0.930925	-0.255119	-0.915327	0.311594	-0.926957	0.323208	0.190494	-159.692993	38.255199	857.862000	
-0.200563	-0.095743	-0.974992	-0.265634	-0.952617	0.148189	-0.942981	0.288712	0.165627	-116.825867	25.695992	889.592346	
-0.181108	-0.055124	-0.981918	-0.209807	-0.973277	0.093337	-0.960823	0.222917	0.164703	-99.270935	18.951080	906.695374	
-0.122371	-0.036488	-0.991814	-0.188172	-0.980345	0.059284	-0.974483	0.193886	0.113100	-77.712189	16.381161	898.815369	
-0.026943	-0.025494	-0.999312	-0.203408	-0.978620	0.030451	-0.978724	0.204088	0.021181	-57.308743	8.811943	930.966553	
0.053089	-0.054397	-0.997107	-0.234794	-0.971202	0.040483	-0.970595	0.231965	-0.064332	-36.197746	2.758934	973.015747	
0.125759	-0.044657	-0.991056	-0.241664	-0.970272	0.013055	-0.962177	0.237860	-0.132813	-26.813358	-1.381207	989.336975	
0.084030	-0.014427	-0.996359	-0.217697	-0.976007	-0.004227	-0.972392	0.217259	-0.085155	-21.166500	-16.744600	960.642029	
0.084030	-0.014427	-0.996359	-0.217697	-0.976007	-0.004227	-0.972392	0.217259	-0.085155	-21.166500	-16.744600	960.642029	
0.084030	-0.014427	-0.996359	-0.217697	-0.976007	-0.004227	-0.972392	0.217259	-0.085155	-21.166500	-16.744600	960.642029	
0.288770	-0.156093	-0.944588	-0.459370	-0.888223	0.006345	-0.839995	0.432083	-0.328196	27.995604	-37.221615	1015.308655	
0.280159	-0.210069	-0.936687	-0.356491	-0.928751	0.101665	-0.891305	0.305438	-0.335086	35.376400	-49.282600	989.918030	
0.280159	-0.210069	-0.936687	-0.356491	-0.928751	0.101665	-0.891305	0.305438	-0.335086	35.376400	-49.282600	989.918030	
0.280159	-0.210069	-0.936687	-0.356491	-0.928751	0.101665	-0.891305	0.305438	-0.335086	35.376400	-49.282600	989.918030	
0.291606	-0.338945	-0.894474	-0.261972	-0.927660	0.266115	-0.919966	0.156727	-0.359305	75.201202	-79.517288	983.710266	
0.279206	-0.431364	-0.857887	-0.329392	-0.882232	0.336403	-0.901968	0.188656	-0.388412	85.502602	-86.964111	997.132996	
0.224028	-0.524589	-0.821352	-0.376934	-0.823826	0.423358	-0.898739	0.214752	-0.382295	91.761436	-103.721802	1007.013123	
0.159456	-0.607029	-0.778518	-0.448999	-0.746916	0.490424	-0.879189	0.271353	-0.391656	95.709396	-113.183510	1014.008911	
0.032266	-0.687661	-0.725315	-0.560551	-0.613268	0.556494	-0.827492	0.388620	-0.405257	93.932640	-126.868637	993.004639	
-0.002234	-0.653967	-0.756520	-0.512431	-0.648897	0.562448	-0.858726	0.388921	-0.333664	92.791862	-136.623703	977.106445	
-0.007794	-0.711459	-0.702685	-0.459993	-0.621392	0.634254	-0.887889	0.328174	-0.322423	99.912193	-146.315033	1015.520935	
-0.058946	-0.765360	-0.640898	-0.459205	-0.549266	0.698168	-0.886373	0.335458	-0.319079	109.500755	-156.264816	1076.606323	
-0.166872	-0.801947	-0.573615	-0.363350	-0.490811	0.791885	-0.916587	0.340566	-0.209485	99.095802	-166.598007	1030.739990	
-0.166872	-0.801947	-0.573615	-0.363350	-0.490811	0.791885	-0.916587	0.340566	-0.209485	99.095802	-166.598007	1030.739990	
-0.166872	-0.801947	-0.573615	-0.363350	-0.490811	0.791885	-0.916587	0.340566	-0.209485	99.095802	-166.598007	1030.739990	
-0.166872	-0.801947	-0.573615	-0.363350	-0.490811	0.791885	-0.916587	0.340566	-0.209485	99.095802	-166.598007	1030.739990	
-0.166872	-0.801947	-0.573615	-0.363350	-0.490811	0.791885	-0.916587	0.340566	-0.209485	99.095802	-166.598007	1030.739990	
-0.711859	-0.656375	-0.249855	0.025952	-0.380096	0.924582	-0.701842	0.651688	0.287610	59.603470	-201.895264	1069.413940	
-0.863391	-0.481371	-0.151120	0.088686	-0.439657	0.893776	-0.496679	0.758276	0.422288	49.894379	-204.045441	1058.393066	
-0.832055	-0.548786	-0.080742	0.153354	-0.367472	0.917304	-0.533074	0.750865	0.389915	40.506001	-207.223007	1022.049988	
-0.832055	-0.548786	-0.080742	0.153354	-0.367472	0.917304	-0.533074	0.750865	0.389915	40.506001	-207.223007	1022.049988	
-0.832055	-0.548786	-0.080742	0.153354	-0.367472	0.917304	-0.533074	0.750865	0.389915	40.506001	-207.223007	1022.049988	
-0.832055	-0.548786	-0.080742	0.153354	-0.367472	0.917304	-0.533074	0.750865	0.389915	40.506001	-207.223007	1022.049988	
-0.964714	-0.198453	0.173040	0.262646	-0.679087	0.685461	-0.018523	0.706722	0.707248	-19.365120	-216.756699	1007.304565	
-0.964948	-0.118242	0.234294	0.244655	-0.728343	0.640046	0.094966	0.674933	0.731742	-30.405415	-218.675415	1013.075134	
-0.940147	-0.075405	0.332321	0.260439	-0.787904	0.558012	0.219760	0.611163	0.760384	-50.213272	-219.947876	1013.440491	
-0.899246	0.056423	0.433789	0.166031	-0.873420	0.457788	0.404710	0.483687	0.776052	-59.241493	-218.060120	1003.624756	
-0.818707	0.186841	0.542963	0.055859	-0.915181	0.399152	0.571488	0.357119	0.738828	-67.109100	-212.422684	988.900696	
-0.731079	0.303628	0.611010	-0.113461	-0.937157	0.329943	0.672793	0.171889	0.719585	-74.004272	-208.946121	977.235413	
-0.722126	0.336663	0.604312	-0.298385	-0.939728	0.166966	0.624100	-0.059747	0.779057	-94.482300	-201.615997	964.468994	
-0.722126	0.336663	0.604312	-0.298385	-0.939728	0.166966	0.624100	-0.059747	0.779057	-94.482300	-201.615997	964.468994	
-0.722126	0.336663	0.604312	-0.298385	-0.939728	0.166966	0.624100	-0.059747	0.779057	-94.482300	-201.615997	964.468994	
-0.722126	0.336663	0.604312	-0.298385	-0.939728	0.166966	0.624100	-0.059747	0.779057	-94.482300	-201.615997	964.468994	
-0.396819	0.500382	0.769515	-0.806446	-0.590445	-0.031923	0.438383	-0.633240	0.637830	-130.315948	-174.279327	930.741272	
-0.293851	0.492088	0.819452	-0.911158	-0.403288	-0.084559	0.288864	-0.771497	0.566876	-135.531097	-161.976044	917.897339	
-0.248781	0.490191	0.835357	-0.962631	-0.220421	-0.157341	0.107003	-0.843284	0.526708	-144.490875	-150.050385	911.123413	
-0.201674	0.518114	0.831196	-0.979425	-0.100317	-0.175108	-0.007343	-0.849409	0.527684	-151.902008	-135.658005	906.550354	
-0.196295	0.547358	0.813552	-0.976874	-0.180897	-0.113995	0.084773	-0.817114	0.570208	-159.804184	-111.313118	889.984436	
-0.199949	0.605099	0.770633	-0.969090	-0.238141	-0.064454	0.144518	-0.759700	0.634010	-174.308945	-94.275780	908.140686	
-0.026509	0.125781	0.991704	-0.880230	0.467269	-0.082795	-0.473806	-0.875122	0.098329	-145.270996	-102.653000	872.351990	
-0.026509	0.125781	0.991704	-0.880230	0.467269	-0.082795	-0.473806	-0.875122	0.098329	-145.270996	-102.653000	872.351990	
-0.026509	0.125781	0.991704	-0.880230	0.467269	-0.082795	-0.473806	-0.875122	0.098329	-145.270996	-102.653000	872.351990	
-0.008301	-0.106816	0.994244	-0.520494	0.849431	0.086912	-0.853825	-0.516776	-0.062648	-129.488602	-72.128639	827.730835	
-0.023193	-0.250039	0.967958	-0.364672	0.903622	0.224681	-0.930847	-0.347776	-0.112140	-120.305977	-65.929810	821.105591	
-0.046722	-0.296276	0.953959	-0.253866	0.927168	0.275521	-0.966110	-0.229304	-0.118534	-113.008232	-56.142593	808.088196	
-0.037585	-0.397205	0.916960	-0.172929	0.906349	0.385521	-0.984217	-0.144079	-0.102753	-99.424492	-42.409023	774.279114	
-0.146894	-0.427389	0.892054	-0.053675	0.903953	0.424251	-0.987695	0.014439	-0.155725	-99.128403	-27.130501	795.556030	
-0.146894	-0.427389	0.892054	-0.053675	0.903953	0.424251	-0.987695	0.014439	-0.155725	-99.128403	-27.130501	795.556030	
-0.146894	-0.427389	0.892054	-0.053675	0.903953	0.424251	-0.987695	0.014439	-0.155725	-99.128403	-27.130501	795.556030	
-0.319789	-0.516214	0.794518	0.360683	0.709093	0.605884	-0.876153	0.480324	-0.040571	-63.079720	1.186179	755.794861	
-0.398716	-0.516142	0.758039	0.480566	0.586413	0.652055	-0.781077	0.624273	0.014228	-54.360310	8.482088	743.350952	
-0.410835	-0.516220	0.751487	0.505324	0.557136	0.658974	-0.758856	0.650474	0.031967	-36.869034	18.320858	736.201416	
-0.567719	-0.409574	0.714104	0.582503	0.413098	0.700029	-0.581709	0.813387	0.004054	-33.146957	26.783100	737.475281	
-0.691551	-0.284532	0.663927	0.607175	0.268909	0.747681	-0.391276	0.920179	-0.013204	-29.083685	29.325735	734.146606	
-0.763802	-0.078622	0.640644	0.599072	0.283095	0.748980	-0.240250	0.955864	-0.169129	-22.780376	26.120184	718.172424	
-0.828888	0.076136	0.554209	0.547668	0.312399	0.776188	-0.114039	0.946895	-0.300641	-16.424168	24.213240	682.584290	
-0.883366	0.147257	0.444950	0.468679	0.282483	0.836986	-0.002439	0.947902	-0.318553	-6.848824	26.838573	652.913025	
-0.906350	-0.360980	0.219598	0.389831	-0.513937	0.764134	-0.162977	0.778179	0.606527	35.853001	54.402599	664.072998	
-0.906350	-0.360980	0.219598	0.389831	-0.513937	0.764134	-0.162977	0.778179	0.606527	35.853001	54.402599	664.072998	
-0.906350	-0.360980	0.219598	0.389831	-0.513937	0.764134	-0.162977	0.778179	0.606527	35.853001	54.402599	664.072998	
-0.906350	-0.360980	0.219598	0.389831	-0.513937	0.764134	-0.162977	0.778179	0.606527	35.853001	54.402599	664.072998	
-0.991569	-0.091035	-0.092213	0.020152	-0.811320	0.584255	-0.128001	0.577472	0.806314	82.946419	59.425560	632.541870	
-0.989858	0.026337	-0.139596	-0.098444	-0.835633	0.540395	-0.102418	0.548658	0.829750	90.935394	58.337952	623.161621	
-0.975373	0.078620	-0.206073	-0.171120	-0.859227	0.482127	-0.139158	0.505518	0.851520	95.981659	57.106224	619.216492	
-0.945029	0.178513	-0.273956	-0.288817	-0.848524	0.443386	-0.153307	0.498137	0.853438	98.361092	53.548271	609.503357	
-0.896656	0.266674	-0.353402	-0.398789	-0.833189	0.383096	-0.192289	0.484439	0.853430	100.286942	50.951202	606.895020	
-0.856483	0.299962	-0.420070	-0.447741	-0.836669	0.315456	-0.256834	0.458266	0.850898	101.438850	45.300674	606.178162	
-0.801095	0.311466	-0.511112	-0.510192	-0.801859	0.311009	-0.312970	0.509913	0.801272	98.571182	37.942371	598.186340	
-0.705508	0.308256	-0.638151	-0.541810	-0.815043	0.205296	-0.456837	0.490595	0.742035	94.461037	27.889572	592.531494	
-0.625168	0.336484	-0.704232	-0.579024	-0.804977	0.129396	-0.523350	0.488662	0.698078	91.419174	19.822571	580.448914	
-0.523039	0.357836	-0.773552	-0.588537	-0.808110	0.024119	-0.616485	0.467880	0.633272	84.939217	15.750662	573.631592	
-0.396866	0.344138	-0.850921	-0.628148	-0.777794	-0.021597	-0.669273	0.525934	0.524849	75.374893	11.307393	568.690796	
-0.336279	0.339014	-0.878627	-0.612398	-0.787492	-0.069465	-0.715461	0.514710	0.472427	64.277145	4.701016	569.597534	
-0.282222	0.336750	-0.898303	-0.576853	-0.807751	-0.121573	-0.766545	0.483879	0.422220	51.462746	-1.370064	572.551453	
-0.240081	0.362008	-0.900727	-0.648047	-0.750606	-0.128941	-0.722769	0.552758	0.414805	36.130260	-15.419612	573.331909	
-0.266775	0.489775	-0.830030	-0.761438	-0.635067	-0.130004	-0.590797	0.597336	0.542353	28.854839	-30.526226	602.029846	
-0.302343	0.559026	-0.772061	-0.764878	-0.625627	-0.153467	-0.568814	0.544134	0.616740	9.964981	-33.561428	598.308167	
-0.333473	0.562230	-0.756764	-0.826820	-0.560080	-0.051761	-0.452949	0.608448	0.651634	-1.417322	-37.002441	578.776794	
-0.391888	0.537274	-0.746833	-0.862009	-0.498104	0.093987	-0.321503	0.680610	0.658335	-15.120146	-42.482468	540.345703	
0.076296	-0.201475	-0.976518	-0.571984	-0.811044	0.122645	-0.816709	0.549195	-0.177120	-40.778900	-67.055496	573.033997	
0.076296	-0.201475	-0.976518	-0.571984	-0.811044	0.122645	-0.816709	0.549195	-0.177120	-40.778900	-67.055496	573.033997	
0.105761	-0.423468	-0.899716	-0.639147	-0.722086	0.264731	-0.761778	0.547052	-0.347027	-80.742386	-93.742538	590.104675	
0.068169	-0.528197	-0.846381	-0.697380	-0.631899	0.338179	-0.713452	0.567195	-0.411430	-94.195473	-104.648010	607.914917	
0.036061	-0.635737	-0.771062	-0.670531	-0.587497	0.453029	-0.741004	0.500684	-0.447468	-104.548203	-110.490929	624.168579	
-0.004717	-0.691371	-0.722484	-0.636014	-0.555452	0.535685	-0.771663	0.462037	-0.437102	-122.495613	-117.289055	613.130920	
-0.065843	-0.784237	-0.616958	-0.607608	-0.458938	0.648218	-0.791503	0.417549	-0.446291	-131.055664	-131.853882	624.311462	
-0.160839	-0.796588	-0.582733	-0.617578	-0.379326	0.688991	-0.769888	0.470699	-0.430946	-148.414871	-148.242920	641.661926	
-0.213748	-0.826267	-0.521146	-0.559687	-0.333658	0.758566	-0.800663	0.453820	-0.391133	-153.351410	-159.068970	644.652283	
-0.218028	-0.893361	-0.392898	-0.450009	-0.265205	0.852736	-0.866000	0.362727	-0.344198	-163.503845	-168.857056	647.436401	
-0.338292	-0.897095	-0.284214	-0.398793	-0.136894	0.906766	-0.852363	0.420094	-0.311445	-168.510941	-175.353104	641.808838	
-0.434894	-0.891589	-0.126236	-0.330106	0.027426	0.943545	-0.837793	0.452013	-0.306246	-187.403839	-193.160873	669.209290	
-0.502934	-0.864323	-0.001464	-0.244827	0.140837	0.959283	-0.828925	0.482814	-0.282442	-196.058182	-199.644608	673.421753	
-0.565581	-0.815358	0.123726	-0.144350	0.245587	0.958567	-0.811961	0.524287	-0.256596	-204.837830	-206.816696	681.674622	
-0.629476	-0.714033	0.306460	0.064644	0.344913	0.936406	-0.774326	0.609256	-0.170956	-204.014008	-198.098999	652.151978	
-0.629476	-0.714033	0.306460	0.064644	0.344913	0.936406	-0.774326	0.609256	-0.170956	-204.014008	-198.098999	652.151978	
-0.629476	-0.714033	0.306460	0.064644	0.344913	0.936406	-0.774326	0.609256	-0.170956	-204.014008	-198.098999	652.151978	
-0.629476	-0.714033	0.306460	0.064644	0.344913	0.936406	-0.774326	0.609256	-0.170956	-204.014008	-198.098999	652.151978	
-0.629476	-0.714033	0.306460	0.064644	0.344913	0.936406	-0.774326	0.609256	-0.170956	-204.014008	-198.098999	652.151978	
-0.629476	-0.714033	0.306460	0.064644	0.344913	0.936406	-0.774326	0.609256	-0.170956	-204.014008	-198.098999	652.151978	
-0.466949	-0.105030	0.878024	0.857569	0.188431	0.478611	-0.215716	0.976455	0.002082	-190.474991	-209.599380	711.658691	
-0.406805	-0.042866	0.912508	0.899929	0.152830	0.408377	-0.156965	0.987323	-0.023596	-185.236893	-207.641556	720.519470	
-0.268772	0.039987	0.962373	0.958402	0.110740	0.263062	-0.096055	0.993045	-0.068088	-170.076416	-207.243332	723.327576	
-0.161966	0.111745	0.980448	0.986254	0.051261	0.157083	-0.032707	0.992414	-0.118512	-161.257812	-205.887787	758.575317	
-0.023417	0.181239	0.983160	0.998404	0.054796	0.013679	-0.051395	0.981912	-0.182233	-144.521393	-206.724991	758.272827	
0.127366	0.258071	0.957693	0.985476	0.076412	-0.151651	-0.112317	0.963100	-0.244591	-128.495911	-209.286011	754.528809	
0.202623	0.296209	0.933383	0.970708	0.064910	-0.231325	-0.129108	0.952915	-0.274380	-120.787956	-206.603409	758.764465	
0.325334	0.376841	0.867265	0.926463	0.056547	-0.372112	-0.189269	0.924551	-0.330733	-116.080971	-202.006729	788.033875	
0.463622	-0.035548	0.885320	0.787341	-0.441759	-0.430050	0.406385	0.896429	-0.176820	-77.000801	-167.643005	831.103027	
0.463622	-0.035548	0.885320	0.787341	-0.441759	-0.430050	0.406385	0.896429	-0.176820	-77.000801	-167.643005	831.103027	
0.463622	-0.035548	0.885320	0.787341	-0.441759	-0.430050	0.406385	0.896429	-0.176820	-77.000801	-167.643005	831.103027	
0.718188	-0.172507	0.674127	0.481447	-0.576283	-0.660383	0.502409	0.798836	-0.330827	-24.815086	-143.079041	862.552673	
0.793105	-0.237713	0.560783	0.344624	-0.584015	-0.734956	0.502214	0.776157	-0.381264	-6.324495	-131.752319	883.456177	
0.869451	-0.238526	0.432622	0.227579	-0.583876	-0.779292	0.438479	0.776012	-0.453368	0.506121	-117.983383	896.746399	
0.877475	-0.294037	0.378921	0.129019	-0.616208	-0.776943	0.461944	0.730636	-0.502771	10.698095	-112.057854	919.255432	
0.935180	-0.284246	0.211288	0.002438	-0.591384	-0.806386	0.354165	0.754631	-0.552358	14.992373	-96.238289	948.717529	
0.874999	-0.469092	0.119706	-0.182764	-0.549034	-0.815573	0.448302	0.691747	-0.566137	29.662901	-82.327400	914.658997	
0.874999	-0.469092	0.119706	-0.182764	-0.549034	-0.815573	0.448302	0.691747	-0.566137	29.662901	-82.327400	914.658997	
0.874999	-0.469092	0.119706	-0.182764	-0.549034	-0.815573	0.448302	0.691747	-0.566137	29.662901	-82.327400	914.658997	
0.783666	-0.612313	-0.104599	-0.444924	-0.435781	-0.782392	0.433486	0.659672	-0.613940	52.852097	-44.570827	972.252441	
0.753809	-0.605146	-0.256067	-0.554426	-0.376587	-0.742155	0.352681	0.701413	-0.619384	61.766090	-28.943567	993.860962	
0.739549	-0.584205	-0.334324	-0.603418	-0.355339	-0.713877	0.298252	0.729684	-0.615311	65.612946	-12.056015	1013.739441	
0.678863	-0.619351	-0.394399	-0.664392	-0.289439	-0.689064	0.312617	0.729815	-0.607980	67.426460	1.979301	1012.518188	
0.640520	-0.620119	-0.452976	-0.703347	-0.236926	-0.670200	0.308282	0.747876	-0.587915	69.627716	15.737399	1027.219116	
0.595973	-0.630734	-0.496982	-0.739308	-0.189412	-0.646178	0.313432	0.752527	-0.579191	69.522636	28.363289	1032.108765	
0.544718	-0.635850	-0.546788	-0.777969	-0.139693	-0.612576	0.313124	0.759065	-0.570765	67.813927	32.559620	1037.211792	
0.487554	-0.641819	-0.591912	-0.810762	-0.081259	-0.579708	0.323969	0.762538	-0.559981	64.242264	42.128670	1044.581665	
0.412807	-0.584713	-0.698356	-0.859154	0.004587	-0.511697	0.302399	0.811227	-0.500465	56.278755	52.928398	1044.144531	
0.371444	-0.548538	-0.749089	-0.888060	0.025492	-0.459020	0.270886	0.835737	-0.477666	50.774040	65.259583	1052.461426	
0.331272	-0.507411	-0.795483	-0.908465	0.056195	-0.414166	0.254854	0.859870	-0.442349	40.509445	75.343521	1064.664551	
0.268156	-0.486772	-0.831351	-0.920037	0.126522	-0.370843	0.285701	0.864317	-0.413921	26.827034	84.767479	1077.164307	
0.213156	-0.470816	-0.856094	-0.926049	0.181960	-0.330643	0.311447	0.863263	-0.397212	19.033995	93.727074	1082.802734	
0.169555	-0.408935	-0.896673	-0.920162	0.260134	-0.292632	0.352922	0.874702	-0.332180	3.307245	94.942955	1075.214233	
0.092929	-0.316862	-0.943908	-0.900091	0.378566	-0.215696	0.425677	0.869648	-0.250025	-16.336712	93.947151	1066.779785	
0.066654	-0.250209	-0.965894	-0.891922	0.418983	-0.170084	0.447250	0.872840	-0.195241	-35.099648	93.885612	1056.166016	
0.032932	-0.137899	-0.989898	-0.886704	0.452970	-0.092600	0.461164	0.880797	-0.107359	-45.520050	95.260681	1062.454956	
0.013545	-0.097163	-0.995176	-0.866928	0.494796	-0.060108	0.498250	0.863560	-0.077532	-54.685551	97.266052	1069.760376	
-0.005600	-0.020426	-0.999775	-0.860948	0.508663	-0.005570	0.508663	0.860724	-0.020435	-63.734070	98.652847	1077.713257	
-0.015948	0.098591	-0.995000	-0.851829	0.519753	0.065154	0.523578	0.848609	0.075693	-84.606316	98.722000	1083.925781	
-0.023285	0.203380	-0.978823	-0.835042	0.534389	0.130900	0.549694	0.820406	0.157387	-98.901268	97.776489	1087.212769	
-0.005303	0.353924	-0.935259	-0.815951	0.539155	0.208656	0.578098	0.764232	0.285925	-112.002426	97.893173	1104.045044	
0.001390	0.411827	-0.911261	-0.827047	0.512723	0.230454	0.562132	0.753335	0.341312	-124.714134	96.520874	1118.193970	
0.019117	0.456360	-0.889590	-0.803461	0.536556	0.257988	0.595050	0.709820	0.376924	-135.380173	90.169434	1119.521362	
0.067987	0.518758	-0.852213	-0.747602	0.592126	0.300796	0.660659	0.616666	0.428081	-141.611145	81.729393	1109.717041	
0.095006	0.545305	-0.832836	-0.718421	0.616685	0.321824	0.689090	0.567752	0.450347	-151.383087	73.129410	1113.928345	
0.145139	0.596235	-0.789581	-0.650726	0.658672	0.377767	0.745313	0.458972	0.483584	-153.275162	66.955727	1087.760864	
0.199421	0.645802	-0.737002	-0.600354	0.674946	0.428978	0.774471	0.356915	0.522307	-155.751541	55.664623	1071.072021	
0.225719	0.681775	-0.695870	-0.585319	0.665911	0.462562	0.778750	0.302897	0.549364	-165.956726	44.320431	1065.199585	
0.291464	0.739513	-0.606770	-0.579896	0.641063	0.502752	0.760769	0.205329	0.615687	-174.740646	32.446598	1061.776245	
0.329249	0.802886	-0.496961	-0.582981	0.586864	0.561893	0.742784	0.104716	0.661290	-178.106140	27.329723	1061.667847	
0.346506	0.853367	-0.389486	-0.591161	0.521037	0.615669	0.728328	0.016915	0.685019	-181.565735	20.692333	1047.268311	
0.387206	0.882855	-0.265782	-0.584441	0.457980	0.669838	0.713092	-0.104032	0.693308	-182.017349	13.335689	1029.487915	
0.408340	0.898889	-0.158930	-0.599989	0.395510	0.695403	0.687948	-0.188605	0.700825	-181.732742	6.213547	1028.118652	
0.462173	0.886565	-0.019965	-0.621138	0.339708	0.706248	0.632917	-0.314009	0.707682	-181.670700	-0.181314	1024.440918	
0.501213	0.862047	0.075235	-0.641535	0.311836	0.700850	0.580705	-0.399541	0.709330	-177.179993	-13.052900	1015.280029	
0.501213	0.862047	0.075235	-0.641535	0.311836	0.700850	0.580705	-0.399541	0.709330	-177.179993	-13.052900	1015.280029	
0.501213	0.862047	0.075235	-0.641535	0.311836	0.700850	0.580705	-0.399541	0.709330	-177.179993	-13.052900	1015.280029	
0.501213	0.862047	0.075235	-0.641535	0.311836	0.700850	0.580705	-0.399541	0.709330	-177.179993	-13.052900	1015.280029	
0.547375	0.757679	0.355393	-0.702283	0.184896	0.687467	0.455169	-0.625889	0.633313	-142.073593	-49.317703	965.028503	
0.561586	0.713505	0.418965	-0.721188	0.173886	0.670560	0.405596	-0.678730	0.612223	-135.660263	-63.367836	962.978455	
