0.996666	-0.039860	0.071188	0.040707	0.999116	-0.010482	-0.070707	0.013345	0.997408	18.772568	3.662424	541.350098	
0.985289	-0.126809	0.114568	0.129583	0.991422	-0.017062	-0.111422	0.031657	0.993269	27.613329	7.232769	543.210205	
0.965508	-0.166043	0.200561	0.175509	0.984013	-0.030246	-0.192332	0.064403	0.979214	36.592178	15.398793	546.404724	
0.949368	-0.200071	0.242224	0.213118	0.976607	-0.028637	-0.230828	0.078809	0.969798	44.735870	18.287947	544.025330	
0.920007	-0.263440	0.290149	0.297357	0.951496	-0.078952	-0.255277	0.158914	0.953719	52.580170	23.796667	545.864624	
0.903214	-0.322624	0.283053	0.368057	0.921476	-0.124160	-0.220769	0.216322	0.951034	69.314339	25.678875	548.231445	
0.890068	-0.358048	0.282100	0.424739	0.876095	-0.228154	-0.165456	0.322891	0.931861	76.245186	29.404415	549.835388	
0.905087	-0.337398	0.258805	0.414403	0.836314	-0.358956	-0.095331	0.432135	0.896756	82.977020	30.530182	553.058411	
0.914955	-0.339418	0.218296	0.402513	0.806440	-0.433173	-0.029016	0.484200	0.874476	88.387703	31.238266	554.392578	
0.927750	-0.319148	0.193452	0.373146	0.784279	-0.495651	0.006466	0.532025	0.846704	98.187096	30.802994	559.709656	
0.924516	-0.341318	0.169623	0.375543	0.739741	-0.558347	0.065097	0.579901	0.812082	102.343620	29.249413	569.600281	
0.933851	-0.309084	0.179973	0.348481	0.672999	-0.652407	0.080527	0.671967	0.736190	105.590759	26.922140	575.036316	
0.938503	-0.295101	0.179242	0.326239	0.587936	-0.740202	0.113051	0.753157	0.648053	107.639465	25.373798	584.548889	
0.961866	-0.218467	0.164577	0.260757	0.550751	-0.792893	0.082580	0.805571	0.586716	109.520920	20.774881	598.787964	
0.970688	-0.175102	0.164632	0.227532	0.448851	-0.864154	0.077420	0.876283	0.475536	109.751846	15.136014	602.450012	
0.976116	-0.125218	0.177530	0.212434	0.379080	-0.900650	0.045480	0.916853	0.396627	107.681717	8.462508	605.266418	
0.972000	-0.064488	0.225957	0.234756	0.308493	-0.921804	-0.010260	0.949038	0.314994	103.200874	5.046715	610.420105	
0.963556	-0.003233	0.267485	0.263170	0.190726	-0.945709	-0.047958	0.981638	0.184626	99.809937	-3.724009	615.473633	
0.950418	0.060613	0.305012	0.301736	0.057581	-0.951652	-0.075246	0.996499	0.036437	94.811859	-13.734842	615.696289	
0.955740	0.065545	0.286819	0.287566	-0.002050	-0.957759	-0.062188	0.997847	-0.020808	84.632820	-23.696606	631.862244	
0.970208	0.026971	0.240768	0.240715	0.005256	-0.970582	-0.027443	0.999622	-0.001394	73.691292	-25.773800	632.326477	
0.980448	-0.050849	0.190096	0.191621	0.026958	-0.981099	0.044764	0.998342	0.036174	65.648338	-31.398645	646.944275	
0.991252	-0.089953	0.096578	0.098387	0.015881	-0.995022	0.087972	0.995819	0.024592	57.003822	-42.363094	657.684143	
0.993054	-0.113691	0.030272	0.032987	0.022078	-0.999212	0.112934	0.993270	0.025675	45.849388	-47.794945	666.087219	
0.983028	-0.181220	-0.028542	-0.025138	0.021053	-0.999463	0.181724	0.983216	0.016140	37.216564	-59.950069	677.317322	
0.934824	-0.338066	-0.108699	-0.104946	0.029417	-0.994043	0.339250	0.940662	-0.007979	23.285137	-74.638100	728.161438	
0.858681	-0.483023	-0.171331	-0.174935	0.037988	-0.983847	0.481730	0.874782	-0.051879	7.376178	-91.282013	769.404602	
0.745492	-0.619257	-0.246499	-0.144444	0.210938	-0.966768	0.650675	0.756323	0.067804	-0.698057	-105.448891	800.264404	
0.175404	0.682043	0.709965	0.791944	-0.526159	0.309807	0.584857	0.507912	-0.632430	-6.139065	-116.890755	802.193970	
0.488338	0.776812	0.397603	0.576453	-0.629220	0.521329	0.655155	-0.025386	-0.755068	-15.510322	-126.977676	766.483154	
0.484246	0.774495	0.407016	0.532535	-0.630009	0.565239	0.694199	-0.056965	-0.717526	-23.863642	-140.857635	759.781555	
0.544123	0.728471	0.416245	0.473668	-0.676210	0.564250	0.692509	-0.109860	-0.712995	-32.684639	-145.746689	771.931946	
0.546808	0.712289	0.440051	0.446345	-0.692666	0.566558	0.708362	-0.113384	-0.696683	-40.440586	-157.393646	774.072815	
0.569137	0.654825	0.497280	0.396924	-0.748451	0.531292	0.720093	-0.104996	-0.685888	-50.009983	-170.367126	783.172852	
0.581343	0.628930	0.516224	0.350243	-0.766088	0.538923	0.734418	-0.132496	-0.665639	-62.664669	-182.091003	837.259888	
0.578280	0.583674	0.570014	0.280676	-0.798368	0.532755	0.766037	-0.148093	-0.625504	-80.989632	-199.616089	880.152893	
0.796689	0.347504	-0.494497	0.572873	-0.173424	0.801087	0.192623	-0.921502	-0.337241	-97.259537	-197.575470	861.515198	
0.763766	0.248982	-0.595541	0.619556	-0.023858	0.784590	0.181141	-0.968214	-0.172480	-101.609383	-199.090897	828.845276	
0.789462	0.226174	-0.570609	0.586218	-0.002286	0.810150	0.181931	-0.974084	-0.134393	-109.136337	-202.367004	842.363159	
0.805252	0.170934	-0.567759	0.570673	0.036477	0.820367	0.160939	-0.984607	-0.068174	-112.793930	-203.695969	852.021851	
0.765019	0.139565	-0.628703	0.624836	0.075579	0.777090	0.155971	-0.987325	-0.029386	-110.379265	-204.436600	842.832825	
0.837861	0.130036	-0.530169	0.537706	-0.029133	0.842628	0.094127	-0.991081	-0.094330	-114.690903	-220.653900	886.827087	
0.794605	0.109616	-0.597149	0.592385	0.075440	0.802114	0.132974	-0.991107	-0.004989	-112.844551	-217.517395	883.138672	
0.684944	0.094564	-0.722433	0.713200	0.115732	0.691340	0.148985	-0.988769	0.011827	-110.418602	-221.575928	897.296265	
0.650916	0.098458	-0.752738	0.731077	0.185848	0.656495	0.204532	-0.977633	0.048992	-104.035316	-217.438705	869.753906	
0.741527	0.028267	-0.670327	0.670664	-0.003478	0.741753	0.018635	-0.999594	-0.021537	-108.381859	-237.619202	939.046021	
0.721435	0.046886	-0.690893	0.688643	0.056342	0.722908	0.072820	-0.997310	0.008359	-100.596687	-232.633926	927.121704	
0.610151	0.030623	-0.791693	0.791162	0.029653	0.610887	0.042183	-0.999091	-0.006135	-88.685699	-228.535614	922.436340	
0.589981	0.006453	-0.807391	0.807231	0.016761	0.589997	0.017340	-0.999838	0.004679	-81.964432	-224.486420	912.015503	
0.583571	-0.104955	-0.805251	0.792922	-0.140376	0.592932	-0.175269	-0.984519	0.001302	-73.552429	-235.179321	974.572266	
0.570861	-0.053728	-0.819286	0.818078	-0.047556	0.573138	-0.069755	-0.997422	0.016806	-64.911720	-222.764297	935.069641	
0.369719	-0.309037	-0.876245	0.696675	-0.531788	0.481505	-0.614779	-0.788478	0.018687	-60.228989	-249.918915	1046.617432	
0.341267	-0.241369	-0.908448	0.725270	-0.547173	0.417835	-0.597931	-0.801463	-0.011674	-48.472374	-231.750824	992.550720	
0.288797	-0.194616	-0.937401	0.780589	-0.519044	0.348245	-0.554327	-0.832297	0.002017	-38.925606	-219.750961	976.275146	
0.226442	-0.170270	-0.959027	0.796598	-0.534209	0.282936	-0.560496	-0.828027	0.014670	-29.161795	-210.113266	973.896423	
0.194403	-0.129209	-0.972375	0.790256	-0.566634	0.233287	-0.581123	-0.813776	-0.008046	-20.014721	-201.570694	975.828674	
0.124707	-0.116874	-0.985286	0.801148	-0.573966	0.169485	-0.585330	-0.810495	0.022056	-10.377279	-191.410873	982.379944	
0.044064	-0.068735	-0.996661	0.839312	-0.538556	0.074250	-0.541862	-0.839781	0.033960	7.976634	-177.758102	972.835022	
0.014980	0.001401	-0.999887	0.810068	-0.586227	0.011315	-0.586145	-0.810145	-0.009916	15.614637	-166.923309	976.758606	
-0.013638	0.058770	-0.998179	0.768668	-0.637841	-0.048056	-0.639504	-0.767922	-0.036475	25.392704	-155.787415	982.776001	
-0.063356	0.097018	-0.993264	0.798883	-0.591576	-0.108739	-0.598141	-0.800391	-0.040026	41.565796	-141.055679	972.975220	
-0.034064	0.186721	-0.981822	0.717695	-0.679105	-0.154051	-0.695524	-0.709897	-0.110876	50.709007	-129.274673	986.070374	
-0.066719	0.210621	-0.975288	0.762917	-0.619189	-0.185909	-0.643044	-0.756469	-0.119374	65.645302	-114.278427	975.959351	
-0.077340	0.246125	-0.966147	0.707852	-0.668873	-0.227058	-0.702114	-0.701450	-0.122489	73.475441	-108.730179	986.525391	
-0.103230	0.269682	-0.957400	0.668030	-0.694349	-0.267614	-0.736940	-0.667198	-0.108478	86.924667	-101.818176	989.683289	
-0.135146	0.328808	-0.934677	0.648018	-0.684279	-0.334418	-0.749539	-0.650883	-0.120596	99.015831	-94.231804	993.530579	
-0.167832	0.296844	-0.940061	0.661393	-0.673218	-0.330663	-0.731022	-0.677246	-0.083343	108.505966	-78.738205	988.478821	
-0.175211	0.245961	-0.953312	0.716630	-0.632091	-0.294794	-0.675088	-0.734823	-0.065514	110.548531	-62.130745	972.351013	
-0.180465	0.216200	-0.959526	0.759077	-0.589762	-0.275650	-0.625488	-0.778100	-0.057681	111.616737	-47.060837	955.067505	
0.359017	0.398905	-0.843790	0.292435	-0.906618	-0.304181	-0.886334	-0.137547	-0.442144	118.165619	-42.602394	965.463318	
0.312577	0.363527	-0.877579	0.248117	-0.923044	-0.293986	-0.916915	-0.125849	-0.378719	120.194313	-29.133537	962.078003	
0.281494	0.341945	-0.896568	0.210340	-0.933615	-0.290035	-0.936225	-0.106941	-0.334731	120.217850	-15.428747	957.068115	
0.254432	0.287154	-0.923476	0.148004	-0.955214	-0.256245	-0.955698	-0.071481	-0.285536	118.578934	-2.175554	961.551758	
0.245601	0.257687	-0.934493	0.122384	-0.964550	-0.233810	-0.961614	-0.056943	-0.268430	114.708061	3.566762	957.726562	
0.252529	0.175034	-0.951626	0.096872	-0.983134	-0.155123	-0.962727	-0.053013	-0.265225	112.225845	9.473598	961.714661	
0.240765	0.138751	-0.960615	0.069504	-0.989653	-0.125525	-0.968091	-0.036545	-0.247917	104.988625	20.854774	958.825684	
0.271709	0.098769	-0.957298	0.046746	-0.994900	-0.089381	-0.961243	-0.020464	-0.274940	94.157867	25.559729	949.268127	
0.287181	0.000803	-0.957876	0.009233	-0.999956	0.001929	-0.957831	-0.009398	-0.287176	86.995781	30.605961	936.568848	
0.320958	-0.039052	-0.946288	-0.005289	-0.999208	0.039442	-0.947078	-0.007654	-0.320910	73.748085	38.368305	925.761597	
0.336267	-0.092153	-0.937247	0.002234	-0.995120	0.098645	-0.941763	-0.035264	-0.334420	65.522926	44.292511	917.488770	
0.367735	-0.152757	-0.917299	0.007125	-0.985924	0.167041	-0.929903	-0.067963	-0.361470	50.023224	46.889156	914.198669	
0.413712	-0.204743	-0.887087	0.154720	-0.944398	0.290128	-0.897164	-0.257280	-0.359030	32.824974	51.795425	910.129578	
0.429103	-0.284982	-0.857121	0.305859	-0.847021	0.434747	-0.849894	-0.448710	-0.276295	15.055190	54.210323	894.942627	
0.437482	-0.384146	-0.813045	0.344441	-0.763614	0.546127	-0.830644	-0.518967	-0.201751	6.898577	55.486885	872.586243	
0.420018	-0.464555	-0.779598	0.371380	-0.695835	0.614727	-0.828046	-0.547724	-0.119736	-11.624168	55.386467	864.127625	
0.495587	-0.526220	-0.691005	0.345613	-0.610403	0.712712	-0.796834	-0.592031	-0.120639	-30.695629	54.824989	854.443481	
0.596267	-0.551429	-0.583431	0.296582	-0.524029	0.798393	-0.745991	-0.649091	-0.148917	-49.786583	53.262203	849.781982	
0.694535	-0.541054	-0.474218	0.269255	-0.415758	0.868704	-0.667175	-0.731031	-0.143077	-66.199615	49.254906	835.017822	
0.750170	-0.547890	-0.370218	0.190505	-0.357065	0.914446	-0.633207	-0.756519	-0.163484	-74.475723	44.258385	828.391174	
0.785712	-0.546251	-0.290286	0.148385	-0.289136	0.945718	-0.600531	-0.786137	-0.146122	-82.745598	38.490246	811.621948	
0.830024	-0.491234	-0.264101	0.175437	-0.219530	0.959702	-0.529416	-0.842909	-0.096035	-97.690445	34.345184	790.716309	
0.826619	-0.490234	-0.276353	0.214818	-0.179007	0.960109	-0.520146	-0.853011	-0.042659	-114.192116	30.663197	783.250122	
0.787243	-0.544706	-0.289039	0.241731	-0.158605	0.957293	-0.567286	-0.823493	0.006812	-129.853470	25.600010	780.491577	
0.672122	-0.695795	-0.253221	0.201333	-0.157363	0.966800	-0.712542	-0.700789	0.034319	-144.116837	20.971519	772.978333	
0.503815	-0.829745	-0.240196	0.201360	-0.157594	0.966757	-0.840014	-0.535432	0.087679	-150.254959	14.645832	764.766663	
0.537821	-0.799907	-0.266267	0.214555	-0.175567	0.960803	-0.815299	-0.573869	0.077201	-157.674286	8.067707	755.120117	
0.574914	-0.775965	-0.259524	0.193368	-0.179345	0.964596	-0.795036	-0.604743	0.046939	-161.902405	1.208500	745.032837	
0.693413	-0.650111	-0.310701	0.220764	-0.218781	0.950473	-0.685887	-0.727661	-0.008184	-165.220230	-12.343923	727.914490	
0.709423	-0.617231	-0.340214	0.221261	-0.263265	0.939007	-0.669150	-0.741430	-0.050197	-167.743896	-25.543278	719.146423	
0.754190	-0.549612	-0.359340	0.216999	-0.307881	0.926348	-0.619765	-0.776618	-0.112936	-168.877609	-33.342670	716.693787	
0.800262	-0.479376	-0.360250	0.216120	-0.329819	0.918973	-0.559350	-0.813276	-0.160339	-168.439255	-40.354069	718.591980	
0.836260	-0.342508	-0.428201	0.280147	-0.404426	0.870607	-0.471365	-0.848014	-0.242254	-166.097473	-46.720589	709.323669	
0.878496	-0.195563	-0.435890	0.320909	-0.434357	0.841636	-0.353924	-0.879255	-0.318823	-159.877380	-61.261162	697.844788	
0.890147	-0.086355	-0.447416	0.350046	-0.499026	0.792742	-0.291728	-0.862274	-0.413979	-158.949081	-69.702583	688.751587	
0.899566	0.032607	-0.435565	0.380687	-0.547435	0.745246	-0.214143	-0.836213	-0.504867	-153.814453	-84.545158	677.721008	
0.902733	0.037022	-0.428606	0.346234	-0.653844	0.672763	-0.255334	-0.755723	-0.603065	-142.636078	-93.882736	671.243774	
0.904477	0.060200	-0.422253	0.351011	-0.667472	0.656713	-0.242307	-0.742198	-0.624844	-128.180115	-107.901505	659.035461	
0.900896	0.136770	-0.411923	0.375454	-0.721725	0.581504	-0.217762	-0.678533	-0.701550	-114.273506	-115.669296	650.941406	
0.880099	0.228528	-0.416173	0.450569	-0.678390	0.580322	-0.149707	-0.698256	-0.700018	-106.322418	-123.074310	646.179871	
0.849947	0.263976	-0.455967	0.511818	-0.619051	0.595666	-0.125025	-0.739657	-0.661269	-87.897194	-128.145264	627.024963	
0.827572	0.305339	-0.471054	0.548865	-0.616180	0.564863	-0.117779	-0.726010	-0.677523	-80.342339	-135.619476	620.489319	
0.804024	0.375042	-0.461399	0.594317	-0.530688	0.604282	-0.018227	-0.760076	-0.649579	-71.393005	-142.130142	612.747375	
0.769329	0.364832	-0.524434	0.638555	-0.414082	0.648677	0.019500	-0.833927	-0.551531	-61.757477	-150.850922	594.319519	
0.770273	0.402876	-0.494339	0.634617	-0.407942	0.656387	0.062781	-0.819314	-0.569898	-53.783009	-156.959900	595.782715	
0.758773	0.446655	-0.474091	0.632143	-0.329497	0.701303	0.157029	-0.831824	-0.532364	-35.375351	-165.492889	589.664001	
0.731717	0.566926	-0.378398	0.623555	-0.332576	0.707511	0.275260	-0.753651	-0.596861	-25.951694	-171.903137	592.304504	
0.698077	0.602046	-0.387595	0.604886	-0.206191	0.769154	0.383148	-0.771380	-0.508107	-7.718246	-176.717499	576.970520	
0.665128	0.608904	-0.432252	0.598339	-0.088257	0.796367	0.446762	-0.788320	-0.423033	10.180051	-182.261383	571.700867	
0.616100	0.609719	-0.498663	0.612549	0.027120	0.789966	0.495181	-0.792154	-0.356774	18.513655	-188.896240	568.629761	
0.544556	0.635783	-0.547028	0.634906	0.113694	0.764178	0.548045	-0.763449	-0.341749	27.260433	-193.595749	572.427734	
0.530900	0.661062	-0.530228	0.562492	0.193091	0.803939	0.633837	-0.725061	-0.269331	44.594387	-198.013046	577.928955	
0.494687	0.710808	-0.500037	0.482172	0.254215	0.838382	0.723046	-0.655841	-0.216975	52.919441	-198.868118	575.751526	
0.423795	0.789999	-0.443058	0.427291	0.256932	0.866838	0.798637	-0.556676	-0.228673	65.414650	-199.740616	576.819397	
0.280286	0.902039	-0.328277	0.312905	0.237449	0.919623	0.907486	-0.360477	-0.215700	70.472862	-195.595245	565.965088	
0.347168	0.865971	-0.359956	0.321145	0.250843	0.913205	0.881102	-0.432634	-0.191019	74.094856	-192.773117	563.030945	
0.331634	0.869159	-0.366855	0.315388	0.264346	0.911400	0.889129	-0.417953	-0.186457	78.678665	-187.721222	561.389709	
0.456163	0.781294	-0.426023	0.334108	0.293349	0.895722	0.824796	-0.550933	-0.127222	79.053200	-187.067902	566.226440	
0.535520	0.721989	-0.438121	0.403622	0.236890	0.883726	0.741828	-0.650088	-0.164552	78.871529	-180.857147	567.521118	
0.597358	0.642652	-0.479754	0.462015	0.213203	0.860864	0.655521	-0.735896	-0.169556	77.813126	-176.280380	566.520569	
0.636188	0.610675	-0.471531	0.492627	0.148844	0.857416	0.593788	-0.777767	-0.206143	74.164169	-167.851852	572.287292	
0.712548	0.471833	-0.519278	0.557446	0.068721	0.827363	0.426063	-0.879006	-0.214055	66.369019	-160.034882	567.207825	
0.763285	0.404121	-0.504066	0.567902	-0.047690	0.821713	0.308033	-0.913462	-0.265903	62.052906	-152.741379	563.606384	
0.799721	0.348847	-0.488624	0.556261	-0.124333	0.821653	0.225879	-0.928896	-0.293481	57.102356	-146.043671	563.528687	
0.845125	0.335982	-0.415790	0.517977	-0.322392	0.792315	0.132156	-0.884975	-0.446492	53.202599	-135.558365	574.390320	
0.885925	0.275233	-0.373341	0.463754	-0.511149	0.723643	0.008338	-0.814232	-0.580480	41.639771	-130.177414	584.853088	
0.910426	0.250262	-0.329385	0.411568	-0.628229	0.660257	-0.041692	-0.736680	-0.674955	28.130533	-124.549576	592.705688	
0.941022	0.208305	-0.266621	0.323390	-0.785438	0.527736	-0.099484	-0.582834	-0.806478	20.408276	-117.750160	596.886108	
0.965783	0.087759	-0.244054	0.205124	-0.834304	0.511723	-0.158707	-0.544274	-0.823758	2.971143	-110.495346	602.145630	
0.983765	0.041239	-0.174660	0.125844	-0.852377	0.507558	-0.127945	-0.521298	-0.843729	-15.242412	-95.226074	603.824585	
0.987524	-0.074611	-0.138675	0.011065	-0.845577	0.533737	-0.157083	-0.528613	-0.834202	-33.934753	-88.592354	610.941711	
0.960927	-0.203148	-0.188018	-0.087326	-0.867046	0.490514	-0.262668	-0.454930	-0.850908	-44.356026	-74.384125	622.839661	
0.913861	-0.332363	-0.233226	-0.204118	-0.872608	0.443723	-0.350992	-0.357895	-0.865283	-54.641888	-67.725914	630.142639	
0.880322	-0.390295	-0.269634	-0.290049	-0.892624	0.345099	-0.375373	-0.225591	-0.899001	-74.410866	-53.289074	638.909058	
0.842487	-0.488028	-0.228131	-0.408833	-0.854973	0.319182	-0.350816	-0.175639	-0.919825	-92.354469	-44.930237	631.582703	
0.778955	-0.601788	-0.176297	-0.570705	-0.796834	0.198371	-0.259857	-0.053908	-0.964141	-110.873528	-37.283424	649.193726	
0.768297	-0.633226	-0.093512	-0.611018	-0.769060	0.187628	-0.190727	-0.087017	-0.977778	-129.865158	-31.441683	665.117493	
0.755759	-0.654219	-0.028740	-0.642526	-0.749294	0.160372	-0.126453	-0.102737	-0.986638	-138.374069	-19.312605	669.722534	
0.711153	-0.702627	-0.024024	-0.698369	-0.709949	0.090851	-0.080890	-0.047831	-0.995575	-145.392365	-6.228124	671.865967	
0.665653	-0.744918	-0.044750	-0.744100	-0.667091	0.036120	-0.056759	0.009256	-0.998345	-152.311554	-0.825684	682.211853	
0.629083	-0.773309	-0.079040	-0.776600	-0.629659	-0.020543	-0.033882	0.074306	-0.996660	-165.851578	3.680285	690.298462	
0.655674	-0.753773	-0.043791	-0.755035	-0.654855	-0.032971	-0.003824	0.054682	-0.998496	-177.274445	9.004896	701.927124	
0.661543	-0.742147	-0.107597	-0.749756	-0.651683	-0.114785	0.015068	0.156607	-0.987546	-184.304764	17.707626	716.496033	
0.693183	-0.708121	-0.134389	-0.717810	-0.661381	-0.217539	0.065162	0.247259	-0.966756	-189.307999	21.917076	723.145752	
0.727914	-0.656194	-0.198874	-0.677574	-0.643963	-0.355254	0.105049	0.393346	-0.913369	-192.544525	28.538254	740.117493	
0.751468	-0.627081	-0.205099	-0.651617	-0.656693	-0.379669	0.103396	0.418954	-0.902101	-193.554199	35.068001	744.358643	
0.781796	-0.595125	-0.186068	-0.613967	-0.682651	-0.396272	0.108812	0.424043	-0.899081	-195.548035	36.981964	763.370483	
0.816213	-0.543871	-0.194937	-0.565606	-0.683378	-0.461611	0.117841	0.487030	-0.865399	-194.308807	37.930321	768.416992	
0.850215	-0.510252	-0.129529	-0.510850	-0.740251	-0.437105	0.127150	0.437802	-0.890034	-191.923599	39.944878	790.122742	
0.875714	-0.472648	-0.098634	-0.460925	-0.757522	-0.462285	0.143781	0.450292	-0.881229	-187.160828	41.662773	798.197693	
0.898351	-0.436021	-0.053390	-0.402214	-0.767590	-0.499028	0.176606	0.469776	-0.864939	-180.313782	42.078510	810.821594	
0.928531	-0.371255	-0.000815	-0.333575	-0.833323	-0.440794	0.162968	0.409562	-0.897608	-177.317642	42.222687	833.092834	
0.950550	-0.307845	-0.041052	-0.294976	-0.853543	-0.429478	0.097174	0.420350	-0.902143	-164.951385	40.329350	835.270203	
0.964476	-0.263951	0.010761	-0.247286	-0.916411	-0.314704	0.092929	0.300863	-0.949129	-158.546219	37.939342	848.921753	
0.974420	-0.224732	0.000777	-0.215187	-0.934018	-0.285137	0.064805	0.277675	-0.958486	-143.972443	36.012268	864.963257	
0.988879	-0.139723	-0.050950	-0.148649	-0.917749	-0.368291	0.004700	0.371769	-0.928313	-136.849808	31.140625	887.848572	
0.991228	-0.111922	-0.070287	-0.126635	-0.956505	-0.262793	-0.037817	0.269389	-0.962288	-119.410881	24.661102	894.007507	
0.988283	-0.096451	-0.118291	-0.117997	-0.974407	-0.191326	-0.096810	0.203042	-0.974372	-101.984947	17.645372	906.122742	
0.982588	-0.081910	-0.166769	-0.105246	-0.985063	-0.136277	-0.153115	0.151456	-0.976533	-82.660316	14.320448	905.411072	
0.974883	-0.069464	-0.211605	-0.108594	-0.977776	-0.179327	-0.194446	0.197802	-0.960762	-65.642235	5.086908	937.661255	
0.960505	-0.068733	-0.269639	-0.119283	-0.977167	-0.175823	-0.251398	0.201042	-0.946774	-45.566921	-0.240286	947.524109	
0.951789	-0.044008	-0.303579	-0.096161	-0.982575	-0.159050	-0.291290	0.180574	-0.939437	-32.655861	-5.100883	940.911621	
0.947980	-0.039538	-0.315864	-0.073521	-0.992622	-0.096401	-0.309723	0.114609	-0.943894	-20.815666	-15.624733	936.067749	
0.937122	-0.049262	-0.345507	-0.099197	-0.986752	-0.128364	-0.334606	0.154566	-0.929595	-1.740259	-20.979801	942.370605	
0.921754	-0.085238	-0.378291	-0.182986	-0.955705	-0.230525	-0.341886	0.281709	-0.896523	17.125616	-27.488106	959.437805	
0.911243	-0.177525	-0.371646	-0.320065	-0.873128	-0.367701	-0.259218	0.454015	-0.852452	26.341215	-35.141834	965.269531	
0.904040	-0.190998	-0.382402	-0.372109	-0.791898	-0.484178	-0.210347	0.580011	-0.786981	34.088020	-48.130978	956.846924	
0.884801	-0.188511	-0.426134	-0.425616	-0.699215	-0.574410	-0.189677	0.689608	-0.698900	48.527328	-60.586189	943.155457	
0.374550	-0.336540	-0.863975	-0.134201	-0.941669	0.308625	-0.917443	0.000351	-0.397866	62.539951	-66.227036	962.493958	
0.308766	-0.410524	-0.857982	-0.172771	-0.911259	0.373840	-0.935315	0.032806	-0.352292	74.888161	-80.010208	961.519104	
0.260286	-0.515913	-0.816140	-0.211109	-0.855233	0.473297	-0.942170	0.049102	-0.331519	83.987411	-86.419716	959.707458	
0.347969	-0.581990	-0.734987	-0.326956	-0.810094	0.486670	-0.878645	0.070963	-0.472173	89.410133	-100.776154	968.760071	
0.308299	-0.656175	-0.688757	-0.362280	-0.750451	0.552788	-0.879604	0.079099	-0.469083	91.958542	-107.149200	965.902832	
0.218990	-0.722201	-0.656101	-0.335404	-0.687165	0.644444	-0.916268	0.078933	-0.392712	95.044212	-114.498260	971.814636	
0.184795	-0.763504	-0.618799	-0.319334	-0.642127	0.696921	-0.929450	0.068816	-0.362475	96.742142	-127.691505	974.762207	
0.080419	-0.794752	-0.601583	-0.423758	-0.573540	0.701057	-0.902198	0.198547	-0.382907	98.279663	-142.431564	991.156494	
0.008604	-0.819145	-0.573521	-0.482569	-0.505737	0.715092	-0.875815	0.270610	-0.399647	97.790062	-148.820114	994.147705	
-0.000799	-0.839832	-0.542846	-0.478618	-0.476310	0.737600	-0.878022	0.260405	-0.401579	95.938103	-160.229630	993.386597	
-0.059665	-0.835768	-0.545830	-0.528120	-0.437580	0.727746	-0.847071	0.331685	-0.415278	89.622269	-172.554169	1000.448975	
-0.188418	-0.814089	-0.549325	-0.598328	-0.348396	0.721543	-0.778782	0.464627	-0.421449	84.892563	-177.124878	995.706909	
-0.317451	-0.723489	-0.613015	-0.594929	-0.351449	0.722871	-0.738433	0.594177	-0.318857	74.266510	-182.751144	997.150391	
-0.360397	-0.702642	-0.613521	-0.565291	-0.358668	0.742835	-0.741997	0.614533	-0.267935	61.704685	-186.141556	989.897339	
-0.393642	-0.671632	-0.627659	-0.564719	-0.362079	0.741615	-0.725354	0.646381	-0.236755	55.099281	-189.711655	986.730957	
-0.430278	-0.625581	-0.650776	-0.589318	-0.351426	0.727464	-0.683787	0.696525	-0.217456	47.964626	-197.099899	989.927490	
-0.478166	-0.559827	-0.676721	-0.592596	-0.363035	0.719052	-0.648217	0.744848	-0.158161	39.903477	-202.002213	995.912415	
-0.499108	-0.455236	-0.737327	-0.600031	-0.432327	0.673095	-0.625183	0.778365	-0.057378	30.634451	-205.302872	989.938538	
-0.455314	-0.310374	-0.834481	-0.647976	-0.527258	0.549660	-0.610586	0.790991	0.038953	11.495340	-207.836533	980.791504	
-0.484206	-0.237716	-0.842043	-0.635120	-0.566446	0.525131	-0.601803	0.789069	0.123298	1.957032	-204.914795	959.099915	
-0.491197	-0.180186	-0.852208	-0.624340	-0.609398	0.488707	-0.607391	0.772118	0.186837	-16.474691	-202.564713	943.475830	
-0.976370	-0.117252	0.181528	0.210578	-0.704924	0.677301	0.048549	0.699523	0.712958	-26.024605	-204.546753	951.443420	
-0.982852	-0.064038	0.172920	0.163366	-0.737317	0.655495	0.085520	0.672504	0.735136	-44.885712	-203.700714	941.917358	
-0.949555	0.047141	0.310037	0.139150	-0.822649	0.551258	0.281038	0.566592	0.774590	-55.120949	-205.293823	951.447021	
-0.932336	0.136511	0.334834	0.058256	-0.857195	0.511687	0.356869	0.496570	0.791240	-65.171539	-201.759399	941.612183	
-0.906131	0.204899	0.370058	-0.010195	-0.885173	0.465150	0.422874	0.417714	0.804171	-75.751785	-202.747757	943.013611	
-0.889517	0.187616	0.416603	0.100941	-0.808578	0.579666	0.445610	0.557675	0.700306	-92.542938	-197.602371	940.005371	
-0.864622	0.185855	0.466783	0.135600	-0.808265	0.572991	0.483778	0.558717	0.673641	-102.006317	-194.257080	931.658752	
-0.791262	0.291456	0.537547	-0.013415	-0.887160	0.461267	0.611330	0.357771	0.705885	-110.985313	-191.982452	932.573669	
-0.780507	0.265621	0.565909	0.087385	-0.849999	0.519485	0.619009	0.454914	0.640219	-122.680199	-179.705261	914.778442	
-0.746862	0.296975	0.594981	0.110402	-0.826943	0.551340	0.655749	0.477462	0.584825	-129.530624	-171.949844	919.068298	
-0.769395	0.238218	0.592691	0.311349	-0.670322	0.673594	0.557756	0.702794	0.441573	-134.597916	-163.511337	913.177002	
-0.762050	0.200980	0.615539	0.437981	-0.540171	0.718601	0.476920	0.817204	0.323610	-141.045181	-152.419144	905.852173	
-0.761069	0.080167	0.643698	0.583054	-0.350366	0.733001	0.284292	0.933176	0.219911	-143.208664	-139.933975	903.606140	
-0.769863	-0.098256	0.630601	0.637415	-0.167653	0.752059	0.031827	0.980937	0.191700	-137.598846	-119.614288	854.499268	
-0.773594	-0.180255	0.607503	0.631578	-0.297361	0.716019	0.051581	0.937595	0.343882	-142.099945	-106.692207	845.389160	
-0.793213	-0.139732	0.592695	0.581369	-0.463352	0.668816	0.181171	0.875088	0.448772	-145.158768	-102.530571	869.725647	
-0.810365	-0.077230	0.580813	0.509277	-0.583016	0.633031	0.289734	0.808781	0.511787	-140.710678	-94.700546	858.503235	
-0.798957	0.041385	0.599962	0.402938	-0.703751	0.585128	0.446439	0.709240	0.545591	-132.079712	-79.140503	828.711975	
-0.757778	0.094704	0.645603	0.292918	-0.834745	0.466261	0.583071	0.542431	0.604810	-128.244431	-71.420471	819.075806	
-0.720535	0.158704	0.675013	0.268144	-0.833957	0.482300	0.639475	0.528515	0.558339	-116.973053	-63.447746	797.477173	
-0.719487	0.176645	0.671665	0.269346	-0.820449	0.504297	0.640149	0.543746	0.542723	-111.414215	-56.456909	796.876282	
-0.724020	0.175147	0.667172	0.391606	-0.691866	0.606603	0.567838	0.700460	0.432335	-102.775635	-42.436333	782.552002	
-0.733567	0.178761	0.655686	0.429331	-0.626004	0.650994	0.526834	0.759054	0.382467	-95.118698	-27.885593	767.468384	
-0.683457	0.283657	0.672625	0.313584	-0.717985	0.621420	0.659205	0.635638	0.401761	-80.784431	-13.078346	765.844971	
-0.616082	0.376883	0.691666	0.210280	-0.767541	0.605527	0.759095	0.518498	0.393616	-72.141533	-6.310701	762.469299	
-0.603288	0.416611	0.680057	0.239369	-0.718810	0.652698	0.760754	0.556549	0.333925	-62.337715	0.654682	746.714233	
-0.593853	0.467406	0.654880	0.289279	-0.635480	0.715879	0.750770	0.614570	0.242170	-52.212784	6.960073	738.335205	
-0.609238	0.516992	0.601288	0.340573	-0.514177	0.787167	0.716127	0.684355	0.137182	-31.931561	18.868370	723.926697	
-0.645886	0.553051	0.526275	0.434501	-0.300516	0.849057	0.627726	0.777061	-0.046203	-20.770321	29.046894	712.735291	
-0.683057	0.593773	0.425282	0.465215	-0.095170	0.880066	0.563035	0.798984	-0.211225	-10.270636	34.567265	702.120667	
-0.763858	0.567537	0.307281	0.440040	0.109707	0.891250	0.472107	0.816006	-0.333540	0.556449	44.202854	697.961365	
-0.776262	0.568120	0.273234	0.467573	0.228148	0.854003	0.422839	0.790688	-0.442740	10.728821	48.591396	683.758118	
-0.831728	0.515958	0.204979	0.451149	0.412942	0.791164	0.323563	0.750510	-0.576229	19.990126	53.112770	674.727783	
-0.877389	0.477391	0.047819	0.356669	0.582340	0.730523	0.320899	0.658010	-0.681209	37.239712	56.209930	659.837097	
-0.886927	0.458865	-0.052946	0.325679	0.702510	0.632780	0.327556	0.543987	-0.772518	52.857292	58.409050	653.616760	
-0.926947	0.354354	-0.123298	0.227131	0.791550	0.567325	0.298631	0.497877	-0.814209	59.731716	59.694187	647.767273	
-0.923339	0.320532	-0.211434	0.196028	0.866948	0.458227	0.330179	0.381652	-0.863320	73.830833	61.027817	649.153320	
-0.919714	0.267866	-0.287009	0.180389	0.937661	0.297069	0.348692	0.221446	-0.910699	84.644096	59.988491	638.987305	
-0.947296	0.160895	-0.277024	0.093119	0.965686	0.242443	0.306526	0.203869	-0.929772	93.743965	58.414658	630.736450	
-0.951931	0.107008	-0.287012	0.037733	0.970824	0.236804	0.303979	0.214592	-0.928194	97.577744	57.105907	620.782104	
-0.959390	0.011377	-0.281853	-0.063548	0.964784	0.255249	0.274831	0.262795	-0.924880	101.015915	53.716492	613.179871	
-0.963619	-0.078654	-0.255441	-0.147054	0.954081	0.260965	0.223186	0.289036	-0.930937	102.530098	51.555542	610.938599	
-0.963917	-0.134159	-0.229921	-0.188588	0.953739	0.234125	0.187875	0.269038	-0.944626	103.426949	45.062389	606.209717	
-0.959409	-0.165226	-0.228547	-0.225161	0.936744	0.267978	0.169813	0.308561	-0.935923	101.744698	37.980217	598.982117	
-0.960517	-0.182140	-0.210312	-0.239407	0.926203	0.291259	0.141742	0.330110	-0.933238	98.484589	29.285032	599.684875	
-0.956100	-0.225327	-0.187346	-0.280406	0.889174	0.361579	0.085110	0.398240	-0.913323	95.086090	20.250374	595.213013	
-0.956666	-0.230525	-0.177899	-0.287295	0.846809	0.447631	0.047456	0.479344	-0.876342	86.637802	14.866662	591.461060	
-0.959004	-0.211316	-0.188829	-0.280708	0.799811	0.530569	0.038910	0.561825	-0.826339	75.935928	9.238511	587.831604	
-0.958950	-0.218655	-0.180565	-0.281685	0.807851	0.517714	0.032669	0.547325	-0.836281	64.263176	2.328854	585.593628	
-0.964267	-0.214670	-0.155260	-0.264751	0.802499	0.534697	0.009812	0.556697	-0.830656	49.997807	-5.106674	581.593323	
-0.965217	-0.208905	-0.157206	-0.261219	0.745370	0.613340	-0.010953	0.633072	-0.774014	33.727161	-17.779709	577.750793	
-0.976827	-0.130590	-0.169571	-0.207815	0.768238	0.605493	0.051199	0.626703	-0.777574	25.936014	-25.722050	576.959534	
-0.983714	-0.047208	-0.173430	-0.154071	0.718403	0.678349	0.092570	0.694022	-0.713976	8.312611	-33.017086	569.703186	
-0.977844	0.053912	-0.202274	-0.109691	0.691031	0.714452	0.178295	0.720811	-0.669807	-0.483425	-40.580307	563.284546	
-0.976836	0.054103	-0.207036	-0.137737	0.581473	0.801820	0.163767	0.811764	-0.560552	-19.966084	-52.583771	555.382141	
-0.995503	0.045915	-0.082858	-0.057106	0.407017	0.911632	0.075582	0.912265	-0.402565	-33.402477	-55.872719	506.351532	
-0.141132	-0.225359	-0.964000	-0.914916	-0.342273	0.213961	-0.378169	0.912175	-0.157879	-37.890026	-60.678493	408.114868	
-0.054498	-0.470377	-0.880781	-0.879351	-0.395283	0.265508	-0.473047	0.788985	-0.392084	-47.002007	-66.261459	412.416962	
0.193304	-0.713886	-0.673052	-0.665356	-0.599534	0.444816	-0.721065	0.361834	-0.590881	-67.529007	-82.035072	500.068085	
-0.001335	-0.635790	-0.771861	-0.723595	-0.532144	0.439584	-0.690224	0.559102	-0.459344	-100.774033	-109.777672	575.247803	
-0.006427	-0.668891	-0.743333	-0.736362	-0.499763	0.456081	-0.676558	0.550293	-0.489333	-121.184753	-118.330757	580.779053	
-0.037464	-0.750861	-0.659397	-0.763907	-0.403886	0.503311	-0.644238	0.522574	-0.558457	-130.389297	-131.711319	585.624939	
-0.105320	-0.773769	-0.624652	-0.789269	-0.317079	0.525848	-0.604948	0.548400	-0.577317	-145.928040	-144.187866	589.194885	
-0.178544	-0.790541	-0.585804	-0.781569	-0.247730	0.572521	-0.597722	0.560067	-0.573632	-153.285385	-156.376694	591.645996	
-0.236984	-0.824726	-0.513485	-0.770746	-0.162158	0.616162	-0.591430	0.541787	-0.597225	-166.589233	-167.336273	598.796875	
-0.336740	-0.824731	-0.454341	-0.772001	-0.034438	0.634688	-0.539093	0.564476	-0.625096	-172.231110	-172.318314	603.894226	
-0.389708	-0.819171	-0.420817	-0.780035	0.050699	0.623679	-0.489565	0.571304	-0.658739	-181.753387	-181.244522	609.381958	
-0.438749	-0.810702	-0.387635	-0.802238	0.159025	0.575436	-0.404863	0.563447	-0.720148	-189.783691	-185.958344	618.350159	
-0.501943	-0.779359	-0.375038	-0.810367	0.272241	0.518836	-0.302258	0.564344	-0.768216	-196.057129	-190.679779	624.928528	
-0.581383	-0.698108	-0.417900	-0.780160	0.332510	0.529895	-0.230967	0.634100	-0.737951	-198.795975	-192.735321	635.280029	
-0.642103	-0.600908	-0.476041	-0.750943	0.368082	0.548270	-0.154237	0.709525	-0.687594	-198.783020	-198.002930	638.639954	
-0.711338	-0.499015	-0.494957	-0.693527	0.384019	0.609549	-0.114101	0.776861	-0.619247	-197.249619	-201.048920	649.914917	
-0.772436	-0.421842	-0.474755	-0.627057	0.388033	0.675449	-0.100711	0.819439	-0.564249	-195.734558	-202.646317	659.243408	
-0.810685	-0.343569	-0.474078	-0.575622	0.319721	0.752622	-0.107004	0.883028	-0.456958	-192.458588	-204.117554	667.129822	
-0.842372	-0.247836	-0.478525	-0.533449	0.257547	0.805669	-0.076431	0.933942	-0.349158	-184.897385	-203.529617	672.810974	
-0.815977	-0.162239	-0.554851	-0.577533	0.186851	0.794697	-0.025256	0.968899	-0.246164	-179.956726	-201.921021	686.470032	
-0.786031	-0.125231	-0.605369	-0.617829	0.125814	0.776183	-0.021038	0.984118	-0.176265	-172.468353	-197.202332	689.640381	
-0.793589	-0.069994	-0.604415	-0.608210	0.063028	0.791271	-0.017289	0.995554	-0.092589	-159.230377	-194.580002	701.373840	
-0.791905	-0.019240	-0.610341	-0.610613	0.014749	0.791793	-0.006232	0.999706	-0.023427	-144.507050	-191.385651	720.673157	
-0.791907	0.012973	-0.610503	-0.610368	-0.046772	0.790737	-0.018296	0.998821	0.044958	-127.223679	-187.754669	727.372559	
-0.826482	0.036671	-0.561767	-0.559351	-0.166349	0.812069	-0.063669	0.985385	0.157997	-111.196426	-185.244308	743.783386	
-0.804979	0.033723	-0.592343	-0.580221	-0.253249	0.774087	-0.123906	0.966813	0.223427	-102.510559	-179.552612	762.546082	
-0.770722	0.009715	-0.637097	-0.610671	-0.296627	0.734231	-0.181847	0.954944	0.234550	-89.636009	-165.901306	755.766602	
0.266538	0.005056	0.963812	0.903458	-0.349647	-0.248013	0.335739	0.936868	-0.097762	-74.956429	-161.912872	789.599060	
0.234087	-0.060626	0.970324	0.880968	-0.408918	-0.238079	0.411216	0.910555	-0.042312	-62.309029	-153.059723	793.769165	
0.497481	-0.093476	0.862424	0.747136	-0.459007	-0.480729	0.440796	0.883502	-0.158508	-45.009666	-145.963135	818.622131	
0.481798	-0.115983	0.868573	0.753412	-0.451339	-0.478187	0.447483	0.884783	-0.130071	-25.141529	-136.754837	804.963074	
0.696380	-0.204775	0.687839	0.515950	-0.523347	-0.678162	0.498849	0.827149	-0.258795	-6.994504	-128.927414	848.611206	
0.637659	-0.266006	0.722933	0.513555	-0.552695	-0.656345	0.574154	0.789790	-0.215822	2.956877	-114.177673	851.358765	
0.599691	-0.333317	0.727510	0.443539	-0.618254	-0.648872	0.666066	0.711802	-0.222922	12.387431	-109.757874	877.324707	
0.575701	-0.403184	0.711345	0.434910	-0.585712	-0.683955	0.692403	0.703125	-0.161845	21.215778	-94.227509	880.534729	
0.587504	-0.446160	0.675116	0.421289	-0.543667	-0.725907	0.690909	0.710892	-0.131444	28.726923	-80.077126	886.568054	
0.596447	-0.516790	0.614150	0.356436	-0.515033	-0.779547	0.719170	0.683863	-0.122987	35.366997	-67.315659	911.909607	
0.632006	-0.558592	0.537163	0.296268	-0.466338	-0.833519	0.716097	0.685933	-0.129235	41.202232	-51.779381	918.473022	
0.605842	-0.613106	0.507009	0.282577	-0.429897	-0.857519	0.743711	0.662790	-0.087199	51.733326	-44.891994	936.421204	
0.645079	-0.618714	0.448404	0.281509	-0.353119	-0.892222	0.710370	0.701783	-0.053616	58.960327	-30.862312	932.770142	
0.660103	-0.638596	0.395548	0.240435	-0.319250	-0.916662	0.711656	0.700196	-0.057196	61.762333	-17.584700	941.072021	
0.680929	-0.658357	0.320784	0.216256	-0.237730	-0.946952	0.699693	0.714178	-0.019504	63.737003	-3.311430	947.483887	
0.705695	-0.661114	0.254802	0.180787	-0.179703	-0.966966	0.685063	0.728447	-0.007295	64.966850	9.403772	953.553467	
0.703952	-0.669811	0.236231	0.194586	-0.137996	-0.971130	0.683073	0.729595	0.033193	64.246361	21.461060	961.247070	
0.717034	-0.670612	0.190111	0.175300	-0.090482	-0.980348	0.674635	0.736269	0.052680	62.681519	26.626850	975.679199	
0.719410	-0.674048	0.167653	0.185167	-0.046521	-0.981605	0.669449	0.737221	0.091344	59.919548	37.449570	987.768982	
0.735632	-0.655161	0.172074	0.247932	0.024020	-0.968480	0.630377	0.755108	0.180105	52.452068	49.033348	998.268188	
0.791775	-0.584627	0.176928	0.265292	0.068235	-0.961751	0.550193	0.808428	0.209124	45.521347	57.196976	975.318115	
0.319379	-0.548291	-0.772900	-0.888808	0.109555	-0.444992	0.328661	0.829081	-0.452336	35.858894	66.992455	1006.243103	
0.269289	-0.483978	-0.832615	-0.900199	0.180733	-0.396202	0.342235	0.856213	-0.387008	23.150620	73.469185	993.383423	
0.187100	-0.445703	-0.875410	-0.907928	0.261772	-0.327328	0.375048	0.856051	-0.355689	15.427359	78.642960	973.419678	
0.206446	-0.392336	-0.896356	-0.888185	0.309187	-0.339897	0.410494	0.866300	-0.284637	1.448153	81.620369	968.723083	
0.186929	-0.292695	-0.937756	-0.869849	0.394300	-0.296462	0.456530	0.871124	-0.180895	-14.857135	85.338165	988.833862	
0.066922	-0.248726	-0.966258	-0.907482	0.387365	-0.162563	0.414728	0.887742	-0.199791	-32.509258	86.936691	989.218445	
0.125373	-0.132556	-0.983215	-0.899229	0.403492	-0.169062	0.419129	0.905330	-0.068612	-41.499268	87.335976	984.027222	
0.087843	-0.087672	-0.992269	-0.882473	0.455231	-0.118345	0.462087	0.886047	-0.037379	-51.901173	89.386902	995.750061	
-0.027125	0.031525	-0.999135	-0.848366	0.527920	0.039689	0.528715	0.848708	0.012425	-63.655605	91.143738	1019.483337	
0.002420	0.172594	-0.984990	-0.845174	0.526820	0.090235	0.534487	0.832270	0.147147	-81.346565	90.583931	1018.987305	
-0.004531	0.238841	-0.971048	-0.824174	0.549042	0.138889	0.566319	0.800942	0.194358	-92.078758	90.320137	1027.559448	
0.007126	0.335767	-0.941918	-0.805523	0.560063	0.193552	0.592522	0.757358	0.274458	-102.233948	87.920212	1035.468628	
0.076927	0.418549	-0.904930	-0.772903	0.598391	0.211065	0.629844	0.683187	0.369530	-112.099701	84.302979	1040.178467	
0.115951	0.464906	-0.877735	-0.753721	0.616714	0.227085	0.646885	0.635237	0.421917	-121.158348	79.917442	1046.695190	
0.154028	0.529108	-0.834458	-0.707697	0.648436	0.280526	0.689522	0.547335	0.474325	-129.898529	74.335342	1049.720215	
0.159258	0.569852	-0.806168	-0.692154	0.646728	0.320415	0.703960	0.506964	0.497421	-136.534912	66.615250	1040.719116	
0.207387	0.627213	-0.750730	-0.652414	0.660504	0.371604	0.728935	0.412722	0.546182	-144.097382	62.505470	1037.972900	
0.211084	0.637651	-0.740841	-0.644691	0.660516	0.384826	0.734723	0.396383	0.550512	-150.508255	54.049538	1043.396851	
0.205519	0.659801	-0.722791	-0.640010	0.649345	0.410775	0.740371	0.378172	0.555731	-164.353790	42.912041	1051.472534	
0.305855	0.754687	-0.580432	-0.567628	0.633991	0.525218	0.764364	0.168829	0.622291	-172.349121	30.673981	1038.408081	
0.295804	0.802208	-0.518617	-0.573451	0.583327	0.575224	0.763973	0.127249	0.632577	-174.016327	25.858150	1031.559692	
0.291347	0.836269	-0.464513	-0.582800	0.540226	0.607041	0.758592	0.093860	0.644771	-176.600037	19.616243	1019.178223	
0.250121	0.865685	-0.433625	-0.601716	0.489851	0.630858	0.758536	0.103128	0.643419	-174.743774	13.044865	988.045654	
0.307270	0.897990	-0.314960	-0.640927	0.439932	0.629025	0.703419	0.008586	0.710723	-174.555679	6.522954	987.663025	
0.353916	0.914903	-0.194155	-0.648706	0.389668	0.653712	0.673739	-0.105410	0.731412	-176.093872	0.721735	996.969055	
0.431547	0.901689	-0.026906	-0.631398	0.323219	0.704886	0.644285	-0.287204	0.708809	-173.384064	-12.925856	992.303528	
0.568622	0.803316	0.177066	-0.602125	0.259805	0.754948	0.560459	-0.535897	0.631427	-167.925995	-19.963980	970.947571	
0.557732	0.791611	0.249573	-0.631183	0.209230	0.746880	0.539020	-0.574086	0.616346	-159.080048	-34.321125	960.320007	
0.571943	0.764877	0.296385	-0.632844	0.181549	0.752694	0.521909	-0.618065	0.587884	-148.948883	-41.334053	943.998962	
0.565019	0.756132	0.330177	-0.659639	0.173598	0.731259	0.495610	-0.630974	0.596861	-138.871399	-48.298622	942.736023	
0.537800	0.747885	0.389152	-0.699189	0.137745	0.701541	0.471068	-0.649381	0.596993	-133.223419	-63.690022	949.055908	
0.526116	0.695721	0.489054	-0.729007	0.072848	0.680619	0.437893	-0.714610	0.545512	-124.780235	-70.200470	943.052063	
