0.997754	-0.043686	0.050774	0.042242	0.998681	0.029172	-0.051982	-0.026962	0.998284	18.825487	4.019051	542.259521	
0.980864	-0.129116	0.145721	0.126867	0.991612	0.024667	-0.147684	-0.005708	0.989018	27.728725	7.648160	543.603943	
0.957862	-0.172513	0.229650	0.176738	0.984255	0.002203	-0.226414	0.038478	0.973271	36.802605	15.692741	546.870667	
0.909282	-0.203858	0.362834	0.220724	0.975322	-0.005160	-0.352828	0.084778	0.931840	45.169464	18.413118	547.324097	
0.835546	-0.267346	0.479989	0.311341	0.950213	-0.012717	-0.452692	0.160065	0.877183	53.040585	24.274984	548.712891	
0.779601	-0.327250	0.533976	0.399816	0.916327	-0.022152	-0.482047	0.230761	0.845210	69.779411	26.027021	551.802429	
0.678624	-0.364636	0.637581	0.482129	0.876015	-0.012166	-0.554095	0.315652	0.770288	76.642639	29.481041	551.959290	
0.594122	-0.354951	0.721823	0.528372	0.848832	-0.017487	-0.606500	0.391780	0.691857	83.747055	30.867609	558.178650	
0.531630	-0.353354	0.769747	0.573828	0.818719	-0.020481	-0.622970	0.452590	0.638020	89.135651	31.529211	559.390198	
0.441079	-0.325775	0.836254	0.618317	0.785672	-0.020057	-0.650488	0.525916	0.547976	99.397583	31.423319	568.162109	
0.369067	-0.335798	0.866619	0.691653	0.722079	-0.014763	-0.620811	0.604848	0.498752	103.429794	29.947838	577.317322	
0.267472	-0.284975	0.920461	0.771945	0.635086	-0.027692	-0.576680	0.717951	0.389853	106.180069	27.325354	580.129700	
0.204886	-0.267760	0.941449	0.837927	0.545098	-0.027323	-0.505866	0.794463	0.336047	108.590927	25.577381	590.449646	
0.129936	-0.180699	0.974917	0.870759	0.491072	-0.025034	-0.474231	0.852170	0.221154	109.448456	20.878246	599.116150	
0.077282	-0.143018	0.986698	0.915267	0.402629	-0.013327	-0.395367	0.904120	0.162016	109.927567	15.022240	603.442139	
0.042350	-0.095537	0.994525	0.940047	0.340968	-0.007276	-0.338406	0.935207	0.104250	108.017830	7.952276	607.426147	
0.015120	-0.047519	0.998756	0.957944	0.286955	-0.000849	-0.286558	0.956763	0.049859	104.117882	4.393292	616.980713	
0.001470	-0.000650	0.999999	0.987479	0.157751	-0.001349	-0.157749	0.987478	0.000874	101.204529	-2.956082	622.434692	
-0.009508	0.061101	0.998086	0.998979	0.044668	0.006782	-0.044168	0.997130	-0.061463	96.968407	-13.794006	627.786011	
-0.020816	0.115635	0.993074	0.998167	-0.054061	0.027218	0.056834	0.991818	-0.114297	86.703041	-25.485960	633.939758	
-0.008047	0.235288	0.971893	0.984300	-0.169513	0.049187	0.176322	0.957028	-0.230229	80.486053	-31.718988	646.486938	
0.009432	0.344954	0.938572	0.970038	-0.231036	0.075165	0.242773	0.909740	-0.336798	74.011497	-37.767487	657.026794	
0.025803	0.390903	0.920070	0.951981	-0.290479	0.096716	0.305069	0.873393	-0.379627	67.232140	-50.062809	672.534851	
0.072328	0.484316	0.871898	0.935226	-0.336709	0.109452	0.346586	0.807504	-0.477299	59.025097	-57.042133	683.974121	
0.100145	0.560628	0.821989	0.910803	-0.384206	0.151078	0.400512	0.733539	-0.549099	50.589458	-69.437828	695.004272	
0.190881	0.640059	0.744236	0.854184	-0.481880	0.195349	0.483669	0.598425	-0.638711	32.760433	-83.985802	716.162842	
0.244795	0.696169	0.674850	0.827242	-0.513000	0.229134	0.505715	0.502173	-0.701481	14.537125	-98.057022	728.018372	
0.295061	0.737298	0.607724	0.816961	-0.524517	0.239703	0.495495	0.425759	-0.757109	5.498716	-104.599953	741.416931	
0.305004	0.701616	0.643977	0.834387	-0.522842	0.174453	0.459098	0.484117	-0.744889	-3.064593	-108.616432	729.320435	
0.464301	0.765106	0.446136	0.671301	-0.632593	0.386238	0.577736	0.120161	-0.807331	-13.107500	-126.323997	753.031006	
0.464301	0.765106	0.446136	0.671301	-0.632593	0.386238	0.577736	0.120161	-0.807331	-13.107500	-126.323997	753.031006	
0.464301	0.765106	0.446136	0.671301	-0.632593	0.386238	0.577736	0.120161	-0.807331	-13.107500	-126.323997	753.031006	
0.658811	0.712377	0.241840	0.522752	-0.664663	0.533811	0.541017	-0.225258	-0.810283	-38.444954	-157.532074	769.329529	
0.757813	0.643175	0.109746	0.464287	-0.649741	0.601894	0.458429	-0.405169	-0.790999	-47.165001	-171.250549	779.068726	
0.794929	0.605247	-0.041996	0.493423	-0.604677	0.625220	0.353018	-0.517726	-0.779318	-55.729366	-179.010773	803.805054	
0.824102	0.557821	-0.098443	0.474167	-0.584281	0.658622	0.309874	-0.589450	-0.746007	-69.472618	-190.671127	813.113403	
0.842387	0.497909	-0.206086	0.490842	-0.551139	0.674775	0.222395	-0.669577	-0.708666	-82.045670	-201.125977	818.080566	
0.857770	0.448601	-0.250974	0.479986	-0.524255	0.703400	0.183971	-0.723819	-0.665012	-93.521835	-212.477356	831.653076	
0.867772	0.396285	-0.299882	0.481092	-0.518597	0.706830	0.124588	-0.757638	-0.640674	-103.084999	-217.935776	849.989685	
0.871797	0.284178	-0.399016	0.489781	-0.521089	0.698987	-0.009287	-0.804804	-0.593468	-109.773918	-221.110962	863.262634	
0.883497	0.188998	-0.428618	0.458822	-0.533586	0.710472	-0.094426	-0.824358	-0.558138	-113.360565	-230.891830	885.515076	
0.850214	0.135904	-0.508593	0.503287	-0.493186	0.709558	-0.154399	-0.859243	-0.487712	-116.050438	-237.272232	897.307373	
0.829409	0.082229	-0.552557	0.523555	-0.459429	0.717507	-0.194861	-0.884400	-0.424106	-117.008827	-240.098526	907.769470	
0.790561	0.038605	-0.611166	0.567990	-0.419290	0.708226	-0.228915	-0.907031	-0.353401	-116.230843	-245.817215	924.432190	
0.735829	0.003756	-0.677157	0.623975	-0.392258	0.675863	-0.263082	-0.919848	-0.290978	-115.723770	-250.559021	930.625916	
0.706127	-0.032556	-0.707337	0.648218	-0.372282	0.664244	-0.284954	-0.927549	-0.241774	-112.914185	-252.490723	940.339600	
0.639879	-0.058289	-0.766262	0.692566	-0.388372	0.607882	-0.333028	-0.919657	-0.208142	-109.582626	-254.824738	951.228210	
0.583062	-0.127760	-0.802320	0.705068	-0.411067	0.577844	-0.403633	-0.902608	-0.149598	-98.826584	-253.068588	959.142578	
0.528079	-0.191394	-0.827346	0.683983	-0.481554	0.547973	-0.503290	-0.855263	-0.123388	-93.676796	-252.910599	965.742493	
0.481528	-0.203805	-0.852406	0.705210	-0.487390	0.514908	-0.520395	-0.849067	-0.090966	-81.400528	-251.391113	974.394836	
0.406986	-0.250039	-0.878546	0.703923	-0.527086	0.476103	-0.582114	-0.812195	-0.038508	-74.475922	-249.809265	984.735840	
0.374737	-0.284692	-0.882339	0.692059	-0.547397	0.470544	-0.616950	-0.786961	-0.008106	-58.097580	-241.161652	985.113708	
0.285262	-0.255869	-0.923665	0.711950	-0.588633	0.382936	-0.641681	-0.766840	0.014252	-48.871246	-234.797134	992.001160	
0.232365	-0.236944	-0.943327	0.730319	-0.598048	0.330113	-0.642373	-0.765635	0.034079	-39.481205	-230.087860	1007.231018	
0.192303	-0.211208	-0.958338	0.738741	-0.611677	0.283045	-0.645974	-0.762394	0.038401	-29.642742	-217.941101	997.113098	
0.108671	-0.167482	-0.979868	0.725113	-0.660919	0.193384	-0.680002	-0.731530	0.049621	-19.869717	-207.444275	994.887695	
0.088928	-0.144522	-0.985498	0.744393	-0.647752	0.162164	-0.661794	-0.748018	0.049979	-9.867722	-198.896286	1006.063904	
0.311513	-0.108143	-0.944068	0.629431	-0.720810	0.290261	-0.711883	-0.684645	-0.156473	8.918222	-195.610397	1042.369263	
0.000989	-0.002580	-0.999996	0.690516	-0.723312	0.002549	-0.723316	-0.690516	0.001066	16.929300	-176.248001	1021.419983	
0.000989	-0.002580	-0.999996	0.690516	-0.723312	0.002549	-0.723316	-0.690516	0.001066	16.929300	-176.248001	1021.419983	
0.000989	-0.002580	-0.999996	0.690516	-0.723312	0.002549	-0.723316	-0.690516	0.001066	16.929300	-176.248001	1021.419983	
-0.006493	0.225872	-0.974136	0.599066	-0.779119	-0.184646	-0.800673	-0.584771	-0.130253	51.952423	-132.109985	1003.361389	
0.011821	0.239057	-0.970934	0.609079	-0.771800	-0.182613	-0.793022	-0.589217	-0.154727	70.036720	-118.227798	1007.448181	
0.022018	0.279054	-0.960023	0.556819	-0.800957	-0.220047	-0.830342	-0.529715	-0.173018	76.187187	-109.766418	1000.401917	
0.105032	0.335490	-0.936171	0.541523	-0.808864	-0.229112	-0.834099	-0.482893	-0.266632	88.569138	-104.148628	1004.151001	
0.168355	0.384914	-0.907468	0.580292	-0.782880	-0.224411	-0.796817	-0.488816	-0.355164	99.176834	-95.846016	999.745728	
0.190434	0.396862	-0.897906	0.499563	-0.826538	-0.259368	-0.845087	-0.399168	-0.355658	109.794487	-81.103683	999.949646	
0.258715	0.385663	-0.885625	0.443129	-0.862059	-0.245951	-0.858314	-0.328814	-0.393926	115.033295	-65.747971	1006.336060	
0.341289	0.407103	-0.847225	0.396963	-0.879444	-0.262675	-0.852022	-0.246668	-0.461749	116.990685	-51.364738	991.443726	
0.423819	0.403765	-0.810773	0.350131	-0.898590	-0.264472	-0.835335	-0.171789	-0.522210	119.854240	-43.851082	979.819702	
0.496118	0.359096	-0.790518	0.322461	-0.921552	-0.216246	-0.806155	-0.147628	-0.572992	122.617165	-29.956120	985.414856	
0.542098	0.341989	-0.767577	0.317708	-0.929049	-0.189552	-0.777941	-0.141109	-0.612287	122.898193	-15.875288	982.798401	
0.592205	0.284337	-0.753954	0.257168	-0.953435	-0.157569	-0.763648	-0.100580	-0.637750	120.043030	-2.075465	980.634521	
0.623222	0.257670	-0.738377	0.228488	-0.962960	-0.143188	-0.747922	-0.079472	-0.659012	115.818741	4.000511	971.830200	
0.652356	0.183331	-0.735406	0.131278	-0.982970	-0.128594	-0.746456	-0.012654	-0.665314	112.416664	9.639174	968.621338	
0.687607	0.144036	-0.711654	0.087350	-0.989418	-0.115855	-0.720810	0.017500	-0.692912	106.722633	21.098324	976.002625	
0.705839	0.091964	-0.702378	0.084245	-0.995398	-0.045669	-0.703345	-0.026936	-0.710338	94.615135	25.465118	954.022827	
0.743984	-0.000399	-0.668198	0.025939	-0.999229	0.029477	-0.667694	-0.039263	-0.743400	89.049515	30.787361	953.382629	
0.783047	-0.053741	-0.619637	-0.017883	-0.997794	0.063939	-0.621705	-0.038986	-0.782281	74.902176	38.505104	942.639526	
0.811575	-0.110970	-0.573613	-0.036799	-0.989556	0.139372	-0.583088	-0.092002	-0.807183	66.298714	44.402000	931.744324	
0.820773	-0.170273	-0.545287	-0.039508	-0.969178	0.243172	-0.569886	-0.178045	-0.802203	50.211254	47.537041	922.124207	
0.821754	-0.228170	-0.522168	-0.046837	-0.940281	0.337162	-0.567914	-0.252607	-0.783367	32.565228	51.118530	911.109558	
0.809907	-0.346112	-0.473559	-0.164207	-0.908857	0.383426	-0.563105	-0.232777	-0.792923	14.448029	54.326126	901.523865	
0.780998	-0.458805	-0.423722	-0.244722	-0.849026	0.468258	-0.574590	-0.262014	-0.775368	5.918545	54.838985	887.304871	
0.667373	-0.566440	-0.483486	-0.250348	-0.782072	0.570692	-0.701383	-0.259824	-0.663741	-12.711304	55.062408	876.619446	
0.501996	-0.619184	-0.603831	0.073007	-0.665345	0.742958	-0.861783	-0.417045	-0.288795	-29.680576	54.552586	872.474121	
0.384529	-0.642014	-0.663292	0.354228	-0.560906	0.748269	-0.852444	-0.522687	0.011735	-47.817841	52.800140	870.657166	
0.281452	-0.765986	-0.577971	0.342978	-0.482228	0.806116	-0.896187	-0.425114	0.126993	-68.828522	48.976028	878.722473	
0.262210	-0.822586	-0.504577	0.311098	-0.422901	0.851101	-0.913490	-0.380140	0.145016	-78.725060	43.759720	874.231995	
0.261407	-0.868859	-0.420417	0.276661	-0.349841	0.895025	-0.924730	-0.350279	0.148929	-88.617523	38.025154	860.742310	
0.335550	-0.882545	-0.329424	0.213346	-0.269416	0.939095	-0.917545	-0.385395	0.097885	-106.299149	34.374359	844.688843	
0.366059	-0.895139	-0.254413	0.155857	-0.210554	0.965079	-0.917447	-0.392927	0.062439	-121.050049	29.481298	809.330627	
0.450145	-0.869415	-0.203681	0.108922	-0.172934	0.978893	-0.886287	-0.462829	0.016853	-135.667953	24.524424	795.647339	
0.505369	-0.845467	-0.172591	0.060541	-0.164779	0.984471	-0.860777	-0.507970	-0.032089	-148.541077	20.350502	780.131775	
0.590314	-0.799715	-0.109473	-0.026322	-0.154625	0.987623	-0.806744	-0.580126	-0.112328	-155.833237	14.832194	775.259888	
0.640798	-0.766033	-0.050695	-0.131390	-0.174491	0.975854	-0.756382	-0.618664	-0.212462	-166.346207	8.940704	776.704956	
0.687751	-0.725564	0.023570	-0.227987	-0.185052	0.955918	-0.689217	-0.662806	-0.292688	-172.268845	2.515460	773.669739	
0.767853	-0.622945	0.149468	-0.365117	-0.233839	0.901116	-0.526394	-0.746497	-0.407002	-180.886246	-10.693589	772.235718	
0.788956	-0.550126	0.273694	-0.479103	-0.271881	0.834591	-0.384717	-0.789583	-0.478070	-182.839386	-23.399414	761.109863	
0.851543	-0.426427	0.305014	-0.455192	-0.312665	0.833691	-0.260141	-0.848764	-0.460354	-185.573288	-32.733753	766.206299	
-0.689540	-0.721763	-0.059933	0.328686	-0.385601	0.862135	-0.645368	0.574778	0.503121	-171.132004	-42.098000	723.101990	
-0.689540	-0.721763	-0.059933	0.328686	-0.385601	0.862135	-0.645368	0.574778	0.503121	-171.132004	-42.098000	723.101990	
-0.689540	-0.721763	-0.059933	0.328686	-0.385601	0.862135	-0.645368	0.574778	0.503121	-171.132004	-42.098000	723.101990	
-0.689540	-0.721763	-0.059933	0.328686	-0.385601	0.862135	-0.645368	0.574778	0.503121	-171.132004	-42.098000	723.101990	
-0.966117	-0.256123	-0.031896	0.176279	-0.745051	0.643291	-0.188526	0.615873	0.764956	-155.058472	-88.144455	677.800110	
-0.980824	-0.185712	0.059114	0.174574	-0.702334	0.690109	-0.086644	0.687197	0.721286	-138.187286	-92.911194	634.900452	
-0.996847	-0.077376	0.017521	0.073293	-0.813644	0.576724	-0.030369	0.576191	0.816750	-131.716339	-111.368958	653.638794	
-0.986542	0.144236	0.077011	-0.079405	-0.834356	0.545476	0.142932	0.532021	0.834580	-118.046448	-110.415764	613.848694	
-0.989047	0.147339	0.008731	-0.142842	-0.970397	0.194743	0.037166	0.191363	0.980815	-107.819000	-126.806000	657.739014	
-0.989047	0.147339	0.008731	-0.142842	-0.970397	0.194743	0.037166	0.191363	0.980815	-107.819000	-126.806000	657.739014	
-0.989047	0.147339	0.008731	-0.142842	-0.970397	0.194743	0.037166	0.191363	0.980815	-107.819000	-126.806000	657.739014	
-0.904705	0.420205	0.070256	-0.421076	-0.907022	0.002626	0.064827	-0.027207	0.997525	-71.063988	-142.769623	613.372070	
-0.830576	0.527588	0.178307	-0.533004	-0.845876	0.020035	0.161395	-0.078398	0.983770	-64.141998	-150.790054	588.984253	
-0.763919	0.597327	0.244191	-0.619696	-0.784603	-0.019385	0.180013	-0.166133	0.969533	-56.680973	-156.643082	581.130249	
-0.670378	0.712369	0.207661	-0.703165	-0.699264	0.128799	0.236962	-0.059676	0.969684	-37.766212	-163.800232	566.944519	
-0.589703	0.785325	0.188452	-0.803314	-0.594430	-0.036598	0.083280	-0.172968	0.981400	-26.320084	-170.914047	577.595398	
-0.485754	0.849358	0.206480	-0.870282	-0.491990	-0.023579	0.081559	-0.191149	0.978166	-6.029174	-177.114883	572.706665	
-0.364906	0.906302	0.213214	-0.924649	-0.379565	0.030906	0.108939	-0.185870	0.976516	12.563874	-184.872543	579.004089	
-0.216980	0.947517	0.234803	-0.971939	-0.232080	0.038363	0.090842	-0.219890	0.971285	22.537848	-190.312881	572.612183	
-0.069624	0.971744	0.225538	-0.980697	-0.108084	0.162941	0.182714	-0.209840	0.960511	30.162935	-188.162964	561.746399	
0.096421	0.973031	0.209556	-0.924752	0.009703	0.380444	0.368151	-0.230471	0.900748	42.186462	-182.147247	540.438354	
0.268272	0.940934	0.206579	-0.854879	0.133675	0.501311	0.444085	-0.311088	0.840245	47.938663	-179.944778	528.977051	
0.352417	0.915098	0.195960	-0.811398	0.194446	0.551201	0.466299	-0.353254	0.811034	58.816936	-181.407593	530.766357	
0.394633	0.900290	0.183694	-0.779486	0.222176	0.585695	0.486482	-0.374322	0.789441	64.352341	-180.376389	527.810425	
0.449881	0.867890	0.210653	-0.733805	0.224770	0.641099	0.509054	-0.442997	0.737981	68.675224	-180.046509	531.393921	
0.504563	0.826703	0.248955	-0.710565	0.233830	0.663642	0.490421	-0.511749	0.705408	73.641998	-178.249664	538.892090	
0.602830	0.759639	0.244019	-0.624656	0.259069	0.736674	0.496388	-0.596518	0.630687	76.923599	-180.794846	556.593079	
0.627268	0.732119	0.265586	-0.563644	0.191431	0.803529	0.537437	-0.653726	0.532732	79.867622	-178.217087	572.279236	
0.640437	0.700916	0.313939	-0.568159	0.157352	0.807734	0.516754	-0.695671	0.499005	81.465958	-176.454819	582.363464	
0.639307	0.674512	0.369215	-0.564299	0.085368	0.821145	0.522353	-0.733312	0.435202	79.008408	-169.746017	592.981934	
0.685559	0.580688	0.439102	-0.543652	0.007192	0.839280	0.484201	-0.814095	0.320622	74.026245	-167.765594	613.081116	
0.652564	0.478389	0.587626	-0.688471	0.050416	0.723509	0.316493	-0.876700	0.362256	67.683609	-163.902069	604.801453	
0.542471	0.459808	0.703066	-0.820761	0.111665	0.560253	0.179101	-0.880970	0.437967	62.351917	-162.363312	610.034851	
0.395318	0.442121	0.805141	-0.911404	0.079721	0.403716	0.114305	-0.893406	0.434465	54.398937	-149.386322	602.299500	
0.217668	0.421229	0.880447	-0.976011	0.089478	0.198485	0.004827	-0.902531	0.430599	37.326672	-139.039688	582.380920	
0.046875	0.421405	0.905660	-0.998152	0.054864	0.026134	-0.038675	-0.905213	0.423197	21.093245	-137.988342	593.602539	
0.954649	0.210221	-0.210839	0.084975	-0.871066	-0.483759	-0.285350	0.443904	-0.849426	20.296700	-118.320999	592.247986	
0.954649	0.210221	-0.210839	0.084975	-0.871066	-0.483759	-0.285350	0.443904	-0.849426	20.296700	-118.320999	592.247986	
0.954649	0.210221	-0.210839	0.084975	-0.871066	-0.483759	-0.285350	0.443904	-0.849426	20.296700	-118.320999	592.247986	
0.949041	-0.123003	-0.290155	-0.195647	-0.951740	-0.236459	-0.247068	0.281178	-0.927306	-34.708214	-88.690750	610.632568	
0.912680	-0.250952	-0.322550	-0.300904	-0.946712	-0.114865	-0.276537	0.201892	-0.939557	-44.356678	-74.107018	619.695007	
0.857039	-0.370468	-0.358103	-0.389257	-0.920888	0.021087	-0.337585	0.121322	-0.933444	-54.446785	-66.611557	628.411621	
0.824115	-0.423766	-0.375841	-0.406014	-0.904617	0.129692	-0.394952	0.045716	-0.917564	-74.631882	-52.557922	642.418335	
0.744678	-0.523242	-0.414333	-0.489420	-0.850188	0.194032	-0.453787	0.058292	-0.889202	-94.266937	-45.086037	645.346802	
0.640790	-0.609403	-0.466920	-0.555430	-0.787863	0.266024	-0.529986	0.088876	-0.843337	-113.195732	-38.691402	659.478027	
0.584502	-0.637469	-0.501986	-0.519417	-0.769261	0.372081	-0.623349	0.043259	-0.780747	-131.714203	-32.480553	673.748657	
0.526872	-0.657837	-0.538198	-0.472031	-0.753056	0.458359	-0.706819	0.012551	-0.707284	-140.834000	-20.062149	680.817383	
0.445462	-0.700412	-0.557660	-0.492548	-0.711867	0.500642	-0.747636	0.051658	-0.662097	-148.941437	-7.174599	686.231873	
0.350286	-0.739062	-0.575401	-0.533474	-0.662367	0.526000	-0.769873	0.122712	-0.626289	-156.741226	-2.181623	699.562195	
0.218640	-0.761586	-0.610068	-0.536868	-0.615950	0.576523	-0.814843	0.201476	-0.543543	-169.890198	2.627057	705.028687	
0.139629	-0.745191	-0.652067	-0.483078	-0.626101	0.612073	-0.864372	0.229537	-0.447409	-179.990143	8.374256	712.355713	
0.030890	-0.721344	-0.691886	-0.468117	-0.622048	0.627632	-0.883127	0.304497	-0.356890	-184.740387	16.721943	718.012085	
-0.061586	-0.680031	-0.730592	-0.430370	-0.642347	0.634171	-0.900549	0.353481	-0.253106	-189.917816	20.968639	724.495361	
-0.108868	-0.636844	-0.763267	-0.411575	-0.670049	0.617770	-0.904850	0.381398	-0.189163	-192.382126	28.036558	741.638855	
-0.158134	-0.603286	-0.781690	-0.391121	-0.688628	0.610586	-0.906652	0.402290	-0.127064	-193.950104	34.841488	746.763428	
-0.184212	-0.575405	-0.796852	-0.316100	-0.732975	0.602353	-0.930670	0.362846	-0.046864	-195.317139	37.126595	765.773804	
-0.256511	-0.524905	-0.811589	-0.300996	-0.754548	0.583146	-0.918479	0.393868	0.035554	-195.548904	38.855473	776.997681	
-0.275149	-0.500087	-0.821100	-0.324522	-0.755627	0.568959	-0.904974	0.423014	0.045619	-192.753952	39.728603	798.820251	
-0.340210	-0.466076	-0.816719	-0.404818	-0.711334	0.574566	-0.848751	0.526097	0.053325	-190.409866	39.306751	814.340637	
-0.342341	-0.405621	-0.847510	-0.347585	-0.783348	0.515316	-0.872919	0.470996	0.127183	-182.511749	41.743824	821.061951	
-0.301352	-0.342801	-0.889760	-0.304944	-0.849484	0.430566	-0.903435	0.401080	0.151457	-176.260773	42.634666	835.173889	
-0.276699	-0.273975	-0.921073	-0.316498	-0.879034	0.356551	-0.907340	0.390175	0.156514	-164.255875	41.034519	835.963928	
-0.284572	-0.239877	-0.928158	-0.251049	-0.915753	0.313644	-0.925199	0.322267	0.200375	-158.177155	38.627522	851.205566	
-0.289486	-0.185174	-0.939100	-0.260475	-0.928843	0.263446	-0.921060	0.320876	0.220653	-144.181381	36.568764	869.116455	
-0.254460	-0.115720	-0.960135	-0.327727	-0.923751	0.198192	-0.909860	0.365095	0.197131	-135.907776	31.500389	885.342712	
-0.222389	-0.087125	-0.971058	-0.287957	-0.945696	0.150798	-0.931463	0.313158	0.185222	-119.206436	25.287975	899.597107	
-0.206673	-0.065767	-0.976197	-0.221552	-0.968676	0.112167	-0.952996	0.239461	0.185627	-100.655563	18.328911	907.680786	
-0.185631	-0.048351	-0.981430	-0.235573	-0.967472	0.092221	-0.953964	0.248318	0.168201	-81.091057	14.838201	910.406921	
-0.139710	-0.016388	-0.990057	-0.216336	-0.975203	0.046671	-0.966271	0.220706	0.132699	-61.869171	5.147828	928.414795	
-0.088084	-0.008464	-0.996077	-0.223271	-0.974354	0.028024	-0.970769	0.224864	0.083934	-41.344318	0.224062	930.208191	
0.047253	-0.005007	-0.998870	-0.233329	-0.972379	-0.006163	-0.971249	0.233357	-0.047118	-31.187691	-4.518951	936.732483	
0.115978	-0.012814	-0.993169	-0.239363	-0.970808	-0.015425	-0.963979	0.239517	-0.115661	-21.136091	-16.272833	951.786743	
0.164140	-0.041263	-0.985573	-0.327119	-0.944866	-0.014920	-0.930619	0.324849	-0.168590	-1.286638	-21.508682	961.829346	
0.227066	-0.098297	-0.968905	-0.375849	-0.926662	0.005931	-0.898431	0.362816	-0.247360	18.319187	-28.577158	978.143799	
0.290713	-0.165147	-0.942450	-0.415338	-0.909132	0.031193	-0.861963	0.382368	-0.332890	27.281855	-35.334114	977.155762	
0.298026	-0.212901	-0.930512	-0.380695	-0.920440	0.088668	-0.875359	0.327816	-0.355367	35.167316	-48.194054	979.917236	
0.305050	-0.270952	-0.912977	-0.346672	-0.924491	0.158537	-0.886997	0.268143	-0.375949	51.278633	-61.729107	988.129761	
0.363217	-0.326562	-0.872599	-0.271680	-0.932984	0.236075	-0.891215	0.151323	-0.427597	64.684074	-68.314781	997.698547	
0.280063	-0.385209	-0.879305	-0.362680	-0.890534	0.274613	-0.888836	0.241998	-0.389114	77.851608	-82.790718	998.179504	
0.285539	-0.489949	-0.823660	-0.401805	-0.841461	0.361244	-0.870070	0.227803	-0.437135	87.603348	-90.236359	1000.874390	
0.229720	-0.554985	-0.799511	-0.403139	-0.801954	0.440849	-0.885838	0.221044	-0.407962	92.991898	-104.350609	1003.882507	
0.173683	-0.619296	-0.765706	-0.445645	-0.742784	0.499672	-0.878200	0.254450	-0.404996	96.031364	-111.681190	1005.080078	
0.126326	-0.684625	-0.717864	-0.446722	-0.685393	0.575044	-0.885710	0.248044	-0.392421	98.794724	-118.726334	1007.680603	
0.079264	-0.720308	-0.689110	-0.438369	-0.646043	0.624868	-0.895294	0.252556	-0.366969	100.091782	-132.227936	1009.981384	
-0.023504	-0.748503	-0.662713	-0.461908	-0.579767	0.671201	-0.886617	0.321890	-0.332114	100.403091	-145.345276	1010.973511	
-0.111373	-0.768559	-0.630008	-0.491397	-0.508438	0.707121	-0.863786	0.388340	-0.321043	99.828979	-151.750992	1014.211182	
-0.151277	-0.788655	-0.595933	-0.430538	-0.490116	0.757907	-0.889805	0.371226	-0.265405	98.372276	-164.039291	1017.292847	
-0.211050	-0.795775	-0.567625	-0.408479	-0.455769	0.790835	-0.888034	0.398769	-0.228869	91.309906	-175.286133	1017.562866	
-0.326209	-0.803506	-0.497960	-0.393552	-0.363516	0.844377	-0.859479	0.471418	-0.197641	86.746429	-180.469299	1017.141724	
-0.433791	-0.797772	-0.418790	-0.198258	-0.368895	0.908081	-0.878931	0.476946	0.001857	76.094467	-185.465164	1013.762817	
-0.524984	-0.768650	-0.365471	-0.098165	-0.371855	0.923086	-0.845433	0.520482	0.119761	64.055801	-191.763092	1021.189880	
-0.639562	-0.720334	-0.268477	0.023474	-0.367381	0.929775	-0.768382	0.588346	0.251869	56.767616	-195.507339	1018.954163	
-0.748914	-0.640162	-0.171232	0.089098	-0.353327	0.931248	-0.656650	0.682168	0.321646	48.846478	-201.931015	1014.958862	
-0.833021	-0.548220	-0.074370	0.161049	-0.368896	0.915413	-0.529282	0.750580	0.395586	40.211990	-206.579742	1019.553528	
-0.913206	-0.405758	-0.037619	0.177594	-0.479376	0.859453	-0.366764	0.778177	0.509827	26.790806	-214.522980	1037.697754	
-0.945336	-0.318582	0.069609	0.248306	-0.564861	0.786941	-0.211386	0.761208	0.613089	12.010900	-214.263000	1011.390015	
-0.945336	-0.318582	0.069609	0.248306	-0.564861	0.786941	-0.211386	0.761208	0.613089	12.010900	-214.263000	1011.390015	
-0.945336	-0.318582	0.069609	0.248306	-0.564861	0.786941	-0.211386	0.761208	0.613089	12.010900	-214.263000	1011.390015	
-0.945336	-0.318582	0.069609	0.248306	-0.564861	0.786941	-0.211386	0.761208	0.613089	12.010900	-214.263000	1011.390015	
-0.914991	-0.040198	0.401467	0.295491	-0.744286	0.598935	0.274730	0.666650	0.692893	-44.194168	-202.913940	937.825745	
-0.905608	0.052340	0.420873	0.160765	-0.875935	0.454855	0.392465	0.479582	0.784839	-57.248001	-213.037003	987.377014	
-0.905608	0.052340	0.420873	0.160765	-0.875935	0.454855	0.392465	0.479582	0.784839	-57.248001	-213.037003	987.377014	
-0.905608	0.052340	0.420873	0.160765	-0.875935	0.454855	0.392465	0.479582	0.784839	-57.248001	-213.037003	987.377014	
-0.905608	0.052340	0.420873	0.160765	-0.875935	0.454855	0.392465	0.479582	0.784839	-57.248001	-213.037003	987.377014	
-0.644577	0.368421	0.669916	-0.411982	-0.905511	0.101588	0.644043	-0.210512	0.735454	-101.074974	-193.751389	930.053284	
-0.691587	0.418613	0.588618	-0.424098	-0.895006	0.138222	0.584678	-0.154039	0.796507	-111.577087	-191.592758	940.960571	
-0.523892	0.458728	0.717709	-0.508942	-0.844229	0.168092	0.683020	-0.277210	0.675750	-120.526001	-186.267838	927.115356	
-0.466897	0.509012	0.723129	-0.665756	-0.740548	0.091420	0.582045	-0.438743	0.684636	-130.295181	-175.517349	923.724976	
-0.372821	0.501371	0.780790	-0.899875	-0.400614	-0.172435	0.226342	-0.766900	0.600527	-135.064163	-160.588104	904.354797	
-0.262199	0.456909	0.849992	-0.962207	-0.190920	-0.194186	0.073555	-0.868783	0.489698	-142.321381	-150.570435	900.940857	
-0.205471	0.373981	0.904389	-0.978089	-0.046822	-0.202852	-0.033518	-0.926254	0.375406	-144.814743	-136.001175	898.553955	
-0.138788	0.311224	0.940148	-0.965118	0.170309	-0.198853	-0.222004	-0.934951	0.276730	-146.860336	-122.977669	880.171875	
-0.068731	0.199060	0.977574	-0.949580	0.287405	-0.125285	-0.305899	-0.936895	0.169269	-146.991043	-105.075607	873.028137	
-0.028590	0.150796	0.988151	-0.915177	0.393651	-0.086550	-0.402038	-0.906807	0.126750	-147.705460	-97.596703	878.679810	
-0.009498	0.107780	0.994129	-0.849924	0.522904	-0.064810	-0.526819	-0.845550	0.086638	-144.398392	-92.110100	870.815674	
0.059120	0.057783	0.996577	-0.795331	0.606057	0.012042	-0.603286	-0.793320	0.081786	-146.894714	-75.449249	883.870544	
-0.009987	-0.106664	0.994245	-0.518234	0.850896	0.086079	-0.855180	-0.514392	-0.063775	-130.496002	-72.288399	833.395996	
-0.009987	-0.106664	0.994245	-0.518234	0.850896	0.086079	-0.855180	-0.514392	-0.063775	-130.496002	-72.288399	833.395996	
-0.009987	-0.106664	0.994245	-0.518234	0.850896	0.086079	-0.855180	-0.514392	-0.063775	-130.496002	-72.288399	833.395996	
-0.009987	-0.106664	0.994245	-0.518234	0.850896	0.086079	-0.855180	-0.514392	-0.063775	-130.496002	-72.288399	833.395996	
-0.103709	-0.405943	0.907995	-0.161782	0.907645	0.387308	-0.981362	-0.106730	-0.159805	-95.825394	-25.278870	767.676147	
-0.063631	-0.420358	0.905124	-0.260837	0.882442	0.391486	-0.963283	-0.211180	-0.165796	-80.191696	-9.358260	746.227966	
0.029111	-0.423978	0.905204	-0.400005	0.824975	0.399265	-0.916050	-0.373710	-0.145578	-73.238052	-2.750611	755.515625	
0.171383	-0.438654	0.882162	-0.498709	0.733591	0.461664	-0.849657	-0.519064	-0.093035	-65.648270	3.652811	760.856812	
0.373672	-0.435611	0.818909	-0.567794	0.590704	0.573306	-0.733471	-0.679200	-0.026608	-56.599785	10.679728	763.635132	
0.372063	-0.489964	0.788355	-0.648609	0.470323	0.598417	-0.663984	-0.733983	-0.142805	-36.398983	23.717707	756.782471	
0.409757	-0.564626	0.716447	-0.749310	0.239580	0.617363	-0.520225	-0.789810	-0.324910	-25.860598	36.475582	764.177063	
0.486077	-0.598184	0.637106	-0.788366	0.014439	0.615037	-0.377104	-0.801229	-0.464570	-15.444954	42.953270	759.333008	
-0.701099	-0.545209	0.459573	0.577873	-0.056835	0.814145	-0.417760	0.836371	0.354909	-2.949520	43.913200	704.908020	
-0.701099	-0.545209	0.459573	0.577873	-0.056835	0.814145	-0.417760	0.836371	0.354909	-2.949520	43.913200	704.908020	
-0.701099	-0.545209	0.459573	0.577873	-0.056835	0.814145	-0.417760	0.836371	0.354909	-2.949520	43.913200	704.908020	
-0.908227	-0.357646	0.217286	0.384712	-0.509240	0.769852	-0.164683	0.782793	0.600095	35.425190	53.689835	656.028625	
-0.946191	-0.310815	0.090094	0.277024	-0.634050	0.721969	-0.167274	0.708079	0.686034	51.416580	56.320778	648.516357	
-0.978257	-0.205949	0.024459	0.171909	-0.739237	0.651135	-0.116020	0.641182	0.758567	58.542408	58.115734	644.023438	
-0.987472	-0.153614	-0.036083	0.100544	-0.788771	0.606408	-0.121614	0.595184	0.794333	72.197800	59.374405	640.010437	
-0.989356	-0.099560	-0.106127	0.023690	-0.829783	0.557583	-0.143575	0.549134	0.823308	83.403412	59.576622	632.351013	
-0.985792	0.008939	-0.167733	-0.089531	-0.872871	0.479667	-0.142121	0.487869	0.861269	92.562271	58.397102	623.231262	
-0.970296	0.063768	-0.233369	-0.163153	-0.884741	0.436595	-0.178629	0.461701	0.868863	96.494537	57.148502	614.535583	
-0.941003	0.163850	-0.296088	-0.272929	-0.884751	0.377792	-0.200063	0.436314	0.877270	99.032181	53.556282	604.460571	
-0.893729	0.256937	-0.367739	-0.383390	-0.863111	0.328714	-0.232940	0.434768	0.869893	100.268532	51.069424	600.408875	
-0.858369	0.296014	-0.419021	-0.416704	-0.878711	0.232865	-0.299267	0.374491	0.877607	101.414558	45.189091	597.677551	
-0.814864	0.330169	-0.476431	-0.458864	-0.869634	0.182157	-0.354177	0.367050	0.860134	99.969292	38.107922	591.798401	
-0.735503	0.343167	-0.584186	-0.478663	-0.873418	0.089576	-0.479499	0.345511	0.806660	96.479996	29.556459	590.127502	
-0.656365	0.397844	-0.641019	-0.558247	-0.827650	0.057934	-0.507491	0.395872	0.765334	93.446434	20.345718	586.038879	
-0.542923	0.411069	-0.732295	-0.620176	-0.784219	0.019581	-0.566231	0.464783	0.680704	85.594734	14.368971	584.110840	
-0.422160	0.386225	-0.820128	-0.687628	-0.725964	0.012076	-0.590720	0.569041	0.572050	74.802872	8.068310	573.860413	
-0.352003	0.365121	-0.861846	-0.664684	-0.745800	-0.044481	-0.659007	0.557198	0.505212	63.103626	1.109335	572.212891	
-0.290210	0.339258	-0.894807	-0.631214	-0.770662	-0.087470	-0.719269	0.539430	0.437797	49.606178	-6.313547	572.865112	
-0.206111	0.321481	-0.924211	-0.634215	-0.763146	-0.124017	-0.745178	0.560587	0.361180	34.334984	-19.612028	571.952393	
-0.147569	0.317337	-0.936760	-0.440867	-0.868937	-0.224909	-0.885359	0.379797	0.268131	30.911806	-31.244556	601.849426	
-0.061256	0.109127	-0.992139	-0.612639	-0.788846	-0.048941	-0.787985	0.604825	0.115177	8.445840	-35.643101	572.718994	
-0.061256	0.109127	-0.992139	-0.612639	-0.788846	-0.048941	-0.787985	0.604825	0.115177	8.445840	-35.643101	572.718994	
-0.061256	0.109127	-0.992139	-0.612639	-0.788846	-0.048941	-0.787985	0.604825	0.115177	8.445840	-35.643101	572.718994	
0.073000	-0.201117	-0.976844	-0.576798	-0.807550	0.123157	-0.813619	0.554451	-0.174956	-40.274067	-66.047028	566.428040	
0.188981	-0.240464	-0.952084	-0.615144	-0.784734	0.076096	-0.765431	0.571288	-0.296220	-60.388802	-83.066544	562.026794	
0.067918	-0.405494	-0.911571	-0.669190	-0.696186	0.259826	-0.739981	0.592367	-0.318636	-82.707298	-97.794403	578.718994	
0.067918	-0.405494	-0.911571	-0.669190	-0.696186	0.259826	-0.739981	0.592367	-0.318636	-82.707298	-97.794403	578.718994	
0.067918	-0.405494	-0.911571	-0.669190	-0.696186	0.259826	-0.739981	0.592367	-0.318636	-82.707298	-97.794403	578.718994	
0.067918	-0.405494	-0.911571	-0.669190	-0.696186	0.259826	-0.739981	0.592367	-0.318636	-82.707298	-97.794403	578.718994	
-0.130014	-0.767602	-0.627602	-0.646148	-0.414513	0.640836	-0.752056	0.488841	-0.442092	-130.330826	-132.034470	587.494873	
-0.216745	-0.800030	-0.559440	-0.629934	-0.323176	0.706216	-0.745791	0.505479	-0.433919	-149.315994	-147.507004	603.632996	
-0.216745	-0.800030	-0.559440	-0.629934	-0.323176	0.706216	-0.745791	0.505479	-0.433919	-149.315994	-147.507004	603.632996	
-0.216745	-0.800030	-0.559440	-0.629934	-0.323176	0.706216	-0.745791	0.505479	-0.433919	-149.315994	-147.507004	603.632996	
-0.216745	-0.800030	-0.559440	-0.629934	-0.323176	0.706216	-0.745791	0.505479	-0.433919	-149.315994	-147.507004	603.632996	
-0.512791	-0.851274	-0.111257	-0.323610	0.071629	0.943475	-0.795186	0.519810	-0.312211	-185.452026	-185.639359	624.373779	
-0.556795	-0.830400	0.020383	-0.226794	0.175583	0.957985	-0.799089	0.528778	-0.286093	-193.108139	-190.016663	631.424988	
-0.582940	-0.795537	0.165233	-0.101641	0.273161	0.956584	-0.806132	0.540837	-0.240096	-199.284119	-194.521606	636.656433	
-0.628117	-0.715969	0.304725	0.068520	0.339203	0.938215	-0.775096	0.610188	-0.164001	-203.917099	-198.140259	651.466614	
-0.642918	-0.621684	0.447399	0.241521	0.389771	0.888676	-0.726858	0.679402	-0.100442	-204.320526	-204.062393	655.935059	
-0.645530	-0.516058	0.563006	0.385095	0.416667	0.823463	-0.659540	0.748380	-0.070240	-202.891647	-207.434189	667.690002	
-0.600510	-0.435873	0.670374	0.526062	0.416031	0.741739	-0.602200	0.798081	-0.020535	-201.689575	-209.267776	677.677856	
-0.603734	-0.354588	0.713984	0.622527	0.349750	0.700096	-0.497961	0.867146	0.009584	-198.988556	-210.886475	686.973511	
-0.537150	-0.251151	0.805229	0.753494	0.286183	0.591900	-0.379097	0.924675	0.035517	-190.916656	-210.374786	692.077942	
-0.447238	-0.164027	0.879246	0.854420	0.212323	0.474220	-0.264468	0.963335	0.045189	-186.186111	-208.473099	707.388977	
-0.397065	-0.125596	0.909156	0.896675	0.158176	0.413465	-0.195736	0.979391	0.049813	-180.033661	-205.387817	716.264832	
-0.272011	-0.079414	0.959012	0.956737	0.084625	0.278374	-0.103262	0.993243	0.052959	-165.586090	-202.001419	725.972412	
-0.134977	-0.041305	0.989988	0.990546	0.019061	0.135848	-0.024480	0.998964	0.038342	-148.642258	-195.631042	735.013672	
-0.062666	-0.025407	0.997711	0.996406	-0.058662	0.061090	0.056977	0.997954	0.028992	-130.483856	-188.541550	732.018005	
-0.025641	0.073311	0.996980	0.990970	-0.129430	0.035004	0.131606	0.988874	-0.069331	-119.728500	-190.715500	759.650024	
0.165189	0.105068	0.980650	0.975336	-0.164991	-0.146616	0.146394	0.980682	-0.129732	-112.181015	-192.772781	793.943665	
0.321856	0.050330	0.945450	0.914279	-0.275951	-0.296555	0.245973	0.959853	-0.134832	-98.554977	-180.746368	805.683899	
0.441644	-0.048992	0.895852	0.824336	-0.371980	-0.426731	0.354146	0.926947	-0.123897	-74.570648	-166.807327	811.296082	
0.582698	-0.059437	0.810512	0.696764	-0.476805	-0.535888	0.418308	0.876997	-0.236420	-65.471817	-160.657150	844.188171	
0.647013	-0.120946	0.752825	0.609286	-0.511593	-0.605840	0.458415	0.850673	-0.257318	-45.065807	-148.539688	845.099976	
0.728788	-0.157161	0.666459	0.479476	-0.577725	-0.660557	0.488844	0.800958	-0.345685	-24.871082	-143.837982	869.446838	
0.799733	-0.237814	0.551245	0.326441	-0.598341	-0.731726	0.503848	0.765135	-0.400881	-5.261860	-131.377289	888.172791	
0.863712	-0.288533	0.413219	0.169146	-0.606391	-0.776968	0.474754	0.740971	-0.474944	4.557867	-117.334450	895.516235	
0.874391	-0.328127	0.357452	0.085853	-0.620432	-0.779547	0.477566	0.712317	-0.514330	14.437101	-110.454514	902.895569	
0.876839	-0.413686	0.244983	-0.050130	-0.585438	-0.809166	0.478164	0.697227	-0.534074	22.540031	-95.968628	909.135376	
0.881127	-0.458709	0.114890	-0.177611	-0.546202	-0.818608	0.438256	0.700892	-0.562746	30.090609	-81.549820	915.560425	
0.851866	-0.521763	0.045687	-0.270738	-0.513334	-0.814365	0.448358	0.681360	-0.578553	36.775925	-66.718391	925.607666	
0.809581	-0.586688	-0.019355	-0.357897	-0.467195	-0.808479	0.465283	0.661457	-0.588207	42.617268	-52.377811	940.508667	
0.764432	-0.637391	-0.096822	-0.451853	-0.422570	-0.785662	0.459860	0.644335	-0.611034	52.632301	-45.851028	957.205872	
0.725996	-0.649924	-0.224784	-0.548341	-0.349816	-0.759573	0.415032	0.674706	-0.610345	60.905647	-31.783602	961.454651	
0.691771	-0.659630	-0.293834	-0.607759	-0.312093	-0.730225	0.389976	0.683729	-0.616794	63.751049	-18.222000	970.092346	
0.641970	-0.678097	-0.357851	-0.654856	-0.242164	-0.715906	0.398795	0.693931	-0.599519	65.023941	-3.739822	972.548096	
0.594905	-0.691511	-0.409754	-0.701356	-0.197544	-0.684892	0.392667	0.694830	-0.602516	67.520714	9.198846	992.516418	
0.553671	-0.687482	-0.469911	-0.741042	-0.149345	-0.654640	0.379875	0.710679	-0.592142	66.530670	21.298388	996.331482	
0.500491	-0.686644	-0.527283	-0.784596	-0.102303	-0.611509	0.365947	0.719759	-0.589941	64.927803	26.982780	1005.268127	
0.463807	-0.666578	-0.583572	-0.812945	-0.058397	-0.579405	0.352141	0.743143	-0.568977	61.686516	38.014156	1019.861816	
0.397655	-0.611310	-0.684229	-0.856937	0.019072	-0.515069	0.327917	0.791161	-0.516271	54.189159	49.121788	1025.062256	
0.349566	-0.582479	-0.733840	-0.881593	0.060658	-0.468097	0.317171	0.810579	-0.492307	49.101028	59.802887	1036.912476	
0.304860	-0.535825	-0.787370	-0.897315	0.115479	-0.426017	0.319197	0.836394	-0.445600	38.152584	67.735863	1033.532715	
0.249993	-0.508055	-0.824247	-0.904020	0.182404	-0.386621	0.346772	0.841789	-0.413693	24.839706	77.082031	1048.051270	
0.188364	-0.470674	-0.861966	-0.904695	0.258366	-0.338783	0.382159	0.843631	-0.377150	16.707230	84.385139	1043.530396	
0.146948	-0.432854	-0.889407	-0.904191	0.305789	-0.298212	0.401054	0.848015	-0.346449	1.739194	88.416130	1055.665405	
0.083109	-0.326097	-0.941677	-0.893462	0.394146	-0.215345	0.441382	0.859249	-0.258599	-16.442738	91.218781	1059.385132	
0.069809	-0.269893	-0.960357	-0.889441	0.419064	-0.182426	0.451687	0.866916	-0.210800	-34.701782	93.972748	1069.992798	
0.018363	-0.137792	-0.990292	-0.879662	0.468563	-0.081510	0.475246	0.872618	-0.112607	-45.566780	94.829185	1073.762573	
0.010476	-0.077940	-0.996904	-0.852673	0.520082	-0.049622	0.522340	0.850553	-0.061009	-55.099190	95.033844	1071.503052	
-0.005877	0.045919	-0.998929	-0.826749	0.561732	0.030686	0.562540	0.826043	0.034662	-65.750984	96.315269	1078.653076	
-0.007320	0.170948	-0.985254	-0.815098	0.569744	0.104910	0.579277	0.803846	0.135168	-85.020233	94.561371	1065.763306	
-0.007449	0.238966	-0.971000	-0.795286	0.587225	0.150619	0.606189	0.773344	0.185672	-96.281830	94.217377	1074.367065	
0.013626	0.361153	-0.932408	-0.765059	0.604174	0.222838	0.643816	0.710311	0.284536	-106.365059	91.074577	1072.315918	
0.025455	0.416585	-0.908741	-0.756315	0.602464	0.254996	0.653712	0.680804	0.330406	-114.973228	86.071770	1062.418457	
0.051475	0.473185	-0.879459	-0.720247	0.627619	0.295529	0.691806	0.618215	0.373117	-125.037132	81.614403	1070.439453	
0.076914	0.515145	-0.853646	-0.692654	0.643448	0.325890	0.717158	0.566216	0.406307	-133.201233	75.177956	1065.121704	
0.120040	0.572745	-0.810898	-0.652476	0.661132	0.370377	0.748242	0.484631	0.453065	-141.764297	68.049103	1069.926514	
0.159418	0.610352	-0.775924	-0.630042	0.667997	0.396011	0.760022	0.425734	0.491039	-148.587234	63.820049	1062.194214	
0.193019	0.649926	-0.735079	-0.592420	0.674395	0.440714	0.782165	0.350410	0.515201	-154.336563	53.985901	1058.975586	
0.228056	0.687170	-0.689775	-0.597158	0.658268	0.458349	0.769021	0.307376	0.560472	-164.515610	43.046623	1051.252808	
0.314337	0.764732	-0.562475	-0.554564	0.628819	0.545018	0.770488	0.140610	0.621755	-171.496887	31.542332	1039.059937	
0.326459	0.812471	-0.483028	-0.548465	0.579024	0.603256	0.769813	0.067987	0.634640	-174.785110	26.556734	1040.393433	
0.339970	0.844007	-0.414817	-0.597967	0.534443	0.597333	0.725849	0.044972	0.686384	-181.044891	20.190067	1042.875000	
0.382350	0.877528	-0.289404	-0.590791	0.472983	0.653646	0.710476	-0.078943	0.699281	-181.877502	13.376636	1027.245239	
0.429681	0.890968	-0.146806	-0.619882	0.409262	0.669516	0.656599	-0.196675	0.728147	-180.757675	6.376159	1020.303101	
0.466216	0.884043	-0.033368	-0.621911	0.354334	0.698337	0.629183	-0.304822	0.714992	-179.120270	0.182380	1014.040527	
0.505830	0.858157	0.087775	-0.650095	0.312339	0.692692	0.567022	-0.407446	0.715874	-174.782471	-13.059405	1002.473145	
0.515523	0.846837	0.130790	-0.645348	0.283297	0.709415	0.563705	-0.450124	0.692550	-172.471924	-20.581411	999.183594	
0.514264	0.821420	0.246585	-0.679913	0.215237	0.700994	0.522735	-0.528151	0.669183	-163.964233	-35.840569	992.836670	
0.520527	0.797816	0.304210	-0.692254	0.185757	0.697338	0.499837	-0.573573	0.648982	-153.402466	-43.146111	978.737488	
0.544676	0.756944	0.361063	-0.698366	0.171002	0.695014	0.464343	-0.630710	0.621765	-140.686111	-49.737961	961.948853	
0.540661	0.730481	0.417236	-0.717946	0.142166	0.681427	0.438452	-0.667973	0.601309	-133.851517	-63.787975	955.641846	
0.523968	0.675914	0.518267	-0.747624	0.073455	0.660048	0.408065	-0.733311	0.543818	-125.715851	-71.274994	954.862061	
