0.997086	-0.039563	0.065220	0.039209	0.999208	0.006702	-0.065433	-0.004126	0.997849	18.859182	3.933192	542.853149	
0.974151	-0.132296	0.183104	0.133106	0.991070	0.007913	-0.182515	0.016664	0.983062	27.483822	7.485080	541.548828	
0.959151	-0.174107	0.222969	0.175402	0.984395	0.014138	-0.221951	0.025549	0.974723	36.067089	15.459890	541.152832	
0.923779	-0.207819	0.321626	0.215542	0.976423	0.011836	-0.316503	0.058390	0.946793	44.512062	17.971872	539.553650	
0.850266	-0.267589	0.453260	0.301454	0.953477	-0.002593	-0.431479	0.138842	0.891375	52.470089	23.917582	543.929199	
0.797563	-0.336030	0.500975	0.382254	0.923989	0.011212	-0.466663	0.182557	0.865389	69.010330	25.631895	545.381897	
0.702967	-0.377340	0.602870	0.475046	0.879955	-0.003150	-0.529310	0.288605	0.797834	75.989059	29.166908	547.343079	
0.614210	-0.356529	0.704013	0.528111	0.848610	-0.030989	-0.586383	0.390830	0.709511	82.991211	30.250208	552.715942	
0.556839	-0.355522	0.750690	0.576150	0.816327	-0.040763	-0.598316	0.455208	0.659396	88.286987	31.226089	554.818542	
0.445195	-0.321536	0.835712	0.620930	0.783314	-0.029401	-0.645172	0.532008	0.548380	98.346352	31.085773	562.771179	
0.372422	-0.324360	0.869536	0.697206	0.716180	-0.031458	-0.612541	0.617961	0.492867	101.878021	29.397823	569.425415	
0.255335	-0.278452	0.925888	0.770892	0.636615	-0.021135	-0.583549	0.719155	0.377207	104.443298	26.750689	570.834595	
0.192909	-0.256890	0.946992	0.835944	0.548393	-0.021526	-0.513794	0.795784	0.320535	106.727234	25.167931	581.321777	
0.124137	-0.183187	0.975209	0.866467	0.498959	-0.016568	-0.483555	0.847042	0.220665	108.366745	20.582256	593.541809	
0.076982	-0.154149	0.985044	0.915461	0.402315	-0.008586	-0.394974	0.902430	0.172088	108.958626	14.952375	597.554138	
0.041957	-0.098046	0.994297	0.942930	0.332918	-0.006960	-0.330336	0.937844	0.106419	106.554672	8.318204	599.461365	
0.023229	-0.090981	0.995582	0.955402	0.295271	0.004691	-0.294394	0.951071	0.093782	104.230652	4.407907	611.289795	
-0.004249	-0.073847	0.997261	0.977058	0.212043	0.019865	-0.212929	0.974466	0.071252	102.635101	-4.807830	621.929321	
-0.022068	0.036982	0.999072	0.997192	0.072348	0.019348	-0.071565	0.996693	-0.038475	96.907684	-14.384497	624.327271	
-0.026991	0.090874	0.995497	0.999090	-0.030446	0.029868	0.033024	0.995396	-0.089970	86.664612	-25.795856	628.313232	
-0.040835	0.201741	0.978587	0.996283	-0.066125	0.055205	0.075846	0.977204	-0.198291	79.024246	-32.785477	627.994568	
0.006966	0.338904	0.940795	0.968691	-0.235778	0.077763	0.248173	0.910798	-0.329936	73.861214	-37.416351	649.661743	
0.039274	0.393762	0.918373	0.952416	-0.292767	0.084797	0.302259	0.871343	-0.386524	66.890213	-49.569271	665.575928	
0.061309	0.484559	0.872607	0.933980	-0.336191	0.121067	0.352027	0.807575	-0.473181	58.614605	-56.045925	674.147949	
0.104127	0.575856	0.810893	0.911069	-0.382228	0.154449	0.398886	0.722697	-0.564445	51.055595	-69.450806	695.029541	
0.199998	0.640351	0.741587	0.859574	-0.477930	0.180870	0.470247	0.601276	-0.646015	32.357487	-82.923759	706.412231	
0.255924	0.696664	0.670196	0.830670	-0.513092	0.216154	0.494458	0.501393	-0.710011	14.286327	-96.867218	719.124268	
0.319111	0.756202	0.571251	0.786149	-0.547847	0.286065	0.529281	0.357802	-0.769311	5.408669	-103.245132	731.502075	
0.374667	0.772844	0.512187	0.732882	-0.585236	0.346963	0.567898	0.245377	-0.785673	-3.366690	-110.970520	739.202698	
0.476613	0.765104	0.432962	0.665005	-0.635897	0.391668	0.574985	0.101247	-0.811875	-13.128897	-124.879105	744.102051	
0.537565	0.773099	0.336662	0.634851	-0.633839	0.441830	0.554967	-0.023782	-0.831533	-22.952980	-139.542313	751.992004	
0.631922	0.732800	0.252345	0.589088	-0.665720	0.458030	0.503636	-0.140786	-0.852368	-31.281616	-145.436447	765.069763	
0.684653	0.713410	0.149318	0.574975	-0.654543	0.490895	0.447944	-0.250238	-0.858328	-39.229080	-159.103134	774.617371	
0.764838	0.641983	0.053663	0.511427	-0.655723	0.555401	0.391746	-0.397346	-0.829850	-47.626968	-172.088348	779.859131	
0.792489	0.608897	-0.034722	0.496826	-0.611510	0.615809	0.353731	-0.505272	-0.787131	-55.485931	-177.737900	797.326233	
0.819693	0.565821	-0.089161	0.480079	-0.593722	0.645770	0.312454	-0.572136	-0.758309	-69.084503	-189.391724	807.666992	
0.839731	0.514234	-0.174397	0.479233	-0.550837	0.683312	0.255318	-0.657375	-0.708993	-81.844711	-201.488358	817.153564	
0.860552	0.446425	-0.245263	0.474795	-0.528681	0.703609	0.184443	-0.721941	-0.666919	-92.532326	-211.309998	824.542542	
0.867705	0.383012	-0.316843	0.483837	-0.504630	0.715018	0.113973	-0.773724	-0.623186	-101.079193	-214.493362	836.181702	
0.874827	0.282551	-0.393499	0.484433	-0.512399	0.709064	-0.001281	-0.810932	-0.585138	-108.503113	-219.960022	855.868103	
0.881397	0.185515	-0.434424	0.465695	-0.495388	0.733294	-0.079171	-0.848630	-0.523027	-110.879311	-227.499741	871.162415	
0.844111	0.119899	-0.522590	0.512320	-0.467820	0.720190	-0.158128	-0.875652	-0.456320	-112.217491	-231.649475	876.262939	
0.830901	0.080334	-0.550591	0.523109	-0.450017	0.723769	-0.189631	-0.889398	-0.415943	-113.322311	-234.441803	886.980347	
0.786574	0.036047	-0.616443	0.570804	-0.423253	0.703591	-0.235548	-0.905293	-0.353496	-112.114677	-238.811523	900.507690	
0.731153	-0.009650	-0.682146	0.622775	-0.398759	0.673159	-0.278507	-0.917004	-0.285544	-110.632088	-242.456085	903.825867	
0.691669	-0.044975	-0.720813	0.654660	-0.382425	0.652053	-0.304983	-0.922890	-0.235068	-107.788300	-243.826263	911.791016	
0.634624	-0.068494	-0.769780	0.695682	-0.383162	0.607629	-0.336569	-0.921137	-0.195514	-103.610794	-244.632538	917.688049	
0.601202	-0.122221	-0.789695	0.699541	-0.397190	0.594040	-0.386262	-0.909561	-0.153292	-93.887550	-242.958969	926.044189	
0.555800	-0.167165	-0.814336	0.700711	-0.432886	0.567111	-0.447315	-0.885813	-0.123464	-88.315186	-240.822250	924.541626	
0.506970	-0.200850	-0.838237	0.711892	-0.450738	0.538558	-0.485994	-0.869766	-0.085527	-76.569084	-238.853851	931.228027	
0.458524	-0.227946	-0.858951	0.719651	-0.471842	0.509380	-0.521399	-0.851707	-0.052309	-69.820694	-234.023056	931.126221	
0.356475	-0.279142	-0.891631	0.698428	-0.554266	0.452756	-0.620584	-0.784136	-0.002621	-58.667900	-240.707001	988.877014	
0.356475	-0.279142	-0.891631	0.698428	-0.554266	0.452756	-0.620584	-0.784136	-0.002621	-58.667900	-240.707001	988.877014	
0.356475	-0.279142	-0.891631	0.698428	-0.554266	0.452756	-0.620584	-0.784136	-0.002621	-58.667900	-240.707001	988.877014	
0.356475	-0.279142	-0.891631	0.698428	-0.554266	0.452756	-0.620584	-0.784136	-0.002621	-58.667900	-240.707001	988.877014	
0.102478	-0.152643	-0.982954	0.731426	-0.658156	0.178459	-0.674177	-0.737246	0.044201	-20.370964	-204.667496	983.823669	
0.087961	-0.120630	-0.988793	0.742107	-0.654225	0.145830	-0.664484	-0.746617	0.031975	-10.514551	-191.867386	977.256653	
-0.070707	-0.170813	-0.982763	0.630147	-0.771389	0.088737	-0.773249	-0.613010	0.162181	7.129159	-188.157150	1016.533386	
-0.295870	-0.130058	-0.946332	0.567169	-0.821073	-0.064482	-0.768622	-0.555808	0.316697	15.944748	-177.448486	1021.018982	
-0.599837	-0.136826	-0.788336	0.403433	-0.902578	-0.150313	-0.690968	-0.408204	0.596601	24.315931	-165.316864	1020.337891	
-0.704214	-0.132874	-0.697442	0.279743	-0.954794	-0.100555	-0.652553	-0.265917	0.709551	41.471840	-154.964188	1031.145752	
-0.743747	-0.015881	-0.668271	0.152591	-0.977356	-0.146598	-0.650811	-0.211003	0.729331	50.791756	-140.482117	1025.278809	
-0.793442	-0.006746	-0.608608	0.071074	-0.994125	-0.081639	-0.604481	-0.108031	0.789260	67.756714	-127.845016	1038.694458	
-0.782362	0.084694	-0.617038	0.018124	-0.987196	-0.158480	-0.622560	-0.135171	0.770810	75.010445	-118.836700	1026.765747	
-0.795429	0.114071	-0.595214	-0.055547	-0.991715	-0.115825	-0.603495	-0.059068	0.795176	89.380524	-111.266861	1041.339722	
-0.775422	0.207516	-0.596370	-0.150246	-0.977966	-0.144942	-0.613308	-0.022789	0.789515	102.754189	-103.529976	1051.058960	
-0.738859	0.218875	-0.637323	-0.127217	-0.974079	-0.187041	-0.661742	-0.057118	0.747553	113.845383	-87.440887	1047.619995	
-0.726239	0.179000	-0.663729	-0.069548	-0.979682	-0.188110	-0.683915	-0.090452	0.723933	116.697136	-70.848892	1027.840576	
-0.706395	0.184951	-0.683227	-0.154543	-0.982270	-0.106118	-0.690740	0.030627	0.722455	120.178825	-55.918205	1034.671265	
-0.650165	0.195894	-0.734106	-0.197568	-0.976543	-0.085610	-0.733656	0.089376	0.673618	124.063538	-47.407375	1029.160767	
-0.706434	0.139871	-0.693820	-0.198943	-0.979998	0.004998	-0.679244	0.141562	0.720131	126.042732	-31.870884	1025.288696	
-0.735732	0.126999	-0.665259	-0.209448	-0.976775	0.045169	-0.644073	0.172570	0.745245	126.895462	-16.891108	1024.754517	
-0.750514	0.047271	-0.659161	-0.197838	-0.967765	0.155856	-0.630546	0.247380	0.735674	122.791496	-3.232968	1009.934692	
-0.722662	0.057052	-0.688842	-0.209659	-0.967728	0.139803	-0.658636	0.245453	0.711303	118.921463	3.461496	1007.015503	
-0.650113	-0.009073	-0.759783	-0.169553	-0.972983	0.156699	-0.740678	0.230696	0.631012	115.660828	9.176214	1005.241638	
-0.659587	-0.035791	-0.750776	-0.163806	-0.968011	0.190058	-0.733562	0.248341	0.632625	108.081024	21.005707	1000.066589	
-0.551632	-0.028840	-0.833589	-0.160637	-0.977019	0.140106	-0.818473	0.211193	0.534322	97.095085	26.354565	984.998840	
-0.489335	-0.091452	-0.867288	-0.164041	-0.967082	0.194530	-0.856529	0.237462	0.458226	90.574593	31.651888	973.633179	
-0.458366	-0.129650	-0.879256	-0.178476	-0.955722	0.233968	-0.870658	0.264169	0.414932	76.944489	40.092854	966.238098	
-0.462829	-0.180034	-0.867973	-0.196840	-0.933839	0.298658	-0.864316	0.309081	0.396771	68.666008	46.407383	959.326172	
-0.345746	-0.201545	-0.916427	-0.291332	-0.905335	0.309020	-0.891955	0.373828	0.254300	51.575451	47.537994	935.161011	
-0.247411	-0.231192	-0.940924	-0.395792	-0.862281	0.315941	-0.884384	0.450578	0.121834	32.872585	49.744732	894.989319	
-0.276485	-0.340251	-0.898769	-0.381572	-0.819479	0.427617	-0.882019	0.461175	0.096744	15.278262	50.923119	873.249817	
0.781615	-0.458528	-0.422883	-0.242094	-0.847812	0.471811	-0.574864	-0.266398	-0.773669	5.751400	55.601700	899.926025	
0.781615	-0.458528	-0.422883	-0.242094	-0.847812	0.471811	-0.574864	-0.266398	-0.773669	5.751400	55.601700	899.926025	
0.781615	-0.458528	-0.422883	-0.242094	-0.847812	0.471811	-0.574864	-0.266398	-0.773669	5.751400	55.601700	899.926025	
0.554584	-0.754923	-0.350038	-0.422900	-0.617979	0.662764	-0.716653	-0.219527	-0.661979	-52.269794	52.622490	864.116821	
0.456141	-0.834778	-0.308349	-0.441664	-0.513171	0.735927	-0.772573	-0.199500	-0.602770	-70.787140	48.992249	858.651428	
0.390208	-0.876970	-0.280465	-0.458343	-0.449203	0.766901	-0.798536	-0.170702	-0.577236	-78.949623	43.852722	846.605042	
0.332336	-0.910175	-0.247250	-0.393695	-0.372093	0.840566	-0.857063	-0.182010	-0.481992	-87.814522	38.130836	833.895508	
0.245917	-0.949739	-0.193700	-0.386559	-0.279352	0.878939	-0.888874	-0.141270	-0.435829	-103.708153	34.384239	815.733215	
0.152676	-0.971406	-0.181824	-0.453351	-0.232323	0.860522	-0.878159	-0.048951	-0.475859	-117.947319	30.066383	792.734375	
0.218893	-0.968301	-0.120326	-0.521487	-0.220322	0.824323	-0.824705	-0.117690	-0.553184	-131.079880	25.003689	778.861389	
0.306818	-0.950576	-0.047607	-0.591775	-0.229706	0.772681	-0.745429	-0.208900	-0.633006	-142.986191	20.275986	759.569336	
0.327874	-0.943633	0.045331	-0.698724	-0.209924	0.683897	-0.635833	-0.255906	-0.728168	-149.967133	14.853708	756.601868	
0.376565	-0.917963	0.124664	-0.778524	-0.240646	0.579645	-0.502094	-0.315329	-0.805276	-158.734253	8.835051	755.446716	
0.397836	-0.893868	0.206702	-0.828290	-0.253051	0.499900	-0.394539	-0.370087	-0.841056	-163.763626	2.195760	752.793884	
0.493518	-0.808570	0.320396	-0.842051	-0.352002	0.408710	-0.217692	-0.471496	-0.854577	-171.701065	-11.471843	755.730713	
0.528229	-0.736168	0.423120	-0.848405	-0.477786	0.227881	0.034401	-0.479350	-0.876949	-176.119247	-26.280264	752.336060	
0.673750	-0.679216	0.291079	-0.735758	-0.653219	0.178784	0.068704	-0.334619	-0.939845	-174.734085	-33.557621	740.853638	
0.777551	-0.587828	0.223320	-0.620139	-0.775636	0.117540	0.104120	-0.229882	-0.967632	-173.309601	-41.102730	731.642151	
0.798558	-0.528905	0.287340	-0.570855	-0.816854	0.082905	0.190865	-0.230233	-0.954234	-172.272125	-48.908566	727.513733	
0.852013	-0.391031	0.348092	-0.442349	-0.893341	0.079180	0.280002	-0.221441	-0.934110	-168.853348	-65.877106	726.698853	
0.912280	-0.266697	0.310836	-0.298418	-0.952642	0.058466	0.280522	-0.146096	-0.948664	-164.528091	-72.957260	708.636536	
0.932351	-0.092617	0.349491	-0.121416	-0.990703	0.061364	0.340557	-0.099646	-0.934928	-165.483887	-91.450676	722.967163	
0.937673	-0.005527	0.347476	-0.017513	-0.999354	0.031363	0.347078	-0.035493	-0.937164	-152.789047	-100.089844	708.898682	
0.948190	0.023338	0.316844	0.096826	-0.971080	-0.218236	0.302587	0.237608	-0.923029	-139.018173	-114.912048	703.624146	
0.952653	0.134359	0.272764	0.211476	-0.937344	-0.276882	0.218472	0.321455	-0.921378	-119.809959	-119.414688	671.751526	
0.941573	0.241395	0.234879	0.291842	-0.932860	-0.211186	0.168130	0.267395	-0.948806	-109.352318	-125.496979	656.614746	
0.925355	0.298403	0.233825	0.341443	-0.924026	-0.172023	0.164728	0.239021	-0.956940	-91.382614	-131.458588	640.668945	
0.881368	0.377697	0.283788	0.417970	-0.903400	-0.095755	0.220207	0.203011	-0.954094	-82.913857	-137.669144	628.154846	
0.848697	0.476220	0.230058	0.501580	-0.862698	-0.064573	0.167719	0.170196	-0.971033	-74.636711	-145.714340	627.317200	
0.811062	0.539724	0.225556	0.533807	-0.840593	0.091936	0.239220	0.045838	-0.969883	-65.442085	-158.333344	620.969238	
0.767583	0.610407	0.195497	0.558108	-0.786506	0.264428	0.315168	-0.093862	-0.944383	-55.900997	-164.965454	617.407654	
0.690851	0.705898	0.156308	0.669824	-0.706282	0.229130	0.272139	-0.053596	-0.960765	-36.291775	-174.381073	610.911987	
0.579528	0.811749	0.072181	0.734364	-0.558571	0.385626	0.353349	-0.170473	-0.919828	-25.376188	-179.092026	607.160400	
0.464091	0.885081	0.035375	0.811635	-0.440896	0.383222	0.354778	-0.149138	-0.922980	-5.532247	-187.404343	602.443237	
0.348883	0.936572	-0.033351	0.871486	-0.311139	0.379084	0.344662	-0.161321	-0.924762	13.718807	-190.579681	587.757812	
0.211282	0.974816	-0.071359	0.910563	-0.169765	0.376902	0.355296	-0.144609	-0.923501	23.194948	-193.606720	575.240723	
0.059508	0.992808	-0.103879	0.947070	-0.023266	0.320183	0.315462	-0.117433	-0.941644	31.315361	-193.077072	567.335449	
-0.062525	0.990669	-0.121099	0.948727	0.096666	0.300952	0.309850	-0.096072	-0.945920	45.627476	-192.445755	560.959229	
-0.195350	0.972055	-0.130177	0.937228	0.224128	0.267151	0.288861	-0.069817	-0.954822	52.196140	-191.148483	554.481445	
-0.250236	0.961976	-0.109469	0.929025	0.270406	0.252574	0.272570	-0.038496	-0.961366	64.264763	-193.483551	560.620544	
-0.305978	0.943980	-0.123611	0.934294	0.322684	0.151553	0.182950	-0.069117	-0.980690	69.968315	-192.929138	560.405579	
-0.326525	0.931898	-0.157945	0.930037	0.346573	0.122137	0.168558	-0.107014	-0.979866	74.746887	-192.206879	563.235291	
-0.333533	0.919716	-0.207068	0.924563	0.362036	0.118794	0.184222	-0.151825	-0.971088	79.487518	-189.498154	567.142151	
-0.325999	0.900807	-0.286829	0.908371	0.382524	0.168926	0.261888	-0.205477	-0.942971	82.501984	-192.546539	583.049561	
-0.209596	0.883662	-0.418583	0.928107	0.314515	0.199240	0.307710	-0.346729	-0.886055	84.460121	-191.982101	599.204407	
0.608370	0.790126	-0.074742	0.091292	-0.163218	-0.982357	-0.788385	0.590813	-0.171429	81.043999	-175.225998	564.450989	
0.608370	0.790126	-0.074742	0.091292	-0.163218	-0.982357	-0.788385	0.590813	-0.171429	81.043999	-175.225998	564.450989	
0.608370	0.790126	-0.074742	0.091292	-0.163218	-0.982357	-0.788385	0.590813	-0.171429	81.043999	-175.225998	564.450989	
0.608370	0.790126	-0.074742	0.091292	-0.163218	-0.982357	-0.788385	0.590813	-0.171429	81.043999	-175.225998	564.450989	
0.608370	0.790126	-0.074742	0.091292	-0.163218	-0.982357	-0.788385	0.590813	-0.171429	81.043999	-175.225998	564.450989	
0.608370	0.790126	-0.074742	0.091292	-0.163218	-0.982357	-0.788385	0.590813	-0.171429	81.043999	-175.225998	564.450989	
0.922680	0.343939	-0.174258	0.150130	-0.736772	-0.659263	-0.355135	0.582128	-0.731441	42.486267	-130.315796	571.816101	
0.939949	0.284437	-0.188654	0.121967	-0.796152	-0.592677	-0.318777	0.534076	-0.783035	27.981838	-123.577911	576.351807	
0.956193	0.208500	-0.205480	0.087460	-0.873344	-0.479187	-0.279366	0.440224	-0.853321	19.923906	-116.622787	583.842773	
0.972697	0.070108	-0.221236	-0.028065	-0.910750	-0.412003	-0.230376	0.406963	-0.883916	2.561350	-109.800850	593.209167	
0.969904	0.008807	-0.243327	-0.086684	-0.921381	-0.378870	-0.227534	0.388560	-0.892888	-15.250985	-95.051605	596.980835	
0.972705	-0.086594	-0.215281	-0.161147	-0.919632	-0.358202	-0.166962	0.383117	-0.908485	-33.332745	-85.843697	596.965881	
0.946545	-0.233645	-0.222401	-0.267600	-0.953749	-0.136944	-0.180119	0.189138	-0.965289	-44.041222	-73.644257	617.507141	
0.876960	-0.369779	-0.306928	-0.373174	-0.926419	0.049889	-0.302792	0.070786	-0.950424	-54.226227	-66.129242	623.555176	
0.866177	-0.444057	-0.229237	-0.437910	-0.895457	0.079946	-0.240773	0.031137	-0.970082	-74.509918	-51.689896	638.180481	
0.802347	-0.554439	-0.220990	-0.543642	-0.831697	0.112835	-0.246357	0.029606	-0.968727	-94.586723	-44.381447	642.637695	
0.721652	-0.650451	-0.236920	-0.628812	-0.759057	0.168603	-0.289505	0.027306	-0.956787	-114.500023	-38.442833	658.925476	
0.667235	-0.685201	-0.292056	-0.646498	-0.727488	0.229784	-0.369916	0.035494	-0.928387	-134.033096	-32.122780	677.478394	
0.603953	-0.683217	-0.410432	-0.579643	-0.729963	0.362169	-0.547041	0.019171	-0.836887	-141.932648	-19.752951	681.837463	
0.470817	-0.704826	-0.530613	-0.521897	-0.707432	0.476616	-0.711305	0.052527	-0.700919	-148.987457	-7.342051	684.919006	
0.327316	-0.729015	-0.601166	-0.544564	-0.665467	0.510493	-0.772214	0.160281	-0.614814	-154.487732	-1.889637	689.563232	
0.242086	-0.744236	-0.622500	-0.561716	-0.630634	0.535513	-0.791119	0.220028	-0.570718	-166.646973	2.958735	692.780640	
0.254898	-0.727425	-0.637087	-0.510663	-0.660747	0.550124	-0.821127	0.185111	-0.539893	-175.453598	7.925860	696.836792	
0.114979	-0.708963	-0.695810	-0.544862	-0.630696	0.552582	-0.830605	0.315585	-0.458804	-179.090530	16.207050	700.408447	
-0.047362	-0.685580	-0.726455	-0.431649	-0.641812	0.633842	-0.900798	0.343594	-0.265533	-186.935669	20.796131	715.448975	
-0.124815	-0.648647	-0.750785	-0.403736	-0.658016	0.635618	-0.906322	0.382453	-0.179752	-189.425842	27.795588	730.838074	
-0.151104	-0.618865	-0.770827	-0.402181	-0.673836	0.619834	-0.903005	0.403671	-0.147076	-190.130463	34.191223	733.561035	
-0.155043	-0.585524	-0.795690	-0.340307	-0.724479	0.599432	-0.927444	0.363717	-0.086933	-190.953827	36.156723	750.230103	
-0.234844	-0.532346	-0.813300	-0.313720	-0.750413	0.581772	-0.920015	0.391774	0.009222	-191.980682	37.930252	763.296753	
-0.257185	-0.485408	-0.835605	-0.306014	-0.779282	0.546875	-0.916631	0.396355	0.051877	-189.455917	39.287880	782.783020	
-0.289006	-0.454968	-0.842306	-0.308598	-0.788608	0.531847	-0.906225	0.413642	0.087510	-183.433655	40.994728	785.699463	
-0.292023	-0.397961	-0.869684	-0.312099	-0.819889	0.479972	-0.904056	0.411591	0.115223	-177.455414	41.475464	800.810303	
-0.343603	-0.307401	-0.887379	-0.295670	-0.861444	0.412903	-0.891356	0.404247	0.205106	-173.639374	41.995239	813.575439	
-0.304763	-0.284333	-0.908996	-0.353854	-0.852280	0.385230	-0.884255	0.439056	0.159131	-163.227295	39.743366	828.488831	
-0.298852	-0.252590	-0.920264	-0.302811	-0.889397	0.342454	-0.904983	0.381010	0.189311	-157.012131	36.839630	842.445618	
-0.299649	-0.187093	-0.935525	-0.291947	-0.915560	0.276610	-0.908283	0.356010	0.219725	-143.221237	35.156300	861.926331	
-0.270278	-0.124141	-0.954745	-0.370618	-0.901819	0.222176	-0.888590	0.413895	0.197733	-134.671936	30.359716	874.499939	
-0.264832	-0.107473	-0.958286	-0.330182	-0.923590	0.194830	-0.906005	0.368007	0.209111	-116.933342	23.765291	881.999512	
-0.249365	-0.085153	-0.964658	-0.305821	-0.938226	0.161873	-0.918853	0.335379	0.207919	-99.471359	16.711044	894.574585	
-0.216965	-0.063902	-0.974085	-0.308031	-0.942391	0.130432	-0.926306	0.328348	0.184782	-80.551514	13.229713	899.857117	
-0.200378	-0.036721	-0.979030	-0.317006	-0.943108	0.100254	-0.927015	0.330448	0.177337	-61.812168	3.705902	915.278992	
-0.127631	-0.024471	-0.991519	-0.302169	-0.951210	0.062371	-0.944672	0.307568	0.114009	-42.353996	-1.244545	926.946716	
-0.013107	-0.012109	-0.999840	-0.241539	-0.970275	0.014916	-0.970303	0.241697	0.009792	-31.680607	-5.486388	935.336975	
0.062035	-0.013125	-0.997987	-0.265192	-0.964187	-0.003805	-0.962198	0.264895	-0.063294	-21.110544	-16.346598	936.868103	
0.079148	-0.041369	-0.996004	-0.322300	-0.946537	0.013701	-0.943323	0.319928	-0.088250	-2.052910	-22.240055	959.637085	
0.124189	-0.093257	-0.987866	-0.382318	-0.923203	0.039088	-0.915648	0.372824	-0.150305	17.171436	-29.020838	970.221924	
0.228916	-0.170811	-0.958343	-0.445526	-0.893705	0.052868	-0.865508	0.414864	-0.280684	26.497648	-34.378403	952.304626	
0.262618	-0.215124	-0.940613	-0.434195	-0.896902	0.083900	-0.861689	0.386376	-0.328948	34.274357	-47.021103	952.918823	
0.313961	-0.248424	-0.916359	-0.429877	-0.897758	0.096096	-0.846543	0.363751	-0.388653	49.832729	-61.194553	962.937439	
0.322100	-0.293443	-0.900079	-0.361644	-0.916783	0.169471	-0.874909	0.270921	-0.401418	63.490849	-67.373268	975.668274	
0.278923	-0.358483	-0.890894	-0.417070	-0.880870	0.223871	-0.865017	0.309123	-0.395207	76.096939	-81.664391	974.521179	
0.192051	-0.436340	-0.879048	-0.493372	-0.817227	0.297862	-0.848352	0.376493	-0.372227	85.297501	-88.111069	972.078247	
0.177714	-0.513414	-0.839539	-0.477921	-0.790782	0.382430	-0.860238	0.333269	-0.385904	90.930275	-102.695343	983.593445	
0.102309	-0.581508	-0.807083	-0.497566	-0.732465	0.464672	-0.861372	0.354037	-0.364276	93.683853	-109.722778	983.732300	
0.069142	-0.648099	-0.758411	-0.487871	-0.685084	0.540961	-0.870173	0.332604	-0.363557	96.799561	-116.715866	988.308472	
0.016040	-0.680844	-0.732253	-0.491556	-0.643104	0.587186	-0.870698	0.350525	-0.344988	98.296791	-130.597672	994.680359	
-0.053718	-0.735290	-0.675621	-0.477982	-0.575113	0.663910	-0.876726	0.358598	-0.320561	99.514282	-144.518784	1004.484070	
-0.126815	-0.763157	-0.633649	-0.489573	-0.507421	0.709112	-0.862692	0.400143	-0.309272	98.869873	-151.081863	1006.916931	
-0.189064	-0.777627	-0.599626	-0.407792	-0.493315	0.768338	-0.893286	0.389788	-0.223842	96.091721	-160.443558	993.797119	
-0.211394	-0.776993	-0.592953	-0.454093	-0.459139	0.763537	-0.865513	0.430664	-0.255768	89.821152	-173.632355	1003.886719	
-0.340623	-0.793299	-0.504630	-0.391893	-0.368082	0.843169	-0.854633	0.484964	-0.185511	85.086258	-178.686737	999.786682	
-0.410987	-0.814014	-0.410452	-0.178586	-0.369622	0.911859	-0.893978	0.448063	0.006539	76.883003	-188.776001	1031.339966	
-0.410987	-0.814014	-0.410452	-0.178586	-0.369622	0.911859	-0.893978	0.448063	0.006539	76.883003	-188.776001	1031.339966	
-0.410987	-0.814014	-0.410452	-0.178586	-0.369622	0.911859	-0.893978	0.448063	0.006539	76.883003	-188.776001	1031.339966	
-0.410987	-0.814014	-0.410452	-0.178586	-0.369622	0.911859	-0.893978	0.448063	0.006539	76.883003	-188.776001	1031.339966	
-0.410987	-0.814014	-0.410452	-0.178586	-0.369622	0.911859	-0.893978	0.448063	0.006539	76.883003	-188.776001	1031.339966	
-0.901945	-0.430651	0.032165	0.249841	-0.459607	0.852257	-0.352242	0.776725	0.522135	30.726551	-206.197266	995.382507	
-0.944261	-0.323835	0.059170	0.231269	-0.524652	0.819302	-0.234275	0.787319	0.570302	11.967499	-209.528107	985.579407	
-0.960409	-0.244132	0.134218	0.258897	-0.604166	0.753629	-0.102895	0.758540	0.643451	2.193196	-211.666367	987.449707	
-0.939532	-0.338197	0.053878	0.285064	-0.685141	0.670314	-0.189784	0.645140	0.740120	-14.245251	-209.777573	978.915894	
-0.908682	-0.413615	-0.056742	0.357058	-0.840374	0.407776	-0.216346	0.350278	0.911318	-23.468224	-212.020966	999.002380	
-0.900595	-0.433594	-0.030411	0.333212	-0.733637	0.592240	-0.279102	0.523234	0.805189	-42.101940	-212.789490	989.704163	
-0.745448	-0.641498	-0.181075	0.520378	-0.729841	0.443328	-0.416549	0.236250	0.877880	-45.180069	-204.994934	962.943115	
-0.526295	-0.835947	-0.155589	0.817647	-0.547761	0.177230	-0.233381	-0.033942	0.971794	-47.533104	-201.200043	941.082092	
-0.788701	0.253060	0.560278	-0.112360	-0.955336	0.273327	0.604422	0.152620	0.781908	-77.584198	-207.570999	968.568970	
-0.788701	0.253060	0.560278	-0.112360	-0.955336	0.273327	0.604422	0.152620	0.781908	-77.584198	-207.570999	968.568970	
-0.788701	0.253060	0.560278	-0.112360	-0.955336	0.273327	0.604422	0.152620	0.781908	-77.584198	-207.570999	968.568970	
-0.788701	0.253060	0.560278	-0.112360	-0.955336	0.273327	0.604422	0.152620	0.781908	-77.584198	-207.570999	968.568970	
-0.481560	0.440377	0.757739	-0.711697	-0.701053	-0.044867	0.511456	-0.560887	0.651014	-122.389694	-180.701691	920.221130	
-0.390330	0.457471	0.798976	-0.815035	-0.575316	-0.068767	0.428205	-0.678036	0.597418	-128.085510	-168.844696	908.002258	
-0.305560	0.468836	0.828750	-0.916892	-0.379610	-0.123308	0.256791	-0.797552	0.545866	-131.639648	-157.887146	890.962219	
-0.250589	0.431488	0.866616	-0.959721	-0.228200	-0.163890	0.127045	-0.872779	0.471292	-138.255310	-145.498322	877.510437	
-0.213230	0.390525	0.895558	-0.975495	-0.135985	-0.172964	0.054235	-0.910493	0.409951	-141.528137	-131.457489	875.539429	
-0.181458	0.438408	0.880268	-0.978822	-0.166772	-0.118716	0.094758	-0.883168	0.459386	-146.318268	-112.641739	864.274963	
-0.119103	0.478010	0.870242	-0.982117	-0.185433	-0.032560	0.145808	-0.858558	0.491547	-148.141907	-94.702293	843.098694	
-0.047512	0.457139	0.888125	-0.990295	-0.137816	0.017959	0.130608	-0.878653	0.459250	-145.834671	-86.246231	831.955383	
0.032389	0.454366	0.890226	-0.993087	-0.085910	0.079979	0.112819	-0.886663	0.448442	-141.389450	-78.547012	816.429932	
0.001278	-0.047871	0.998853	-0.703553	0.709784	0.034917	-0.710642	-0.702790	-0.032772	-134.714005	-80.352600	844.242981	
0.001278	-0.047871	0.998853	-0.703553	0.709784	0.034917	-0.710642	-0.702790	-0.032772	-134.714005	-80.352600	844.242981	
0.001278	-0.047871	0.998853	-0.703553	0.709784	0.034917	-0.710642	-0.702790	-0.032772	-134.714005	-80.352600	844.242981	
0.001278	-0.047871	0.998853	-0.703553	0.709784	0.034917	-0.710642	-0.702790	-0.032772	-134.714005	-80.352600	844.242981	
-0.130425	-0.387122	0.912757	-0.147654	0.917939	0.368222	-0.980402	-0.086748	-0.176882	-105.146461	-40.790524	793.042603	
-0.169032	-0.430022	0.886854	-0.086917	0.902800	0.421188	-0.981771	-0.005889	-0.189978	-97.659416	-27.127216	780.782837	
-0.270538	-0.477976	0.835673	0.066258	0.856740	0.511476	-0.960426	0.193743	-0.200111	-80.510429	-12.817380	755.738647	
-0.293375	-0.488080	0.822015	0.291653	0.773165	0.563165	-0.910423	0.404962	-0.084477	-72.091125	-5.635545	754.523987	
-0.319295	-0.504783	0.802026	0.390323	0.701152	0.596686	-0.863538	0.503568	-0.026845	-62.703888	1.379898	745.786377	
-0.389108	-0.532950	0.751371	0.480911	0.578157	0.659135	-0.785697	0.617818	0.031336	-52.304546	8.013372	725.781250	
-0.439322	-0.541077	0.717099	0.530547	0.487893	0.693167	-0.724925	0.684978	0.072725	-32.815353	19.808319	707.019043	
-0.526144	-0.568147	0.632757	0.572430	0.313642	0.757597	-0.628886	0.760814	0.160204	-23.062281	30.019236	700.765198	
-0.612967	-0.595983	0.518725	0.564903	0.128437	0.815100	-0.552409	0.792659	0.257945	-13.214489	34.459892	688.963867	
-0.709121	-0.525650	0.469936	0.574191	-0.043703	0.817554	-0.409210	0.849578	0.332815	-2.938107	42.148602	681.369629	
-0.759849	-0.501823	0.413282	0.546528	-0.148836	0.824108	-0.352046	0.852069	0.387354	7.318276	45.785698	665.899109	
-0.832146	-0.430814	0.349188	0.501564	-0.316073	0.805314	-0.236572	0.845280	0.479100	16.995407	49.440212	656.186584	
-0.879237	-0.347597	0.325759	0.468244	-0.504698	0.725277	-0.087695	0.790226	0.606510	34.451893	52.824612	644.437256	
-0.929001	-0.302431	0.213291	0.364277	-0.645648	0.671149	-0.065266	0.701196	0.709976	50.284565	55.593925	638.429810	
-0.976148	-0.210193	0.054350	0.197174	-0.753521	0.627158	-0.090871	0.622917	0.776993	57.780922	57.752678	637.431885	
-0.988247	-0.151739	-0.018529	0.110858	-0.794845	0.596600	-0.105256	0.587535	0.802324	71.066040	58.961098	632.624207	
-0.992162	-0.096975	-0.078808	0.037557	-0.832925	0.552109	-0.119183	0.544823	0.830038	82.247108	58.991650	625.086975	
-0.992226	0.010370	-0.124018	-0.066455	-0.886702	0.457540	-0.105223	0.462226	0.880497	91.460617	57.994392	617.213013	
-0.975704	0.058240	-0.211207	-0.143164	-0.899220	0.413409	-0.165845	0.433603	0.885711	95.391060	56.615303	608.586060	
-0.940704	0.162174	-0.297950	-0.273509	-0.882166	0.383374	-0.200669	0.442134	0.874214	97.721054	52.897484	596.154907	
-0.897252	0.254040	-0.361113	-0.380681	-0.859426	0.341274	-0.223653	0.443678	0.867830	99.317963	50.571823	593.598816	
-0.850280	0.293057	-0.437195	-0.430985	-0.864468	0.258740	-0.302116	0.408427	0.861344	100.179100	44.679043	589.765991	
-0.813712	0.327601	-0.480156	-0.468942	-0.858083	0.209254	-0.343462	0.395438	0.851859	98.930809	37.471962	584.622070	
-0.727666	0.341245	-0.595023	-0.496946	-0.860208	0.114398	-0.472806	0.378939	0.795525	95.308723	29.011671	582.026855	
-0.647085	0.393860	-0.652805	-0.568034	-0.820172	0.068219	-0.508544	0.414960	0.754448	92.408447	19.641869	578.068420	
-0.537946	0.401484	-0.741231	-0.638557	-0.768114	0.047385	-0.550326	0.498810	0.669575	84.540710	13.931573	575.618042	
-0.413102	0.381649	-0.826855	-0.682891	-0.730509	0.003999	-0.602499	0.566305	0.562400	74.417305	7.759444	570.885071	
-0.351590	0.369062	-0.860335	-0.652156	-0.755882	-0.057740	-0.671622	0.540774	0.506447	62.995277	0.983800	569.384094	
-0.289447	0.340538	-0.894569	-0.632291	-0.769669	-0.088408	-0.718629	0.540040	0.438098	49.205967	-6.106373	566.849243	
-0.201603	0.320353	-0.925597	-0.646078	-0.753754	-0.120156	-0.736165	0.573784	0.358933	33.890762	-19.255396	563.352966	
-0.133402	0.215859	-0.967269	-0.620853	-0.778948	-0.088207	-0.772492	0.588766	0.237930	25.667255	-26.934874	561.541809	
-0.053580	0.113722	-0.992067	-0.615752	-0.785887	-0.056832	-0.786115	0.607823	0.112133	8.404866	-35.037998	561.688232	
0.002418	-0.003951	-0.999989	-0.584715	-0.811236	0.001791	-0.811235	0.584704	-0.004272	-0.732695	-42.970325	561.679199	
0.156709	-0.017593	-0.987488	-0.650282	-0.754371	-0.089757	-0.743354	0.656212	-0.129657	-19.313721	-54.521206	540.718567	
0.148892	-0.128914	-0.980415	-0.645975	-0.763354	0.002271	-0.748697	0.632986	-0.196932	-37.386509	-62.732155	543.433228	
0.073499	-0.272293	-0.959403	-0.621062	-0.765193	0.169594	-0.780308	0.583384	-0.225352	-61.751598	-82.858101	575.432007	
0.073499	-0.272293	-0.959403	-0.621062	-0.765193	0.169594	-0.780308	0.583384	-0.225352	-61.751598	-82.858101	575.432007	
0.073499	-0.272293	-0.959403	-0.621062	-0.765193	0.169594	-0.780308	0.583384	-0.225352	-61.751598	-82.858101	575.432007	
-0.016126	-0.642838	-0.765832	-0.690678	-0.546666	0.473415	-0.722983	0.536578	-0.435179	-102.766541	-111.670090	581.222290	
-0.047826	-0.683813	-0.728088	-0.676278	-0.514271	0.527421	-0.735092	0.517615	-0.437852	-121.288284	-118.451080	581.275085	
-0.147179	-0.758544	-0.634783	-0.655206	-0.406004	0.637077	-0.740975	0.509678	-0.437247	-130.095535	-131.711288	586.574219	
-0.238368	-0.778011	-0.581274	-0.631543	-0.330516	0.701365	-0.737790	0.534283	-0.412563	-144.992508	-143.774216	587.583923	
-0.317195	-0.793898	-0.518760	-0.588623	-0.264082	0.764058	-0.743580	0.547710	-0.383541	-152.296524	-155.880524	589.296997	
-0.382780	-0.836742	-0.391589	-0.508336	-0.163170	0.845559	-0.771411	0.522722	-0.362889	-166.006989	-167.279556	598.250244	
-0.470078	-0.846751	-0.249077	-0.438377	-0.020946	0.898547	-0.766063	0.531577	-0.361350	-172.999756	-173.534882	607.665161	
-0.530641	-0.839325	-0.118125	-0.321008	0.070023	0.944485	-0.784458	0.539102	-0.306587	-182.638092	-182.960571	614.199707	
-0.565876	-0.824097	0.025450	-0.219560	0.180372	0.958781	-0.794719	0.536963	-0.283007	-190.673843	-187.826599	622.849609	
-0.592460	-0.787928	0.167810	-0.097390	0.276828	0.955972	-0.799692	0.550032	-0.240746	-196.738083	-191.855850	627.454712	
-0.633422	-0.710886	0.305642	0.075078	0.336662	0.938628	-0.770156	0.617495	-0.159878	-199.372726	-193.873215	637.262329	
-0.653268	-0.623078	0.430133	0.259209	0.349724	0.900280	-0.711373	0.699618	-0.066957	-198.284271	-197.986008	636.456177	
-0.657833	-0.515911	0.548719	0.389404	0.390641	0.834125	-0.644687	0.762388	-0.056079	-198.112976	-202.477325	652.328796	
-0.616690	-0.437407	0.654499	0.518879	0.399383	0.755816	-0.591996	0.805710	-0.019334	-197.546188	-204.798309	664.916992	
-0.595629	-0.359722	0.718211	0.638158	0.331098	0.695074	-0.487832	0.872338	0.032348	-194.798279	-206.622864	673.694763	
-0.529900	-0.260648	0.807013	0.764325	0.265520	0.587628	-0.367442	0.928204	0.058520	-187.590622	-206.728775	681.501892	
-0.439399	-0.179997	0.880074	0.854508	0.218386	0.471300	-0.277029	0.959119	0.057849	-183.073074	-205.986954	697.525696	
-0.385123	-0.131881	0.913394	0.899839	0.166050	0.403383	-0.204868	0.977259	0.054721	-177.129929	-202.980789	706.487427	
-0.254012	-0.071473	0.964557	0.940948	0.212515	0.263542	-0.223819	0.974541	0.013270	-163.644104	-202.824402	718.632507	
-0.135150	-0.014867	0.990714	0.965315	0.223454	0.135038	-0.223387	0.974601	-0.015849	-148.844391	-200.015305	735.446045	
-0.002451	0.082521	0.996587	0.983415	0.180932	-0.012564	-0.181352	0.980027	-0.081596	-133.688812	-198.142120	747.064148	
0.129986	0.188685	0.973397	0.977945	0.137473	-0.157242	-0.163485	0.972368	-0.166655	-118.998154	-197.232239	766.175903	
0.227207	0.226435	0.947156	0.956971	0.128360	-0.260249	-0.180508	0.965531	-0.187528	-109.397957	-190.009613	772.638550	
0.317016	0.273807	0.908037	0.929736	0.099385	-0.354560	-0.187327	0.956636	-0.223063	-99.512314	-179.251282	778.708069	
0.322170	0.323274	0.889776	0.928185	0.077018	-0.364061	-0.186220	0.943166	-0.275246	-82.517464	-170.794296	796.112793	
0.406098	0.369718	0.835699	0.888979	0.051988	-0.454988	-0.211664	0.927688	-0.307560	-73.335670	-164.438278	811.492615	
0.403161	0.397194	0.824438	0.893226	0.025127	-0.448906	-0.199019	0.917390	-0.344655	-55.729904	-152.365021	811.161133	
0.718473	-0.169351	0.674624	0.478994	-0.582807	-0.656430	0.504343	0.794768	-0.337613	-25.493000	-144.507004	870.056030	
0.718473	-0.169351	0.674624	0.478994	-0.582807	-0.656430	0.504343	0.794768	-0.337613	-25.493000	-144.507004	870.056030	
0.718473	-0.169351	0.674624	0.478994	-0.582807	-0.656430	0.504343	0.794768	-0.337613	-25.493000	-144.507004	870.056030	
0.859269	-0.336365	0.385378	0.106362	-0.619437	-0.777807	0.500345	0.709335	-0.496486	13.126304	-109.111969	880.621338	
0.880958	-0.412336	0.232149	-0.063663	-0.589416	-0.805316	0.468894	0.694670	-0.545501	21.263737	-94.365944	885.047119	
0.885354	-0.452822	0.105359	-0.175033	-0.534592	-0.826785	0.430711	0.713556	-0.552563	28.876152	-79.727913	887.956543	
0.851847	-0.522265	0.039943	-0.279468	-0.517674	-0.808647	0.443006	0.677681	-0.586936	35.675831	-65.772705	905.520447	
0.810113	-0.585275	-0.034214	-0.382508	-0.483422	-0.787394	0.444302	0.650965	-0.615499	41.717117	-51.893475	925.433411	
0.760077	-0.640840	-0.107731	-0.475547	-0.435541	-0.764302	0.442875	0.632160	-0.635795	51.824287	-44.731850	937.189453	
0.707166	-0.674070	-0.213415	-0.569766	-0.364551	-0.736525	0.418670	0.642441	-0.641860	60.204300	-31.039780	945.513245	
0.686998	-0.661111	-0.301605	-0.623657	-0.323410	-0.711657	0.372943	0.677005	-0.634489	62.425873	-17.278162	944.686829	
0.597803	-0.718340	-0.355837	-0.697174	-0.246763	-0.673094	0.395703	0.650457	-0.648324	64.755592	-3.410997	954.010620	
0.566936	-0.710412	-0.417011	-0.731146	-0.200747	-0.652017	0.379487	0.674547	-0.633225	66.098755	9.079884	960.321838	
0.532273	-0.686395	-0.495527	-0.774227	-0.157921	-0.612888	0.342429	0.709875	-0.615483	64.771156	21.179090	961.896606	
0.483943	-0.677288	-0.554147	-0.814204	-0.116396	-0.568791	0.320735	0.726451	-0.607780	63.267998	26.373203	974.317322	
0.428143	-0.663411	-0.613660	-0.847908	-0.059969	-0.526741	0.312645	0.745847	-0.588187	60.153870	37.252888	986.183899	
0.381063	-0.594850	-0.707774	-0.872822	0.021017	-0.487586	0.304916	0.803561	-0.511189	52.740124	48.360409	989.286316	
0.348964	-0.545459	-0.762035	-0.887174	0.069681	-0.456144	0.301907	0.835235	-0.459601	46.876419	57.890572	988.275940	
0.300148	-0.513310	-0.804004	-0.906419	0.109113	-0.408042	0.297179	0.851238	-0.432524	36.386932	66.408455	996.606506	
0.256226	-0.501273	-0.826481	-0.910354	0.162310	-0.380671	0.324967	0.849929	-0.414748	24.068291	74.433334	1001.351685	
0.191888	-0.480660	-0.855655	-0.901717	0.257812	-0.347043	0.387407	0.838152	-0.383949	16.354700	85.494003	1051.339966	
0.191888	-0.480660	-0.855655	-0.901717	0.257812	-0.347043	0.387407	0.838152	-0.383949	16.354700	85.494003	1051.339966	
0.191888	-0.480660	-0.855655	-0.901717	0.257812	-0.347043	0.387407	0.838152	-0.383949	16.354700	85.494003	1051.339966	
0.082141	-0.268370	-0.959808	-0.886480	0.420409	-0.193415	0.455418	0.866737	-0.203372	-33.930767	90.878769	1033.909668	
0.024734	-0.150373	-0.988320	-0.893798	0.439501	-0.089239	0.447787	0.885565	-0.123533	-43.230072	91.360909	1024.526123	
0.051146	-0.072211	-0.996077	-0.866178	0.493252	-0.080235	0.497111	0.866883	-0.037320	-52.535709	91.408745	1020.604004	
0.026505	0.035433	-0.999021	-0.848882	0.528568	-0.003775	0.527917	0.848150	0.044087	-62.593685	91.471115	1024.490601	
-0.038292	0.137889	-0.989708	-0.835031	0.539602	0.107486	0.548869	0.830551	0.094478	-81.729904	90.910034	1024.506226	
-0.018716	0.226065	-0.973933	-0.816267	0.559063	0.145453	0.577371	0.797710	0.174065	-92.352287	90.477089	1029.735596	
-0.002134	0.351963	-0.936012	-0.790688	0.572449	0.217057	0.612215	0.740556	0.277071	-102.385956	87.968857	1034.999146	
-0.000413	0.400553	-0.916274	-0.766024	0.588864	0.257770	0.642811	0.701994	0.306590	-111.170067	84.154778	1036.328247	
0.040291	0.474017	-0.879594	-0.740076	0.605602	0.292462	0.671315	0.639182	0.375208	-120.948959	80.070808	1043.499756	
0.065938	0.526087	-0.847871	-0.706033	0.625044	0.332920	0.705102	0.576672	0.412650	-128.234863	73.257568	1032.657593	
0.091142	0.561251	-0.822612	-0.683143	0.636274	0.358427	0.724575	0.529293	0.441406	-136.127579	65.961029	1032.114258	
0.157248	0.621385	-0.767564	-0.644501	0.653469	0.396984	0.748259	0.432270	0.503240	-144.468094	62.619465	1035.199951	
0.187867	0.645632	-0.740179	-0.624099	0.660374	0.417618	0.758424	0.383488	0.527002	-150.330597	53.018551	1033.035767	
0.226361	0.682060	-0.695381	-0.590068	0.664025	0.459227	0.774972	0.306370	0.552772	-161.298645	42.497528	1031.899048	
0.320664	0.751963	-0.575956	-0.567835	0.639297	0.518519	0.758115	0.160777	0.631991	-169.121658	31.395782	1024.766113	
0.333645	0.804556	-0.491295	-0.584923	0.585387	0.561415	0.739288	0.100056	0.665915	-172.215714	26.206989	1024.841431	
0.371380	0.826014	-0.424001	-0.637085	0.558901	0.530802	0.675425	0.072995	0.733807	-177.562454	20.769464	1025.712891	
0.391555	0.828371	-0.400607	-0.722359	0.546412	0.423829	0.569985	0.123429	0.812332	-178.873749	15.127613	1014.801208	
0.365760	0.859999	-0.355838	-0.762325	0.496160	0.415555	0.533930	0.119270	0.837075	-176.599167	8.562984	1007.322021	
0.343399	0.876975	-0.336143	-0.806440	0.458775	0.373068	0.481385	0.142968	0.864771	-175.561188	3.036049	1004.022278	
0.305070	0.892767	-0.331511	-0.843338	0.414966	0.341443	0.442396	0.175411	0.879499	-173.404602	-10.459841	1008.576965	
0.287182	0.899319	-0.329776	-0.850474	0.397790	0.344175	0.440705	0.181624	0.879086	-170.658279	-18.010979	1004.028992	
0.242115	0.928250	-0.282368	-0.889042	0.328798	0.318584	0.388568	0.173902	0.904861	-162.769852	-33.189213	1002.372437	
0.227007	0.937594	-0.263409	-0.919955	0.295203	0.257949	0.319611	0.183767	0.929558	-154.765533	-41.385880	1007.611450	
0.205373	0.942882	-0.262289	-0.937212	0.266665	0.224775	0.281880	0.199657	0.938446	-144.272186	-48.894047	1004.352966	
0.172613	0.959900	-0.220899	-0.949373	0.221895	0.222380	0.262479	0.171329	0.949606	-138.705704	-64.668167	1013.834045	
