0.996779	-0.043221	0.067552	0.043331	0.999060	-0.000165	-0.067482	0.003092	0.997716	18.870810	4.101822	544.658142	
0.973367	-0.128223	0.190040	0.128929	0.991615	0.008698	-0.189562	0.016035	0.981738	27.622208	7.814492	545.024475	
0.952561	-0.167762	0.253936	0.169390	0.985425	0.015606	-0.252853	0.028149	0.967095	36.115444	15.737177	545.395752	
0.907166	-0.207113	0.366271	0.215026	0.976412	0.019557	-0.361682	0.061016	0.930303	44.861382	18.606682	546.396362	
0.837071	-0.268827	0.476491	0.307101	0.951673	-0.002581	-0.452770	0.148491	0.879176	52.910629	24.471138	549.428284	
0.843948	-0.271811	0.462460	0.379770	0.911619	-0.157242	-0.378848	0.308333	0.872585	67.956894	27.006067	554.188721	
0.724292	-0.340285	0.599672	0.473567	0.877647	-0.073958	-0.501134	0.337552	0.796821	76.072014	29.803799	555.084167	
0.602030	-0.350827	0.717272	0.524776	0.850894	-0.024279	-0.601805	0.391024	0.696370	83.774956	30.990780	560.303894	
0.540024	-0.356828	0.762265	0.572721	0.819451	-0.022144	-0.616738	0.448523	0.646886	89.294052	31.717516	562.041321	
0.447642	-0.329003	0.831489	0.621790	0.782784	-0.025016	-0.642646	0.528209	0.554978	99.125427	31.322336	568.895996	
0.373048	-0.329781	0.867225	0.700414	0.713100	-0.030120	-0.608485	0.618653	0.497005	103.104874	29.860418	576.901245	
0.261993	-0.284614	0.922147	0.774021	0.632681	-0.024636	-0.576413	0.720215	0.386055	106.367615	27.295185	581.639343	
0.198593	-0.260359	0.944867	0.842718	0.537574	-0.028994	-0.500387	0.802014	0.326168	108.876144	25.164728	592.529785	
0.123276	-0.168647	0.977937	0.877226	0.479263	-0.027931	-0.463979	0.861316	0.207023	110.172874	19.897341	602.047546	
0.078819	-0.130599	0.988297	0.919749	0.391914	-0.021562	-0.384511	0.910685	0.151009	110.284027	14.419657	605.180908	
0.051163	-0.083699	0.995176	0.940620	0.338880	-0.019857	-0.335583	0.937099	0.096067	108.194641	7.900720	609.422668	
0.024380	-0.031795	0.999197	0.958211	0.285703	-0.014289	-0.285020	0.957790	0.037432	104.408920	4.722300	618.617126	
-0.000789	0.021129	0.999776	0.981062	0.193664	-0.003319	-0.193691	0.980840	-0.020881	101.116974	-4.097761	627.718506	
-0.017477	0.073586	0.997135	0.991589	0.129184	0.007846	-0.128237	0.988886	-0.075225	97.183296	-14.319563	633.294861	
-0.029516	0.122225	0.992063	0.997895	0.060942	0.022182	-0.057748	0.990630	-0.123766	87.115295	-25.911798	640.801697	
-0.024088	0.164044	0.986159	0.998803	0.045937	0.016756	-0.042552	0.985383	-0.164954	81.101830	-31.125475	659.717712	
-0.014829	0.189262	0.981814	0.999053	0.042974	0.006806	-0.040905	0.980986	-0.189720	74.310272	-37.626263	677.774902	
0.000204	0.186310	0.982490	0.999455	0.032371	-0.006346	-0.032987	0.981957	-0.186202	66.194557	-49.041954	687.093689	
0.031357	0.159611	0.986681	0.999505	-0.007453	-0.030558	0.002476	0.987152	-0.159765	56.851334	-54.140667	685.208862	
0.080644	0.116541	0.989906	0.996108	-0.044854	-0.075868	0.035560	0.992172	-0.119705	48.089527	-62.070827	658.880371	
0.187232	0.644465	0.741356	0.849853	-0.484762	0.206773	0.492639	0.591330	-0.638464	33.147099	-84.058197	717.033020	
0.187232	0.644465	0.741356	0.849853	-0.484762	0.206773	0.492639	0.591330	-0.638464	33.147099	-84.058197	717.033020	
0.187232	0.644465	0.741356	0.849853	-0.484762	0.206773	0.492639	0.591330	-0.638464	33.147099	-84.058197	717.033020	
0.353109	0.752404	0.556059	0.744373	-0.585985	0.320206	0.566766	0.300847	-0.766986	-3.196170	-111.345825	742.766846	
0.461255	0.760968	0.456258	0.670765	-0.635672	0.382093	0.580791	0.129799	-0.803638	-13.122458	-125.843292	750.765381	
0.525325	0.774339	0.352751	0.640802	-0.632767	0.434717	0.559827	-0.002324	-0.828606	-22.939272	-140.480469	757.571167	
0.624511	0.738217	0.254993	0.572538	-0.654785	0.493413	0.531212	-0.162149	-0.831578	-31.377558	-147.047089	774.574463	
0.680827	0.717952	0.144980	0.552992	-0.633646	0.541010	0.480285	-0.288162	-0.828426	-39.747890	-160.881424	785.572815	
0.761936	0.646097	0.044836	0.504795	-0.635818	0.583881	0.405752	-0.422248	-0.810600	-48.222534	-174.629898	792.230530	
0.794632	0.605118	-0.048910	0.497309	-0.602610	0.624135	0.348201	-0.520281	-0.779784	-56.172607	-180.677551	810.113953	
0.823704	0.557895	-0.101316	0.473097	-0.577708	0.665156	0.312556	-0.595824	-0.739799	-70.327477	-192.766693	821.248657	
0.840276	0.504677	-0.198084	0.488183	-0.545391	0.681341	0.235824	-0.669216	-0.704655	-83.308495	-204.113937	828.445984	
0.857425	0.448010	-0.253196	0.479962	-0.518724	0.707504	0.185630	-0.728156	-0.659796	-94.700920	-214.867249	839.954285	
0.868030	0.392714	-0.303808	0.479835	-0.506253	0.716565	0.127602	-0.767778	-0.627882	-103.910110	-219.892441	856.886841	
0.877002	0.287977	-0.384625	0.480306	-0.503507	0.718182	0.013158	-0.814585	-0.579895	-111.645935	-224.389084	874.686523	
0.885101	0.179140	-0.429540	0.458825	-0.490460	0.740897	-0.077948	-0.852853	-0.516301	-114.073479	-232.000504	889.250061	
0.849193	0.116841	-0.514995	0.507432	-0.450591	0.734493	-0.146233	-0.885051	-0.441928	-115.415390	-235.048279	891.233521	
0.830643	0.067264	-0.552727	0.523080	-0.434492	0.733215	-0.190837	-0.898160	-0.396093	-116.648727	-238.403061	903.176453	
0.790877	0.030795	-0.611201	0.564736	-0.421496	0.709517	-0.235768	-0.906307	-0.350743	-116.242538	-243.238525	919.085876	
0.732589	-0.016988	-0.680460	0.620600	-0.393954	0.677979	-0.279587	-0.918973	-0.278064	-114.439758	-247.138290	922.316650	
0.706321	-0.048497	-0.706229	0.642156	-0.375948	0.668056	-0.297905	-0.925371	-0.234398	-111.615982	-248.687683	931.251831	
0.625345	-0.087427	-0.775436	0.696286	-0.386134	0.605051	-0.352320	-0.918291	-0.180594	-107.320335	-251.657288	942.187988	
0.564318	-0.155725	-0.810738	0.703816	-0.422540	0.571055	-0.431496	-0.892866	-0.128846	-97.358711	-252.541473	959.385986	
0.518646	-0.205153	-0.830012	0.685627	-0.480190	0.547113	-0.510805	-0.852837	-0.108391	-92.208092	-251.428040	962.161865	
0.469258	-0.223724	-0.854252	0.713175	-0.474453	0.516019	-0.520747	-0.851377	-0.063087	-80.026489	-249.000565	967.984863	
0.409183	-0.261621	-0.874143	0.707130	-0.514532	0.484999	-0.576660	-0.816586	-0.025538	-73.388878	-245.560928	974.497192	
0.358645	-0.278184	-0.891060	0.703389	-0.547020	0.453886	-0.613691	-0.789546	-0.000515	-58.052311	-239.797318	983.934570	
0.296049	-0.250010	-0.921874	0.714584	-0.582459	0.387442	-0.633818	-0.773458	0.006217	-48.888798	-234.028381	992.900696	
0.214234	-0.213325	-0.953204	0.747707	-0.592113	0.300562	-0.628521	-0.777107	0.032654	-39.966354	-227.439514	1002.194763	
0.179213	-0.199517	-0.963367	0.742386	-0.615121	0.265498	-0.645559	-0.762771	0.037881	-30.310186	-218.024109	1001.495789	
0.110173	-0.156002	-0.981594	0.727749	-0.659980	0.186570	-0.676937	-0.734909	0.040818	-20.386538	-208.860397	1003.241455	
0.076030	-0.132739	-0.988231	0.737829	-0.659162	0.145304	-0.670692	-0.740193	0.047822	-10.600869	-198.754776	1009.126160	
0.031815	-0.074249	-0.996733	0.772303	-0.631198	0.071670	-0.634457	-0.772060	0.037261	8.327219	-185.983749	1007.384705	
-0.061351	-0.038379	-0.997378	0.801191	-0.597831	-0.026279	-0.595256	-0.800703	0.067426	18.113094	-174.392349	1005.342468	
-0.001121	-0.010162	-0.999948	0.827300	-0.561739	0.004781	-0.561759	-0.827252	0.009037	30.130362	-163.929596	1011.361755	
0.027058	0.088422	-0.995716	0.737480	-0.674193	-0.039830	-0.674826	-0.733244	-0.083452	45.034904	-139.503937	983.940430	
-0.012777	0.211166	-0.977367	0.606961	-0.775133	-0.175407	-0.794629	-0.595465	-0.118265	53.284901	-135.917007	1025.430054	
-0.012777	0.211166	-0.977367	0.606961	-0.775133	-0.175407	-0.794629	-0.595465	-0.118265	53.284901	-135.917007	1025.430054	
-0.012777	0.211166	-0.977367	0.606961	-0.775133	-0.175407	-0.794629	-0.595465	-0.118265	53.284901	-135.917007	1025.430054	
-0.012777	0.211166	-0.977367	0.606961	-0.775133	-0.175407	-0.794629	-0.595465	-0.118265	53.284901	-135.917007	1025.430054	
0.134800	0.381864	-0.914335	0.566258	-0.786921	-0.245168	-0.813130	-0.484701	-0.322310	101.629166	-97.277634	1014.410461	
0.224255	0.389786	-0.893183	0.519968	-0.823024	-0.228618	-0.824223	-0.413158	-0.387243	111.051270	-81.040062	1004.073120	
0.251956	0.378870	-0.890492	0.472697	-0.851119	-0.228372	-0.844438	-0.363393	-0.393535	113.929352	-64.901047	997.431702	
0.316701	0.386021	-0.866423	0.438705	-0.869482	-0.227025	-0.840975	-0.308205	-0.444714	117.593643	-51.277298	998.835205	
0.394249	0.386347	-0.833849	0.403204	-0.888066	-0.220829	-0.825829	-0.249149	-0.505895	122.739075	-45.048664	1008.132019	
0.471416	0.351018	-0.809045	0.342000	-0.918352	-0.199165	-0.812898	-0.182803	-0.552974	124.481995	-30.704971	1003.848633	
0.515971	0.337614	-0.787268	0.318298	-0.928816	-0.189705	-0.795273	-0.152703	-0.586704	125.012329	-16.106846	1000.908630	
0.586771	0.287151	-0.757129	0.265256	-0.951584	-0.155329	-0.765074	-0.109690	-0.634531	121.617424	-2.043424	992.236145	
0.619987	0.254701	-0.742121	0.238789	-0.962229	-0.130752	-0.747392	-0.096145	-0.657390	117.806648	3.580929	987.206116	
0.671118	0.175282	-0.720330	0.140344	-0.984116	-0.108714	-0.727945	-0.028133	-0.685059	113.991829	9.430187	980.929749	
0.705825	0.133040	-0.695781	0.098206	-0.991099	-0.089884	-0.701546	-0.004887	-0.712608	106.100838	20.840332	971.869263	
0.748087	0.083253	-0.658358	0.082577	-0.996067	-0.032127	-0.658443	-0.030331	-0.752019	94.870720	25.498543	955.503967	
0.793809	-0.009759	-0.608089	0.021473	-0.998798	0.044061	-0.607788	-0.048033	-0.792646	87.911804	30.418861	944.922241	
0.827965	-0.061238	-0.557426	-0.021758	-0.996779	0.077187	-0.560358	-0.051779	-0.826631	75.046455	38.680176	944.071899	
0.827113	-0.110430	-0.551080	-0.043496	-0.990144	0.133131	-0.560350	-0.086145	-0.823764	66.843384	44.630844	941.300354	
0.836073	-0.175565	-0.519768	-0.051353	-0.968298	0.244463	-0.546210	-0.177697	-0.818583	50.757809	47.246548	930.644897	
0.853733	-0.230034	-0.467145	-0.046779	-0.927383	0.371177	-0.518605	-0.295034	-0.802498	33.392414	52.136845	916.904663	
0.840321	-0.334127	-0.426872	-0.159723	-0.905110	0.394037	-0.518025	-0.262935	-0.813951	15.415043	54.261143	903.020691	
0.792928	-0.452080	-0.408521	-0.233345	-0.844647	0.481791	-0.562863	-0.286699	-0.775235	5.914352	54.923717	894.041748	
0.727377	-0.568846	-0.383845	-0.334224	-0.782182	0.525820	-0.599347	-0.254178	-0.759063	-13.442062	54.883923	884.672119	
0.649466	-0.666953	-0.365196	-0.370383	-0.696925	0.614094	-0.664086	-0.263571	-0.699658	-33.363998	54.050671	878.994568	
0.562896	-0.751297	-0.344530	-0.400772	-0.612657	0.681199	-0.722862	-0.245366	-0.645962	-53.212666	53.230850	876.779663	
0.464509	-0.830286	-0.307988	-0.435261	-0.516935	0.737107	-0.771219	-0.208337	-0.601513	-71.790230	49.264156	867.312073	
0.406704	-0.871655	-0.273515	-0.454973	-0.452881	0.766746	-0.792207	-0.187396	-0.580768	-81.102829	44.345791	861.745056	
0.353985	-0.906921	-0.228449	-0.440475	-0.377145	0.814704	-0.825031	-0.187767	-0.532981	-90.248299	38.393353	847.209045	
0.295789	-0.938093	-0.180251	-0.380778	-0.288843	0.878395	-0.876081	-0.191184	-0.442642	-106.036133	34.375969	823.631409	
0.240369	-0.960556	-0.139839	-0.357007	-0.221449	0.907472	-0.902645	-0.168205	-0.396156	-119.432449	29.790623	799.430420	
0.252311	-0.964139	-0.082319	-0.330493	-0.165819	0.929128	-0.909458	-0.207223	-0.360480	-130.678925	24.097252	778.783875	
0.180282	-0.978301	-0.102110	-0.308150	-0.154760	0.938665	-0.934099	-0.137759	-0.329365	-144.431168	19.131451	774.373474	
0.200623	-0.975633	-0.088833	-0.260997	-0.140628	0.955042	-0.944262	-0.168418	-0.282851	-150.349823	12.619274	767.958008	
0.271655	-0.958054	-0.091309	-0.215953	-0.153140	0.964320	-0.937853	-0.242243	-0.248497	-158.525604	5.489472	761.071411	
0.370660	-0.924586	-0.088043	-0.183865	-0.165968	0.968839	-0.910387	-0.342922	-0.231517	-163.246094	-1.489613	754.880005	
0.581239	-0.806469	-0.108490	-0.153678	-0.239715	0.958604	-0.799090	-0.540505	-0.263268	-169.056488	-15.363992	781.621521	
0.693264	-0.699927	-0.171719	0.009980	-0.228927	0.973393	-0.720615	-0.676532	-0.151721	-164.417648	-27.066891	763.569458	
0.725446	-0.620670	-0.297484	0.158289	-0.270182	0.949709	-0.669830	-0.736051	-0.097758	-162.398453	-32.910839	764.458008	
0.815876	-0.505816	-0.280171	0.185677	-0.229694	0.955388	-0.547604	-0.831499	-0.093483	-151.105515	-38.418251	731.664001	
0.877862	-0.366565	-0.308203	0.228873	-0.244189	0.942333	-0.420685	-0.897776	-0.130467	-142.342072	-44.164322	701.862122	
-0.859199	-0.510565	-0.033174	0.309726	-0.570637	0.760555	-0.407243	0.643193	0.648426	-164.214005	-65.304398	707.044983	
-0.859199	-0.510565	-0.033174	0.309726	-0.570637	0.760555	-0.407243	0.643193	0.648426	-164.214005	-65.304398	707.044983	
-0.859199	-0.510565	-0.033174	0.309726	-0.570637	0.760555	-0.407243	0.643193	0.648426	-164.214005	-65.304398	707.044983	
-0.859199	-0.510565	-0.033174	0.309726	-0.570637	0.760555	-0.407243	0.643193	0.648426	-164.214005	-65.304398	707.044983	
-0.992281	-0.122359	0.020210	0.118984	-0.893333	0.433358	-0.034972	0.432417	0.900995	-130.587265	-111.956474	668.370300	
-0.997385	0.025120	0.067768	0.002922	-0.922879	0.385077	0.072215	0.384268	0.920393	-116.789322	-120.081512	657.706482	
-0.979778	0.177360	0.092632	-0.146563	-0.951297	0.271207	0.136222	0.252146	0.958053	-108.888046	-127.189964	653.575256	
-0.952964	0.269441	0.138789	-0.233433	-0.944557	0.230912	0.193311	0.187653	0.963025	-91.477570	-132.901611	636.771301	
-0.925470	0.332769	0.181029	-0.308416	-0.939349	0.150010	0.219968	0.082998	0.971970	-81.952629	-137.284058	618.012024	
-0.866123	0.455785	0.205161	-0.439367	-0.889950	0.122248	0.238302	0.015741	0.971064	-72.135445	-141.641220	603.407837	
-0.833498	0.506395	0.221012	-0.495626	-0.862041	0.106014	0.244207	-0.021177	0.969492	-63.478783	-150.810226	584.954407	
-0.822409	0.543590	0.167792	-0.552567	-0.833427	-0.008302	0.135330	-0.099544	0.985788	-54.540279	-159.721008	593.906311	
-0.748831	0.630941	0.202893	-0.662168	-0.725186	-0.188780	0.028027	-0.275714	0.960831	-34.796394	-170.647400	596.007690	
-0.643137	0.722316	0.254236	-0.764955	-0.621168	-0.170277	0.034930	-0.303990	0.952035	-25.432455	-175.870468	599.613647	
-0.537792	0.798193	0.271418	-0.842716	-0.518378	-0.145310	0.024712	-0.306874	0.951429	-7.522353	-184.600861	598.540100	
-0.452038	0.855126	0.253815	-0.890680	-0.448183	-0.076307	0.048504	-0.260561	0.964238	8.406437	-191.460144	594.682190	
-0.388171	0.913801	0.119540	-0.916216	-0.396632	0.056847	0.099361	-0.087458	0.991201	13.687173	-197.190735	587.546326	
-0.288326	0.954447	0.076799	-0.936533	-0.297799	0.184996	0.199440	-0.018586	0.979734	21.849213	-204.651031	591.849548	
-0.039889	0.999158	0.009558	-0.581462	-0.015432	-0.813427	-0.812595	-0.038004	0.581588	45.679001	-194.960007	572.968994	
-0.039889	0.999158	0.009558	-0.581462	-0.015432	-0.813427	-0.812595	-0.038004	0.581588	45.679001	-194.960007	572.968994	
-0.039889	0.999158	0.009558	-0.581462	-0.015432	-0.813427	-0.812595	-0.038004	0.581588	45.679001	-194.960007	572.968994	
-0.039889	0.999158	0.009558	-0.581462	-0.015432	-0.813427	-0.812595	-0.038004	0.581588	45.679001	-194.960007	572.968994	
-0.039889	0.999158	0.009558	-0.581462	-0.015432	-0.813427	-0.812595	-0.038004	0.581588	45.679001	-194.960007	572.968994	
-0.039889	0.999158	0.009558	-0.581462	-0.015432	-0.813427	-0.812595	-0.038004	0.581588	45.679001	-194.960007	572.968994	
-0.039889	0.999158	0.009558	-0.581462	-0.015432	-0.813427	-0.812595	-0.038004	0.581588	45.679001	-194.960007	572.968994	
-0.039889	0.999158	0.009558	-0.581462	-0.015432	-0.813427	-0.812595	-0.038004	0.581588	45.679001	-194.960007	572.968994	
-0.039889	0.999158	0.009558	-0.581462	-0.015432	-0.813427	-0.812595	-0.038004	0.581588	45.679001	-194.960007	572.968994	
-0.039889	0.999158	0.009558	-0.581462	-0.015432	-0.813427	-0.812595	-0.038004	0.581588	45.679001	-194.960007	572.968994	
-0.039889	0.999158	0.009558	-0.581462	-0.015432	-0.813427	-0.812595	-0.038004	0.581588	45.679001	-194.960007	572.968994	
-0.039889	0.999158	0.009558	-0.581462	-0.015432	-0.813427	-0.812595	-0.038004	0.581588	45.679001	-194.960007	572.968994	
-0.039889	0.999158	0.009558	-0.581462	-0.015432	-0.813427	-0.812595	-0.038004	0.581588	45.679001	-194.960007	572.968994	
0.868074	0.467402	-0.167282	0.197161	-0.633850	-0.747905	-0.455604	0.616255	-0.642382	55.712929	-137.815948	571.025635	
0.921540	0.342764	-0.182417	0.148969	-0.745965	-0.649110	-0.358569	0.571007	-0.738499	43.009380	-131.366837	576.633728	
0.941378	0.274005	-0.196794	0.109939	-0.800680	-0.588918	-0.318937	0.532759	-0.783867	28.487141	-124.095558	581.071533	
0.953842	0.207495	-0.217097	0.086627	-0.882292	-0.462662	-0.287544	0.422500	-0.859542	20.234091	-117.082314	590.580200	
0.967967	0.068937	-0.241426	-0.036269	-0.913091	-0.406139	-0.248442	0.401886	-0.881342	2.582753	-110.161446	599.137085	
0.959551	0.000670	-0.281531	-0.099207	-0.935049	-0.340355	-0.263474	0.354519	-0.897161	-15.634687	-96.270454	606.335022	
0.949967	-0.107985	-0.293089	-0.188551	-0.946340	-0.262467	-0.249020	0.304598	-0.919353	-33.794041	-88.854065	610.030273	
0.912102	-0.245599	-0.328253	-0.297081	-0.947732	-0.116390	-0.282511	0.203678	-0.937392	-44.625256	-74.705368	620.963074	
0.857559	-0.354744	-0.372490	-0.392910	-0.919111	-0.029248	-0.331985	0.171438	-0.927575	-54.397148	-67.445976	628.420532	
0.862694	-0.501941	-0.061753	-0.505715	-0.855457	-0.111562	0.003170	0.127474	-0.991837	-69.812935	-59.215916	664.078186	
0.787574	-0.612760	0.065204	-0.599265	-0.786256	-0.150609	0.143553	0.079541	-0.986440	-91.333237	-53.901764	685.555542	
0.706697	-0.698325	0.113671	-0.673099	-0.713085	-0.196080	0.217984	0.062058	-0.973977	-111.110031	-48.684223	708.352234	
0.661560	-0.746824	0.067761	-0.723172	-0.659284	-0.205830	0.198392	0.087167	-0.976238	-129.855484	-46.783192	722.893188	
0.594203	-0.804307	-0.003514	-0.804215	-0.594056	-0.018312	0.012641	0.013708	-0.999825	-133.241562	-37.764183	709.674744	
0.509266	-0.859446	0.044719	-0.858030	-0.503035	0.103630	-0.066570	-0.091145	-0.993609	-141.566101	-28.745234	709.286133	
0.417376	-0.867864	-0.269460	-0.904225	-0.426127	-0.028136	-0.090407	0.255396	-0.962600	-153.878174	-26.189178	723.958923	
0.377256	-0.859905	-0.343859	-0.925265	-0.365811	-0.100331	-0.039513	0.356012	-0.933645	-167.417694	-22.930164	724.224731	
0.347969	-0.845554	-0.404913	-0.935797	-0.339334	-0.095584	-0.056580	0.412178	-0.909345	-177.188660	-18.990709	727.877747	
0.278931	-0.745907	-0.604830	-0.953862	-0.288067	-0.084637	-0.111101	0.600533	-0.791843	-185.024780	-10.975228	719.143738	
0.269831	-0.702859	-0.658164	-0.952776	-0.293779	-0.076886	-0.139316	0.647830	-0.748937	-186.340179	-6.038033	713.014832	
0.217724	-0.617504	-0.755833	-0.961395	-0.269203	-0.057003	-0.168273	0.739066	-0.652277	-190.132462	-1.032643	721.070923	
0.225334	-0.594671	-0.771744	-0.962829	-0.257016	-0.083082	-0.148945	0.761779	-0.630481	-191.885117	3.562190	725.873413	
0.237256	-0.548235	-0.801964	-0.958913	-0.264353	-0.102972	-0.155549	0.793445	-0.588428	-196.742004	3.535459	748.427795	
0.252539	-0.471895	-0.844712	-0.953827	-0.268116	-0.135379	-0.162597	0.839898	-0.517816	-196.916962	3.209964	755.711426	
-0.271144	-0.486506	-0.830538	-0.287576	-0.782506	0.552254	-0.918575	0.388583	0.072264	-194.134995	40.801300	801.770020	
-0.271144	-0.486506	-0.830538	-0.287576	-0.782506	0.552254	-0.918575	0.388583	0.072264	-194.134995	40.801300	801.770020	
-0.271144	-0.486506	-0.830538	-0.287576	-0.782506	0.552254	-0.918575	0.388583	0.072264	-194.134995	40.801300	801.770020	
-0.271144	-0.486506	-0.830538	-0.287576	-0.782506	0.552254	-0.918575	0.388583	0.072264	-194.134995	40.801300	801.770020	
-0.284419	-0.281582	-0.916416	-0.331803	-0.867907	0.369655	-0.899451	0.409206	0.153419	-166.174820	40.426338	843.342102	
-0.270705	-0.258359	-0.927345	-0.233368	-0.916967	0.323591	-0.933947	0.304010	0.187935	-161.204208	39.389610	865.554016	
-0.272813	-0.221323	-0.936263	-0.245581	-0.924918	0.290200	-0.930195	0.309098	0.197978	-148.824814	38.311413	889.189941	
-0.259144	-0.188767	-0.947213	-0.309431	-0.912796	0.266564	-0.914929	0.362175	0.178136	-144.059723	34.409035	915.513428	
-0.252902	-0.111335	-0.961065	-0.257617	-0.949745	0.177814	-0.932563	0.292556	0.211511	-123.747246	26.475948	919.596680	
-0.203276	-0.060513	-0.977250	-0.184351	-0.977873	0.098897	-0.961610	0.200260	0.187623	-101.883904	17.807667	916.224670	
-0.169540	-0.035240	-0.984893	-0.128086	-0.990097	0.057475	-0.977164	0.135895	0.163348	-82.936485	14.261206	921.238220	
-0.271573	0.021973	-0.962167	-0.099487	-0.995025	0.005357	-0.957261	0.097177	0.272409	-64.230492	4.628731	929.556152	
-0.325439	0.034163	-0.944946	-0.094584	-0.995511	-0.003416	-0.940820	0.088265	0.327209	-45.138344	-0.234234	936.983826	
-0.254295	0.013282	-0.967035	-0.120747	-0.992518	0.018120	-0.959559	0.121374	0.253997	-34.273743	-5.652466	941.276123	
-0.220179	0.000264	-0.975459	-0.135233	-0.990352	0.030257	-0.966040	0.138575	0.218091	-23.840815	-16.441734	955.006531	
-0.124071	-0.033302	-0.991714	-0.270597	-0.960421	0.066105	-0.954664	0.276556	0.110150	-4.078676	-22.990788	975.384949	
-0.010227	-0.091064	-0.995792	-0.353148	-0.931344	0.088797	-0.935511	0.352570	-0.022634	16.166172	-30.247869	985.874756	
0.218696	-0.160618	-0.962483	-0.425889	-0.903166	0.053949	-0.877947	0.398112	-0.265923	26.906504	-37.093864	988.627319	
0.286445	-0.191468	-0.938770	-0.368764	-0.926376	0.076420	-0.884286	0.324295	-0.335962	36.000362	-49.967316	989.577881	
0.322138	-0.248406	-0.913521	-0.324205	-0.935559	0.140073	-0.889448	0.251045	-0.381913	53.327641	-64.307259	1002.143616	
0.330394	-0.294215	-0.896815	-0.261102	-0.941584	0.212710	-0.907009	0.163881	-0.387914	68.066895	-71.466568	1016.793091	
0.302200	-0.356785	-0.883957	-0.327264	-0.909784	0.255327	-0.895306	0.212127	-0.391699	80.943237	-86.486099	1017.668030	
0.300331	-0.484496	-0.821623	-0.406098	-0.844369	0.349466	-0.863067	0.228704	-0.450343	88.948822	-92.633842	1013.997803	
0.243684	-0.558335	-0.793019	-0.389624	-0.805143	0.447144	-0.888150	0.200017	-0.413740	93.280762	-106.410507	1012.394043	
0.174474	-0.618647	-0.766051	-0.442618	-0.744229	0.500213	-0.879572	0.251793	-0.403672	96.370461	-113.403214	1011.930298	
0.147112	-0.693410	-0.705365	-0.435414	-0.685712	0.583278	-0.888128	0.221319	-0.402796	99.178665	-120.888260	1016.826050	
0.099489	-0.730392	-0.675744	-0.434917	-0.642728	0.630672	-0.894956	0.231148	-0.381604	101.406052	-134.404510	1023.238708	
0.001964	-0.767313	-0.641270	-0.461370	-0.569636	0.680185	-0.887204	0.294526	-0.355134	101.860336	-147.543350	1025.976196	
-0.105718	-0.787129	-0.607662	-0.466484	-0.500417	0.729366	-0.878188	0.360571	-0.314279	100.863655	-153.357864	1024.802002	
-0.161017	-0.801053	-0.576531	-0.375662	-0.490439	0.786350	-0.912661	0.343197	-0.221955	98.734665	-165.627197	1026.041382	
-0.217338	-0.815562	-0.536306	-0.336301	-0.453234	0.825518	-0.916332	0.359776	-0.175769	91.737099	-177.601166	1030.705933	
-0.348348	-0.811713	-0.468804	-0.305610	-0.374454	0.875434	-0.886146	0.448227	-0.117626	86.676010	-182.699295	1029.048706	
-0.398940	-0.811034	-0.427870	-0.193245	-0.381770	0.903829	-0.896382	0.443257	-0.004424	76.131004	-188.676514	1031.955078	
-0.498477	-0.753038	-0.429483	-0.187576	-0.389995	0.901509	-0.846365	0.529943	0.053152	62.423817	-194.214600	1028.468262	
-0.625377	-0.699155	-0.346535	-0.073369	-0.389441	0.918124	-0.776865	0.599599	0.192252	54.501762	-198.539948	1028.696411	
-0.593189	-0.729447	-0.340638	-0.072121	-0.373270	0.924914	-0.801825	0.573218	0.168812	53.160873	-209.080673	1048.103271	
-0.725121	-0.610231	-0.319089	-0.072142	-0.393507	0.916486	-0.684831	0.687584	0.241318	42.314754	-215.396408	1057.775269	
-0.848060	-0.470484	-0.243797	-0.024928	-0.424153	0.905247	-0.529311	0.773783	0.347980	28.619476	-213.513840	1022.431274	
-0.945336	-0.318582	0.069609	0.248306	-0.564861	0.786941	-0.211386	0.761208	0.613089	12.010900	-214.263000	1011.390015	
-0.945336	-0.318582	0.069609	0.248306	-0.564861	0.786941	-0.211386	0.761208	0.613089	12.010900	-214.263000	1011.390015	
-0.945336	-0.318582	0.069609	0.248306	-0.564861	0.786941	-0.211386	0.761208	0.613089	12.010900	-214.263000	1011.390015	
-0.945336	-0.318582	0.069609	0.248306	-0.564861	0.786941	-0.211386	0.761208	0.613089	12.010900	-214.263000	1011.390015	
-0.944667	-0.065853	0.321352	0.250838	-0.776309	0.578294	0.211386	0.626903	0.749872	-47.552021	-212.682419	984.805237	
-0.910960	0.046087	0.409911	0.171307	-0.861722	0.477586	0.375239	0.505283	0.777100	-57.202984	-208.379318	967.028564	
-0.852104	0.156527	0.499417	0.076467	-0.906757	0.414663	0.517755	0.391525	0.760682	-67.266586	-205.369949	961.122131	
-0.812842	0.252690	0.524819	-0.102485	-0.948989	0.298189	0.573397	0.188594	0.797275	-77.351608	-206.307739	958.856934	
-0.806485	0.327691	0.492137	-0.198042	-0.933998	0.297366	0.557100	0.142357	0.818152	-94.231926	-196.705521	945.414856	
-0.740996	0.371538	0.559360	-0.352562	-0.924199	0.146824	0.571510	-0.088414	0.815817	-103.104263	-195.171982	941.226868	
-0.712213	0.428367	0.556106	-0.421898	-0.894381	0.148608	0.561030	-0.128780	0.817717	-110.755348	-188.465683	924.854492	
-0.826423	0.427212	0.366763	-0.332468	-0.895960	0.294484	0.454412	0.121431	0.882475	-127.392143	-180.121750	922.639343	
-0.386693	0.460730	0.798872	-0.812382	-0.580171	-0.058634	0.436468	-0.671662	0.598636	-130.998001	-174.375000	934.012024	
-0.386693	0.460730	0.798872	-0.812382	-0.580171	-0.058634	0.436468	-0.671662	0.598636	-130.998001	-174.375000	934.012024	
-0.386693	0.460730	0.798872	-0.812382	-0.580171	-0.058634	0.436468	-0.671662	0.598636	-130.998001	-174.375000	934.012024	
-0.386693	0.460730	0.798872	-0.812382	-0.580171	-0.058634	0.436468	-0.671662	0.598636	-130.998001	-174.375000	934.012024	
-0.115768	0.278305	0.953490	-0.971992	0.165918	-0.166442	-0.204523	-0.946053	0.251303	-146.226547	-123.567833	889.131897	
-0.052561	0.165404	0.984824	-0.943463	0.314987	-0.103256	-0.327286	-0.934572	0.139497	-142.875214	-106.021492	852.687683	
-0.013876	0.131826	0.991175	-0.898374	0.433578	-0.070242	-0.439012	-0.891421	0.112414	-143.516815	-100.119232	854.664856	
-0.004417	0.072778	0.997338	-0.818032	0.573373	-0.045463	-0.575156	-0.816056	0.057003	-140.570206	-94.626541	855.580872	
-0.010243	-0.046503	0.998865	-0.710371	0.703367	0.025461	-0.703753	-0.709304	-0.040238	-134.629166	-80.473793	842.873779	
-0.044535	-0.107138	0.993246	-0.532191	0.843955	0.067172	-0.845452	-0.525605	-0.094603	-130.580444	-73.099487	834.763489	
-0.036788	-0.216668	0.975552	-0.380862	0.905573	0.186763	-0.923900	-0.364680	-0.115834	-119.310760	-64.806419	813.351501	
-0.067042	-0.264004	0.962188	-0.292737	0.927122	0.233985	-0.953840	-0.265982	-0.139439	-112.853577	-56.620255	804.851868	
-0.111866	-0.375970	0.919854	-0.199287	0.915347	0.349891	-0.973535	-0.144174	-0.177321	-105.963242	-41.955093	801.205139	
-0.128116	-0.412403	0.901948	-0.142898	0.907629	0.394702	-0.981411	-0.078319	-0.175213	-97.615829	-26.832079	781.372009	
-0.106475	-0.443957	0.889699	-0.129144	0.893381	0.430339	-0.985893	-0.069079	-0.152456	-80.367554	-13.591675	758.395264	
-0.022080	-0.442398	0.896546	-0.282280	0.863036	0.418910	-0.959078	-0.243828	-0.143935	-70.398506	-10.565809	755.228577	
-0.002062	-0.466490	0.884524	-0.397430	0.812051	0.427342	-0.917631	-0.350655	-0.187070	-60.277885	-7.473994	757.594238	
-0.115345	-0.580940	0.805731	-0.401932	0.769071	0.496969	-0.908376	-0.266527	-0.322206	-54.246990	1.574389	770.510681	
-0.441973	-0.545335	0.712229	0.516831	0.494147	0.699074	-0.733175	0.677074	0.063446	-33.702099	20.680500	726.643005	
-0.441973	-0.545335	0.712229	0.516831	0.494147	0.699074	-0.733175	0.677074	0.063446	-33.702099	20.680500	726.643005	
-0.441973	-0.545335	0.712229	0.516831	0.494147	0.699074	-0.733175	0.677074	0.063446	-33.702099	20.680500	726.643005	
-0.441973	-0.545335	0.712229	0.516831	0.494147	0.699074	-0.733175	0.677074	0.063446	-33.702099	20.680500	726.643005	
-0.752179	-0.520277	0.404398	0.553699	-0.166283	0.815946	-0.357274	0.837652	0.413151	7.601401	47.453949	684.432983	
-0.826571	-0.447408	0.341476	0.511669	-0.344588	0.787054	-0.234466	0.825279	0.513751	17.103445	50.905598	674.265198	
-0.904767	-0.375109	0.201716	0.388744	-0.533839	0.750929	-0.173996	0.757831	0.628821	34.816071	53.915375	658.013794	
-0.944346	-0.318994	0.080328	0.279660	-0.649956	0.706646	-0.173207	0.689782	0.702993	51.107956	56.435951	649.535950	
-0.976925	-0.213137	0.013744	0.174487	-0.759347	0.626855	-0.123170	0.614788	0.779015	58.435902	58.514015	645.541931	
-0.986400	-0.157694	-0.046326	0.100543	-0.801916	0.588915	-0.130018	0.576248	0.806866	72.024567	59.772205	641.331543	
-0.989163	-0.101700	-0.105890	0.027253	-0.835882	0.548232	-0.144267	0.539405	0.829595	83.223610	59.704346	633.642334	
-0.986114	0.005388	-0.165978	-0.078608	-0.895551	0.437959	-0.146283	0.444925	0.883540	92.592667	59.255272	626.468506	
-0.971911	0.061310	-0.227220	-0.150216	-0.904832	0.398389	-0.181171	0.421330	0.888626	96.982224	57.652370	619.116577	
-0.941554	0.164087	-0.294198	-0.267847	-0.894309	0.358427	-0.204291	0.416278	0.885989	99.545395	53.671638	607.788940	
-0.900407	0.253832	-0.353322	-0.371330	-0.871556	0.320161	-0.226673	0.419474	0.879011	101.097443	51.324680	605.196960	
-0.860535	0.293305	-0.416476	-0.408706	-0.885546	0.220831	-0.304038	0.360249	0.881919	102.098099	45.461952	601.194580	
-0.822018	0.324490	-0.467967	-0.449391	-0.874369	0.183100	-0.349762	0.360811	0.864570	100.350037	38.577137	592.909302	
-0.733891	0.342567	-0.586559	-0.489933	-0.865072	0.107769	-0.470499	0.366466	0.802704	96.995613	29.228941	590.418945	
-0.643860	0.392431	-0.656842	-0.565492	-0.822343	0.063006	-0.515425	0.412006	0.751391	94.725716	19.520327	587.964661	
-0.551998	0.404237	-0.729308	-0.619732	-0.784055	0.034481	-0.557880	0.471009	0.683316	86.420959	13.870609	586.411499	
-0.459848	0.387714	-0.798885	-0.665018	-0.746545	0.020480	-0.588464	0.540691	0.601135	76.032135	8.005351	583.543945	
-0.372955	0.364946	-0.853064	-0.653288	-0.756160	-0.037875	-0.658877	0.543172	0.520429	64.609924	0.859755	579.251953	
-0.293858	0.339887	-0.893378	-0.628235	-0.773089	-0.087478	-0.720395	0.535545	0.440707	50.560143	-6.596984	577.075500	
-0.209082	0.315889	-0.925472	-0.638087	-0.761225	-0.115670	-0.741032	0.566347	0.360724	35.061874	-19.665949	576.640564	
-0.116761	0.245566	-0.962322	-0.602465	-0.787823	-0.127938	-0.789558	0.564828	0.239932	27.813663	-26.832157	581.389160	
-0.118935	0.163936	-0.979275	-0.631588	-0.773504	-0.052781	-0.766127	0.612221	0.195536	10.555165	-33.582050	579.638916	
-0.026511	0.042691	-0.998737	-0.597032	-0.802004	-0.018433	-0.801779	0.595790	0.046749	1.033840	-42.172504	585.849426	
0.047947	-0.046788	-0.997753	-0.580682	-0.814064	0.010271	-0.812717	0.578886	-0.066201	-20.150290	-57.395924	576.316528	
0.069761	-0.166018	-0.983652	-0.592332	-0.800300	0.093065	-0.802668	0.576157	-0.154168	-38.837433	-66.218315	572.751465	
0.129596	-0.260038	-0.956862	-0.657875	-0.744564	0.113243	-0.741893	0.614820	-0.267565	-50.279728	-74.110825	549.952942	
0.067918	-0.405494	-0.911571	-0.669190	-0.696186	0.259826	-0.739981	0.592367	-0.318636	-82.707298	-97.794403	578.718994	
0.067918	-0.405494	-0.911571	-0.669190	-0.696186	0.259826	-0.739981	0.592367	-0.318636	-82.707298	-97.794403	578.718994	
0.067918	-0.405494	-0.911571	-0.669190	-0.696186	0.259826	-0.739981	0.592367	-0.318636	-82.707298	-97.794403	578.718994	
0.067918	-0.405494	-0.911571	-0.669190	-0.696186	0.259826	-0.739981	0.592367	-0.318636	-82.707298	-97.794403	578.718994	
-0.137199	-0.773421	-0.618868	-0.640507	-0.407315	0.651033	-0.755597	0.485710	-0.439498	-131.922333	-133.574783	593.924561	
-0.182952	-0.791265	-0.583463	-0.636985	-0.356652	0.683410	-0.748852	0.496688	-0.438772	-141.927032	-141.918289	583.374084	
-0.198643	-0.754352	-0.625695	-0.536422	-0.450619	0.713578	-0.820240	0.477383	-0.315137	-135.907303	-142.456802	564.434753	
-0.364851	-0.851867	-0.375774	-0.502580	-0.159556	0.849679	-0.783771	0.498863	-0.369917	-170.723007	-171.658997	614.528015	
-0.364851	-0.851867	-0.375774	-0.502580	-0.159556	0.849679	-0.783771	0.498863	-0.369917	-170.723007	-171.658997	614.528015	
-0.364851	-0.851867	-0.375774	-0.502580	-0.159556	0.849679	-0.783771	0.498863	-0.369917	-170.723007	-171.658997	614.528015	
-0.364851	-0.851867	-0.375774	-0.502580	-0.159556	0.849679	-0.783771	0.498863	-0.369917	-170.723007	-171.658997	614.528015	
-0.364851	-0.851867	-0.375774	-0.502580	-0.159556	0.849679	-0.783771	0.498863	-0.369917	-170.723007	-171.658997	614.528015	
-0.630799	-0.714467	0.302705	0.060512	0.343627	0.937154	-0.773583	0.609474	-0.173526	-204.028992	-197.681900	651.124146	
-0.648302	-0.629586	0.428167	0.228512	0.375536	0.898195	-0.726282	0.680143	-0.099592	-206.089035	-204.432281	658.260803	
-0.650003	-0.541292	0.533385	0.369447	0.388270	0.844248	-0.664082	0.745822	-0.052398	-206.174332	-208.729156	673.808411	
-0.610036	-0.464028	0.642289	0.512831	0.386708	0.766460	-0.604036	0.796954	0.002062	-203.531982	-209.598114	680.726929	
-0.597025	-0.364315	0.714728	0.628735	0.340854	0.698936	-0.498250	0.866657	0.025560	-199.354950	-210.969376	687.870178	
-0.526801	-0.253902	0.811181	0.761830	0.282193	0.583079	-0.376954	0.925150	0.044771	-191.702850	-210.804047	693.869629	
-0.442252	-0.172226	0.880200	0.857312	0.207143	0.471283	-0.263493	0.963032	0.056042	-186.459381	-208.969986	708.399475	
-0.386188	-0.131254	0.913034	0.899304	0.166631	0.404335	-0.205210	0.977245	0.053687	-180.327911	-206.114410	717.887451	
-0.260106	-0.076282	0.962562	0.958905	0.096600	0.266773	-0.113332	0.992397	0.048021	-167.527008	-204.740677	734.525757	
-0.130796	-0.025184	0.991090	0.990292	0.044116	0.131812	-0.047042	0.998710	0.019169	-151.496902	-200.765167	748.810791	
-0.012715	0.034091	0.999338	0.999906	0.005542	0.012533	-0.005110	0.999404	-0.034159	-134.640839	-197.013031	750.460754	
0.117907	0.088338	0.989088	0.992458	-0.044103	-0.114371	0.033519	0.995114	-0.092872	-122.161964	-202.026184	787.639709	
0.212817	0.013821	0.976994	0.948271	-0.243985	-0.203109	0.235565	0.969681	-0.065030	-105.420212	-186.653915	783.654846	
0.340999	-0.006674	0.940040	0.884705	-0.335806	-0.323311	0.317829	0.941908	-0.108605	-94.252045	-176.062897	796.274170	
0.461732	-0.031404	0.886463	0.787550	-0.445309	-0.425987	0.408127	0.894827	-0.180881	-76.118690	-167.620926	830.974243	
0.576940	-0.064244	0.814255	0.694474	-0.486161	-0.530428	0.429936	0.871505	-0.235870	-65.157364	-162.732635	852.928772	
0.675377	-0.122188	0.727280	0.569507	-0.540133	-0.619611	0.468537	0.832663	-0.295206	-45.162354	-150.660614	858.858826	
0.715473	-0.166306	0.678557	0.480874	-0.587346	-0.650988	0.506811	0.792066	-0.340259	-24.545900	-143.460968	866.958008	
0.786793	-0.242314	0.567662	0.336960	-0.601928	-0.723976	0.517121	0.760899	-0.391942	-5.450324	-129.683975	875.066711	
0.840101	-0.298243	0.453078	0.204458	-0.599557	-0.773775	0.502420	0.742686	-0.442711	4.291426	-116.116653	879.401855	
0.855133	-0.350550	0.381917	0.110248	-0.596887	-0.794715	0.506549	0.721694	-0.471771	13.397587	-109.133232	889.680603	
0.859520	-0.443980	0.253190	-0.040882	-0.553517	-0.831834	0.509463	0.704629	-0.493910	20.824326	-94.621597	893.211670	
0.867724	-0.481530	0.123213	-0.182411	-0.539104	-0.822249	0.462362	0.691011	-0.555631	29.658449	-80.701675	902.382690	
0.842467	-0.536744	0.046418	-0.285565	-0.517954	-0.806335	0.456838	0.666057	-0.589635	36.393368	-66.800278	924.885681	
0.805737	-0.591761	-0.024616	-0.366815	-0.465960	-0.805188	0.465009	0.657800	-0.592508	42.238964	-52.221237	939.583679	
0.770042	-0.630803	-0.095507	-0.443386	-0.421488	-0.791048	0.458741	0.651488	-0.604254	52.043633	-45.303654	952.258179	
0.729136	-0.643713	-0.232366	-0.541137	-0.334428	-0.771575	0.418963	0.688326	-0.592181	59.942371	-31.593004	958.969910	
0.692357	-0.658471	-0.295053	-0.600585	-0.299261	-0.741445	0.399922	0.690550	-0.602664	62.661152	-17.989906	962.665649	
0.629249	-0.690935	-0.355883	-0.658520	-0.230779	-0.716304	0.412790	0.685091	-0.600213	64.558594	-4.069921	970.142578	
0.587749	-0.691661	-0.419710	-0.705882	-0.184915	-0.683767	0.395324	0.698149	-0.596914	66.589287	8.519958	983.575134	
0.554501	-0.689032	-0.466651	-0.743211	-0.157757	-0.650192	0.374386	0.707353	-0.599573	65.946564	20.914528	983.964783	
0.507950	-0.689223	-0.516680	-0.778997	-0.111558	-0.617024	0.367628	0.715910	-0.593568	64.293251	26.156685	996.871216	
0.458591	-0.686032	-0.564848	-0.807453	-0.056248	-0.587244	0.371097	0.725394	-0.579734	61.660778	37.039444	1006.489868	
0.396175	-0.626534	-0.671193	-0.852779	0.019858	-0.521894	0.340313	0.779142	-0.526428	54.310738	48.183510	1012.355774	
0.352842	-0.588824	-0.727178	-0.877362	0.061879	-0.475820	0.325172	0.805889	-0.494779	49.004181	59.233948	1024.614258	
0.308663	-0.546554	-0.778463	-0.892278	0.117129	-0.436027	0.329494	0.829192	-0.451525	38.574451	66.958855	1023.715881	
0.250960	-0.524307	-0.813708	-0.901417	0.179788	-0.393856	0.352797	0.832333	-0.427500	25.163412	76.690849	1039.636841	
0.194455	-0.469596	-0.861200	-0.900038	0.263670	-0.346999	0.390023	0.842590	-0.371383	15.621881	84.061783	1033.905151	
0.150390	-0.426481	-0.891905	-0.893286	0.327917	-0.307423	0.423582	0.842961	-0.331655	0.816743	87.446991	1043.669800	
0.095288	-0.320008	-0.942610	-0.886462	0.403525	-0.226606	0.452884	0.857183	-0.245224	-16.961718	90.226357	1049.898438	
0.070267	-0.267799	-0.960908	-0.884810	0.428079	-0.184005	0.460622	0.863153	-0.206872	-34.614979	92.647385	1055.166260	
0.037677	-0.152196	-0.987631	-0.876611	0.469426	-0.105781	0.479720	0.869756	-0.115731	-45.008083	94.349594	1064.159058	
0.016315	-0.092263	-0.995600	-0.851970	0.519888	-0.062140	0.523335	0.849237	-0.070124	-54.870937	95.758369	1066.413818	
-0.013506	0.040367	-0.999093	-0.820028	0.571301	0.034168	0.572163	0.819747	0.025386	-65.563759	95.928757	1071.093506	
-0.019078	0.178680	-0.983722	-0.810435	0.573431	0.119874	0.585516	0.799531	0.133868	-85.288338	94.478714	1067.938232	
-0.020681	0.259991	-0.965389	-0.793884	0.582663	0.173926	0.607716	0.770006	0.194352	-96.367477	93.069908	1065.913330	
0.003019	0.349079	-0.937088	-0.766160	0.603025	0.222167	0.642642	0.717290	0.269270	-105.052269	91.296600	1068.052856	
0.016118	0.401452	-0.915738	-0.754492	0.605865	0.252327	0.656110	0.686851	0.312657	-114.944992	87.094284	1063.428101	
0.044941	0.467628	-0.882782	-0.729644	0.618948	0.290725	0.682348	0.631052	0.369018	-124.634125	81.848587	1066.196045	
0.068671	0.516814	-0.853339	-0.699185	0.635075	0.328359	0.711635	0.574094	0.404959	-132.466080	75.872116	1062.332886	
0.112293	0.566026	-0.816704	-0.670301	0.649887	0.358249	0.733543	0.507210	0.452385	-140.077927	67.924919	1059.682617	
0.162002	0.612379	-0.773788	-0.642589	0.660566	0.388241	0.748888	0.434333	0.500520	-147.487854	63.979164	1057.148926	
0.201255	0.651468	-0.731496	-0.614308	0.665610	0.423777	0.762968	0.364077	0.534159	-153.958252	54.678833	1057.560791	
0.229348	0.691373	-0.685130	-0.599345	0.654933	0.460269	0.766932	0.305068	0.564578	-164.897232	43.595097	1055.584473	
0.288149	0.767534	-0.572592	-0.570150	0.617926	0.541383	0.769349	0.170464	0.615664	-170.931885	31.870762	1038.748779	
0.320668	0.814958	-0.482717	-0.567158	0.573373	0.591248	0.758619	0.084183	0.646072	-174.824951	26.784557	1041.887695	
0.343976	0.849086	-0.400916	-0.587996	0.527670	0.613046	0.732079	0.024864	0.680764	-179.895966	20.024050	1035.149536	
0.396462	0.881576	-0.256205	-0.592249	0.458839	0.662349	0.701468	-0.110859	0.704025	-184.070953	13.191949	1039.752075	
0.430011	0.890975	-0.145790	-0.600381	0.402807	0.690861	0.674265	-0.209549	0.708135	-182.226227	5.983318	1031.527710	
0.472043	0.880953	-0.033121	-0.612631	0.354819	0.706248	0.633923	-0.313089	0.707188	-180.010574	-0.025058	1021.450195	
0.503840	0.860780	0.072129	-0.624559	0.305340	0.718814	0.596716	-0.407216	0.691450	-173.626968	-13.022312	999.732056	
0.518319	0.845143	0.130688	-0.640271	0.282196	0.714435	0.566920	-0.453982	0.687388	-171.824432	-20.794920	998.280396	
0.522777	0.814049	0.253038	-0.670899	0.209758	0.711263	0.525926	-0.541595	0.655801	-163.394882	-35.643764	988.852722	
0.528221	0.792190	0.305643	-0.678876	0.177807	0.712398	0.510009	-0.583798	0.631720	-153.172409	-42.921677	974.977417	
0.540507	0.759227	0.362527	-0.688870	0.151981	0.708773	0.483022	-0.632831	0.605156	-141.026566	-49.089127	957.176147	
0.545623	0.732916	0.406362	-0.704974	0.139242	0.695430	0.453109	-0.665918	0.592659	-134.498962	-63.446014	951.319763	
