0.996971	-0.046080	0.062654	0.046826	0.998848	-0.010487	-0.062099	0.013389	0.997981	19.200514	3.574523	543.416687	
0.979805	-0.130633	0.151383	0.137516	0.989849	-0.035882	-0.145159	0.055975	0.987824	28.106359	7.815672	545.852234	
0.970246	-0.163743	0.178355	0.176925	0.982357	-0.060590	-0.165287	0.090343	0.982099	36.219551	16.041613	546.137207	
0.951255	-0.209132	0.226665	0.239289	0.964154	-0.114660	-0.194561	0.163309	0.967200	45.374950	19.727646	549.544678	
0.903423	-0.275576	0.328459	0.347607	0.919238	-0.184852	-0.250992	0.281174	0.926253	53.845402	26.369892	551.853455	
0.824886	-0.341044	0.450835	0.430833	0.895605	-0.110789	-0.365986	0.285623	0.885705	70.992989	27.697397	554.317383	
0.721844	-0.365605	0.587600	0.512049	0.853337	-0.098085	-0.465561	0.371682	0.803185	77.722252	31.466436	555.658142	
0.612742	-0.355542	0.705788	0.549914	0.833227	-0.057678	-0.567575	0.423464	0.706071	84.314781	31.747511	558.338989	
0.563790	-0.354513	0.745963	0.591050	0.804044	-0.064592	-0.576888	0.477318	0.662848	89.436478	32.382843	559.734070	
0.463628	-0.316168	0.827700	0.636976	0.768278	-0.063325	-0.615882	0.556584	0.557587	98.817932	31.957869	564.822937	
0.379711	-0.324084	0.866481	0.707854	0.704822	-0.046576	-0.595620	0.631027	0.497033	102.706673	30.450397	573.865540	
0.278707	-0.273171	0.920706	0.782324	0.620641	-0.052675	-0.557038	0.734971	0.386686	105.218163	28.202587	576.789978	
0.203121	-0.250867	0.946471	0.847363	0.529388	-0.041534	-0.490631	0.810440	0.320106	107.426216	26.058437	585.515747	
0.128216	-0.172761	0.976583	0.869227	0.493687	-0.026786	-0.477498	0.852306	0.213468	108.862724	20.717970	596.975830	
0.073716	-0.148045	0.986229	0.910991	0.412379	-0.006189	-0.405784	0.898902	0.165267	110.325211	13.888056	600.127563	
0.032564	-0.102220	0.994228	0.931565	0.363511	0.006862	-0.362115	0.925964	0.107063	109.149902	5.486201	601.165649	
0.046669	-0.013892	0.998814	0.961534	0.271586	-0.041150	-0.270692	0.962313	0.026033	107.539322	3.486461	615.640442	
0.062309	0.073857	0.995320	0.978189	0.193475	-0.075593	-0.198152	0.978321	-0.060190	114.180428	-5.221868	651.498718	
-0.015474	0.067979	0.997567	0.998736	0.048776	0.012168	-0.047830	0.996494	-0.068648	97.667198	-14.214700	634.359985	
-0.015474	0.067979	0.997567	0.998736	0.048776	0.012168	-0.047830	0.996494	-0.068648	97.667198	-14.214700	634.359985	
-0.015474	0.067979	0.997567	0.998736	0.048776	0.012168	-0.047830	0.996494	-0.068648	97.667198	-14.214700	634.359985	
-0.015474	0.067979	0.997567	0.998736	0.048776	0.012168	-0.047830	0.996494	-0.068648	97.667198	-14.214700	634.359985	
0.027218	0.392898	0.919179	0.947648	-0.302798	0.101369	0.318153	0.868299	-0.380571	67.447945	-49.340054	669.618835	
0.055883	0.490335	0.869740	0.922923	-0.357696	0.142359	0.380906	0.794748	-0.472530	59.028694	-56.172115	681.363586	
0.095884	0.571500	0.814981	0.905303	-0.390439	0.167282	0.413803	0.721765	-0.554817	51.450390	-69.291954	697.584290	
0.181790	0.640656	0.745998	0.849447	-0.484487	0.209074	0.495371	0.595678	-0.632278	32.757332	-82.762741	710.075867	
0.236722	0.702251	0.671421	0.808138	-0.525932	0.265157	0.539328	0.479833	-0.692015	14.484802	-96.742004	723.018066	
0.300415	0.752134	0.586554	0.778008	-0.548983	0.305486	0.551775	0.364571	-0.750088	5.418999	-103.437782	735.843750	
0.361393	0.756701	0.544791	0.743481	-0.586467	0.321391	0.562700	0.288893	-0.774538	-3.527745	-110.150375	740.716003	
0.470640	0.755407	0.455915	0.681053	-0.639535	0.356598	0.560950	0.142673	-0.815462	-13.538393	-123.642235	745.702454	
0.577628	0.769308	0.272967	0.652473	-0.636068	0.411940	0.490535	-0.059845	-0.869364	-22.292542	-139.552307	756.853333	
0.683150	0.724556	0.091237	0.629047	-0.647303	0.430462	0.370952	-0.236678	-0.897985	-28.787527	-143.994995	763.856018	
0.695825	0.709691	0.110299	0.588885	-0.651677	0.478049	0.411146	-0.267685	-0.871380	-39.875229	-159.314713	784.783875	
0.755735	0.648055	0.094282	0.534302	-0.693412	0.483426	0.378663	-0.314967	-0.870293	-52.107407	-174.608902	805.019348	
0.800421	0.595048	-0.072409	0.514262	-0.619595	0.592990	0.307994	-0.511879	-0.801947	-56.963703	-181.572769	812.566895	
0.828416	0.551212	-0.099458	0.467656	-0.582954	0.664427	0.308260	-0.596934	-0.740705	-70.011208	-192.603500	819.481445	
0.844452	0.501803	-0.187332	0.469289	-0.524542	0.710368	0.258201	-0.687786	-0.678441	-81.825294	-201.739090	817.759521	
0.861088	0.451075	-0.234646	0.463740	-0.507491	0.726222	0.208500	-0.734156	-0.646176	-93.686150	-212.738312	832.213379	
0.867628	0.389293	-0.309307	0.480085	-0.494038	0.724876	0.129380	-0.777417	-0.615535	-102.843666	-215.942200	843.455200	
0.883166	0.289642	-0.368949	0.466895	-0.467367	0.750718	0.045004	-0.835270	-0.547995	-109.823936	-220.264954	858.826660	
0.885078	0.174425	-0.431522	0.460422	-0.463898	0.756842	-0.068171	-0.868547	-0.490895	-111.798828	-228.773300	877.155457	
0.826557	0.119777	-0.549959	0.541119	-0.437997	0.717878	-0.154896	-0.890961	-0.426843	-112.514580	-229.675537	874.217590	
0.797553	0.065696	-0.599660	0.565799	-0.426256	0.705818	-0.209239	-0.902214	-0.377132	-112.686867	-230.565704	880.024841	
0.752639	-0.000544	-0.658431	0.599163	-0.414075	0.685234	-0.273013	-0.910243	-0.311323	-110.281082	-233.720627	891.669678	
0.685413	-0.030882	-0.727498	0.653412	-0.414828	0.633223	-0.321342	-0.909375	-0.264150	-109.905060	-239.269684	904.081970	
0.693541	-0.055740	-0.718257	0.650410	-0.380274	0.657540	-0.309786	-0.923193	-0.227481	-111.660004	-252.192993	942.481018	
0.693541	-0.055740	-0.718257	0.650410	-0.380274	0.657540	-0.309786	-0.923193	-0.227481	-111.660004	-252.192993	942.481018	
0.693541	-0.055740	-0.718257	0.650410	-0.380274	0.657540	-0.309786	-0.923193	-0.227481	-111.660004	-252.192993	942.481018	
0.693541	-0.055740	-0.718257	0.650410	-0.380274	0.657540	-0.309786	-0.923193	-0.227481	-111.660004	-252.192993	942.481018	
0.693541	-0.055740	-0.718257	0.650410	-0.380274	0.657540	-0.309786	-0.923193	-0.227481	-111.660004	-252.192993	942.481018	
0.415801	-0.241500	-0.876806	0.701136	-0.528921	0.478176	-0.579239	-0.813586	-0.050601	-74.602936	-243.024155	969.314453	
0.328022	-0.266634	-0.906261	0.719613	-0.550991	0.422573	-0.612013	-0.790770	0.011136	-60.269241	-238.292801	983.253601	
0.240773	-0.244391	-0.939310	0.739927	-0.580090	0.340595	-0.628121	-0.777026	0.041162	-52.448246	-232.894928	993.631653	
0.194182	-0.223913	-0.955069	0.752576	-0.590496	0.291452	-0.629224	-0.775357	0.053848	-42.586517	-226.288086	997.437256	
0.186152	-0.206892	-0.960492	0.733674	-0.620948	0.275946	-0.653506	-0.756055	0.036201	-33.957001	-220.723557	1007.029419	
0.083738	-0.142548	-0.986240	0.719041	-0.676572	0.158841	-0.689905	-0.722447	0.045843	-24.250872	-211.140213	1006.697021	
0.050980	-0.127038	-0.990587	0.736010	-0.665657	0.123246	-0.675048	-0.735365	0.059567	-14.327278	-201.091583	1014.447021	
0.008740	-0.066918	-0.997721	0.735158	-0.675916	0.051774	-0.677840	-0.733934	0.043288	4.659635	-193.064728	1031.343750	
-0.041988	0.013948	-0.999021	0.658506	-0.751607	-0.038170	-0.751403	-0.659464	0.022374	13.556736	-182.065796	1026.721680	
-0.078775	0.081037	-0.993594	0.580878	-0.806275	-0.111813	-0.810170	-0.585964	0.016442	22.906507	-172.400101	1037.529053	
-0.080385	0.154182	-0.984768	0.544357	-0.820831	-0.172950	-0.834994	-0.549967	-0.017947	41.668087	-160.842865	1028.034912	
-0.084852	0.239465	-0.967191	0.499502	-0.829684	-0.249242	-0.862147	-0.504262	-0.049213	50.382984	-145.954651	1024.891479	
-0.046525	0.275254	-0.960246	0.501612	-0.824861	-0.260749	-0.863841	-0.493802	-0.099694	67.096710	-133.584534	1021.916382	
-0.020624	0.257226	-0.966132	0.527029	-0.818374	-0.229137	-0.849597	-0.513905	-0.118688	72.524582	-127.252335	1003.413696	
0.099165	0.301455	-0.948310	0.454133	-0.861680	-0.226428	-0.885398	-0.408205	-0.222350	91.404480	-121.166039	1057.699707	
0.143012	0.386452	-0.911155	0.542174	-0.800784	-0.254542	-0.828007	-0.457602	-0.324046	103.893478	-102.964630	1035.622437	
0.195124	0.397447	-0.896640	0.471218	-0.839772	-0.269695	-0.860163	-0.369889	-0.351144	113.399216	-85.261551	1025.247314	
0.240885	0.400286	-0.884164	0.414286	-0.866233	-0.279299	-0.877692	-0.299018	-0.374495	116.534569	-69.145767	1021.383484	
0.331685	0.405159	-0.851958	0.390630	-0.881009	-0.266894	-0.858717	-0.244276	-0.450484	120.800995	-53.875454	1020.323669	
0.446333	0.391835	-0.804520	0.367726	-0.899935	-0.234298	-0.815822	-0.191268	-0.545759	126.198380	-46.675888	1019.194397	
0.543850	0.342238	-0.766225	0.331646	-0.926387	-0.178380	-0.770869	-0.157103	-0.617317	128.597061	-31.924633	1015.148926	
0.585961	0.325267	-0.742194	0.315085	-0.935285	-0.161131	-0.746574	-0.139438	-0.650527	128.813522	-17.263563	1012.615051	
0.633303	0.279939	-0.721501	0.254672	-0.955746	-0.147284	-0.730802	-0.090470	-0.676568	124.342049	-3.388884	999.457642	
0.635536	0.249593	-0.730616	0.242902	-0.962890	-0.117651	-0.732867	-0.102697	-0.672577	118.123154	2.554976	978.293823	
0.675265	0.173825	-0.716801	0.144853	-0.984161	-0.102200	-0.723212	-0.034818	-0.689748	114.230972	8.973795	976.718628	
0.698324	0.128321	-0.704187	0.116994	-0.991031	-0.064572	-0.706157	-0.037294	-0.707073	105.625954	20.268391	968.851624	
0.729326	0.092659	-0.677864	0.085533	-0.995362	-0.044031	-0.678800	-0.025867	-0.733869	94.211174	25.699076	962.355164	
0.782079	-0.001135	-0.623179	0.020438	-0.999414	0.027470	-0.622845	-0.034220	-0.781597	88.008568	31.089439	959.399658	
0.804981	-0.054501	-0.590793	-0.020663	-0.997743	0.063890	-0.592942	-0.039223	-0.804290	73.790878	39.336670	954.219116	
0.815876	-0.110418	-0.567588	-0.032454	-0.988795	0.145708	-0.577317	-0.100459	-0.810317	65.834381	45.538368	947.542542	
0.805432	-0.179154	-0.564965	-0.037760	-0.966796	0.252747	-0.591486	-0.182237	-0.785452	49.296101	48.301586	937.548706	
0.824423	-0.237678	-0.513651	-0.059053	-0.938720	0.339586	-0.562886	-0.249630	-0.787937	31.418709	52.021317	926.644714	
0.801254	-0.353671	-0.482608	-0.160263	-0.903984	0.396395	-0.576463	-0.240268	-0.781000	13.118502	55.312500	911.535400	
0.768262	-0.466013	-0.438870	-0.238517	-0.844611	0.479315	-0.594041	-0.263562	-0.760033	4.397860	56.085350	895.236084	
0.710443	-0.569415	-0.413569	-0.328891	-0.788175	0.520205	-0.622176	-0.233556	-0.747227	-14.842420	56.226242	892.372375	
0.637843	-0.668024	-0.383278	-0.381677	-0.706422	0.596064	-0.668941	-0.233906	-0.705554	-35.029182	55.282383	889.017151	
0.547848	-0.753248	-0.363980	-0.406282	-0.619888	0.671324	-0.731300	-0.219905	-0.645634	-54.941685	53.990498	883.988159	
0.490131	-0.819145	-0.297951	-0.386462	-0.510609	0.768067	-0.781294	-0.261306	-0.566833	-71.332520	50.183216	869.791992	
0.441859	-0.858669	-0.259711	-0.394026	-0.445851	0.803717	-0.805920	-0.252796	-0.535340	-79.602554	44.930080	862.500427	
0.366020	-0.898564	-0.242100	-0.342049	-0.371842	0.862981	-0.865468	-0.233058	-0.443454	-88.605957	39.316353	844.966614	
0.250683	-0.944370	-0.212895	-0.325895	-0.289406	0.900021	-0.911566	-0.156239	-0.380314	-104.198708	35.548279	818.979004	
0.115286	-0.974327	-0.193383	-0.279054	-0.218608	0.935061	-0.953331	-0.053835	-0.297092	-120.289177	31.763792	808.409363	
-0.014933	-0.984169	-0.176604	-0.223241	-0.168883	0.960022	-0.974650	0.053761	-0.217184	-135.491119	25.974134	805.230652	
-0.069907	-0.983795	-0.165108	-0.118115	-0.156186	0.980640	-0.990537	0.088055	-0.105282	-146.040329	20.918777	781.622742	
-0.211210	-0.967264	-0.140683	-0.021071	-0.139391	0.990013	-0.977215	0.212065	0.009060	-151.626465	14.776716	772.385254	
-0.280440	-0.951634	-0.125482	0.082598	-0.154168	0.984586	-0.956312	0.265752	0.121839	-160.433762	7.978051	766.508789	
-0.353947	-0.928611	-0.111369	0.128104	-0.166091	0.977754	-0.926452	0.331806	0.177747	-164.499786	0.852401	755.530640	
-0.497607	-0.861110	-0.104298	0.205585	-0.233899	0.950277	-0.842689	0.451422	0.293421	-170.079086	-12.186913	740.750793	
-0.543630	-0.831614	-0.113513	0.296096	-0.316567	0.901173	-0.785364	0.456293	0.418332	-175.051208	-24.971926	738.606812	
-0.638607	-0.766365	-0.069764	0.307760	-0.337438	0.889618	-0.705312	0.546645	0.451346	-172.511993	-34.846401	728.015991	
-0.638607	-0.766365	-0.069764	0.307760	-0.337438	0.889618	-0.705312	0.546645	0.451346	-172.511993	-34.846401	728.015991	
-0.638607	-0.766365	-0.069764	0.307760	-0.337438	0.889618	-0.705312	0.546645	0.451346	-172.511993	-34.846401	728.015991	
-0.638607	-0.766365	-0.069764	0.307760	-0.337438	0.889618	-0.705312	0.546645	0.451346	-172.511993	-34.846401	728.015991	
-0.924141	-0.381941	-0.009258	0.257084	-0.639597	0.724446	-0.282618	0.667110	0.689268	-159.633118	-72.755966	684.873047	
-0.965613	-0.259955	0.003944	0.199352	-0.730594	0.653063	-0.166886	0.631392	0.757293	-154.716660	-87.530144	675.374512	
-0.981947	-0.184451	0.041929	0.177914	-0.825324	0.535897	-0.064242	0.533683	0.843241	-143.290619	-96.004639	673.733459	
-0.993872	-0.105449	0.033156	0.109376	-0.894764	0.432936	-0.015986	0.433910	0.900814	-129.171661	-111.278381	669.675781	
-0.998516	0.032391	0.043779	-0.016428	-0.945597	0.324925	0.051921	0.323724	0.944725	-115.723228	-118.990852	664.893005	
-0.985341	0.167962	0.029871	-0.157095	-0.961605	0.225026	0.066520	0.217035	0.973894	-108.328857	-126.390854	663.913452	
-0.971374	0.235568	0.030665	-0.220023	-0.940827	0.257747	0.089567	0.243623	0.965725	-90.515999	-131.840988	645.243408	
-0.956621	0.289297	-0.034394	-0.285317	-0.906436	0.311397	0.058910	0.307703	0.949657	-82.348412	-136.249222	624.094299	
-0.934524	0.335455	-0.118894	-0.344665	-0.769744	0.537308	0.088725	0.543106	0.834963	-73.126762	-132.550583	578.173340	
-0.880969	0.472274	0.029158	-0.472265	-0.873789	-0.116010	-0.029311	-0.115972	0.992820	-62.430099	-156.656998	612.107971	
-0.880969	0.472274	0.029158	-0.472265	-0.873789	-0.116010	-0.029311	-0.115972	0.992820	-62.430099	-156.656998	612.107971	
-0.880969	0.472274	0.029158	-0.472265	-0.873789	-0.116010	-0.029311	-0.115972	0.992820	-62.430099	-156.656998	612.107971	
-0.880969	0.472274	0.029158	-0.472265	-0.873789	-0.116010	-0.029311	-0.115972	0.992820	-62.430099	-156.656998	612.107971	
-0.560521	0.826518	0.051802	-0.725956	-0.460297	-0.510993	-0.398500	-0.324028	0.858022	-5.520919	-180.873199	584.055481	
-0.446989	0.893100	0.050714	-0.749109	-0.342732	-0.566895	-0.488912	-0.291386	0.822227	11.657872	-185.422485	574.632263	
-0.312963	0.948104	0.056156	-0.781230	-0.223354	-0.582917	-0.540122	-0.226302	0.810589	21.371426	-192.146698	571.584839	
-0.204381	0.975032	0.086838	-0.749097	-0.098680	-0.655070	-0.630144	-0.198934	0.750562	28.378181	-193.924728	563.554321	
-0.034030	0.999420	0.000462	-0.698126	-0.023440	-0.715591	-0.715165	-0.024673	0.698520	46.180519	-200.167892	573.548035	
0.106178	0.993016	-0.051426	-0.480247	0.005927	-0.877113	-0.870682	0.117827	0.477522	53.975525	-198.345261	567.825073	
0.101067	0.994193	-0.036957	-0.272864	-0.008022	-0.962019	-0.956729	0.107313	0.270469	62.147388	-192.958389	554.755005	
0.265231	0.961260	-0.075041	-0.295900	0.007077	-0.955193	-0.917657	0.275551	0.286313	67.117210	-193.516342	556.798706	
0.411269	0.903601	-0.119844	-0.222286	-0.028085	-0.974577	-0.883994	0.427452	0.189307	73.023788	-191.890930	557.737061	
0.514835	0.845868	-0.139468	-0.128140	-0.084930	-0.988113	-0.847658	0.526587	0.064664	74.982628	-182.853119	544.379761	
0.535486	0.842031	-0.065105	-0.011836	-0.069599	-0.997505	-0.844461	0.534920	-0.027304	74.042885	-178.147858	540.562561	
0.598029	0.798266	-0.071640	0.058194	-0.132397	-0.989487	-0.799358	0.587573	-0.125632	79.837364	-176.603317	555.553833	
0.653488	0.752258	-0.084027	0.077948	-0.177299	-0.981066	-0.752911	0.634565	-0.174501	79.798279	-172.932755	555.164978	
0.675518	0.730621	-0.099332	0.108165	-0.231451	-0.966815	-0.729366	0.642357	-0.235378	75.879257	-164.844086	560.649536	
0.743726	0.658290	-0.116296	0.154352	-0.338376	-0.928266	-0.650419	0.672425	-0.353268	68.911766	-160.806229	566.414978	
0.772310	0.620853	-0.134457	0.201624	-0.440292	-0.874924	-0.602398	0.648602	-0.465221	62.911736	-154.857117	562.841614	
0.833015	0.534045	-0.144501	0.189409	-0.520693	-0.832468	-0.519816	0.666089	-0.534899	60.490673	-150.297302	568.499573	
0.874120	0.457533	-0.163025	0.192136	-0.633990	-0.749094	-0.446091	0.623475	-0.642092	54.960709	-137.418243	567.899292	
0.925352	0.334783	-0.177884	0.139597	-0.737150	-0.661152	-0.352470	0.586967	-0.728859	42.706425	-131.853836	575.192932	
0.897211	0.305956	-0.318438	0.086588	-0.828986	-0.552525	-0.433029	0.468159	-0.770268	27.352737	-135.594574	605.545410	
0.930755	0.212967	-0.297222	0.043222	-0.871255	-0.488925	-0.363080	0.442222	-0.820130	19.729729	-123.209419	594.386658	
0.951270	0.075098	-0.299075	-0.069415	-0.892846	-0.444980	-0.300445	0.444056	-0.844125	2.456967	-115.404655	600.771667	
0.963746	0.019587	-0.266101	-0.107275	-0.884705	-0.453640	-0.244306	0.465740	-0.850530	-12.138812	-95.962654	584.178650	
0.959752	-0.127210	-0.250384	-0.210640	-0.915727	-0.342164	-0.185757	0.381133	-0.905666	-32.195797	-88.582321	599.345459	
0.914959	-0.255630	-0.312253	-0.319504	-0.931551	-0.173579	-0.246507	0.258584	-0.934007	-43.983925	-75.656540	618.479309	
0.859053	-0.371179	-0.352496	-0.398184	-0.917295	-0.004486	-0.321677	0.144212	-0.935802	-54.425514	-68.073631	630.744141	
0.819524	-0.428420	-0.380574	-0.410093	-0.902340	0.132692	-0.400255	0.047326	-0.915181	-74.839470	-53.858681	645.920959	
0.736936	-0.532753	-0.416052	-0.502670	-0.843422	0.189638	-0.451937	0.069386	-0.889347	-94.679352	-46.245548	650.414917	
0.643242	-0.613139	-0.458584	-0.560557	-0.785101	0.263423	-0.521550	0.087617	-0.848710	-114.045547	-39.562637	664.780334	
0.586246	-0.642788	-0.493091	-0.525308	-0.764970	0.372656	-0.616739	0.040556	-0.786122	-133.000641	-33.313885	680.135559	
0.522992	-0.660993	-0.538114	-0.472249	-0.750294	0.462645	-0.709549	0.012164	-0.704551	-141.428177	-20.330935	684.556702	
0.411711	-0.700936	-0.582394	-0.504946	-0.707462	0.494497	-0.758632	0.090487	-0.645204	-148.974365	-7.001605	687.066162	
0.300774	-0.734280	-0.608579	-0.539684	-0.657171	0.526182	-0.786305	0.170178	-0.593938	-156.928543	-1.346289	698.357300	
0.176497	-0.748365	-0.639373	-0.513760	-0.624109	0.588675	-0.839583	0.224585	-0.494633	-172.395554	4.293231	708.291016	
0.093720	-0.722811	-0.684661	-0.445691	-0.645393	0.620345	-0.890267	0.247008	-0.382636	-186.328400	9.297822	723.555786	
-0.029652	-0.695567	-0.717849	-0.475531	-0.621872	0.622211	-0.879199	0.359809	-0.312323	-191.439728	18.086346	730.108398	
-0.114425	-0.675685	-0.728256	-0.471095	-0.608499	0.638591	-0.874629	0.416149	-0.248683	-206.858139	21.230713	762.412354	
-0.063921	-0.643457	-0.762809	-0.458514	-0.659981	0.595139	-0.886386	0.387800	-0.252847	-205.410019	29.096321	771.909180	
-0.084063	-0.602827	-0.793431	-0.434137	-0.694550	0.573695	-0.896916	0.392684	-0.203323	-204.387726	36.026070	770.243835	
-0.129579	-0.541475	-0.830671	-0.348360	-0.759474	0.549405	-0.928361	0.360564	-0.090216	-205.861771	39.214703	782.020874	
-0.225642	-0.452603	-0.862691	-0.338120	-0.794102	0.505053	-0.913653	0.405654	0.026149	-208.560318	41.056900	795.531494	
-0.306531	-0.378141	-0.873526	-0.358861	-0.804077	0.474005	-0.881622	0.458772	0.110774	-208.468018	42.415272	815.984009	
-0.330871	-0.329631	-0.884233	-0.321905	-0.841384	0.434110	-0.887075	0.428274	0.172280	-202.770370	44.125511	822.097046	
-0.315584	-0.396803	-0.861947	-0.278760	-0.829519	0.483935	-0.907028	0.392999	0.151170	-184.061401	43.281570	823.040039	
-0.360948	-0.328315	-0.872883	-0.291618	-0.849311	0.440035	-0.885819	0.413378	0.210815	-182.911011	41.133347	843.327515	
-0.462698	-0.270470	-0.844249	-0.290197	-0.853645	0.432524	-0.837673	0.445127	0.316490	-176.359940	37.010456	855.130066	
-0.387035	-0.240753	-0.890079	-0.279979	-0.889051	0.362218	-0.878530	0.389395	0.276688	-170.918991	33.769264	881.182678	
-0.402869	-0.179995	-0.897384	-0.300553	-0.900084	0.315465	-0.864503	0.396802	0.308518	-154.502029	32.369926	896.289368	
-0.304140	-0.176804	-0.936076	-0.396347	-0.870056	0.293111	-0.866261	0.460158	0.194543	-146.756256	27.212044	924.772278	
-0.232148	-0.099910	-0.967535	-0.324106	-0.929922	0.173791	-0.917095	0.353929	0.183498	-121.040962	23.845066	912.627563	
-0.201384	-0.061571	-0.977575	-0.249465	-0.961890	0.111973	-0.947213	0.266420	0.178349	-102.148506	16.301121	921.393494	
-0.164943	-0.043312	-0.985351	-0.248246	-0.965052	0.083975	-0.954552	0.258460	0.148426	-82.112274	13.812488	923.873413	
-0.094453	-0.019562	-0.995337	-0.244259	-0.968792	0.042219	-0.965100	0.247107	0.086728	-61.302010	5.107105	927.582825	
-0.021218	-0.006061	-0.999756	-0.235967	-0.971701	0.010899	-0.971530	0.236140	0.019188	-40.063110	0.788368	919.069458	
0.059841	-0.007072	-0.998183	-0.230720	-0.972997	-0.006938	-0.971179	0.230715	-0.059856	-29.957497	-4.603307	931.392700	
0.108620	-0.023901	-0.993796	-0.193264	-0.981145	0.002474	-0.975116	0.191796	-0.111191	-18.228897	-12.157619	915.527100	
0.153534	-0.048433	-0.986956	-0.282491	-0.959265	0.003129	-0.946903	0.278326	-0.160962	-1.158590	-22.189899	973.940002	
0.153534	-0.048433	-0.986956	-0.282491	-0.959265	0.003129	-0.946903	0.278326	-0.160962	-1.158590	-22.189899	973.940002	
0.153534	-0.048433	-0.986956	-0.282491	-0.959265	0.003129	-0.946903	0.278326	-0.160962	-1.158590	-22.189899	973.940002	
0.153534	-0.048433	-0.986956	-0.282491	-0.959265	0.003129	-0.946903	0.278326	-0.160962	-1.158590	-22.189899	973.940002	
0.290379	-0.260749	-0.920701	-0.301250	-0.938146	0.170679	-0.908256	0.227800	-0.350968	49.462311	-58.775032	968.905884	
0.286180	-0.308757	-0.907067	-0.238324	-0.939847	0.244723	-0.928064	0.146142	-0.342549	61.654018	-64.925591	977.980774	
0.279972	-0.380430	-0.881413	-0.338969	-0.898168	0.279991	-0.898174	0.220382	-0.380415	75.032486	-80.601593	988.752441	
0.268492	-0.484327	-0.832670	-0.411110	-0.839347	0.355649	-0.871149	0.246830	-0.424469	86.608528	-90.592728	1009.351868	
0.206474	-0.547159	-0.811163	-0.401507	-0.803393	0.439718	-0.892278	0.234898	-0.385567	91.636978	-105.299973	1013.425537	
0.138937	-0.596747	-0.790310	-0.475712	-0.740160	0.475249	-0.868559	0.309930	-0.386715	94.551338	-113.355301	1015.361145	
0.101284	-0.655062	-0.748756	-0.476607	-0.692587	0.541451	-0.873262	0.302022	-0.382355	96.853882	-119.474335	1011.774963	
0.067335	-0.712398	-0.698538	-0.442506	-0.648824	0.619043	-0.894234	0.267424	-0.358929	99.286926	-134.863083	1026.357910	
-0.035064	-0.732650	-0.679702	-0.493225	-0.578834	0.649369	-0.869194	0.358016	-0.341065	98.976639	-148.893951	1025.117676	
-0.131947	-0.762286	-0.633649	-0.493430	-0.503903	0.708949	-0.859719	0.406205	-0.309646	98.568634	-156.110413	1032.135986	
-0.193700	-0.778288	-0.597284	-0.395706	-0.495114	0.773485	-0.897718	0.386173	-0.212069	96.460869	-167.952301	1029.634888	
-0.244089	-0.797015	-0.552439	-0.344287	-0.461337	0.817700	-0.906580	0.389789	-0.161794	90.601044	-179.018845	1030.859253	
-0.391527	-0.773022	-0.499143	-0.366047	-0.366834	0.855244	-0.844225	0.517561	-0.139336	82.939461	-183.511948	1011.169128	
-0.443561	-0.780882	-0.439860	-0.241327	-0.368593	0.897719	-0.863142	0.504343	-0.024954	73.887367	-187.911041	1012.806885	
-0.523959	-0.768997	-0.366211	-0.089462	-0.377890	0.921518	-0.847032	0.515600	0.129203	64.140503	-193.557999	1028.989990	
-0.523959	-0.768997	-0.366211	-0.089462	-0.377890	0.921518	-0.847032	0.515600	0.129203	64.140503	-193.557999	1028.989990	
-0.523959	-0.768997	-0.366211	-0.089462	-0.377890	0.921518	-0.847032	0.515600	0.129203	64.140503	-193.557999	1028.989990	
-0.523959	-0.768997	-0.366211	-0.089462	-0.377890	0.921518	-0.847032	0.515600	0.129203	64.140503	-193.557999	1028.989990	
-0.523959	-0.768997	-0.366211	-0.089462	-0.377890	0.921518	-0.847032	0.515600	0.129203	64.140503	-193.557999	1028.989990	
-0.942321	-0.332017	0.042374	0.239441	-0.580222	0.778466	-0.233878	0.743711	0.626254	12.786983	-211.974747	1005.751587	
-0.952480	-0.294065	0.079416	0.253941	-0.622624	0.740172	-0.168212	0.725166	0.667711	3.950064	-211.944107	994.372314	
-0.957477	-0.265140	0.113744	0.267011	-0.665032	0.697450	-0.109279	0.698164	0.707548	-14.703806	-213.343750	988.951782	
-0.964814	-0.179016	0.192580	0.262208	-0.709449	0.654163	0.019520	0.681641	0.731426	-26.254961	-214.782257	991.118835	
-0.952001	-0.099371	0.289517	0.262821	-0.750206	0.606726	0.156906	0.653695	0.740313	-47.115345	-217.676041	995.570129	
-0.913143	0.035807	0.406064	0.155003	-0.890811	0.427117	0.377020	0.452960	0.807887	-59.895988	-217.051132	1002.251404	
-0.825690	0.124059	0.550314	0.041221	-0.959643	0.278183	0.562616	0.252377	0.787254	-73.468750	-221.508011	1026.651001	
-0.788701	0.253060	0.560278	-0.112360	-0.955336	0.273327	0.604422	0.152620	0.781908	-77.584198	-207.570999	968.568970	
-0.788701	0.253060	0.560278	-0.112360	-0.955336	0.273327	0.604422	0.152620	0.781908	-77.584198	-207.570999	968.568970	
-0.788701	0.253060	0.560278	-0.112360	-0.955336	0.273327	0.604422	0.152620	0.781908	-77.584198	-207.570999	968.568970	
-0.788701	0.253060	0.560278	-0.112360	-0.955336	0.273327	0.604422	0.152620	0.781908	-77.584198	-207.570999	968.568970	
-0.501457	0.438692	0.745715	-0.717339	-0.692689	-0.074878	0.483700	-0.572478	0.662045	-125.131653	-182.799713	929.706604	
-0.432293	0.452594	0.779924	-0.823570	-0.550399	-0.137086	0.367225	-0.701584	0.610677	-130.217972	-170.614822	911.379700	
-0.330665	0.451773	0.828590	-0.918615	-0.355343	-0.172848	0.216346	-0.818311	0.532505	-132.719223	-159.050217	887.374390	
-0.249080	0.442234	0.861620	-0.962519	-0.211619	-0.169633	0.107317	-0.871577	0.478368	-142.802002	-150.744003	909.315002	
-0.249080	0.442234	0.861620	-0.962519	-0.211619	-0.169633	0.107317	-0.871577	0.478368	-142.802002	-150.744003	909.315002	
-0.249080	0.442234	0.861620	-0.962519	-0.211619	-0.169633	0.107317	-0.871577	0.478368	-142.802002	-150.744003	909.315002	
-0.052802	0.151689	0.987017	-0.927769	0.358173	-0.104678	-0.369401	-0.921251	0.121821	-143.488907	-109.031555	868.946228	
-0.028027	0.118637	0.992542	-0.890825	0.447491	-0.078643	-0.453483	-0.886384	0.093144	-143.002426	-101.096489	862.620911	
-0.021663	0.048352	0.998595	-0.838472	0.543126	-0.044488	-0.544514	-0.838258	0.028776	-138.581528	-93.777298	857.947083	
0.015233	-0.052258	0.998517	-0.703250	0.709331	0.047851	-0.710779	-0.702936	-0.025945	-132.301468	-79.995781	834.324890	
0.004037	-0.108299	0.994110	-0.521209	0.848179	0.094517	-0.853419	-0.518521	-0.053022	-128.112549	-71.210068	822.973938	
0.013241	-0.221497	0.975071	-0.380388	0.900722	0.209773	-0.924732	-0.373683	-0.072329	-114.721375	-61.434895	790.438354	
-0.060759	-0.256997	0.964500	-0.275529	0.933060	0.231263	-0.959371	-0.251696	-0.127502	-110.569901	-54.181133	797.372864	
-0.139873	-0.358665	0.922927	-0.173167	0.926586	0.333843	-0.974910	-0.113124	-0.191713	-105.300995	-40.188667	800.373535	
-0.117421	-0.422969	0.898504	-0.070536	0.906030	0.417294	-0.990574	-0.014378	-0.136221	-95.600304	-26.417065	780.375916	
-0.202573	-0.462499	0.863168	0.116537	0.863793	0.490183	-0.972308	0.199890	-0.121083	-81.890953	-11.452789	780.438538	
-0.273687	-0.481566	0.832580	0.322205	0.769710	0.551117	-0.906245	0.419095	-0.055496	-72.642761	-3.975080	771.478271	
-0.315580	-0.509427	0.800559	0.401824	0.692548	0.599094	-0.859621	0.510746	-0.013855	-62.955185	3.338726	756.162659	
-0.400721	-0.520205	0.754195	0.510961	0.556385	0.655251	-0.760488	0.647937	0.042849	-54.202194	12.747868	749.688477	
-0.558709	-0.401126	0.725908	0.649359	0.332900	0.683747	-0.515924	0.853391	0.074480	-38.915016	27.935335	709.664856	
-0.660644	-0.367223	0.654750	0.653124	0.148836	0.742480	-0.370106	0.918148	0.141515	-32.815678	38.002663	702.200745	
-0.677365	-0.471744	0.564477	0.613464	0.061258	0.787343	-0.406004	0.879605	0.247903	-20.258915	39.125977	702.401733	
-0.695739	-0.539221	0.474539	0.593914	-0.060275	0.802268	-0.403998	0.840004	0.362186	-3.746819	44.006893	694.265503	
-0.743181	-0.515959	0.425990	0.582563	-0.185832	0.791257	-0.329094	0.836213	0.438686	6.898446	47.964546	680.842590	
-0.821004	-0.427305	0.378633	0.537341	-0.354235	0.765364	-0.192920	0.831822	0.520436	17.149868	50.979172	669.781189	
-0.898044	-0.357524	0.256306	0.420378	-0.525805	0.739467	-0.129611	0.771820	0.622491	34.433140	54.082466	654.838501	
-0.945391	-0.305987	0.112284	0.287109	-0.618720	0.731269	-0.154287	0.723573	0.672784	48.494087	55.430553	638.086121	
-0.979127	-0.192098	0.066399	0.187484	-0.727466	0.660032	-0.078488	0.658704	0.748297	56.570663	57.464249	637.258423	
-0.989890	-0.141000	0.015389	0.119061	-0.767052	0.630441	-0.077088	0.625900	0.776084	69.293571	58.558636	632.099976	
-0.995636	-0.078406	-0.050608	0.032049	-0.796598	0.603658	-0.087645	0.599402	0.795635	81.009399	58.765781	626.320435	
-0.998583	0.026578	-0.046102	-0.046875	-0.849399	0.525664	-0.025188	0.527081	0.849442	88.285660	57.068718	615.485718	
-0.990744	0.086340	-0.104745	-0.127166	-0.860285	0.493698	-0.047485	0.502449	0.863302	93.043365	55.660629	611.529663	
-0.960088	0.180424	-0.213726	-0.258890	-0.862461	0.434897	-0.105866	0.472871	0.874749	97.254883	52.315575	605.027832	
-0.906437	0.267298	-0.326991	-0.384754	-0.841918	0.378334	-0.174172	0.468748	0.865990	99.613754	50.154396	602.217346	
-0.878206	0.313711	-0.361024	-0.427938	-0.852494	0.300202	-0.213595	0.418136	0.882915	100.718201	43.972923	601.041382	
-0.831410	0.344283	-0.436150	-0.468960	-0.855784	0.218424	-0.298051	0.386137	0.872962	99.779266	36.982723	593.587036	
-0.747202	0.350852	-0.564439	-0.490691	-0.864041	0.112491	-0.448231	0.361019	0.817774	95.945274	28.451641	589.506409	
-0.666704	0.402557	-0.627259	-0.569363	-0.818175	0.080085	-0.480970	0.410532	0.774682	93.534531	19.398245	586.791992	
-0.541403	0.414581	-0.731440	-0.634893	-0.771919	0.032415	-0.551174	0.481937	0.681134	85.345840	13.473954	583.771973	
-0.415846	0.398962	-0.817252	-0.687787	-0.725898	-0.004397	-0.594996	0.560268	0.576263	75.043961	7.683141	578.709717	
-0.348395	0.370537	-0.861000	-0.690114	-0.722997	-0.031900	-0.634321	0.583075	0.507602	63.567818	0.607990	574.073486	
-0.294885	0.336257	-0.894412	-0.630305	-0.771961	-0.082412	-0.718163	0.539451	0.439584	49.651775	-5.539704	572.372070	
-0.225632	0.321014	-0.919804	-0.645590	-0.756347	-0.105601	-0.729591	0.569990	0.377900	33.986286	-19.219410	572.644348	
-0.146479	0.225679	-0.963126	-0.616561	-0.782201	-0.089515	-0.773561	0.580715	0.253721	25.508078	-26.955956	569.960449	
-0.064491	0.110755	-0.991753	-0.612298	-0.789148	-0.048313	-0.787992	0.604134	0.118708	8.125315	-34.653835	567.530762	
0.009339	-0.013342	-0.999867	-0.599630	-0.800260	0.005077	-0.800222	0.599503	-0.015474	-0.943165	-43.240448	567.207581	
0.033792	-0.075419	-0.996579	-0.577832	-0.815069	0.042089	-0.815455	0.574433	-0.071122	-20.864538	-58.783485	566.028870	
0.046396	-0.194104	-0.979883	-0.606088	-0.785217	0.126845	-0.794042	0.588011	-0.154075	-40.919334	-66.697914	564.061218	
0.106913	-0.242500	-0.964242	-0.638189	-0.760394	0.120472	-0.762420	0.602489	-0.236056	-57.851936	-78.234261	548.000366	
0.057386	-0.352559	-0.934028	-0.562088	-0.784607	0.261623	-0.825084	0.509993	-0.243195	-76.538109	-81.289101	543.243530	
-0.022125	-0.469804	-0.882493	-0.609795	-0.693155	0.384296	-0.792250	0.546643	-0.271148	-85.436363	-89.797943	536.414001	
-0.025914	-0.584096	-0.811271	-0.678336	-0.585837	0.443456	-0.734294	0.561806	-0.381031	-94.259964	-101.186340	542.710083	
-0.047640	-0.686763	-0.725318	-0.645948	-0.532689	0.546801	-0.761893	0.494568	-0.418236	-119.866707	-116.764030	579.743958	
-0.148858	-0.761554	-0.630774	-0.659892	-0.398567	0.636934	-0.736466	0.511056	-0.443214	-132.311707	-133.670410	591.544983	
-0.225184	-0.789424	-0.571052	-0.644176	-0.319093	0.695136	-0.730977	0.524392	-0.436674	-148.357269	-146.326355	597.508118	
-0.314743	-0.798319	-0.513442	-0.603166	-0.249452	0.757603	-0.732890	0.548141	-0.403005	-155.424011	-158.328857	598.046753	
-0.367095	-0.848016	-0.382243	-0.515442	-0.156622	0.842489	-0.774313	0.506297	-0.379608	-171.717010	-171.775314	613.655396	
-0.452942	-0.860103	-0.234658	-0.446161	-0.009198	0.894905	-0.771870	0.510035	-0.379578	-181.086914	-178.671021	628.671875	
-0.541171	-0.830200	-0.133792	-0.327148	0.061287	0.942983	-0.774666	0.554085	-0.304765	-187.432297	-185.152725	624.252075	
-0.546064	-0.837265	0.028284	-0.201766	0.164211	0.965569	-0.813083	0.521556	-0.258602	-191.095184	-187.727676	628.478882	
-0.568291	-0.808515	0.152793	-0.079769	0.238954	0.967749	-0.818952	0.537775	-0.200289	-192.610291	-188.466110	625.191833	
-0.578594	-0.764687	0.283691	0.073054	0.297839	0.951817	-0.812337	0.571441	-0.116464	-191.582993	-188.866638	634.795227	
-0.521844	-0.720722	0.456330	0.230398	0.395982	0.888884	-0.821338	0.568997	-0.040588	-184.350586	-196.565781	634.672913	
-0.595368	-0.579135	0.556899	0.366846	0.420722	0.829709	-0.714815	0.698279	-0.038031	-186.253159	-203.900986	653.493347	
-0.530740	-0.504889	0.680735	0.512177	0.448876	0.732247	-0.675270	0.737290	0.020356	-186.932510	-208.427643	666.080688	
-0.607862	-0.352878	0.711322	0.615576	0.356436	0.702865	-0.501568	0.865118	0.000560	-193.215103	-209.586197	676.987366	
-0.586571	-0.219759	0.779512	0.754722	0.200854	0.624541	-0.293818	0.954653	0.048043	-187.284271	-203.532227	679.295532	
-0.486661	-0.147133	0.861111	0.849483	0.150266	0.505765	-0.203812	0.977635	0.051859	-182.797028	-202.732086	696.194702	
-0.416686	-0.126608	0.900190	0.896332	0.107846	0.430068	-0.151533	0.986072	0.068546	-177.233292	-201.057083	709.222412	
-0.303401	-0.073548	0.950020	0.951939	0.020495	0.305601	-0.041948	0.997080	0.063796	-162.974472	-198.273331	719.960388	
-0.208418	-0.027949	0.977640	0.977956	-0.019043	0.207941	0.012804	0.999427	0.031303	-148.846146	-196.066498	743.174438	
-0.003278	-0.000679	0.999994	0.999075	-0.042888	0.003246	0.042885	0.999080	0.000819	-134.591995	-197.725998	764.138000	
-0.003278	-0.000679	0.999994	0.999075	-0.042888	0.003246	0.042885	0.999080	0.000819	-134.591995	-197.725998	764.138000	
-0.003278	-0.000679	0.999994	0.999075	-0.042888	0.003246	0.042885	0.999080	0.000819	-134.591995	-197.725998	764.138000	
0.319299	-0.020660	0.947430	0.889629	-0.337928	-0.307188	0.326509	0.940945	-0.089520	-93.476089	-177.234131	800.467896	
0.458025	-0.005358	0.888924	0.734695	-0.560666	-0.381937	0.500436	0.828025	-0.252862	-78.230209	-154.053162	804.489014	
0.602220	0.040891	0.797283	0.712229	-0.478666	-0.513427	0.360638	0.877044	-0.317386	-72.727516	-158.208420	825.591797	
0.722295	0.025084	0.691131	0.622970	-0.457574	-0.634455	0.300329	0.888817	-0.346130	-57.277271	-150.913864	810.838684	
0.718473	-0.169351	0.674624	0.478994	-0.582807	-0.656430	0.504343	0.794768	-0.337613	-25.493000	-144.507004	870.056030	
0.718473	-0.169351	0.674624	0.478994	-0.582807	-0.656430	0.504343	0.794768	-0.337613	-25.493000	-144.507004	870.056030	
0.718473	-0.169351	0.674624	0.478994	-0.582807	-0.656430	0.504343	0.794768	-0.337613	-25.493000	-144.507004	870.056030	
0.857174	-0.343944	0.383347	0.101552	-0.616840	-0.780509	0.504916	0.707962	-0.493811	13.288391	-110.043213	884.978882	
0.871148	-0.425376	0.245267	-0.055708	-0.581902	-0.811348	0.487850	0.693141	-0.530620	21.879019	-95.301285	892.748962	
0.878584	-0.464421	0.111367	-0.180168	-0.538261	-0.823294	0.442300	0.703269	-0.556582	29.681730	-81.354225	899.009155	
0.847700	-0.527711	0.054102	-0.267849	-0.513822	-0.815011	0.457889	0.676393	-0.576914	36.549690	-67.689079	922.171021	
0.797758	-0.602759	-0.016230	-0.378060	-0.479035	-0.792208	0.469737	0.638127	-0.610034	43.257408	-54.682808	953.022644	
0.756430	-0.648511	-0.085126	-0.458501	-0.432923	-0.776114	0.466466	0.626107	-0.624819	53.908955	-47.391262	966.950134	
0.718041	-0.652743	-0.241544	-0.564950	-0.343917	-0.750034	0.406509	0.675016	-0.615714	61.727379	-33.140781	962.970520	
0.680345	-0.675307	-0.284765	-0.613117	-0.311567	-0.725956	0.401521	0.668495	-0.626015	64.285599	-19.080158	967.361450	
0.619748	-0.700759	-0.353341	-0.669649	-0.237405	-0.703710	0.409246	0.672737	-0.616395	65.820488	-4.739944	972.302368	
0.578300	-0.701214	-0.416974	-0.711994	-0.184271	-0.677575	0.398289	0.688725	-0.605824	67.619263	8.380926	982.513123	
0.530601	-0.696944	-0.482423	-0.766419	-0.151391	-0.624245	0.362030	0.700963	-0.614479	67.287613	21.300604	982.554810	
0.487471	-0.693686	-0.530257	-0.795435	-0.102367	-0.597331	0.360079	0.712966	-0.601683	65.616341	26.894939	995.627747	
0.452625	-0.683765	-0.572360	-0.812400	-0.051591	-0.580814	0.367612	0.727876	-0.578842	62.371574	38.508839	1017.498413	
0.376504	-0.622576	-0.686034	-0.862220	0.035375	-0.505297	0.338855	0.781759	-0.523479	54.679050	49.675041	1026.278687	
0.319427	-0.587244	-0.743714	-0.887405	0.089914	-0.452137	0.332385	0.804400	-0.492403	49.656902	59.631218	1021.868652	
0.269615	-0.522478	-0.808903	-0.908682	0.140016	-0.393309	0.318755	0.841078	-0.437016	37.384644	68.183777	1021.093262	
0.213821	-0.483250	-0.848970	-0.913047	0.210120	-0.349563	0.347312	0.849893	-0.396302	21.875416	76.490120	1012.264282	
0.157625	-0.444816	-0.881642	-0.915001	0.269984	-0.299803	0.371387	0.853960	-0.364451	14.317015	82.944954	1023.925537	
0.043063	-0.409056	-0.911492	-0.919299	0.341013	-0.196469	0.391197	0.846394	-0.361361	-0.588690	87.998230	1037.386353	
-0.031361	-0.410659	-0.911249	-0.991802	0.125783	-0.022550	0.123880	0.903071	-0.411237	-16.812515	113.506302	1090.879028	
0.063949	-0.270275	-0.960657	-0.886414	0.426843	-0.179097	0.458455	0.862992	-0.212280	-35.323799	93.615799	1062.819946	
0.063949	-0.270275	-0.960657	-0.886414	0.426843	-0.179097	0.458455	0.862992	-0.212280	-35.323799	93.615799	1062.819946	
0.063949	-0.270275	-0.960657	-0.886414	0.426843	-0.179097	0.458455	0.862992	-0.212280	-35.323799	93.615799	1062.819946	
0.063949	-0.270275	-0.960657	-0.886414	0.426843	-0.179097	0.458455	0.862992	-0.212280	-35.323799	93.615799	1062.819946	
-0.005427	0.179621	-0.983721	-0.804250	0.583825	0.111039	0.594267	0.791761	0.141291	-85.319336	92.592110	1056.991333	
-0.018071	0.284978	-0.958364	-0.775508	0.601006	0.193338	0.631080	0.746713	0.210140	-94.301117	89.015556	1039.910767	
-0.046308	0.348378	-0.936210	-0.764190	0.591227	0.257804	0.643327	0.727382	0.238847	-103.385132	85.774811	1034.758667	
-0.074295	0.490047	-0.868524	-0.711724	0.583992	0.390387	0.698520	0.647154	0.305390	-118.478767	80.309921	1027.335327	
0.043299	0.468841	-0.882221	-0.722900	0.624220	0.296252	0.689595	0.624930	0.365953	-124.834000	82.265297	1074.770020	
0.043299	0.468841	-0.882221	-0.722900	0.624220	0.296252	0.689595	0.624930	0.365953	-124.834000	82.265297	1074.770020	
0.043299	0.468841	-0.882221	-0.722900	0.624220	0.296252	0.689595	0.624930	0.365953	-124.834000	82.265297	1074.770020	
0.043299	0.468841	-0.882221	-0.722900	0.624220	0.296252	0.689595	0.624930	0.365953	-124.834000	82.265297	1074.770020	
0.043299	0.468841	-0.882221	-0.722900	0.624220	0.296252	0.689595	0.624930	0.365953	-124.834000	82.265297	1074.770020	
0.234540	0.668091	-0.706149	-0.600693	0.670733	0.435070	0.764303	0.322137	0.558631	-163.296524	43.807800	1054.192383	
0.312497	0.734762	-0.602055	-0.580536	0.649386	0.491198	0.751879	0.196016	0.629487	-172.132233	34.094189	1059.290405	
0.320870	0.804021	-0.500592	-0.576688	0.585122	0.570143	0.751314	0.105744	0.651418	-177.046997	27.273600	1056.239990	
0.320870	0.804021	-0.500592	-0.576688	0.585122	0.570143	0.751314	0.105744	0.651418	-177.046997	27.273600	1056.239990	
0.320870	0.804021	-0.500592	-0.576688	0.585122	0.570143	0.751314	0.105744	0.651418	-177.046997	27.273600	1056.239990	
0.320870	0.804021	-0.500592	-0.576688	0.585122	0.570143	0.751314	0.105744	0.651418	-177.046997	27.273600	1056.239990	
0.320870	0.804021	-0.500592	-0.576688	0.585122	0.570143	0.751314	0.105744	0.651418	-177.046997	27.273600	1056.239990	
0.499640	0.863387	0.070161	-0.646755	0.317939	0.693270	0.576253	-0.391762	0.717255	-175.579514	-13.119177	1004.571106	
0.511748	0.851670	0.113012	-0.639933	0.290099	0.711567	0.573236	-0.436463	0.693470	-173.167877	-20.017035	1000.638428	
0.510634	0.829529	0.226129	-0.673559	0.222480	0.704855	0.534389	-0.512234	0.672343	-165.249542	-34.656273	995.231628	
0.517025	0.807580	0.283725	-0.692878	0.200229	0.692696	0.502597	-0.554728	0.663078	-155.252853	-42.107666	984.215393	
0.539130	0.771819	0.337098	-0.699563	0.187500	0.689533	0.468989	-0.607569	0.641023	-143.241364	-48.886742	973.044434	
0.541469	0.740125	0.398782	-0.715600	0.156768	0.680691	0.441280	-0.653941	0.614519	-135.642715	-63.561295	962.651733	
