0.997735	-0.046615	0.048497	0.041143	0.993268	0.108286	-0.053218	-0.106045	0.992936	18.552773	5.909194	542.256409	
0.974914	-0.133493	0.178109	0.106093	0.982139	0.155395	-0.195672	-0.132601	0.971663	27.267921	11.201628	548.296631	
0.939602	-0.179433	0.291466	0.133426	0.976220	0.170856	-0.315192	-0.121647	0.941199	35.926640	20.085768	553.928223	
0.869851	-0.224555	0.439242	0.155718	0.969853	0.187446	-0.468093	-0.094652	0.878596	44.544720	22.897844	554.089844	
0.798268	-0.302146	0.521033	0.209912	0.950396	0.229528	-0.564539	-0.073854	0.822096	52.121353	29.457191	558.013611	
0.737685	-0.375203	0.561287	0.273837	0.926182	0.259228	-0.617118	-0.037528	0.785976	69.152992	31.009436	562.072266	
0.715527	-0.449966	0.534369	0.310735	0.890095	0.333428	-0.625671	-0.072530	0.776708	75.854294	34.997780	563.003784	
0.706094	-0.464480	0.534499	0.279731	0.876385	0.392045	-0.650525	-0.127304	0.748740	83.666275	36.613106	576.185913	
0.740749	-0.495006	0.454157	0.252992	0.831833	0.494013	-0.622323	-0.251041	0.741413	91.561691	36.951935	589.821350	
0.808919	-0.486783	0.329685	0.120741	0.686362	0.717168	-0.575388	-0.540324	0.613986	103.074509	33.567966	595.089966	
0.829923	-0.498547	0.250354	0.137431	0.617638	0.774362	-0.540685	-0.608254	0.581108	107.559120	31.511265	606.956787	
0.862210	-0.481792	0.156432	0.157625	0.548669	0.821047	-0.481404	-0.683256	0.549010	112.186356	29.120562	620.995300	
0.204279	-0.262119	0.943167	0.836579	0.547070	-0.029155	-0.508336	0.794989	0.331038	109.075996	25.648399	593.239990	
0.204279	-0.262119	0.943167	0.836579	0.547070	-0.029155	-0.508336	0.794989	0.331038	109.075996	25.648399	593.239990	
0.204279	-0.262119	0.943167	0.836579	0.547070	-0.029155	-0.508336	0.794989	0.331038	109.075996	25.648399	593.239990	
0.204279	-0.262119	0.943167	0.836579	0.547070	-0.029155	-0.508336	0.794989	0.331038	109.075996	25.648399	593.239990	
0.204279	-0.262119	0.943167	0.836579	0.547070	-0.029155	-0.508336	0.794989	0.331038	109.075996	25.648399	593.239990	
0.204279	-0.262119	0.943167	0.836579	0.547070	-0.029155	-0.508336	0.794989	0.331038	109.075996	25.648399	593.239990	
0.007057	0.073374	0.997280	0.998850	0.046798	-0.010511	-0.047442	0.996206	-0.072959	97.652840	-13.034817	642.104736	
-0.015658	0.125314	0.991994	0.997746	-0.062781	0.023679	0.065246	0.990129	-0.124049	87.379097	-25.442900	639.239990	
-0.015658	0.125314	0.991994	0.997746	-0.062781	0.023679	0.065246	0.990129	-0.124049	87.379097	-25.442900	639.239990	
-0.015658	0.125314	0.991994	0.997746	-0.062781	0.023679	0.065246	0.990129	-0.124049	87.379097	-25.442900	639.239990	
-0.015658	0.125314	0.991994	0.997746	-0.062781	0.023679	0.065246	0.990129	-0.124049	87.379097	-25.442900	639.239990	
0.058156	0.475296	0.877902	0.933980	-0.336468	0.120292	0.352560	0.812947	-0.463485	59.456497	-56.678295	676.527527	
0.059687	0.543176	0.837495	0.909541	-0.375292	0.178583	0.411307	0.751076	-0.516441	55.039032	-72.283073	701.281982	
0.276116	0.526332	0.804199	0.896828	-0.441987	-0.018648	0.345630	0.726376	-0.594068	43.641579	-91.380325	738.987427	
0.407298	0.513343	0.755373	0.878972	-0.444942	-0.171565	0.248025	0.733829	-0.632438	30.932308	-106.904793	716.164490	
0.466182	0.558715	0.685939	0.857433	-0.476316	-0.194762	0.217907	0.678941	-0.701110	21.089764	-109.712593	704.215942	
0.502658	0.572702	0.647571	0.832946	-0.521342	-0.185483	0.231379	0.632625	-0.739086	9.090324	-115.663902	714.979248	
0.490837	0.800355	0.344255	0.682281	-0.598823	0.419408	0.541823	0.029016	-0.839992	-7.912334	-133.021225	777.610046	
0.488899	0.774561	0.401289	0.553039	-0.630961	0.544092	0.674630	-0.044079	-0.736839	-21.316092	-143.254135	768.526611	
0.541539	0.736111	0.406049	0.419863	-0.655273	0.627959	0.728321	-0.169580	-0.663922	-30.519928	-148.480606	782.373718	
0.507939	0.729225	0.458508	0.357236	-0.662683	0.658204	0.783825	-0.170533	-0.597108	-37.942406	-159.630920	779.670166	
0.433273	0.673014	0.599439	0.142968	-0.708012	0.691577	0.889851	-0.213942	-0.402982	-44.184219	-169.817047	769.070923	
0.410481	0.642761	0.646811	0.072730	-0.730141	0.679414	0.908964	-0.231845	-0.346458	-51.650860	-176.466583	784.603149	
0.399979	0.607190	0.686541	0.032376	-0.757962	0.651494	0.915953	-0.238357	-0.322827	-65.685936	-189.606049	799.158508	
0.404869	0.569326	0.715507	-0.023772	-0.775690	0.630666	0.914066	-0.272347	-0.300520	-79.907555	-205.708008	824.148743	
0.399052	0.520284	0.755025	-0.069240	-0.803978	0.590614	0.914311	-0.287964	-0.284805	-93.108894	-219.674744	847.549500	
0.401946	0.466371	0.787996	-0.092258	-0.835567	0.541585	0.911004	-0.290387	-0.292827	-104.137413	-227.791290	874.458984	
0.418576	0.347076	0.839246	-0.141656	-0.887832	0.437820	0.897067	-0.302145	-0.322460	-113.262367	-235.385834	900.715637	
0.433565	0.216813	0.874651	-0.231479	-0.911256	0.340631	0.870884	-0.350150	-0.344901	-118.434555	-247.530350	930.487244	
0.399259	0.125308	0.908235	-0.259540	-0.934648	0.243045	0.879336	-0.332762	-0.340644	-122.221603	-253.116150	942.021179	
0.835438	0.076547	-0.544228	0.517259	-0.444125	0.731571	-0.185705	-0.892689	-0.410634	-116.774002	-241.046005	912.617004	
0.835438	0.076547	-0.544228	0.517259	-0.444125	0.731571	-0.185705	-0.892689	-0.410634	-116.774002	-241.046005	912.617004	
0.835438	0.076547	-0.544228	0.517259	-0.444125	0.731571	-0.185705	-0.892689	-0.410634	-116.774002	-241.046005	912.617004	
0.835438	0.076547	-0.544228	0.517259	-0.444125	0.731571	-0.185705	-0.892689	-0.410634	-116.774002	-241.046005	912.617004	
0.835438	0.076547	-0.544228	0.517259	-0.444125	0.731571	-0.185705	-0.892689	-0.410634	-116.774002	-241.046005	912.617004	
0.670105	-0.111442	-0.733853	0.664189	-0.351358	0.659849	-0.331379	-0.929586	-0.161429	-93.367256	-240.659042	916.397217	
0.522662	-0.202933	-0.828035	0.681231	-0.484557	0.548752	-0.512590	-0.850895	-0.115015	-93.022003	-252.479004	968.301025	
0.522662	-0.202933	-0.828035	0.681231	-0.484557	0.548752	-0.512590	-0.850895	-0.115015	-93.022003	-252.479004	968.301025	
0.522662	-0.202933	-0.828035	0.681231	-0.484557	0.548752	-0.512590	-0.850895	-0.115015	-93.022003	-252.479004	968.301025	
0.522662	-0.202933	-0.828035	0.681231	-0.484557	0.548752	-0.512590	-0.850895	-0.115015	-93.022003	-252.479004	968.301025	
0.215931	-0.262937	-0.940339	0.714939	-0.613340	0.335673	-0.665008	-0.744767	0.055544	-49.588074	-235.620468	994.817261	
0.151735	-0.217019	-0.964303	0.746383	-0.614425	0.255723	-0.647988	-0.758541	0.068749	-40.045429	-229.936050	1005.696228	
0.133554	-0.199610	-0.970731	0.751884	-0.617704	0.230462	-0.645626	-0.760657	0.067587	-30.238472	-218.537994	998.063904	
0.039546	-0.168504	-0.984907	0.689230	-0.709060	0.148984	-0.723463	-0.684719	0.088098	-20.289368	-212.222626	1011.214661	
-0.003175	-0.136208	-0.990675	0.704736	-0.703159	0.094419	-0.709463	-0.697864	0.098224	-10.211372	-203.470383	1026.339600	
0.038561	-0.067915	-0.996946	0.721108	-0.688771	0.074813	-0.691748	-0.721791	0.022415	9.344757	-190.272522	1021.701294	
-0.034776	-0.003196	-0.999390	0.680019	-0.732884	-0.021319	-0.732369	-0.680346	0.027661	17.892111	-176.688431	1017.249634	
-0.025888	0.069560	-0.997242	0.635919	-0.768564	-0.070118	-0.771321	-0.635981	-0.024338	27.924385	-164.624695	1023.854919	
0.049095	0.121282	-0.991403	0.660040	-0.748915	-0.058932	-0.749624	-0.651473	-0.116819	46.220329	-150.350204	1019.279297	
0.154696	0.209727	-0.965445	0.677648	-0.733630	-0.050788	-0.718931	-0.646375	-0.255611	54.993492	-133.159348	1006.171387	
0.000317	0.278981	-0.960297	0.591321	-0.774471	-0.224800	-0.806436	-0.567772	-0.165213	69.726997	-121.514000	1024.689941	
0.000317	0.278981	-0.960297	0.591321	-0.774471	-0.224800	-0.806436	-0.567772	-0.165213	69.726997	-121.514000	1024.689941	
0.000317	0.278981	-0.960297	0.591321	-0.774471	-0.224800	-0.806436	-0.567772	-0.165213	69.726997	-121.514000	1024.689941	
0.000317	0.278981	-0.960297	0.591321	-0.774471	-0.224800	-0.806436	-0.567772	-0.165213	69.726997	-121.514000	1024.689941	
0.296928	0.430833	-0.852184	0.342069	-0.881197	-0.326313	-0.891528	-0.194614	-0.409027	108.971649	-81.389023	981.785461	
0.290910	0.413510	-0.862775	0.323589	-0.891158	-0.318006	-0.900368	-0.186674	-0.393054	115.124550	-67.390343	999.168335	
0.306380	0.411093	-0.858565	0.322408	-0.893446	-0.312742	-0.895648	-0.180990	-0.406273	120.516060	-54.390972	1010.430481	
0.325467	0.404215	-0.854799	0.310104	-0.899650	-0.307351	-0.893257	-0.165044	-0.418155	125.071793	-47.278217	1010.908997	
0.351388	0.367048	-0.861279	0.276869	-0.919537	-0.278918	-0.894355	-0.140453	-0.424738	125.222008	-31.670729	996.209839	
0.345134	0.352196	-0.869966	0.248963	-0.928071	-0.276950	-0.904931	-0.121005	-0.407992	125.177414	-17.483665	988.723145	
0.323528	0.302209	-0.896660	0.189945	-0.949077	-0.251340	-0.926958	-0.089001	-0.364456	123.117332	-3.664641	987.581543	
0.326486	0.283883	-0.901564	0.175254	-0.955474	-0.237393	-0.928813	-0.080497	-0.361701	117.963005	1.883879	977.823853	
0.338849	0.204844	-0.918270	0.082466	-0.978720	-0.187898	-0.937220	-0.012057	-0.348531	114.523277	7.457417	971.058411	
0.321317	0.167519	-0.932037	0.078514	-0.985553	-0.150070	-0.943712	-0.024958	-0.329827	107.544739	18.802387	965.871094	
0.313274	0.107392	-0.943571	0.056393	-0.993935	-0.094401	-0.947987	-0.023638	-0.317430	99.387672	24.081360	964.340393	
0.346615	0.010958	-0.937944	0.025627	-0.999669	-0.002208	-0.937658	-0.023271	-0.346780	94.148056	29.247459	963.561035	
0.342931	-0.038484	-0.938572	-0.011985	-0.999258	0.036593	-0.939284	-0.001300	-0.343138	79.818939	37.176716	953.599670	
0.371966	-0.088705	-0.923998	-0.016660	-0.995901	0.088902	-0.928097	-0.017674	-0.371919	70.219276	42.206131	934.918640	
0.392214	-0.158619	-0.906095	-0.038678	-0.986993	0.156039	-0.919061	-0.026155	-0.393247	53.396408	43.841858	917.155579	
0.420935	-0.224328	-0.878914	-0.055563	-0.973494	0.221858	-0.905388	-0.044553	-0.422242	35.561871	47.537968	908.508423	
0.444031	-0.348553	-0.825437	-0.056044	-0.930235	0.362658	-0.894257	-0.114771	-0.432587	17.629641	51.307224	910.328552	
0.469529	-0.477567	-0.742612	-0.126215	-0.868755	0.478888	-0.873850	-0.131123	-0.468181	7.976085	51.357857	892.330200	
0.511225	-0.576041	-0.637828	-0.129939	-0.785411	0.605182	-0.849568	-0.226506	-0.476372	-11.047685	52.052666	888.597046	
0.440412	-0.693737	-0.569882	-0.281187	-0.709405	0.646280	-0.852627	-0.124385	-0.507500	-31.816689	50.482994	870.676880	
0.388653	-0.780656	-0.489412	-0.366713	-0.618346	0.695104	-0.845264	-0.090680	-0.526599	-52.789139	50.441860	862.697754	
0.369510	-0.848813	-0.378122	-0.410467	-0.514168	0.753092	-0.833655	-0.123069	-0.538400	-73.690971	48.229900	869.723328	
0.353410	-0.880897	-0.314835	-0.421533	-0.450408	0.787046	-0.835112	-0.145437	-0.530506	-84.025391	43.802162	873.706848	
0.315297	-0.917315	-0.243143	-0.439321	-0.368194	0.819408	-0.841181	-0.151539	-0.519087	-92.930099	38.342690	855.470581	
0.291965	-0.941798	-0.166648	-0.448148	-0.288641	0.846079	-0.844938	-0.172343	-0.506338	-108.875984	34.023022	834.478638	
0.231181	-0.961539	-0.148316	-0.452302	-0.241189	0.858633	-0.861382	-0.131415	-0.490664	-123.956367	28.878971	808.780396	
0.208450	-0.971680	-0.111292	-0.406863	-0.189630	0.893590	-0.889389	-0.140988	-0.434869	-134.581696	23.485023	786.764160	
0.126378	-0.982643	-0.135791	-0.322119	-0.170123	0.931288	-0.938227	-0.073954	-0.338029	-145.443970	19.065523	772.663574	
0.044303	-0.987520	-0.151128	-0.165476	-0.156441	0.973727	-0.985219	-0.018131	-0.170342	-153.217560	13.550926	773.887939	
-0.150555	-0.973834	-0.170232	-0.066035	-0.161904	0.984594	-0.986395	0.159476	-0.039933	-164.051346	7.438172	778.907715	
-0.298315	-0.943914	-0.141543	0.090115	-0.175487	0.980348	-0.950205	0.279697	0.137410	-167.111877	0.445766	760.849731	
-0.471124	-0.876186	-0.101682	0.193358	-0.215060	0.957267	-0.860614	0.431330	0.270737	-170.931213	-13.223900	740.231628	
-0.495220	-0.861841	-0.109483	0.265078	-0.269908	0.925680	-0.827341	0.429393	0.362118	-172.135544	-25.344791	726.152039	
-0.645210	-0.755669	-0.112554	0.201248	-0.310219	0.929119	-0.737024	0.576825	0.352233	-169.853271	-32.828468	708.149780	
-0.714937	-0.668166	-0.205964	0.054839	-0.347254	0.936166	-0.697036	0.658004	0.284906	-166.392807	-39.610973	690.652405	
-0.781711	-0.622250	-0.041635	0.349162	-0.492003	0.797508	-0.516734	0.608883	0.601870	-169.850998	-49.483700	717.440979	
-0.781711	-0.622250	-0.041635	0.349162	-0.492003	0.797508	-0.516734	0.608883	0.601870	-169.850998	-49.483700	717.440979	
-0.781711	-0.622250	-0.041635	0.349162	-0.492003	0.797508	-0.516734	0.608883	0.601870	-169.850998	-49.483700	717.440979	
-0.966272	-0.255747	-0.030173	0.180014	-0.754584	0.631030	-0.184152	0.604316	0.775171	-155.981339	-89.324341	684.212646	
-0.983379	-0.175312	-0.047225	0.128285	-0.854971	0.502561	-0.128481	0.488151	0.863250	-146.879608	-99.036400	688.378174	
-0.992038	-0.123248	-0.025868	0.097177	-0.879838	0.465234	-0.080099	0.459017	0.884809	-130.128494	-112.133362	667.483459	
-0.999479	0.032145	0.002624	-0.030137	-0.959809	0.279032	0.011488	0.278808	0.960278	-116.920586	-119.985283	666.928711	
-0.985905	0.166458	0.016818	-0.161584	-0.973431	0.162247	0.043378	0.157243	0.986606	-108.537468	-126.917053	661.342285	
-0.919516	0.227976	0.320183	-0.166817	-0.963955	0.207279	0.355896	0.137185	0.924401	-90.919197	-133.828461	645.091309	
-0.804020	0.259758	0.534862	-0.092108	-0.943082	0.319552	0.587424	0.207662	0.782182	-82.485893	-142.893921	635.877258	
-0.770815	0.282567	0.570964	0.129249	-0.808246	0.574485	0.623809	0.516619	0.586487	-67.210945	-137.557709	577.591187	
-0.610543	0.456721	0.647027	-0.328691	-0.889414	0.317657	0.720555	-0.018729	0.693145	-63.784073	-160.067062	621.171570	
-0.472574	0.531994	0.702608	-0.499969	-0.818373	0.283367	0.725744	-0.217370	0.652721	-53.528679	-163.609070	609.356140	
-0.449674	0.632573	0.630591	-0.518385	-0.759759	0.392485	0.727372	-0.150399	0.669559	-34.161446	-171.470383	603.605652	
-0.276218	0.742492	0.610254	-0.662407	-0.607133	0.438869	0.696362	-0.283014	0.659532	-21.666039	-173.447266	590.117981	
-0.262627	0.834534	0.484335	-0.810965	-0.462898	0.357856	0.522841	-0.298796	0.798346	-3.630169	-180.173828	581.002747	
-0.255612	0.892107	0.372572	-0.918596	-0.344257	0.194081	0.301401	-0.292634	0.907481	14.268986	-189.658432	586.070007	
-0.146567	0.949032	0.279031	-0.958121	-0.206350	0.198556	0.246014	-0.238244	0.939530	23.628765	-194.240250	580.488831	
-0.067353	0.970882	0.229900	-0.969387	-0.118210	0.215210	0.236120	-0.208367	0.949120	31.685272	-198.877274	579.327332	
0.034005	0.956636	0.289296	-0.978260	-0.027391	0.205563	0.204572	-0.289997	0.934907	49.046535	-203.857193	585.511597	
0.046453	0.977447	0.206013	-0.991054	0.070927	-0.113051	-0.125114	-0.198918	0.971996	59.196697	-202.575211	584.453308	
0.077108	0.968802	0.235541	-0.964469	0.132355	-0.228651	-0.252693	-0.209541	0.944583	73.277519	-203.026245	592.715454	
0.124194	0.955609	0.267187	-0.962613	0.181362	-0.201206	-0.240732	-0.232209	0.942405	81.381569	-204.827774	603.528381	
0.152707	0.772016	0.616987	-0.952708	0.280970	-0.115769	-0.262730	-0.570131	0.778411	84.801353	-204.446930	608.423889	
0.163896	0.712215	0.682560	-0.952148	0.295158	-0.079351	-0.257978	-0.636894	0.726508	87.442490	-196.144012	600.407959	
0.196344	0.569906	0.797908	-0.944931	0.327267	-0.001227	-0.261828	-0.753728	0.602778	79.766129	-183.766174	566.073914	
0.146377	0.554044	0.819517	-0.948829	0.312970	-0.042113	-0.279816	-0.771419	0.571504	75.993500	-176.127670	557.091370	
0.106512	0.509825	0.853659	-0.949557	0.306832	-0.064769	-0.294950	-0.803701	0.516788	74.360977	-172.716858	556.546875	
0.027988	0.500079	0.865527	-0.954819	0.269656	-0.124924	-0.295866	-0.822927	0.485032	70.648796	-166.640396	564.638611	
-0.101519	0.468609	0.877553	-0.968401	0.155440	-0.195032	-0.227800	-0.869624	0.438021	67.905838	-168.013092	593.022766	
0.799112	0.589509	-0.117896	0.206605	-0.453457	-0.867001	-0.564566	0.668473	-0.484158	67.033600	-156.356995	570.181030	
0.799112	0.589509	-0.117896	0.206605	-0.453457	-0.867001	-0.564566	0.668473	-0.484158	67.033600	-156.356995	570.181030	
0.799112	0.589509	-0.117896	0.206605	-0.453457	-0.867001	-0.564566	0.668473	-0.484158	67.033600	-156.356995	570.181030	
0.799112	0.589509	-0.117896	0.206605	-0.453457	-0.867001	-0.564566	0.668473	-0.484158	67.033600	-156.356995	570.181030	
0.947359	0.267095	-0.176549	0.099274	-0.769293	-0.631136	-0.304392	0.580386	-0.755313	28.536318	-123.871033	573.035034	
0.979769	0.191712	-0.057436	0.122138	-0.800138	-0.587250	-0.158540	0.568354	-0.807366	20.299759	-115.321175	565.225708	
0.997857	0.065324	-0.003660	0.050508	-0.804677	-0.591560	-0.041589	0.590108	-0.806253	2.688514	-107.003326	563.694885	
0.999975	-0.004368	0.005575	-0.000076	-0.793735	-0.608264	0.007081	0.608248	-0.793715	-15.385336	-95.911270	572.220520	
0.997443	-0.057727	0.042130	-0.033322	-0.897183	-0.440401	0.063221	0.437871	-0.896812	-32.477882	-89.255684	608.870422	
0.987589	-0.156517	0.013040	-0.138507	-0.907070	-0.397543	0.074050	0.390802	-0.917491	-43.098045	-76.569374	624.271484	
0.956079	-0.290762	0.037002	-0.251910	-0.879663	-0.403404	0.149843	0.376365	-0.914274	-55.533871	-70.549568	635.357910	
0.877636	-0.365969	0.309551	-0.245985	-0.898154	-0.364434	0.411395	0.243695	-0.878275	-78.358017	-59.113644	672.604187	
0.628576	-0.465136	0.623331	-0.265301	-0.881618	-0.390339	0.731100	0.079987	-0.677565	-98.004158	-50.225868	670.984985	
0.509346	-0.547029	0.664324	-0.331805	-0.837113	-0.434912	0.794022	0.001094	-0.607887	-116.872787	-42.964916	678.008911	
0.375097	-0.586578	0.717794	-0.366186	-0.805116	-0.466580	0.851592	-0.087834	-0.516793	-133.667389	-36.431637	683.540588	
0.232239	-0.602919	0.763252	-0.374054	-0.779721	-0.502114	0.897857	-0.168887	-0.406606	-140.159378	-22.862476	676.056824	
0.174943	-0.644600	0.744234	-0.348912	-0.747424	-0.565347	0.920681	-0.160770	-0.355665	-149.630539	-8.772642	684.720947	
0.067473	-0.641191	0.764409	-0.420735	-0.712987	-0.560920	0.904670	-0.283767	-0.317879	-156.937729	-4.818468	686.775635	
0.138381	-0.687815	0.712573	-0.370888	-0.703128	-0.606673	0.918309	-0.180333	-0.352402	-166.026276	0.872483	687.111877	
0.166115	-0.682837	0.711434	-0.383599	-0.709379	-0.591297	0.908436	-0.174683	-0.379774	-176.620316	5.289317	699.733337	
0.281570	-0.694961	0.661624	-0.305407	-0.718572	-0.624805	0.909640	-0.026139	-0.414574	-185.409653	15.267630	728.320435	
0.321513	-0.663958	0.675121	-0.308836	-0.747517	-0.588081	0.895125	-0.019427	-0.445390	-192.832031	19.036209	746.750916	
0.602178	-0.620304	0.502597	-0.052011	-0.658679	-0.750624	0.796665	0.425868	-0.428904	-197.331421	23.231546	759.656982	
0.626249	-0.577468	0.523777	0.042525	-0.645532	-0.762548	0.778462	0.499818	-0.379706	-196.017685	28.784075	753.626038	
0.606494	-0.530644	0.592099	0.268694	-0.564093	-0.780771	0.748310	0.632626	-0.199538	-187.252502	29.150291	731.402283	
0.565055	-0.489338	0.664275	0.360218	-0.578021	-0.732212	0.742264	0.653024	-0.150344	-187.639725	30.367657	739.221497	
0.552587	-0.454227	0.698802	0.382861	-0.606402	-0.696918	0.740314	0.652652	-0.161183	-186.087021	31.281261	762.861816	
0.526510	-0.434989	0.730460	0.397090	-0.633893	-0.663701	0.751736	0.639503	-0.161021	-179.809509	32.546104	762.080566	
0.494595	-0.405402	0.768781	0.376257	-0.697487	-0.609871	0.783458	0.590898	-0.192438	-174.796539	33.577671	781.899231	
0.472982	-0.345805	0.810374	0.426150	-0.715232	-0.553931	0.771157	0.607340	-0.190926	-171.345795	35.483799	807.550903	
-0.278917	-0.279606	-0.918709	-0.313508	-0.877746	0.362319	-0.907699	0.389079	0.157160	-166.296005	41.045399	845.341980	
-0.278917	-0.279606	-0.918709	-0.313508	-0.877746	0.362319	-0.907699	0.389079	0.157160	-166.296005	41.045399	845.341980	
-0.278917	-0.279606	-0.918709	-0.313508	-0.877746	0.362319	-0.907699	0.389079	0.157160	-166.296005	41.045399	845.341980	
-0.206775	-0.109104	-0.972286	-0.296657	-0.939988	0.168570	-0.932329	0.323292	0.161999	-137.022766	30.948427	891.641968	
-0.068788	-0.087126	-0.993819	-0.276500	-0.955488	0.102904	-0.958548	0.281870	0.041636	-122.783264	22.749954	930.202576	
0.023520	-0.062701	-0.997755	-0.188601	-0.980388	0.057164	-0.981772	0.186833	-0.034885	-102.652679	15.589150	936.325684	
-0.029025	-0.049583	-0.998348	-0.238743	-0.969518	0.055092	-0.970648	0.239947	0.016302	-84.973656	12.099136	950.963989	
-0.027421	-0.022830	-0.999363	-0.346222	-0.937642	0.030920	-0.937751	0.346849	0.017807	-66.500282	1.707832	970.152771	
-0.020322	-0.006030	-0.999775	-0.231738	-0.972720	0.010577	-0.972566	0.231901	0.018370	-46.489288	-4.010040	988.070190	
0.028485	0.006042	-0.999576	-0.097050	-0.995240	-0.008782	-0.994871	0.097259	-0.027763	-31.961647	-9.837955	965.551453	
-0.003049	-0.003532	-0.999989	-0.191539	-0.981476	0.004051	-0.981480	0.191549	0.002316	-20.851784	-20.213560	979.606567	
0.008341	-0.023191	-0.999696	-0.340075	-0.940206	0.018974	-0.940361	0.339814	-0.015729	-2.078636	-27.711023	1010.461792	
0.214264	-0.101103	-0.971529	-0.347537	-0.937433	0.020908	-0.912858	0.333162	-0.235995	18.241800	-28.917000	982.312988	
0.214264	-0.101103	-0.971529	-0.347537	-0.937433	0.020908	-0.912858	0.333162	-0.235995	18.241800	-28.917000	982.312988	
0.214264	-0.101103	-0.971529	-0.347537	-0.937433	0.020908	-0.912858	0.333162	-0.235995	18.241800	-28.917000	982.312988	
0.214264	-0.101103	-0.971529	-0.347537	-0.937433	0.020908	-0.912858	0.333162	-0.235995	18.241800	-28.917000	982.312988	
0.366127	-0.339747	-0.866328	-0.137667	-0.940500	0.310654	-0.920325	0.005526	-0.391114	64.537926	-71.540085	1002.676270	
0.344949	-0.442643	-0.827695	-0.145724	-0.896382	0.418644	-0.927240	-0.023796	-0.373710	80.122711	-92.201256	1039.421631	
0.315898	-0.549260	-0.773643	-0.123510	-0.832263	0.540447	-0.940720	-0.075173	-0.330749	91.531464	-102.719315	1051.825317	
0.313464	-0.619588	-0.719619	-0.126699	-0.778325	0.614945	-0.941110	-0.101588	-0.322478	93.359573	-112.738663	1027.540771	
0.276409	-0.687952	-0.671060	-0.176243	-0.722707	0.668306	-0.944741	-0.066456	-0.321010	96.247856	-120.287666	1032.311157	
0.271723	-0.750090	-0.602937	-0.170296	-0.654097	0.736991	-0.947188	-0.097579	-0.305471	97.310631	-123.253273	1012.208496	
0.308504	-0.786661	-0.534781	-0.139143	-0.593476	0.792733	-0.940991	-0.170150	-0.292548	97.088470	-135.930450	1007.706116	
0.246813	-0.833402	-0.494495	-0.195256	-0.542583	0.816994	-0.949188	-0.105091	-0.296643	96.670639	-145.005981	996.412659	
0.216463	-0.877273	-0.428412	-0.224959	-0.471825	0.852511	-0.950019	-0.088162	-0.299483	98.373550	-152.344055	1008.409302	
0.170151	-0.892017	-0.418755	-0.249131	-0.450085	0.857530	-0.953406	-0.041585	-0.298811	95.150177	-161.868576	997.675964	
0.133321	-0.912072	-0.387753	-0.252368	-0.409590	0.876668	-0.958403	-0.019022	-0.284785	87.531250	-170.608521	987.168274	
0.118036	-0.953663	-0.276760	-0.260511	-0.298684	0.918108	-0.958228	-0.036270	-0.283695	82.767380	-176.023438	988.706421	
0.112973	-0.951907	-0.284801	-0.300678	-0.305948	0.903321	-0.947011	-0.016418	-0.320781	71.737656	-184.661545	1007.323181	
0.142603	-0.950417	-0.276357	-0.446150	-0.310958	0.839199	-0.883524	0.003624	-0.468372	61.722218	-193.731720	1034.525146	
-0.640079	-0.717663	-0.274332	0.023821	-0.375425	0.926546	-0.767939	0.586528	0.257398	56.961700	-197.341003	1026.530029	
-0.640079	-0.717663	-0.274332	0.023821	-0.375425	0.926546	-0.767939	0.586528	0.257398	56.961700	-197.341003	1026.530029	
-0.640079	-0.717663	-0.274332	0.023821	-0.375425	0.926546	-0.767939	0.586528	0.257398	56.961700	-197.341003	1026.530029	
-0.640079	-0.717663	-0.274332	0.023821	-0.375425	0.926546	-0.767939	0.586528	0.257398	56.961700	-197.341003	1026.530029	
-0.927046	-0.374830	-0.009405	0.233502	-0.596769	0.767687	-0.293365	0.709486	0.640755	11.086296	-218.707977	1041.926392	
-0.959158	-0.255996	0.120341	0.258198	-0.618555	0.742108	-0.115539	0.742870	0.659389	2.237630	-215.102005	1006.260010	
-0.959158	-0.255996	0.120341	0.258198	-0.618555	0.742108	-0.115539	0.742870	0.659389	2.237630	-215.102005	1006.260010	
-0.959158	-0.255996	0.120341	0.258198	-0.618555	0.742108	-0.115539	0.742870	0.659389	2.237630	-215.102005	1006.260010	
-0.977305	-0.075103	0.198073	0.187648	-0.740803	0.644979	0.098293	0.667510	0.738084	-46.486275	-206.343491	955.013489	
-0.905608	0.052340	0.420873	0.160765	-0.875935	0.454855	0.392465	0.479582	0.784839	-57.248001	-213.037003	987.377014	
-0.905608	0.052340	0.420873	0.160765	-0.875935	0.454855	0.392465	0.479582	0.784839	-57.248001	-213.037003	987.377014	
-0.905608	0.052340	0.420873	0.160765	-0.875935	0.454855	0.392465	0.479582	0.784839	-57.248001	-213.037003	987.377014	
-0.905608	0.052340	0.420873	0.160765	-0.875935	0.454855	0.392465	0.479582	0.784839	-57.248001	-213.037003	987.377014	
-0.595074	0.376610	0.709967	-0.405042	-0.903547	0.139801	0.694139	-0.204374	0.690219	-100.377502	-195.863068	936.882141	
-0.551270	0.424651	0.718174	-0.395379	-0.890956	0.223322	0.734695	-0.160840	0.659055	-107.648323	-191.517349	928.333252	
-0.508652	0.448963	0.734647	-0.437653	-0.869641	0.228440	0.741440	-0.205324	0.638834	-120.051109	-185.024261	924.397705	
-0.514816	0.484619	0.707184	-0.432236	-0.859104	0.274066	0.740362	-0.164576	0.651750	-127.403709	-177.086014	928.122925	
-0.301946	0.466372	0.831460	-0.917689	-0.378426	-0.120999	0.258215	-0.799557	0.542249	-135.354996	-163.128006	919.111023	
-0.301946	0.466372	0.831460	-0.917689	-0.378426	-0.120999	0.258215	-0.799557	0.542249	-135.354996	-163.128006	919.111023	
-0.301946	0.466372	0.831460	-0.917689	-0.378426	-0.120999	0.258215	-0.799557	0.542249	-135.354996	-163.128006	919.111023	
-0.301946	0.466372	0.831460	-0.917689	-0.378426	-0.120999	0.258215	-0.799557	0.542249	-135.354996	-163.128006	919.111023	
-0.053084	0.180579	0.982127	-0.930789	0.347274	-0.114160	-0.361682	-0.920213	0.149647	-144.513702	-107.621979	861.182556	
-0.027829	0.132024	0.990856	-0.875112	0.475857	-0.087982	-0.483121	-0.869557	0.102294	-146.573029	-103.112099	879.856628	
-0.097300	0.077536	0.992230	-0.819710	0.559179	-0.124078	-0.564454	-0.825413	0.009150	-140.932816	-94.466736	857.077209	
-0.110505	-0.024323	0.993578	-0.745226	0.663473	-0.066642	-0.657591	-0.747804	-0.091443	-131.716583	-78.108940	822.104675	
-0.152163	-0.060399	0.986508	-0.645790	0.761675	-0.052976	-0.748199	-0.645138	-0.154903	-126.716278	-69.354767	806.365601	
-0.161034	-0.164008	0.973226	-0.576431	0.816058	0.042143	-0.801121	-0.554211	-0.225952	-118.088745	-62.076313	804.083984	
-0.180181	-0.181229	0.966794	-0.597051	0.801258	0.038927	-0.781706	-0.570211	-0.252574	-110.547935	-54.319511	793.240540	
-0.167045	-0.212913	0.962686	-0.642061	0.764481	0.057666	-0.748233	-0.608470	-0.264405	-102.035873	-41.701958	783.937500	
-0.142112	-0.228656	0.963079	-0.698338	0.712704	0.066164	-0.701518	-0.663152	-0.260962	-94.956940	-25.665058	774.540527	
-0.111464	-0.278709	0.953885	-0.701069	0.702354	0.123294	-0.704328	-0.654996	-0.273681	-77.460022	-12.664995	747.909851	
-0.058695	-0.341611	0.938007	-0.699547	0.684407	0.205479	-0.712172	-0.644119	-0.279143	-68.842079	-6.989903	753.966858	
-0.006956	-0.395303	0.918525	-0.744329	0.615445	0.259231	-0.667776	-0.681881	-0.298516	-59.952274	0.685169	754.360718	
0.106267	-0.287071	0.951997	-0.863229	0.448543	0.231614	-0.493500	-0.846404	-0.200142	-50.627178	6.062080	715.174988	
0.237116	-0.297376	0.924848	-0.854622	0.388832	0.344137	-0.461948	-0.871996	-0.161945	-34.312817	15.218000	705.463501	
0.400287	-0.271851	0.875139	-0.848300	0.251311	0.466078	-0.346635	-0.928946	-0.130014	-26.411030	22.634687	690.021362	
-0.612472	-0.599788	0.514910	0.561085	0.128988	0.817647	-0.556832	0.789694	0.257530	-13.744500	35.604900	710.424011	
-0.612472	-0.599788	0.514910	0.561085	0.128988	0.817647	-0.556832	0.789694	0.257530	-13.744500	35.604900	710.424011	
-0.612472	-0.599788	0.514910	0.561085	0.128988	0.817647	-0.556832	0.789694	0.257530	-13.744500	35.604900	710.424011	
-0.612472	-0.599788	0.514910	0.561085	0.128988	0.817647	-0.556832	0.789694	0.257530	-13.744500	35.604900	710.424011	
-0.879862	-0.302459	0.366553	0.470601	-0.447146	0.760655	-0.066164	0.841771	0.535763	32.709106	50.758389	633.516846	
-0.924479	-0.233658	0.301233	0.380558	-0.518650	0.765622	-0.022659	0.822439	0.568401	46.836845	51.624241	616.456299	
-0.966564	-0.130362	0.220815	0.253959	-0.605781	0.754012	0.035472	0.784879	0.618632	54.275311	53.277447	610.471680	
-0.981384	-0.063526	0.181245	0.181875	-0.610579	0.770788	0.061700	0.789403	0.610766	66.183487	53.215897	599.375488	
-0.989608	-0.100832	-0.102510	0.026569	-0.828868	0.558813	-0.141313	0.550283	0.822933	84.008400	59.834202	636.896973	
-0.989608	-0.100832	-0.102510	0.026569	-0.828868	0.558813	-0.141313	0.550283	0.822933	84.008400	59.834202	636.896973	
-0.989608	-0.100832	-0.102510	0.026569	-0.828868	0.558813	-0.141313	0.550283	0.822933	84.008400	59.834202	636.896973	
-0.989608	-0.100832	-0.102510	0.026569	-0.828868	0.558813	-0.141313	0.550283	0.822933	84.008400	59.834202	636.896973	
-0.989608	-0.100832	-0.102510	0.026569	-0.828868	0.558813	-0.141313	0.550283	0.822933	84.008400	59.834202	636.896973	
-0.989608	-0.100832	-0.102510	0.026569	-0.828868	0.558813	-0.141313	0.550283	0.822933	84.008400	59.834202	636.896973	
-0.989608	-0.100832	-0.102510	0.026569	-0.828868	0.558813	-0.141313	0.550283	0.822933	84.008400	59.834202	636.896973	
-0.785000	0.343205	-0.515738	-0.475754	-0.867199	0.147051	-0.396779	0.360799	0.844032	97.404045	28.144148	594.412537	
-0.748303	0.398114	-0.530611	-0.540072	-0.830089	0.138834	-0.385182	0.390458	0.836167	96.516472	18.155853	600.741089	
-0.688033	0.408642	-0.599686	-0.627619	-0.749925	0.209062	-0.364288	0.520215	0.772444	90.264076	10.859272	604.369812	
-0.652605	0.366807	-0.662993	-0.708232	-0.606284	0.361701	-0.269287	0.705600	0.655448	80.322906	1.960090	583.904480	
-0.653158	0.306235	-0.692535	-0.733776	-0.481793	0.479008	-0.186969	0.821033	0.539394	66.600258	-5.714240	537.557678	
-0.676844	0.266705	-0.686113	-0.673779	-0.599859	0.431499	-0.296488	0.754346	0.585711	56.257359	-12.820312	571.947510	
-0.551144	0.228403	-0.802541	-0.668747	-0.696119	0.261144	-0.499018	0.680624	0.536405	41.364353	-24.060930	585.313660	
-0.455016	0.148650	-0.877988	-0.720120	-0.641415	0.264603	-0.523822	0.752655	0.398900	28.377060	-27.186451	533.273987	
-0.284754	0.069601	-0.956070	-0.737137	-0.653494	0.171973	-0.612818	0.753724	0.237390	8.363587	-34.446705	527.726624	
-0.134310	-0.019272	-0.990751	-0.623307	-0.775611	0.099585	-0.770357	0.630917	0.092160	-0.775297	-43.845947	559.759766	
0.088962	-0.058679	-0.994304	-0.625725	-0.779980	-0.009954	-0.774954	0.623047	-0.106106	-20.337025	-57.245533	564.509521	
0.185644	-0.154073	-0.970462	-0.717317	-0.696235	-0.026682	-0.671560	0.701083	-0.239771	-37.468105	-63.655022	550.057129	
0.073499	-0.272293	-0.959403	-0.621062	-0.765193	0.169594	-0.780308	0.583384	-0.225352	-61.751598	-82.858101	575.432007	
0.073499	-0.272293	-0.959403	-0.621062	-0.765193	0.169594	-0.780308	0.583384	-0.225352	-61.751598	-82.858101	575.432007	
0.073499	-0.272293	-0.959403	-0.621062	-0.765193	0.169594	-0.780308	0.583384	-0.225352	-61.751598	-82.858101	575.432007	
-0.088764	-0.627085	-0.773877	-0.674579	-0.533790	0.509913	-0.732847	0.567303	-0.375637	-102.361450	-111.783020	575.848022	
-0.110557	-0.691655	-0.713716	-0.618205	-0.514431	0.594293	-0.778203	0.506926	-0.370711	-122.632263	-120.999176	590.644165	
-0.175093	-0.774453	-0.607919	-0.590225	-0.411637	0.694399	-0.788021	0.480394	-0.385027	-130.396149	-131.717270	589.327637	
-0.254346	-0.788871	-0.559456	-0.594949	-0.328434	0.733598	-0.762459	0.519437	-0.385802	-147.038239	-144.534470	594.376648	
-0.272196	-0.837728	-0.473414	-0.569601	-0.256254	0.780954	-0.775541	0.482230	-0.407420	-159.217743	-161.653900	616.609436	
-0.364851	-0.851867	-0.375774	-0.502580	-0.159556	0.849679	-0.783771	0.498863	-0.369917	-170.723007	-171.658997	614.528015	
-0.364851	-0.851867	-0.375774	-0.502580	-0.159556	0.849679	-0.783771	0.498863	-0.369917	-170.723007	-171.658997	614.528015	
-0.364851	-0.851867	-0.375774	-0.502580	-0.159556	0.849679	-0.783771	0.498863	-0.369917	-170.723007	-171.658997	614.528015	
-0.364851	-0.851867	-0.375774	-0.502580	-0.159556	0.849679	-0.783771	0.498863	-0.369917	-170.723007	-171.658997	614.528015	
-0.364851	-0.851867	-0.375774	-0.502580	-0.159556	0.849679	-0.783771	0.498863	-0.369917	-170.723007	-171.658997	614.528015	
-0.631253	-0.697374	0.339395	0.183261	0.291093	0.938978	-0.753614	0.654932	-0.055951	-198.363281	-192.819611	632.876343	
-0.585420	-0.635771	0.503070	0.320295	0.388666	0.863915	-0.744778	0.666884	-0.023898	-200.660828	-204.519531	646.511902	
-0.575851	-0.538680	0.614996	0.437425	0.432505	0.788415	-0.690692	0.723025	-0.013426	-200.717636	-208.942352	661.224976	
-0.541853	-0.456096	0.705954	0.611080	0.362891	0.703485	-0.577040	0.812581	0.082078	-196.898514	-208.989136	661.694519	
-0.520832	-0.389720	0.759508	0.743475	0.230130	0.627921	-0.419498	0.891717	0.169888	-198.874176	-214.401672	681.134827	
-0.487740	-0.295844	0.821332	0.817017	0.176769	0.548849	-0.307559	0.938739	0.155493	-191.054565	-213.013565	686.943542	
-0.440503	-0.195089	0.876298	0.864353	0.171603	0.472701	-0.242593	0.965658	0.093034	-186.058899	-210.297302	704.351074	
-0.398012	-0.150177	0.905005	0.892917	0.162884	0.419724	-0.210443	0.975150	0.069266	-184.130569	-211.798538	729.825928	
-0.538579	-0.094964	0.837207	0.826539	0.133385	0.546846	-0.163601	0.986505	0.006653	-172.943939	-214.897491	747.335693	
-0.678570	-0.026472	0.734059	0.724271	0.142375	0.674656	-0.122370	0.989460	-0.077438	-160.421188	-211.174973	781.421448	
-0.773985	-0.016135	0.632999	0.632945	0.008848	0.774145	-0.018091	0.999831	0.003364	-137.099442	-198.224136	764.406738	
-0.792244	-0.056671	0.607567	0.604044	-0.213951	0.767695	0.086484	0.975200	0.203733	-120.767830	-197.603226	771.068726	
-0.750963	0.023470	0.659927	0.632265	-0.262769	0.728831	0.190514	0.964574	0.182491	-109.640335	-191.551041	808.221497	
-0.662650	0.022821	0.748581	0.699025	-0.339911	0.629146	0.268809	0.940182	0.209290	-99.615845	-183.603165	840.439087	
0.463622	-0.035548	0.885320	0.787341	-0.441759	-0.430050	0.406385	0.896429	-0.176820	-77.000801	-167.643005	831.103027	
0.463622	-0.035548	0.885320	0.787341	-0.441759	-0.430050	0.406385	0.896429	-0.176820	-77.000801	-167.643005	831.103027	
0.463622	-0.035548	0.885320	0.787341	-0.441759	-0.430050	0.406385	0.896429	-0.176820	-77.000801	-167.643005	831.103027	
0.709679	-0.175992	0.682190	0.480516	-0.587215	-0.651370	0.515228	0.790067	-0.332167	-26.242254	-144.943359	863.905151	
0.785486	-0.249371	0.566415	0.331265	-0.603663	-0.725159	0.522757	0.757235	-0.391560	-6.118460	-131.516998	882.953979	
0.785486	-0.249371	0.566415	0.331265	-0.603663	-0.725159	0.522757	0.757235	-0.391560	-6.118460	-131.516998	882.953979	
0.785486	-0.249371	0.566415	0.331265	-0.603663	-0.725159	0.522757	0.757235	-0.391560	-6.118460	-131.516998	882.953979	
0.865512	-0.390331	0.313893	0.057921	-0.544477	-0.836774	0.497527	0.742419	-0.448643	20.147614	-93.380516	865.617310	
0.899074	-0.391293	0.196357	-0.010979	-0.468523	-0.883384	0.437660	0.792071	-0.425532	26.515892	-82.448265	875.833252	
0.892413	-0.434151	0.122928	-0.083669	-0.426930	-0.900406	0.443394	0.793248	-0.417323	32.356117	-68.299057	882.225220	
0.804794	-0.593310	-0.017048	-0.365157	-0.472264	-0.802264	0.467940	0.651882	-0.596726	42.737499	-53.414299	948.653015	
0.804794	-0.593310	-0.017048	-0.365157	-0.472264	-0.802264	0.467940	0.651882	-0.596726	42.737499	-53.414299	948.653015	
0.804794	-0.593310	-0.017048	-0.365157	-0.472264	-0.802264	0.467940	0.651882	-0.596726	42.737499	-53.414299	948.653015	
0.804794	-0.593310	-0.017048	-0.365157	-0.472264	-0.802264	0.467940	0.651882	-0.596726	42.737499	-53.414299	948.653015	
0.575371	-0.741229	-0.345726	-0.716920	-0.253612	-0.649390	0.393666	0.621498	-0.677324	66.053719	-4.468407	987.063477	
0.581835	-0.741622	-0.333861	-0.665276	-0.197855	-0.719904	0.467840	0.640975	-0.608503	68.899673	8.381039	1017.263672	
0.545576	-0.740865	-0.391746	-0.698543	-0.143756	-0.700979	0.463015	0.656090	-0.595956	67.925369	20.775368	1020.697632	
0.547106	-0.675688	-0.494085	-0.718489	-0.076226	-0.691349	0.429475	0.733236	-0.527178	63.162014	25.720322	994.462830	
0.495061	-0.642721	-0.584656	-0.783694	-0.039778	-0.619871	0.375148	0.765067	-0.523390	58.978989	36.959030	989.835510	
0.468224	-0.595704	-0.652612	-0.802725	0.021933	-0.595946	0.369321	0.802904	-0.467917	53.062199	49.168346	1048.089233	
0.425929	-0.585486	-0.689775	-0.818872	0.074742	-0.569088	0.384748	0.807229	-0.447604	46.264587	60.299080	1055.668579	
0.363757	-0.515116	-0.776103	-0.869391	0.111378	-0.481407	0.334421	0.849853	-0.407323	33.715874	69.805054	1049.528198	
0.285043	-0.486114	-0.826101	-0.889149	0.187797	-0.417307	0.357999	0.853478	-0.378698	19.931665	80.719635	1068.820923	
0.189801	-0.433204	-0.881084	-0.925394	0.220914	-0.307964	0.328055	0.873803	-0.358955	9.879902	84.889755	1031.122314	
0.144800	-0.436723	-0.887866	-0.896941	0.320930	-0.304139	0.417767	0.840403	-0.345244	0.661272	88.780098	1056.640015	
0.144800	-0.436723	-0.887866	-0.896941	0.320930	-0.304139	0.417767	0.840403	-0.345244	0.661272	88.780098	1056.640015	
0.144800	-0.436723	-0.887866	-0.896941	0.320930	-0.304139	0.417767	0.840403	-0.345244	0.661272	88.780098	1056.640015	
0.144800	-0.436723	-0.887866	-0.896941	0.320930	-0.304139	0.417767	0.840403	-0.345244	0.661272	88.780098	1056.640015	
0.004242	-0.091655	-0.995782	-0.861366	0.505498	-0.050197	0.507967	0.857945	-0.076804	-54.064510	94.203583	1044.977417	
-0.003953	0.042827	-0.999075	-0.828448	0.559403	0.027258	0.560053	0.827789	0.033269	-66.084900	96.370102	1072.709961	
-0.003953	0.042827	-0.999075	-0.828448	0.559403	0.027258	0.560053	0.827789	0.033269	-66.084900	96.370102	1072.709961	
-0.003953	0.042827	-0.999075	-0.828448	0.559403	0.027258	0.560053	0.827789	0.033269	-66.084900	96.370102	1072.709961	
-0.003953	0.042827	-0.999075	-0.828448	0.559403	0.027258	0.560053	0.827789	0.033269	-66.084900	96.370102	1072.709961	
0.203244	0.418828	-0.885029	-0.789976	0.604167	0.104498	0.578472	0.677912	0.453657	-116.696533	89.358772	1086.449951	
0.137705	0.439985	-0.887384	-0.778420	0.602062	0.177720	0.612454	0.666284	0.425400	-123.234337	87.235207	1092.117188	
-0.028538	0.435734	-0.899623	-0.758668	0.576557	0.303324	0.650852	0.691171	0.314124	-126.661598	77.908310	1049.164673	
0.110081	0.567029	-0.816309	-0.660270	0.655608	0.366363	0.742917	0.498655	0.446562	-141.302002	68.278198	1070.569946	
0.110081	0.567029	-0.816309	-0.660270	0.655608	0.366363	0.742917	0.498655	0.446562	-141.302002	68.278198	1070.569946	
0.110081	0.567029	-0.816309	-0.660270	0.655608	0.366363	0.742917	0.498655	0.446562	-141.302002	68.278198	1070.569946	
0.110081	0.567029	-0.816309	-0.660270	0.655608	0.366363	0.742917	0.498655	0.446562	-141.302002	68.278198	1070.569946	
0.234385	0.766565	-0.597864	-0.405623	0.636019	0.656468	0.883478	0.088641	0.460009	-165.689072	32.273167	1017.961121	
0.216310	0.805878	-0.551154	-0.401160	0.588027	0.702350	0.890101	0.069176	0.450482	-171.664886	26.531683	1035.521484	
0.224758	0.830932	-0.508955	-0.457169	0.551186	0.697991	0.860511	0.075800	0.503759	-176.275650	20.381031	1031.217651	
0.168237	0.862296	-0.477641	-0.486920	0.494002	0.720327	0.857091	0.111388	0.502978	-175.385498	13.972388	998.649048	
0.191447	0.888835	-0.416317	-0.539528	0.449633	0.711857	0.819913	0.088332	0.565632	-173.795044	7.627806	996.645996	
0.199842	0.905812	-0.373585	-0.593643	0.415263	0.689308	0.779520	0.084023	0.620716	-174.093201	2.300972	1002.473511	
0.219782	0.924846	-0.310412	-0.683228	0.373050	0.627721	0.696344	0.074120	0.713870	-171.195343	-10.933535	1003.648560	
0.267257	0.942196	-0.202086	-0.786493	0.334452	0.519202	0.556778	0.020179	0.830416	-173.453949	-19.548056	1021.979126	
0.519349	0.817629	0.248515	-0.673662	0.212787	0.707743	0.525791	-0.534981	0.661317	-164.785004	-35.505001	995.190002	
0.519349	0.817629	0.248515	-0.673662	0.212787	0.707743	0.525791	-0.534981	0.661317	-164.785004	-35.505001	995.190002	
0.519349	0.817629	0.248515	-0.673662	0.212787	0.707743	0.525791	-0.534981	0.661317	-164.785004	-35.505001	995.190002	
0.572135	0.718960	0.394662	-0.676606	0.141790	0.722565	0.463536	-0.680435	0.567577	-133.087875	-63.140686	947.648132	
