0.998368	-0.041175	0.039564	0.042650	0.998397	-0.037201	-0.037969	0.038827	0.998525	19.176208	4.202740	547.673523	
0.982901	-0.121433	0.138421	0.127946	0.991009	-0.039135	-0.132424	0.056176	0.989600	28.186150	7.911945	547.588623	
0.969762	-0.161222	0.183220	0.171221	0.984419	-0.040028	-0.173912	0.070189	0.982257	36.838612	15.942606	548.358704	
0.916066	-0.193249	0.351395	0.220825	0.974503	-0.039750	-0.334754	0.114011	0.935383	44.789421	18.728207	547.571106	
0.832166	-0.256810	0.491476	0.313575	0.948914	-0.035108	-0.457353	0.183330	0.870183	52.525555	24.674482	548.935059	
0.801490	-0.324393	0.502378	0.400521	0.915022	-0.048144	-0.444069	0.239800	0.863307	70.255913	26.428799	551.899658	
0.696527	-0.353959	0.624150	0.478421	0.877379	-0.036332	-0.534756	0.323913	0.780459	76.709496	29.850317	554.019348	
0.595745	-0.341396	0.727005	0.526813	0.849346	-0.032851	-0.606264	0.402567	0.685846	83.481934	30.820835	559.095154	
0.538606	-0.344214	0.769038	0.571077	0.820240	-0.032829	-0.619496	0.456861	0.638359	89.081718	31.640051	561.253113	
0.442576	-0.313280	0.840228	0.618503	0.785086	-0.033066	-0.649292	0.534317	0.541225	99.203476	31.334475	568.095093	
0.371517	-0.320491	0.871356	0.694094	0.719199	-0.031411	-0.616611	0.616472	0.489645	103.068520	29.898527	576.474792	
0.267710	-0.277268	0.922742	0.769032	0.638445	-0.031274	-0.580449	0.717991	0.384146	106.112068	27.240343	579.862244	
0.207555	-0.256389	0.944026	0.834521	0.549918	-0.034126	-0.510388	0.794893	0.328101	108.490479	25.475121	590.064026	
0.128216	-0.172905	0.976557	0.866491	0.498541	-0.025495	-0.482445	0.849447	0.213741	109.484940	20.610432	599.713074	
0.083028	-0.132457	0.987705	0.915372	0.401949	-0.023044	-0.393955	0.906031	0.154621	110.143524	14.690604	603.900269	
0.050793	-0.082830	0.995268	0.941882	0.335338	-0.020161	-0.332081	0.938450	0.095049	108.500450	7.957983	607.788635	
0.023174	-0.028659	0.999320	0.960363	0.278385	-0.014287	-0.277786	0.960042	0.033975	104.396301	4.328244	615.161316	
-0.000339	0.025454	0.999676	0.985399	0.170214	-0.004000	-0.170260	0.985078	-0.025140	101.881386	-3.992331	625.438171	
-0.014647	0.087425	0.996064	0.997629	0.068279	0.008677	-0.067252	0.993828	-0.088217	97.731239	-13.179572	627.766663	
-0.024053	0.108983	0.993753	0.998941	-0.036375	0.028168	0.039217	0.993378	-0.107993	85.885246	-23.959297	635.397217	
-0.081560	0.078364	0.993583	0.986156	0.150752	0.069061	-0.144372	0.985461	-0.089574	68.819786	-15.161969	614.656555	
-0.098522	0.052684	0.993740	0.979909	0.179149	0.087653	-0.173409	0.982410	-0.069276	54.979660	-17.487503	620.528137	
-0.096018	0.029621	0.994939	0.984080	0.153006	0.090415	-0.149554	0.987781	-0.043840	44.462212	-27.675011	641.799133	
0.063172	0.490709	0.869031	0.929206	-0.346622	0.128178	0.364123	0.799411	-0.477866	59.836300	-57.088799	687.330017	
0.063172	0.490709	0.869031	0.929206	-0.346622	0.128178	0.364123	0.799411	-0.477866	59.836300	-57.088799	687.330017	
0.063172	0.490709	0.869031	0.929206	-0.346622	0.128178	0.364123	0.799411	-0.477866	59.836300	-57.088799	687.330017	
0.244529	0.699062	0.671952	0.818790	-0.520081	0.243099	0.519411	0.490743	-0.699560	14.764649	-97.169746	723.837952	
0.306428	0.737203	0.602191	0.792835	-0.547767	0.267138	0.526795	0.395580	-0.752332	5.253047	-103.397285	737.263733	
0.360134	0.745701	0.560566	0.756763	-0.584900	0.291892	0.545540	0.319095	-0.774962	-4.126495	-110.998840	747.195435	
0.485829	0.758672	0.434036	0.705379	-0.633559	0.317874	0.516149	0.151728	-0.842952	-14.390697	-126.236656	760.000427	
0.555924	0.782260	0.281101	0.667898	-0.621685	0.409170	0.494834	-0.039721	-0.868079	-24.226606	-141.364700	765.318970	
0.648529	0.739283	0.181301	0.599982	-0.643046	0.475933	0.468435	-0.199880	-0.860591	-32.862144	-147.644379	781.016907	
0.685890	0.714436	0.138333	0.567646	-0.644219	0.512600	0.455337	-0.273064	-0.847410	-41.981171	-162.807449	799.537170	
0.767128	0.640082	0.042551	0.511617	-0.650484	0.561354	0.386991	-0.408861	-0.826481	-51.668671	-177.361923	812.575012	
0.798005	0.600153	-0.054815	0.499095	-0.607164	0.618268	0.337774	-0.520739	-0.784053	-57.691162	-181.218079	817.264038	
0.826489	0.553268	-0.103973	0.475582	-0.587384	0.654829	0.301224	-0.590658	-0.748591	-71.034302	-192.848663	826.446533	
0.844225	0.496087	-0.202933	0.484742	-0.545112	0.684016	0.228710	-0.675835	-0.700671	-83.737968	-203.781479	829.979248	
0.861321	0.445771	-0.243750	0.471015	-0.520778	0.711993	0.190446	-0.728066	-0.658522	-94.928749	-214.837296	840.272705	
0.873844	0.390072	-0.290244	0.467613	-0.510748	0.721438	0.133172	-0.766147	-0.628717	-104.224350	-219.838791	856.607056	
0.882765	0.286451	-0.372388	0.469128	-0.494590	0.731641	0.025400	-0.820566	-0.570988	-110.737305	-223.846283	871.633423	
0.890625	0.177452	-0.418688	0.448476	-0.495046	0.744176	-0.075214	-0.850554	-0.520482	-113.453758	-232.370514	889.400818	
0.853077	0.116856	-0.508533	0.498541	-0.470185	0.728272	-0.154002	-0.874798	-0.459361	-115.411606	-237.018417	896.534180	
0.832762	0.064204	-0.549897	0.517106	-0.444999	0.731147	-0.197761	-0.893227	-0.403778	-115.796158	-238.710510	903.220703	
0.783811	0.018125	-0.620736	0.569201	-0.420628	0.706456	-0.248294	-0.907053	-0.340009	-115.284966	-244.997314	922.676575	
0.727035	-0.021554	-0.686263	0.625064	-0.392803	0.674536	-0.284105	-0.919371	-0.272109	-113.199951	-247.149918	920.947510	
0.693094	-0.063409	-0.718053	0.650278	-0.374848	0.660777	-0.311060	-0.924916	-0.218571	-109.869911	-247.841965	926.780640	
0.624995	-0.092333	-0.775150	0.692393	-0.393019	0.605084	-0.360518	-0.914883	-0.181703	-106.481056	-249.549988	934.997742	
0.578979	-0.154925	-0.800489	0.692156	-0.425510	0.582975	-0.430934	-0.891594	-0.139129	-96.314224	-248.416779	948.911133	
0.521272	-0.208820	-0.827448	0.679196	-0.485532	0.550409	-0.516689	-0.848913	-0.111264	-91.485458	-248.409866	955.225098	
0.476363	-0.222458	-0.850642	0.703999	-0.483095	0.520580	-0.526748	-0.846837	-0.073518	-78.919617	-245.444199	959.564270	
0.416935	-0.255154	-0.872389	0.698607	-0.524051	0.487153	-0.581475	-0.812568	-0.040243	-72.538139	-242.424423	965.509460	
0.360817	-0.275680	-0.890961	0.691420	-0.562048	0.453915	-0.625898	-0.779810	-0.012185	-57.634773	-238.214111	980.573914	
0.286018	-0.245643	-0.926204	0.707878	-0.597303	0.377010	-0.645835	-0.763472	0.003047	-49.032444	-232.665787	990.184509	
0.222296	-0.205919	-0.952985	0.744060	-0.595809	0.302302	-0.630047	-0.776280	0.020771	-39.923771	-225.480148	997.319336	
0.183020	-0.190779	-0.964420	0.740859	-0.618086	0.262861	-0.646244	-0.762610	0.028218	-30.203545	-215.843506	995.889893	
0.113271	-0.149595	-0.982238	0.726609	-0.661791	0.184582	-0.677649	-0.734612	0.033736	-20.574039	-207.485260	1000.792908	
0.090325	-0.124980	-0.988039	0.732578	-0.663739	0.150928	-0.674663	-0.737450	0.031606	-10.619717	-195.013351	998.836121	
0.047458	-0.065649	-0.996713	0.744049	-0.663423	0.079123	-0.666438	-0.745359	0.017362	7.999547	-182.825165	999.524963	
0.014735	-0.001868	-0.999889	0.685044	-0.728412	0.011456	-0.728353	-0.685138	-0.009453	16.908302	-171.883499	1005.544922	
0.006952	0.071179	-0.997439	0.645684	-0.761974	-0.049877	-0.763573	-0.643685	-0.051255	26.773605	-159.275970	1007.322754	
-0.004839	0.143630	-0.989619	0.633130	-0.765574	-0.114210	-0.774031	-0.627111	-0.087231	44.548637	-147.524033	1017.460510	
0.012833	0.216032	-0.976301	0.606154	-0.778207	-0.164232	-0.795244	-0.589682	-0.140934	53.711761	-134.621445	1029.497559	
0.019671	0.284827	-0.958376	0.587725	-0.778750	-0.219380	-0.808822	-0.558948	-0.182717	69.929794	-120.700195	1025.216064	
0.055416	0.312765	-0.948212	0.564750	-0.792981	-0.228557	-0.823399	-0.522838	-0.220576	76.910004	-113.541313	1021.087830	
0.088882	0.327444	-0.940680	0.535636	-0.811948	-0.232023	-0.839758	-0.483240	-0.247558	90.040405	-105.946510	1018.421814	
0.122983	0.376612	-0.918170	0.568250	-0.785232	-0.245971	-0.813613	-0.491502	-0.310579	101.410622	-97.577103	1014.723022	
0.190578	0.394976	-0.898706	0.507148	-0.823468	-0.254365	-0.840524	-0.407302	-0.357244	112.612305	-82.922203	1018.782043	
0.257643	0.397748	-0.880576	0.461631	-0.851278	-0.249448	-0.848833	-0.342234	-0.402937	116.885712	-67.546669	1016.831787	
0.337077	0.407177	-0.848873	0.426925	-0.869716	-0.247648	-0.839115	-0.278930	-0.466994	119.787216	-53.223740	1012.119873	
0.425127	0.391630	-0.816022	0.396362	-0.891062	-0.221148	-0.813734	-0.229425	-0.534040	124.199715	-45.380878	1010.866516	
0.496114	0.346795	-0.795992	0.362238	-0.915845	-0.173242	-0.789085	-0.202391	-0.579984	125.775101	-30.358089	1006.585327	
0.539835	0.318040	-0.779377	0.347201	-0.927578	-0.138027	-0.766830	-0.196089	-0.611161	125.443985	-15.421614	1002.755249	
0.611178	0.259737	-0.747662	0.272644	-0.955897	-0.109205	-0.743052	-0.137103	-0.655037	122.556534	-1.304667	994.528931	
0.646530	0.233259	-0.726353	0.247230	-0.964790	-0.089769	-0.721717	-0.121539	-0.681432	118.209435	4.770945	988.148804	
0.680846	0.162039	-0.714278	0.158906	-0.984672	-0.071911	-0.714981	-0.064543	-0.696156	114.194107	10.504089	980.684204	
0.731462	0.108281	-0.673230	0.146650	-0.989189	0.000236	-0.665925	-0.098902	-0.739432	107.013763	23.244972	969.802307	
0.811114	0.059904	-0.581814	0.124673	-0.989588	0.071919	-0.571447	-0.130871	-0.810135	98.039444	29.321606	961.158386	
0.859607	-0.035484	-0.509724	0.048416	-0.987441	0.150390	-0.508657	-0.153955	-0.847091	92.231956	34.606640	958.747375	
0.896532	-0.098083	-0.431986	-0.023123	-0.984212	0.175477	-0.442376	-0.147333	-0.884643	79.301674	41.251247	946.485352	
0.858060	-0.117376	-0.499958	-0.030582	-0.983481	0.178409	-0.512639	-0.137796	-0.847473	68.873764	47.219437	953.782959	
0.840947	-0.171493	-0.513224	-0.045287	-0.967429	0.249061	-0.539219	-0.186205	-0.821321	50.967396	48.863960	944.311890	
0.842545	-0.226421	-0.488725	-0.055799	-0.939163	0.338908	-0.535728	-0.258276	-0.803920	32.505573	52.587570	928.090942	
0.820158	-0.344950	-0.456455	-0.167383	-0.907565	0.385108	-0.547105	-0.239447	-0.802084	14.107128	55.042019	916.486206	
0.774848	-0.461271	-0.432252	-0.245284	-0.849591	0.466938	-0.582621	-0.255782	-0.771444	4.816159	55.248501	900.213867	
0.722620	-0.568427	-0.393334	-0.335952	-0.786098	0.518832	-0.604116	-0.242777	-0.759013	-14.037371	55.481060	889.966980	
0.647902	-0.664359	-0.372627	-0.378894	-0.705459	0.598972	-0.660805	-0.246890	-0.708788	-33.929371	54.394291	883.882141	
0.565013	-0.745787	-0.352933	-0.402756	-0.622629	0.670910	-0.720102	-0.236928	-0.652162	-53.418083	53.158970	878.718750	
0.464571	-0.827793	-0.314536	-0.414511	-0.517158	0.748819	-0.782531	-0.217501	-0.583384	-72.278442	49.593594	873.809814	
0.417607	-0.866347	-0.273948	-0.416023	-0.450345	0.790009	-0.807793	-0.215946	-0.548485	-81.000450	44.589951	867.933899	
0.359619	-0.900848	-0.243205	-0.362540	-0.375059	0.853168	-0.859790	-0.218644	-0.461470	-89.510597	38.717022	849.164856	
0.251991	-0.946734	-0.200488	-0.364639	-0.284793	0.886528	-0.896403	-0.150292	-0.416979	-104.438637	34.558521	827.679138	
0.113439	-0.973768	-0.197251	-0.302765	-0.222970	0.926616	-0.946290	-0.045394	-0.320114	-121.722092	30.976542	819.136597	
-0.031350	-0.982034	-0.186085	-0.228009	-0.174240	0.957941	-0.973154	0.072460	-0.218448	-135.702713	25.782473	805.811157	
-0.114270	-0.978383	-0.172368	-0.151519	-0.154310	0.976335	-0.981827	0.137682	-0.130608	-147.489227	20.391495	784.721130	
-0.242286	-0.959427	-0.144217	-0.048892	-0.136383	0.989448	-0.968973	0.246780	-0.013862	-153.254089	14.383201	774.659912	
-0.285513	-0.950510	-0.122533	0.082993	-0.151897	0.984905	-0.954775	0.271034	0.122255	-161.071838	8.091029	768.822388	
-0.350983	-0.930063	-0.108605	0.133718	-0.164579	0.977257	-0.926785	0.328478	0.182132	-165.275391	1.049879	759.531494	
-0.469976	-0.876982	-0.100125	0.210887	-0.221709	0.952034	-0.857117	0.426319	0.289144	-169.378128	-12.956553	742.108582	
-0.529137	-0.844279	-0.084903	0.298618	-0.278938	0.912698	-0.794255	0.457590	0.399714	-171.530930	-26.692541	730.921204	
-0.641841	-0.764375	-0.061413	0.313319	-0.334502	0.888784	-0.699908	0.551217	0.454191	-171.638962	-34.469601	726.431763	
-0.694974	-0.717259	-0.050510	0.333748	-0.384006	0.860900	-0.636886	0.581446	0.506259	-170.048187	-41.701672	719.947327	
-0.783077	-0.620862	-0.036358	0.350045	-0.488316	0.799383	-0.514062	0.613252	0.599719	-168.925797	-49.044376	714.045532	
-0.859462	-0.510504	-0.026665	0.313212	-0.567102	0.761768	-0.404009	0.646360	0.647300	-163.608032	-64.529541	702.190918	
-0.918570	-0.394809	-0.018875	0.257450	-0.633860	0.729342	-0.299917	0.665093	0.683888	-160.023438	-72.379585	684.627869	
-0.966168	-0.257830	-0.006561	0.194886	-0.746492	0.636214	-0.168934	0.613412	0.771484	-156.219955	-88.577026	681.926758	
-0.981783	-0.189999	0.001787	0.160350	-0.823470	0.544228	-0.101933	0.534602	0.838935	-143.642197	-96.445404	670.839478	
-0.991714	-0.128456	-0.001907	0.114803	-0.892793	0.435592	-0.057659	0.431765	0.900141	-131.446365	-112.112991	670.287476	
-0.999912	0.010726	0.007839	-0.007640	-0.946943	0.321312	0.010868	0.321224	0.946940	-117.005875	-119.098442	659.619934	
-0.989790	0.142534	-0.000375	-0.139664	-0.969330	0.202226	0.028459	0.200215	0.979338	-108.565231	-126.436661	655.691833	
-0.975320	0.217116	0.040146	-0.208007	-0.964492	0.162758	0.074056	0.150391	0.985848	-90.296577	-132.748672	641.190247	
-0.957877	0.283179	0.047779	-0.276985	-0.954930	0.106724	0.075845	0.088995	0.993140	-81.079277	-139.015930	628.154114	
-0.908354	0.414547	0.055174	-0.410340	-0.908948	0.073734	0.080714	0.044337	0.995750	-71.869110	-144.976898	619.965942	
-0.876235	0.475631	0.077386	-0.477146	-0.878824	-0.001239	0.067417	-0.038009	0.997000	-62.170048	-155.907089	607.493530	
-0.844785	0.531820	0.059200	-0.534792	-0.842894	-0.059397	0.018308	-0.081837	0.996477	-52.602509	-161.578156	603.520691	
-0.762959	0.646134	0.020107	-0.646110	-0.761190	-0.055972	-0.020862	-0.055695	0.998229	-33.012890	-171.598175	600.397583	
-0.676967	0.734121	-0.052740	-0.733627	-0.678804	-0.031890	-0.059214	0.017103	0.998098	-23.864206	-177.491394	605.720886	
-0.581102	0.806254	-0.110790	-0.813792	-0.576990	0.069470	-0.007916	0.130530	0.991412	-6.576025	-186.082275	603.791504	
-0.444274	0.895556	-0.024506	-0.882585	-0.432815	0.183619	0.153832	0.103206	0.982691	12.075052	-194.546158	607.859436	
-0.315262	0.948208	-0.038877	-0.915157	-0.292920	0.276922	0.251190	0.122883	0.960105	20.091011	-199.973373	599.361145	
-0.196616	0.976289	-0.090569	-0.908385	-0.146614	0.391589	0.369024	0.159265	0.915671	26.618963	-203.072601	596.339111	
-0.032663	0.996384	-0.078450	-0.862500	0.011560	0.505926	0.505001	0.084189	0.859001	43.186264	-202.729233	591.050903	
0.072397	0.987731	-0.138380	-0.815438	0.138508	0.562030	0.574300	0.072152	0.815458	50.125618	-202.467880	583.578857	
0.146499	0.979115	-0.140976	-0.807162	0.200705	0.555165	0.571863	0.032460	0.819705	61.760929	-205.250504	587.796326	
0.198425	0.970187	-0.139163	-0.801866	0.242339	0.546153	0.563594	0.003220	0.826044	67.007179	-208.831161	592.936646	
0.246218	0.963273	-0.107159	-0.763986	0.260927	0.590122	0.596408	-0.063430	0.800169	71.743088	-211.873962	604.133728	
0.368220	0.928918	-0.039043	-0.162684	0.023028	-0.986409	-0.915395	0.369568	0.159599	79.005501	-187.468002	562.640015	
0.368220	0.928918	-0.039043	-0.162684	0.023028	-0.986409	-0.915395	0.369568	0.159599	79.005501	-187.468002	562.640015	
0.368220	0.928918	-0.039043	-0.162684	0.023028	-0.986409	-0.915395	0.369568	0.159599	79.005501	-187.468002	562.640015	
0.368220	0.928918	-0.039043	-0.162684	0.023028	-0.986409	-0.915395	0.369568	0.159599	79.005501	-187.468002	562.640015	
0.368220	0.928918	-0.039043	-0.162684	0.023028	-0.986409	-0.915395	0.369568	0.159599	79.005501	-187.468002	562.640015	
0.368220	0.928918	-0.039043	-0.162684	0.023028	-0.986409	-0.915395	0.369568	0.159599	79.005501	-187.468002	562.640015	
0.368220	0.928918	-0.039043	-0.162684	0.023028	-0.986409	-0.915395	0.369568	0.159599	79.005501	-187.468002	562.640015	
0.368220	0.928918	-0.039043	-0.162684	0.023028	-0.986409	-0.915395	0.369568	0.159599	79.005501	-187.468002	562.640015	
0.867742	0.468658	-0.165481	0.199594	-0.633514	-0.747543	-0.455177	0.615646	-0.643268	55.703327	-137.946045	571.503235	
0.921566	0.343880	-0.180172	0.147721	-0.739799	-0.656411	-0.359018	0.578312	-0.732572	42.841461	-131.399155	576.008484	
0.940205	0.278753	-0.195734	0.109530	-0.791571	-0.601182	-0.322519	0.543795	-0.774770	28.240557	-124.978165	581.566223	
0.956472	0.208629	-0.204046	0.085222	-0.868422	-0.488446	-0.279103	0.449796	-0.848402	20.141823	-118.184494	590.905518	
0.970170	0.070815	-0.231852	-0.036184	-0.903373	-0.427327	-0.239710	0.422970	-0.873862	2.735490	-111.019272	599.694824	
0.963367	0.004942	-0.268140	-0.096173	-0.926965	-0.362610	-0.250349	0.375114	-0.892533	-15.302231	-96.960724	606.463928	
0.950301	-0.124263	-0.285457	-0.198291	-0.948445	-0.247249	-0.240017	0.291565	-0.925949	-34.660408	-89.472099	613.098511	
0.914201	-0.251535	-0.317752	-0.303798	-0.944295	-0.126543	-0.268222	0.212218	-0.939691	-44.117508	-74.683891	622.278809	
0.856991	-0.370908	-0.357760	-0.394057	-0.919043	0.008880	-0.332091	0.133368	-0.933771	-54.069855	-67.236641	631.458679	
0.818573	-0.429269	-0.381662	-0.409696	-0.902048	0.135867	-0.402601	0.045148	-0.914261	-73.879211	-52.999577	645.138977	
0.746092	-0.532647	-0.399542	-0.498687	-0.844617	0.194764	-0.441201	0.053934	-0.895786	-93.569740	-45.586292	651.996338	
0.686042	-0.632487	-0.359591	-0.587570	-0.773117	0.238851	-0.429077	0.047423	-0.902022	-110.510635	-40.148785	667.868408	
0.674096	-0.676162	-0.297320	-0.569829	-0.732163	0.373137	-0.469989	-0.082108	-0.878845	-124.854057	-35.036873	680.182312	
0.618105	-0.704874	-0.347992	-0.540589	-0.702537	0.462822	-0.570709	-0.097952	-0.815289	-132.111160	-23.661730	682.439270	
0.492937	-0.738297	-0.460359	-0.560607	-0.674147	0.480878	-0.665381	0.021038	-0.746207	-143.852341	-9.998685	693.307922	
0.331980	-0.747830	-0.574925	-0.554882	-0.647707	0.522093	-0.762820	0.145691	-0.629983	-156.448441	-2.368980	706.266541	
0.207075	-0.762335	-0.613160	-0.518179	-0.617077	0.592205	-0.829825	0.195096	-0.522807	-170.666046	3.060076	710.822327	
0.146483	-0.739231	-0.657327	-0.433706	-0.645217	0.628962	-0.889068	0.192955	-0.415122	-182.096954	8.860149	721.577332	
0.043140	-0.719265	-0.693395	-0.449269	-0.633875	0.629571	-0.892354	0.284361	-0.350489	-186.630554	17.861944	726.912842	
-0.063222	-0.680427	-0.730084	-0.404162	-0.651419	0.642111	-0.912500	0.335668	-0.233819	-190.752045	22.290565	728.158752	
-0.106204	-0.635733	-0.764568	-0.398763	-0.677146	0.618434	-0.910883	0.370561	-0.181591	-194.005508	28.912045	746.646912	
-0.149488	-0.608388	-0.779433	-0.400491	-0.683477	0.610300	-0.904024	0.403388	-0.141483	-195.649246	35.069046	752.268555	
-0.187597	-0.577749	-0.794363	-0.319815	-0.728726	0.605538	-0.928722	0.367646	-0.048066	-196.120728	37.282372	767.615906	
-0.253553	-0.528522	-0.810169	-0.293101	-0.756189	0.585038	-0.921847	0.385800	0.036824	-196.694916	39.168167	780.009766	
-0.279574	-0.487855	-0.826944	-0.288664	-0.778730	0.557003	-0.915702	0.394432	0.076886	-193.324707	40.939358	796.753418	
-0.302428	-0.448685	-0.840963	-0.281001	-0.801098	0.528469	-0.910810	0.396135	0.116193	-188.488403	42.925304	804.768555	
-0.322043	-0.406547	-0.854990	-0.271687	-0.825429	0.494825	-0.906903	0.391645	0.155371	-182.062286	43.657509	818.367004	
-0.323581	-0.342364	-0.882090	-0.281842	-0.855052	0.435259	-0.903249	0.389451	0.180186	-178.756302	43.645222	840.350342	
-0.302138	-0.279716	-0.911302	-0.307129	-0.876440	0.370843	-0.902432	0.391933	0.178897	-166.932083	41.453556	845.357727	
-0.301211	-0.240384	-0.922761	-0.250746	-0.913680	0.319868	-0.919999	0.327726	0.214935	-160.860123	38.601471	860.237915	
-0.293017	-0.188022	-0.937437	-0.261795	-0.927224	0.267804	-0.919567	0.323887	0.222469	-145.540863	36.332077	876.513062	
-0.253396	-0.119606	-0.959940	-0.340044	-0.917985	0.204140	-0.905626	0.378150	0.191942	-136.978455	31.278940	892.187134	
-0.241403	-0.090038	-0.966239	-0.274112	-0.948813	0.156898	-0.930906	0.302733	0.204366	-120.069176	24.624903	903.366943	
-0.204193	-0.066163	-0.976692	-0.217438	-0.969725	0.111150	-0.954476	0.235066	0.183625	-101.574913	17.575569	916.804626	
-0.171905	-0.042890	-0.984179	-0.223656	-0.971264	0.081393	-0.959388	0.234109	0.157372	-82.266083	14.208384	919.515259	
-0.109072	-0.018066	-0.993870	-0.234039	-0.971261	0.043339	-0.966089	0.237331	0.101709	-62.044571	4.651810	935.203430	
-0.070547	-0.010817	-0.997450	-0.253427	-0.966937	0.028410	-0.964778	0.254785	0.065473	-41.529243	-0.074552	930.662170	
0.062720	-0.003374	-0.998025	-0.255143	-0.966820	-0.012766	-0.964866	0.255440	-0.061501	-30.599178	-4.334330	939.610657	
0.100797	-0.014067	-0.994808	-0.229580	-0.973244	-0.009499	-0.968056	0.229346	-0.101330	-19.411251	-13.328468	936.545410	
0.164675	-0.047761	-0.985191	-0.262547	-0.964915	0.002893	-0.950763	0.258182	-0.171437	-0.002013	-18.641239	957.742432	
0.195008	-0.087459	-0.976894	-0.358455	-0.933470	0.012016	-0.912951	0.347830	-0.213385	17.861038	-21.723572	937.741882	
0.275016	-0.161742	-0.947737	-0.425132	-0.904600	0.031015	-0.862338	0.394384	-0.317542	27.930969	-34.269539	982.829590	
0.307919	-0.214194	-0.926988	-0.367760	-0.925392	0.091665	-0.877461	0.312684	-0.363718	36.821098	-48.292900	995.117371	
0.342289	-0.277516	-0.897677	-0.314946	-0.934004	0.168656	-0.885238	0.224991	-0.407103	52.732212	-62.023594	1003.387085	
0.384078	-0.342627	-0.857374	-0.255104	-0.931829	0.258101	-0.887358	0.119588	-0.445302	67.894424	-68.392151	1012.543396	
0.349661	-0.410668	-0.842074	-0.318120	-0.897452	0.305579	-0.881212	0.161032	-0.444447	80.745529	-83.682503	1015.755432	
0.314178	-0.499380	-0.807410	-0.401246	-0.840629	0.363793	-0.860403	0.209674	-0.464482	90.075325	-91.986984	1021.122864	
0.260489	-0.561624	-0.785318	-0.400851	-0.802891	0.441229	-0.878330	0.199860	-0.434273	94.754028	-106.070915	1019.956726	
0.168483	-0.610894	-0.773577	-0.447603	-0.746633	0.492129	-0.878217	0.263340	-0.399233	96.522804	-113.385162	1019.819519	
0.138034	-0.682785	-0.717461	-0.446397	-0.689535	0.570325	-0.884124	0.241549	-0.399973	99.448883	-120.521385	1020.716919	
0.094330	-0.718456	-0.689146	-0.439497	-0.651179	0.618715	-0.893277	0.244514	-0.377185	101.217422	-134.421890	1025.968018	
-0.005976	-0.755339	-0.655307	-0.457323	-0.580708	0.673523	-0.889280	0.303712	-0.341964	101.421013	-147.540680	1026.727051	
-0.105729	-0.777063	-0.620478	-0.471662	-0.510130	0.719237	-0.875418	0.368700	-0.312577	101.377899	-155.068893	1033.019043	
-0.163723	-0.799267	-0.578244	-0.377080	-0.490940	0.785358	-0.911595	0.346626	-0.221010	99.642593	-166.953629	1031.461548	
-0.223765	-0.809662	-0.542565	-0.338338	-0.457534	0.822307	-0.914033	0.367574	-0.171560	92.430191	-178.259155	1031.056274	
-0.349732	-0.812994	-0.465541	-0.304688	-0.371203	0.877139	-0.885919	0.448608	-0.117889	87.636360	-183.648773	1028.881714	
-0.415420	-0.808107	-0.417599	-0.190538	-0.371597	0.908631	-0.889450	0.457032	0.000393	77.280807	-188.693588	1030.411743	
-0.525225	-0.764757	-0.373210	-0.095755	-0.382674	0.918907	-0.845559	0.518370	0.127760	64.088425	-192.243423	1021.119690	
-0.631655	-0.722683	-0.280610	0.017911	-0.375468	0.926662	-0.775043	0.580304	0.250110	58.145226	-196.293655	1019.298889	
-0.710446	-0.679659	-0.182569	0.106283	-0.360066	0.926853	-0.695680	0.639075	0.328043	52.496643	-201.859634	1013.985168	
-0.808048	-0.583354	-0.082197	0.169404	-0.363718	0.915976	-0.564234	0.726228	0.392723	43.745770	-206.732666	1018.291626	
-0.888077	-0.459554	0.011395	0.238351	-0.439127	0.866231	-0.393075	0.771996	0.499513	33.960136	-208.909851	1003.650635	
-0.943509	-0.322917	0.074274	0.250795	-0.549464	0.796989	-0.216549	0.770593	0.599409	13.479767	-210.033661	991.577026	
-0.959493	-0.248283	0.133151	0.262041	-0.612873	0.745468	-0.103481	0.750162	0.653107	3.304316	-212.564514	994.823853	
-0.965486	-0.191141	0.176923	0.259935	-0.664212	0.700897	-0.016455	0.722695	0.690971	-16.393345	-213.474243	991.476074	
-0.966133	-0.129582	0.223148	0.247047	-0.714251	0.654839	0.074529	0.687790	0.722074	-26.738604	-211.608429	983.117432	
-0.945076	-0.064972	0.320326	0.252075	-0.768742	0.587787	0.208059	0.636250	0.742897	-46.898579	-212.664215	986.121521	
-0.906075	0.055887	0.419408	0.165546	-0.865395	0.472955	0.389387	0.497964	0.774861	-56.979076	-210.784119	979.035828	
-0.848231	0.157433	0.505685	0.064732	-0.916824	0.394011	0.525655	0.366947	0.767488	-67.641090	-207.846512	974.080383	
-0.795949	0.255375	0.548861	-0.107653	-0.951924	0.286797	0.595715	0.169190	0.785175	-77.720276	-206.277420	964.116516	
-0.727189	0.344333	0.593826	-0.296189	-0.937807	0.181083	0.619248	-0.044204	0.783951	-95.236252	-200.680115	962.402283	
-0.682935	0.362623	0.634116	-0.395196	-0.913487	0.096762	0.614345	-0.184518	0.767160	-104.696808	-197.914352	952.571655	
-0.638220	0.404455	0.655050	-0.551109	-0.834146	-0.021915	0.537543	-0.374991	0.755268	-116.077095	-195.733688	963.650513	
-0.500623	0.427023	0.753012	-0.713923	-0.695621	-0.080159	0.489581	-0.577723	0.653105	-130.394196	-186.683914	963.692749	
-0.385096	0.454936	0.802953	-0.816311	-0.573782	-0.066411	0.430508	-0.681034	0.592331	-131.695023	-173.611160	932.957703	
-0.294332	0.473253	0.830301	-0.915560	-0.388779	-0.102961	0.274077	-0.790496	0.547721	-135.325592	-163.435883	918.759277	
-0.237219	0.460736	0.855247	-0.962097	-0.233331	-0.141158	0.134520	-0.856318	0.498623	-144.858307	-152.869598	922.487549	
-0.182119	0.374490	0.909169	-0.983089	-0.051317	-0.175790	-0.019175	-0.925810	0.377503	-147.959793	-138.693848	920.021362	
-0.112667	0.275422	0.954698	-0.977001	0.144353	-0.156944	-0.181039	-0.950424	0.252824	-145.978546	-123.999237	885.967834	
-0.009065	0.204120	0.978904	-0.939978	0.332206	-0.077977	-0.341114	-0.920856	0.188857	-151.735214	-117.221138	895.397095	
-0.024562	0.123978	0.991981	-0.871475	0.483534	-0.082012	-0.489824	-0.866502	0.096167	-149.326553	-108.732193	894.579346	
-0.012015	0.063541	0.997907	-0.806158	0.589809	-0.047263	-0.591577	-0.805040	0.044137	-143.504059	-98.890106	875.651733	
0.000101	-0.059165	0.998248	-0.688498	0.723963	0.042977	-0.725238	-0.687297	-0.040662	-135.807526	-82.449890	850.661255	
-0.016164	-0.122826	0.992296	-0.510236	0.854495	0.097457	-0.859882	-0.504731	-0.076483	-131.417480	-73.065468	836.107544	
-0.038036	-0.235047	0.971239	-0.362830	0.908859	0.205740	-0.931079	-0.344570	-0.119852	-120.163536	-63.942493	815.299683	
-0.063109	-0.279912	0.957949	-0.257749	0.931870	0.255310	-0.964149	-0.230799	-0.130957	-113.586266	-56.320885	810.793762	
-0.112155	-0.385938	0.915681	-0.158650	0.916630	0.366904	-0.980944	-0.104124	-0.164034	-106.947227	-41.838047	806.243530	
-0.150434	-0.428062	0.891141	-0.057645	0.903664	0.424345	-0.986938	0.012465	-0.160618	-98.911674	-27.627745	796.477478	
-0.192935	-0.465865	0.863565	0.097421	0.866658	0.489298	-0.976363	0.178531	-0.121824	-82.301651	-12.847571	780.318787	
-0.271992	-0.487331	0.829776	0.284475	0.783027	0.553121	-0.919290	0.386495	-0.074345	-72.855247	-6.190020	772.206665	
-0.322103	-0.513130	0.795579	0.362587	0.709423	0.604359	-0.874517	0.483132	-0.042454	-63.525436	1.209811	762.416077	
-0.352634	-0.544815	0.760806	0.464889	0.603605	0.647718	-0.812113	0.582098	0.040426	-51.361752	7.678834	744.156494	
-0.438123	-0.546813	0.713472	0.513548	0.499171	0.697923	-0.737778	0.672179	0.062115	-32.991787	21.013939	727.758423	
-0.531154	-0.574356	0.622888	0.556389	0.317995	0.767665	-0.638989	0.754318	0.150660	-23.700876	31.355412	718.239197	
-0.613681	-0.595991	0.517870	0.561158	0.132174	0.817087	-0.555426	0.792039	0.253332	-13.806896	35.765530	708.240417	
-0.699270	-0.543597	0.464244	0.580149	-0.052102	0.812842	-0.417670	0.837728	0.351800	-2.932925	43.758846	703.161316	
-0.752731	-0.518751	0.405331	0.552493	-0.162987	0.817427	-0.357977	0.839246	0.409290	7.366513	47.514679	688.896301	
-0.828170	-0.437638	0.350152	0.512286	-0.337616	0.789670	-0.227372	0.833360	0.503799	17.401163	51.719002	680.452454	
-0.906361	-0.360147	0.220913	0.389829	-0.511224	0.765952	-0.162919	0.780349	0.603749	35.531975	54.616295	663.782654	
-0.944115	-0.315447	0.095605	0.284987	-0.635454	0.717621	-0.165618	0.704764	0.689839	51.410301	56.747204	652.884583	
-0.977414	-0.208296	0.035710	0.181721	-0.742102	0.645183	-0.107887	0.637101	0.763191	58.555347	58.371403	648.785339	
-0.987641	-0.154463	-0.026582	0.106775	-0.787236	0.607336	-0.114736	0.596993	0.793999	72.243553	59.461006	643.705750	
-0.990249	-0.102050	-0.094835	0.030195	-0.821779	0.569005	-0.136000	0.560594	0.816846	83.432587	59.484234	634.936035	
-0.988045	0.008619	-0.153927	-0.081910	-0.875205	0.476766	-0.130608	0.483676	0.865447	92.945786	58.504456	628.170288	
-0.973039	0.059924	-0.222721	-0.153333	-0.889430	0.430584	-0.172292	0.453126	0.874638	97.342545	57.228294	620.923523	
-0.945466	0.161068	-0.283109	-0.264961	-0.885850	0.380875	-0.189444	0.435118	0.880217	100.019478	53.599419	610.088440	
-0.899518	0.256193	-0.353883	-0.376152	-0.866153	0.329072	-0.222210	0.429121	0.875486	101.480614	51.108757	605.799622	
-0.860797	0.294612	-0.415009	-0.415548	-0.877642	0.238883	-0.293851	0.378087	0.877895	102.534073	45.152157	602.538696	
-0.815235	0.328775	-0.476759	-0.460722	-0.866983	0.189938	-0.350894	0.374498	0.858267	101.125000	38.080475	595.860535	
-0.728787	0.337531	-0.595771	-0.486064	-0.867843	0.102913	-0.482298	0.364585	0.796533	96.956963	28.931122	590.415100	
-0.653002	0.391260	-0.648462	-0.557593	-0.827794	0.062033	-0.512521	0.402087	0.758714	94.151848	19.827566	588.027588	
-0.533412	0.402182	-0.744124	-0.623102	-0.781769	0.024132	-0.572027	0.476538	0.667604	86.289803	13.934553	585.569580	
-0.412224	0.384392	-0.826023	-0.675397	-0.737430	-0.006111	-0.611482	0.555375	0.563602	75.998222	7.717729	581.476074	
-0.351198	0.365110	-0.862180	-0.656021	-0.752975	-0.051643	-0.668055	0.547471	0.503961	64.306694	0.836616	579.409851	
-0.295058	0.337623	-0.893840	-0.632123	-0.770479	-0.082363	-0.716493	0.540715	0.440754	50.239681	-6.197631	577.175659	
-0.226061	0.315050	-0.921759	-0.645217	-0.757346	-0.100616	-0.729789	0.571989	0.374480	34.588970	-19.289738	575.045532	
-0.139538	0.217468	-0.966041	-0.612977	-0.785162	-0.088210	-0.777681	0.579852	0.242862	26.185841	-27.094746	573.587219	
-0.061351	0.111998	-0.991812	-0.616550	-0.785690	-0.050585	-0.784922	0.608398	0.117254	8.663256	-35.274731	574.242981	
0.001098	-0.010016	-0.999948	-0.586859	-0.809655	0.007465	-0.809688	0.586821	-0.006768	-0.808087	-43.678349	571.743225	
0.031305	-0.072535	-0.996873	-0.558206	-0.828601	0.042761	-0.829112	0.555122	-0.066430	-21.121962	-58.307213	570.532898	
0.075181	-0.202489	-0.976393	-0.569764	-0.812310	0.124588	-0.818362	0.546947	-0.176442	-40.953911	-66.717583	572.849915	
0.070644	-0.270272	-0.960188	-0.616970	-0.768219	0.170843	-0.783809	0.580339	-0.221020	-61.699028	-82.047386	573.314148	
0.063818	-0.397663	-0.915309	-0.664199	-0.701461	0.258443	-0.744826	0.591455	-0.308894	-82.084709	-95.875427	573.632568	
0.035441	-0.528256	-0.848344	-0.684670	-0.631200	0.364437	-0.727991	0.567920	-0.384052	-93.186356	-104.638596	580.969727	
-0.018418	-0.638654	-0.769273	-0.687969	-0.550208	0.473254	-0.725506	0.537953	-0.429241	-103.360573	-112.211472	584.882080	
-0.057735	-0.689917	-0.721582	-0.657042	-0.517926	0.547766	-0.751639	0.505736	-0.423402	-123.302124	-120.213974	590.726379	
-0.146754	-0.768419	-0.622893	-0.654957	-0.396418	0.643337	-0.741279	0.502380	-0.445105	-132.373474	-134.810577	593.388550	
-0.222618	-0.784162	-0.579251	-0.674478	-0.305134	0.672287	-0.703932	0.540356	-0.460972	-147.622086	-148.939758	597.049683	
-0.311350	-0.795594	-0.519704	-0.653085	-0.218133	0.725187	-0.690319	0.565199	-0.451675	-155.649750	-162.657166	598.656677	
-0.376942	-0.837969	-0.394618	-0.551614	-0.139160	0.822407	-0.744067	0.527677	-0.409781	-169.058685	-172.881760	607.002258	
-0.477201	-0.839035	-0.261345	-0.461641	-0.013715	0.886959	-0.747774	0.543906	-0.380788	-176.264542	-178.097626	615.617493	
-0.532185	-0.835864	-0.134581	-0.364608	0.082811	0.927470	-0.764094	0.542655	-0.348834	-185.311920	-188.063049	620.523560	
-0.567315	-0.823415	0.012026	-0.234807	0.175741	0.956022	-0.789316	0.539542	-0.293044	-192.762054	-190.911514	628.955627	
-0.595014	-0.789797	0.148934	-0.110625	0.264025	0.958150	-0.796065	0.553637	-0.244470	-196.944504	-193.215591	630.229492	
-0.658544	-0.701985	0.271178	0.043419	0.324307	0.944954	-0.751288	0.634069	-0.183092	-196.251160	-192.713882	631.420654	
-0.664633	-0.632808	0.397263	0.208824	0.353180	0.911951	-0.717394	0.689072	-0.102590	-199.772079	-200.549194	648.962585	
-0.683952	-0.536326	0.494534	0.328725	0.378595	0.865219	-0.651267	0.754336	-0.082637	-200.408493	-204.889023	665.453979	
-0.614002	-0.438649	0.656191	0.515053	0.407300	0.754206	-0.598097	0.801059	-0.024156	-202.401566	-210.876038	683.730103	
-0.604084	-0.358289	0.711835	0.624937	0.341292	0.702121	-0.494505	0.868994	0.017738	-199.449921	-212.134613	692.525879	
-0.528972	-0.259295	0.808054	0.761682	0.274798	0.586794	-0.374203	0.925881	0.052139	-190.298401	-210.888321	694.214661	
-0.428061	-0.188165	0.883943	0.862776	0.206083	0.461678	-0.269036	0.960274	0.074128	-182.517502	-208.575516	700.544556	
-0.380289	-0.147349	0.913053	0.903320	0.152683	0.400875	-0.198475	0.977230	0.075039	-176.233185	-204.206406	707.566345	
-0.256947	-0.115070	0.959549	0.959148	0.091256	0.267783	-0.118378	0.989158	0.086920	-159.369080	-199.546783	704.446838	
-0.139865	-0.069046	0.987759	0.989564	0.025168	0.141881	-0.034655	0.997297	0.064805	-147.899292	-196.188309	729.976624	
-0.012133	-0.039712	0.999136	0.999496	-0.029799	0.010954	0.029339	0.998768	0.040054	-132.321442	-193.391205	740.884399	
0.117429	-0.022350	0.992828	0.986883	-0.108892	-0.119176	0.110776	0.993803	0.009270	-114.783607	-190.784241	745.404297	
0.192578	-0.037236	0.980574	0.959239	-0.203469	-0.196113	0.206820	0.978374	-0.003466	-105.083511	-181.474411	752.330017	
0.327321	-0.034943	0.944266	0.896855	-0.303148	-0.322103	0.297508	0.952304	-0.067888	-96.683075	-173.791183	782.157288	
0.453732	-0.063792	0.888851	0.805951	-0.396200	-0.439848	0.380222	0.915947	-0.128355	-79.043610	-165.680161	808.093567	
0.569727	-0.105079	0.815088	0.694692	-0.468340	-0.545948	0.439106	0.877279	-0.193827	-68.715187	-160.133087	842.269043	
0.662553	-0.178620	0.727405	0.561576	-0.524164	-0.640220	0.495636	0.832675	-0.246977	-49.645401	-149.119415	850.627258	
0.710583	-0.208009	0.672163	0.478753	-0.557131	-0.678527	0.515623	0.803952	-0.296302	-29.673609	-142.564743	859.565063	
0.791209	-0.251600	0.557392	0.368811	-0.530731	-0.763086	0.487818	0.809335	-0.327125	-13.432161	-128.148315	852.573608	
0.827556	-0.339486	0.447101	0.197967	-0.568785	-0.798305	0.525318	0.749156	-0.403493	0.249832	-115.503021	884.052002	
0.849856	-0.362121	0.382901	0.109830	-0.588898	-0.800709	0.515444	0.722543	-0.460705	11.452462	-109.410675	895.246277	
0.868179	-0.429046	0.249367	-0.048283	-0.573147	-0.818028	0.493896	0.698157	-0.518309	21.323212	-96.516319	910.950867	
0.876622	-0.467029	0.115829	-0.180392	-0.542141	-0.820695	0.446084	0.698547	-0.559500	30.054953	-82.434853	916.271118	
0.850223	-0.524687	0.042699	-0.278718	-0.517483	-0.809028	0.446583	0.675955	-0.586215	37.626987	-68.289932	937.834717	
0.813973	-0.580263	-0.027208	-0.369986	-0.481755	-0.794369	0.447836	0.656664	-0.606824	43.746323	-53.947147	958.222351	
0.765227	-0.635549	-0.102486	-0.461185	-0.430139	-0.776072	0.449149	0.641139	-0.622259	54.202988	-46.954945	968.386047	
0.724913	-0.647514	-0.235002	-0.558299	-0.352455	-0.751051	0.403489	0.675649	-0.617004	62.520458	-32.757553	976.652527	
0.687818	-0.659826	-0.302547	-0.620958	-0.318996	-0.715998	0.375923	0.680347	-0.629134	65.524185	-18.621572	981.341003	
0.624698	-0.692333	-0.361145	-0.674271	-0.244998	-0.696659	0.393841	0.678713	-0.619869	67.171021	-4.389358	987.020630	
0.583308	-0.693312	-0.423164	-0.717139	-0.194966	-0.669104	0.381396	0.693763	-0.610925	68.836594	8.740656	998.399658	
0.543378	-0.684320	-0.486256	-0.758529	-0.152051	-0.633651	0.359685	0.713154	-0.601697	68.305748	21.507748	1004.451660	
0.499428	-0.674015	-0.544310	-0.788408	-0.093144	-0.608060	0.359142	0.732823	-0.577917	66.381241	27.346163	1013.146851	
0.457799	-0.656699	-0.599303	-0.817463	-0.045903	-0.574149	0.349534	0.752755	-0.557841	62.744301	38.769814	1023.580078	
0.393872	-0.596110	-0.699653	-0.858871	0.032462	-0.511162	0.327422	0.802247	-0.499195	54.948357	49.782272	1024.460083	
0.348939	-0.567177	-0.746022	-0.879654	0.076302	-0.469453	0.323187	0.820054	-0.472295	49.405582	60.452736	1030.904663	
0.307449	-0.532479	-0.788631	-0.888541	0.135949	-0.438192	0.340542	0.835455	-0.431331	38.526917	70.334320	1036.056396	
0.251771	-0.500998	-0.828015	-0.894159	0.206906	-0.397074	0.370256	0.840352	-0.395879	25.240347	78.850731	1047.491211	
0.196125	-0.457652	-0.867229	-0.895379	0.276996	-0.348667	0.399788	0.844884	-0.355446	17.425169	86.425972	1047.999634	
0.140884	-0.421465	-0.895833	-0.893769	0.335048	-0.298191	0.425825	0.842681	-0.329489	1.455348	89.717140	1055.587891	
0.084005	-0.318903	-0.944056	-0.888660	0.404634	-0.215762	0.450806	0.857072	-0.249405	-16.702309	92.278229	1057.715942	
0.051843	-0.263890	-0.963157	-0.882339	0.439626	-0.167945	0.467749	0.858541	-0.210049	-35.154549	94.691292	1057.738647	
0.020045	-0.141537	-0.989729	-0.873080	0.479876	-0.086308	0.487164	0.865845	-0.113955	-45.715652	95.996101	1059.569946	
0.009686	-0.072091	-0.997350	-0.846558	0.530256	-0.046551	0.532208	0.844768	-0.055893	-54.947815	96.830521	1059.220825	
-0.008797	0.012644	-0.999880	-0.828770	0.559403	0.014365	0.559519	0.828800	0.005558	-68.702454	96.103615	1074.412720	
-0.018479	0.140527	-0.989904	-0.818260	0.566817	0.095739	0.574550	0.811770	0.104513	-87.971596	94.696007	1071.677002	
-0.010351	0.207422	-0.978196	-0.803374	0.580739	0.131643	0.595383	0.787223	0.160626	-98.178993	94.052063	1074.679077	
0.002243	0.341411	-0.939911	-0.772533	0.597409	0.215157	0.634969	0.725632	0.265092	-106.834969	90.593765	1072.249268	
0.017224	0.405179	-0.914074	-0.760220	0.599116	0.251243	0.649437	0.690572	0.318344	-115.599388	86.298088	1069.766113	
0.047327	0.463586	-0.884787	-0.730331	0.620352	0.285968	0.681451	0.632655	0.367930	-124.768707	81.542702	1072.450928	
0.076940	0.520732	-0.850246	-0.698991	0.636278	0.326434	0.710979	0.569200	0.412942	-132.959274	75.216347	1069.854248	
0.116676	0.566636	-0.815665	-0.672573	0.649373	0.354905	0.730774	0.507187	0.456870	-141.215149	67.546722	1069.994141	
0.150352	0.605160	-0.781777	-0.642562	0.660780	0.387919	0.751336	0.444018	0.488203	-147.885941	63.775482	1063.859253	
0.192408	0.644755	-0.739777	-0.611587	0.668336	0.423421	0.767424	0.370970	0.522917	-154.190277	53.917564	1062.674927	
0.226534	0.680832	-0.696527	-0.606043	0.658352	0.446410	0.762491	0.321000	0.561753	-165.158905	43.458977	1061.029053	
0.282811	0.744516	-0.604743	-0.587452	0.632845	0.504386	0.758233	0.212613	0.616343	-174.402878	32.314003	1060.861328	
0.325416	0.803859	-0.497912	-0.581217	0.585398	0.565238	0.745848	0.105458	0.657714	-176.754150	27.079498	1055.144531	
0.367062	0.845168	-0.388534	-0.593611	0.534413	0.601686	0.716163	0.009783	0.697864	-180.798996	20.523964	1048.699585	
0.398629	0.872467	-0.282663	-0.599039	0.481077	0.640089	0.694440	-0.085832	0.714413	-183.175690	13.862726	1039.128052	
0.422439	0.888564	-0.178888	-0.606502	0.423777	0.672729	0.673572	-0.175691	0.717937	-182.604691	7.277395	1035.157715	
0.469265	0.881323	-0.055331	-0.619175	0.373064	0.690972	0.629612	-0.289990	0.720760	-181.616837	1.000788	1028.675049	
0.515378	0.852014	0.091972	-0.652612	0.320656	0.686494	0.555411	-0.413827	0.721294	-180.957443	-13.406554	1029.284668	
0.522437	0.841138	0.139813	-0.649091	0.285986	0.704904	0.552937	-0.459020	0.695386	-176.055313	-20.776608	1015.232361	
0.521244	0.817107	0.246255	-0.674211	0.217372	0.705822	0.523203	-0.533934	0.664208	-165.474045	-35.797913	997.967346	
0.529021	0.794643	0.297791	-0.685251	0.193024	0.702260	0.500565	-0.575573	0.646645	-154.764847	-42.814240	983.474976	
0.545153	0.762045	0.349422	-0.694955	0.177673	0.696755	0.468876	-0.622672	0.626447	-142.590851	-49.481075	969.700134	
0.544128	0.737896	0.399292	-0.709056	0.150024	0.689006	0.448511	-0.658029	0.604843	-135.992828	-64.322906	968.386353	
