0.995536	-0.041415	0.084809	0.041670	0.999130	-0.001233	-0.084684	0.004761	0.996397	18.925087	3.889045	545.080994	
0.969233	-0.126076	0.211405	0.131077	0.991324	-0.009754	-0.208341	0.037165	0.977350	27.788944	7.490432	544.566772	
0.947111	-0.165717	0.274809	0.173049	0.984910	-0.002478	-0.270251	0.049902	0.961496	36.413326	15.411726	543.895691	
0.898270	-0.199679	0.391458	0.219955	0.975484	-0.007140	-0.380435	0.092516	0.920169	44.727139	18.161102	543.019897	
0.826053	-0.261689	0.499156	0.307778	0.951399	-0.010559	-0.472133	0.162351	0.866448	52.614426	23.940899	544.988831	
0.770908	-0.322749	0.549121	0.392682	0.919611	-0.010776	-0.501500	0.223937	0.835673	69.425621	25.762749	548.440796	
0.674214	-0.358941	0.645444	0.478971	0.877746	-0.012192	-0.562160	0.317369	0.763710	76.246925	29.250761	548.253540	
0.587200	-0.346385	0.731584	0.525014	0.850891	-0.018524	-0.616083	0.394968	0.681500	83.249985	30.322474	553.403564	
0.533428	-0.347890	0.770992	0.568364	0.822479	-0.022112	-0.626433	0.449999	0.636462	88.829628	31.185480	556.195618	
0.437046	-0.315555	0.842269	0.616949	0.786592	-0.025433	-0.654496	0.530752	0.538458	98.698303	31.006683	563.401611	
0.367719	-0.323451	0.871873	0.690813	0.722659	-0.023260	-0.622544	0.610854	0.489180	102.617973	29.551138	572.120056	
0.259064	-0.277861	0.925030	0.766313	0.642100	-0.021739	-0.587922	0.714493	0.379273	105.225357	26.842466	574.096191	
0.198330	-0.258130	0.945534	0.834431	0.550557	-0.024723	-0.514190	0.793886	0.324584	107.475372	25.144382	583.332458	
0.119968	-0.174250	0.977366	0.865107	0.501305	-0.016813	-0.487030	0.847543	0.210886	108.844788	20.474379	594.646057	
0.073149	-0.138088	0.987715	0.911810	0.410488	-0.010138	-0.404046	0.901349	0.155936	108.779541	14.798833	597.012878	
0.039054	-0.095281	0.994684	0.937955	0.346739	-0.003612	-0.344552	0.933109	0.102911	106.936836	8.148901	600.695129	
0.008587	-0.041445	0.999104	0.955967	0.293450	0.003957	-0.293352	0.955075	0.042140	102.809326	4.598851	608.493896	
-0.009348	0.011801	0.999887	0.982633	0.185433	0.006999	-0.185330	0.982585	-0.013329	99.772690	-3.994157	616.636841	
-0.023974	0.066233	0.997516	0.997646	0.065720	0.019614	-0.064258	0.995637	-0.067652	95.932182	-14.122334	622.306030	
-0.024442	0.117918	0.992723	0.998231	-0.050975	0.030633	0.054216	0.991713	-0.116463	86.269661	-24.902180	629.109314	
-0.006278	0.242469	0.970139	0.985470	-0.163177	0.047161	0.169739	0.956337	-0.237921	79.852661	-31.158857	638.117493	
0.003346	0.345463	0.938427	0.972226	-0.220741	0.077795	0.234025	0.912100	-0.336607	73.933228	-37.615719	649.132812	
0.022584	0.390837	0.920183	0.955701	-0.278629	0.094889	0.293476	0.877274	-0.379816	67.105415	-49.672447	664.558289	
0.057185	0.489189	0.870301	0.931767	-0.339201	0.129439	0.358527	0.803514	-0.475207	59.018002	-56.491520	677.878601	
0.103048	0.577405	0.809928	0.907481	-0.387966	0.161125	0.407260	0.718389	-0.563964	51.136765	-69.424149	695.120605	
0.187864	0.648248	0.737889	0.849584	-0.484233	0.209107	0.492864	0.587614	-0.641712	32.609566	-82.887566	707.920593	
0.245361	0.707099	0.663180	0.809120	-0.526172	0.261664	0.533970	0.472389	-0.701231	14.470356	-96.631439	720.734314	
0.306765	0.756722	0.577292	0.774084	-0.551271	0.311279	0.553796	0.351382	-0.754878	5.603978	-102.940468	731.029785	
0.356634	0.764957	0.536332	0.727373	-0.587621	0.354445	0.586295	0.263705	-0.765975	-3.338105	-110.189232	735.663879	
0.460666	0.765269	0.449609	0.656705	-0.634653	0.407376	0.597099	0.107595	-0.794919	-13.005735	-124.214874	741.083801	
0.519167	0.774437	0.361541	0.617681	-0.632352	0.467549	0.590709	-0.019419	-0.806651	-22.685280	-138.399628	746.787231	
0.617309	0.736703	0.276039	0.551448	-0.655436	0.516051	0.561104	-0.166342	-0.810860	-31.032793	-144.626999	763.535461	
0.669909	0.719938	0.181415	0.527257	-0.633353	0.566449	0.522708	-0.283817	-0.803881	-39.223515	-158.267838	774.475159	
0.753879	0.651243	0.086886	0.479642	-0.635898	0.604630	0.449013	-0.414143	-0.791753	-47.541451	-171.628876	780.243530	
0.791218	0.611227	-0.019369	0.478764	-0.599418	0.641469	0.380474	-0.516814	-0.766905	-55.562550	-177.953339	799.234619	
0.821574	0.564858	-0.077145	0.461275	-0.579105	0.672207	0.335027	-0.587852	-0.736333	-69.121170	-189.966644	810.461853	
0.841477	0.509042	-0.181091	0.478110	-0.545442	0.688407	0.251654	-0.665858	-0.702355	-82.187103	-201.912888	819.246460	
0.860237	0.455141	-0.229868	0.469273	-0.530355	0.706050	0.199441	-0.715239	-0.669817	-93.388840	-212.462982	831.003113	
0.871710	0.404469	-0.276635	0.469105	-0.525614	0.709697	0.141647	-0.748420	-0.647922	-102.637421	-217.114929	847.100830	
0.879172	0.287025	-0.380359	0.476174	-0.499445	0.723749	0.017766	-0.817416	-0.575773	-109.652466	-221.893448	864.139771	
0.887943	0.182453	-0.422219	0.453437	-0.501222	0.737001	-0.077157	-0.845864	-0.527787	-112.015686	-229.392349	878.576294	
0.852474	0.123879	-0.507880	0.501295	-0.469307	0.726949	-0.148298	-0.874301	-0.462172	-113.474243	-233.551559	884.544556	
0.833122	0.074955	-0.547988	0.520513	-0.441264	0.730993	-0.187016	-0.894240	-0.406642	-114.292450	-235.910522	893.779053	
0.784351	0.031217	-0.619532	0.573497	-0.417143	0.705048	-0.236424	-0.908304	-0.345089	-113.367416	-241.128708	909.402222	
0.727687	-0.009611	-0.685842	0.627989	-0.392815	0.671808	-0.275866	-0.919566	-0.279811	-112.185997	-244.963135	913.279297	
0.692519	-0.051059	-0.719591	0.655142	-0.373075	0.656965	-0.302006	-0.926394	-0.224910	-108.701485	-245.533264	918.346008	
0.628883	-0.077823	-0.773596	0.694928	-0.389958	0.604159	-0.348687	-0.917537	-0.191157	-105.137436	-247.766724	928.975769	
0.574908	-0.150437	-0.804269	0.697821	-0.423099	0.577956	-0.427232	-0.893507	-0.138265	-95.542885	-247.102859	941.083557	
0.518579	-0.206267	-0.829777	0.685047	-0.480496	0.547571	-0.511651	-0.852394	-0.107873	-90.601646	-246.324677	944.467590	
0.477895	-0.217212	-0.851138	0.711454	-0.472605	0.520075	-0.515219	-0.854085	-0.071320	-78.710510	-243.325439	948.143005	
0.413688	-0.257599	-0.873215	0.702593	-0.519639	0.486148	-0.578988	-0.814627	-0.033981	-72.156197	-240.079559	955.665161	
0.354291	-0.278466	-0.892712	0.695246	-0.559991	0.450602	-0.625389	-0.780298	-0.004798	-57.053131	-234.112503	962.608887	
0.277737	-0.255378	-0.926091	0.711176	-0.593427	0.376926	-0.645827	-0.763298	0.016802	-48.521461	-229.145248	973.631714	
0.220642	-0.211283	-0.952196	0.744313	-0.594438	0.304372	-0.630331	-0.775887	0.026103	-39.662857	-222.202271	980.465454	
0.177549	-0.200740	-0.963421	0.736818	-0.621841	0.265356	-0.652363	-0.756978	0.037501	-30.246555	-213.853592	982.506897	
0.107337	-0.158173	-0.981560	0.717645	-0.670945	0.186596	-0.688089	-0.724439	0.041495	-20.607771	-204.146378	981.923096	
0.076894	-0.133990	-0.987995	0.732596	-0.664568	0.147144	-0.676307	-0.735115	0.047060	-10.875857	-194.784241	990.431091	
0.036083	-0.068071	-0.997028	0.746860	-0.661054	0.072162	-0.664001	-0.747244	0.026987	7.857560	-188.190994	1018.549988	
-0.003420	-0.011974	-0.999923	0.684258	-0.729212	0.006392	-0.729231	-0.684183	0.010687	16.722996	-172.080154	996.821350	
-0.021468	0.055827	-0.998210	0.648051	-0.759504	-0.056414	-0.761293	-0.648102	-0.019874	25.909313	-159.187851	996.130310	
0.034641	0.136392	-0.990049	0.597278	-0.797090	-0.088911	-0.801285	-0.588255	-0.109077	41.588894	-144.659561	980.012207	
-0.014944	0.206186	-0.978399	0.601007	-0.780165	-0.173591	-0.799104	-0.590619	-0.112261	52.256279	-133.183182	1004.808899	
0.008864	0.286595	-0.958011	0.586829	-0.777217	-0.227080	-0.809662	-0.560175	-0.175072	68.190300	-119.079666	1004.866272	
0.050597	0.320154	-0.946013	0.548742	-0.800347	-0.241508	-0.834459	-0.506897	-0.216178	75.548271	-111.706810	1002.929199	
0.094706	0.343149	-0.934495	0.522818	-0.815982	-0.246646	-0.847167	-0.465211	-0.256683	88.719177	-103.951942	1001.149109	
0.125627	0.395809	-0.909700	0.550017	-0.790926	-0.268175	-0.825651	-0.466659	-0.317064	100.474045	-96.284882	1000.062927	
0.194783	0.404321	-0.893636	0.484993	-0.831616	-0.270548	-0.852550	-0.380708	-0.358078	110.354652	-81.058167	998.192078	
0.253663	0.403095	-0.879301	0.431768	-0.860632	-0.269980	-0.865582	-0.311169	-0.392354	114.344765	-65.646637	997.314941	
0.331554	0.405626	-0.851786	0.392503	-0.880315	-0.266433	-0.857912	-0.245991	-0.451082	117.179482	-51.411320	992.610229	
0.416647	0.396263	-0.818157	0.364975	-0.897191	-0.248679	-0.832586	-0.194995	-0.518438	121.403053	-44.490189	988.289001	
0.483132	0.358003	-0.799010	0.338180	-0.918064	-0.206862	-0.807600	-0.170267	-0.564616	123.260460	-29.460003	985.390686	
0.524896	0.335850	-0.782105	0.321362	-0.929051	-0.183276	-0.788169	-0.155138	-0.595585	123.580521	-15.646345	981.228394	
0.591041	0.285677	-0.754360	0.246159	-0.954455	-0.168589	-0.768164	-0.086049	-0.634444	120.005402	-2.093292	973.315735	
0.622506	0.256877	-0.739257	0.217623	-0.964160	-0.151773	-0.751750	-0.066399	-0.656098	115.244125	3.568875	965.877075	
0.667186	0.176694	-0.723632	0.132695	-0.984113	-0.117954	-0.732977	-0.017325	-0.680033	112.191185	9.358884	964.768799	
0.696968	0.135574	-0.704171	0.105452	-0.990667	-0.086360	-0.709307	-0.014065	-0.704759	104.181206	20.920589	956.517090	
0.732515	0.090703	-0.674682	0.081468	-0.995641	-0.045401	-0.675859	-0.021708	-0.736711	93.337982	25.435497	947.085632	
0.767767	-0.004281	-0.640715	0.009310	-0.999797	0.017836	-0.640662	-0.019659	-0.767571	86.752380	30.648651	937.162231	
0.796569	-0.057574	-0.601801	-0.024259	-0.997697	0.063338	-0.604061	-0.035854	-0.796131	73.406372	38.571941	933.035400	
0.810530	-0.113020	-0.574690	-0.036289	-0.989011	0.143319	-0.584573	-0.095309	-0.805724	66.018257	44.841660	929.785156	
0.828444	-0.170730	-0.533417	-0.051091	-0.971471	0.231588	-0.557738	-0.164604	-0.813532	50.218102	47.524357	921.058228	
0.824825	-0.231012	-0.516041	-0.064214	-0.945089	0.320443	-0.561731	-0.231172	-0.794367	32.178719	51.290634	906.821533	
0.804468	-0.348102	-0.481308	-0.173707	-0.912733	0.369788	-0.568029	-0.213876	-0.794733	14.416376	53.989552	897.013855	
0.768835	-0.461421	-0.442702	-0.247258	-0.852988	0.459647	-0.589710	-0.243931	-0.769897	5.695143	54.955338	881.646240	
0.709067	-0.568441	-0.417253	-0.349765	-0.797332	0.491859	-0.612282	-0.202821	-0.764183	-13.018717	54.532146	866.979492	
0.640493	-0.663638	-0.386465	-0.393153	-0.715637	0.577317	-0.659697	-0.217827	-0.719271	-32.666080	53.800102	864.961182	
0.555157	-0.750553	-0.358429	-0.410694	-0.622099	0.666576	-0.723279	-0.222849	-0.653610	-52.250546	52.839703	862.940125	
0.461037	-0.827276	-0.321029	-0.417202	-0.521369	0.744391	-0.783191	-0.209257	-0.585512	-70.799110	49.428978	859.104858	
0.408297	-0.865820	-0.289220	-0.421837	-0.459931	0.781356	-0.809536	-0.197021	-0.553023	-80.014587	44.555588	854.673340	
0.346383	-0.902934	-0.254418	-0.363612	-0.379234	0.850863	-0.864757	-0.202215	-0.459678	-88.159378	38.752090	835.145813	
0.283561	-0.936876	-0.204588	-0.384908	-0.306600	0.870542	-0.878316	-0.168103	-0.447551	-105.843666	35.360672	825.476440	
0.159324	-0.968588	-0.190923	-0.327257	-0.234275	0.915434	-0.931407	-0.083369	-0.354303	-121.280930	31.591473	805.871582	
-0.003292	-0.983429	-0.181263	-0.227035	-0.175794	0.957889	-0.973881	0.044307	-0.222694	-134.039963	25.987507	793.942017	
-0.083162	-0.982775	-0.165032	-0.120579	-0.154465	0.980613	-0.989214	0.101450	-0.105656	-146.014008	20.958672	776.145813	
-0.221036	-0.965674	-0.136438	-0.025346	-0.134163	0.990635	-0.974936	0.222424	0.005179	-150.820404	14.596399	763.447449	
-0.285582	-0.950462	-0.122735	0.085617	-0.152859	0.984532	-0.954522	0.270657	0.125030	-159.318390	8.085772	758.194397	
-0.345348	-0.931769	-0.111988	0.133715	-0.166966	0.976853	-0.928900	0.322380	0.182254	-163.490158	1.058079	749.008423	
-0.469398	-0.876806	-0.104283	0.210510	-0.225821	0.951152	-0.857526	0.424516	0.290578	-168.127441	-12.990362	733.628723	
-0.528717	-0.844512	-0.085183	0.287651	-0.272692	0.918094	-0.798571	0.460909	0.387102	-169.271896	-26.415609	719.550354	
-0.634428	-0.769627	-0.071939	0.300459	-0.331281	0.894415	-0.712198	0.545827	0.441415	-169.897308	-34.381157	716.787476	
-0.683543	-0.727165	-0.063242	0.322284	-0.378416	0.867718	-0.654906	0.572740	0.493019	-168.694839	-41.458370	712.750244	
-0.775981	-0.628937	-0.047869	0.343321	-0.484813	0.804417	-0.529136	0.607778	0.592133	-167.354416	-48.633663	706.303040	
-0.857983	-0.512568	-0.033731	0.306352	-0.563299	0.767361	-0.412326	0.648049	0.640328	-161.577393	-64.338974	695.679443	
-0.916657	-0.398289	-0.033246	0.251926	-0.640370	0.725576	-0.310279	0.656728	0.687339	-158.581467	-72.282822	681.455322	
-0.965874	-0.258999	0.002518	0.194330	-0.718210	0.668139	-0.171240	0.645827	0.744033	-154.811462	-88.538071	678.526733	
-0.980022	-0.197722	-0.021504	0.155752	-0.830209	0.535250	-0.123684	0.521208	0.844420	-143.046707	-96.664162	670.856079	
-0.990751	-0.135630	-0.004146	0.117595	-0.873452	0.472495	-0.067706	0.467637	0.881324	-128.889099	-110.471581	660.923889	
-0.999819	0.014433	0.012393	-0.009389	-0.940958	0.338391	0.016545	0.338213	0.940924	-115.038391	-117.869522	653.191528	
-0.989038	0.147077	0.013100	-0.141175	-0.967877	0.208044	0.043278	0.203913	0.978032	-106.961288	-125.470276	650.958679	
-0.975359	0.217861	0.034807	-0.211393	-0.968003	0.135207	0.063149	0.124517	0.990206	-89.313187	-132.435959	638.792297	
-0.958268	0.284003	0.032625	-0.282507	-0.958260	0.043887	0.043727	0.032839	0.998504	-80.563614	-138.353668	626.154114	
-0.910457	0.411899	0.037513	-0.412426	-0.910961	-0.007248	0.031187	-0.022070	0.999270	-71.333893	-143.681259	615.931580	
-0.880535	0.471897	0.044396	-0.473625	-0.872371	-0.121022	-0.018381	-0.127591	0.991657	-62.151749	-154.719086	604.899475	
-0.846045	0.529631	0.060810	-0.527010	-0.813699	-0.245261	-0.080417	-0.239549	0.967548	-52.301964	-159.536209	597.006287	
-0.761342	0.627985	0.161221	-0.641528	-0.693692	-0.327462	-0.093804	-0.352738	0.931009	-33.257359	-166.879608	585.106995	
-0.671483	0.739492	0.047539	-0.688033	-0.598362	-0.410577	-0.275173	-0.308404	0.910586	-23.420509	-172.801224	588.804321	
-0.561546	0.826933	0.029100	-0.710451	-0.463821	-0.529272	-0.424175	-0.317884	0.847954	-4.493687	-179.618530	581.705200	
-0.440145	0.897872	0.009833	-0.719746	-0.346236	-0.601736	-0.536877	-0.271928	0.798635	13.692711	-185.254456	577.211548	
-0.314131	0.949241	0.016173	-0.722740	-0.228060	-0.652407	-0.615604	-0.216630	0.757697	21.866701	-188.537033	565.713867	
-0.180767	0.983455	0.011757	-0.658431	-0.112128	-0.744242	-0.730610	-0.142276	0.667808	29.935822	-191.258820	567.173096	
-0.042237	0.999084	0.006816	-0.577450	-0.018844	-0.816209	-0.815332	-0.038410	0.577718	44.899590	-193.085892	566.554321	
0.098183	0.995151	-0.005784	-0.465290	0.040767	-0.884219	-0.879696	0.089506	0.467038	51.863129	-192.902344	561.194214	
0.162840	0.986623	-0.007510	-0.402254	0.059437	-0.913596	-0.900930	0.151790	0.406553	63.279308	-192.791901	558.818665	
0.233928	0.972020	-0.021297	-0.339384	0.061111	-0.938661	-0.911096	0.226806	0.344185	68.253220	-191.731369	556.010193	
0.303254	0.952256	-0.035260	-0.219324	0.033741	-0.975069	-0.927326	0.303427	0.219086	72.732849	-189.651932	554.645203	
0.367545	0.929024	-0.042698	-0.157362	0.016876	-0.987397	-0.916596	0.369631	0.152397	77.596291	-185.029495	554.484802	
0.492571	0.868887	-0.049085	-0.043598	-0.031693	-0.998547	-0.869179	0.493994	0.022271	79.110176	-182.636734	554.944702	
0.552563	0.830773	-0.067004	0.048952	-0.112600	-0.992434	-0.832032	0.545102	-0.102886	79.803978	-177.021194	556.017639	
0.610772	0.788052	-0.077013	0.090795	-0.166324	-0.981883	-0.786584	0.592713	-0.173137	79.783760	-173.107254	556.733276	
0.663175	0.742284	-0.095990	0.117521	-0.229927	-0.966087	-0.739181	0.629402	-0.239715	75.819221	-163.828171	558.049927	
0.756877	0.644545	-0.108160	0.161560	-0.344878	-0.924640	-0.633273	0.682364	-0.365163	69.624352	-158.910065	560.041748	
0.797150	0.591999	-0.118694	0.206417	-0.451944	-0.867836	-0.567401	0.667295	-0.482466	65.748253	-153.902435	560.684143	
0.831889	0.535383	-0.146034	0.190388	-0.522522	-0.831098	-0.521261	0.663578	-0.536611	60.784214	-148.426041	562.311829	
0.864000	0.473487	-0.171217	0.198336	-0.632625	-0.748631	-0.462782	0.612858	-0.640498	55.057411	-136.394928	565.078369	
0.918079	0.348836	-0.188270	0.150035	-0.745408	-0.649504	-0.366908	0.568048	-0.736682	42.489128	-130.142105	570.931396	
0.937511	0.281770	-0.204155	0.108388	-0.794018	-0.598154	-0.330643	0.538647	-0.774941	28.223045	-123.452446	575.512695	
0.951272	0.215535	-0.220514	0.086055	-0.872288	-0.481360	-0.296101	0.438928	-0.848332	20.003546	-116.682053	583.835144	
0.964639	0.079568	-0.251279	-0.034930	-0.906347	-0.421088	-0.261250	0.414975	-0.871518	2.567642	-109.785454	593.131653	
0.958490	0.012504	-0.284853	-0.094044	-0.929267	-0.357237	-0.269170	0.369197	-0.889518	-15.411987	-95.357246	599.063110	
0.944337	-0.120901	-0.305959	-0.196512	-0.953173	-0.229879	-0.263839	0.277207	-0.923875	-34.456619	-88.064468	606.235535	
0.906889	-0.248752	-0.340111	-0.297890	-0.949351	-0.099965	-0.298017	0.191973	-0.935058	-44.092091	-73.185730	612.595764	
0.850094	-0.367184	-0.377514	-0.389231	-0.920939	0.019264	-0.354740	0.130563	-0.925804	-53.844246	-65.843788	619.641235	
0.810280	-0.424316	-0.404231	-0.395183	-0.904952	0.157776	-0.432756	0.031903	-0.900947	-73.899422	-51.932369	635.825623	
0.730232	-0.524453	-0.437848	-0.481108	-0.849769	0.215472	-0.485074	0.053308	-0.872847	-93.502953	-44.641472	639.905151	
0.636550	-0.610191	-0.471668	-0.552976	-0.787415	0.272389	-0.537607	0.087431	-0.838650	-112.205208	-38.395458	653.594055	
0.580694	-0.636038	-0.508183	-0.515094	-0.770424	0.375668	-0.630454	0.043613	-0.775000	-130.962143	-32.421177	668.393250	
0.524714	-0.657906	-0.540218	-0.465927	-0.753059	0.464560	-0.712451	0.007940	-0.701677	-139.611023	-20.048252	674.720947	
0.414305	-0.703596	-0.577325	-0.503083	-0.705652	0.498964	-0.758458	0.083719	-0.646322	-147.486847	-7.129209	679.606140	
0.309547	-0.739766	-0.597434	-0.539300	-0.654052	0.530447	-0.783158	0.157997	-0.601415	-154.745834	-1.980021	689.754150	
0.197235	-0.758595	-0.620993	-0.508973	-0.620614	0.596478	-0.837881	0.198421	-0.508511	-167.233795	2.849485	692.670959	
0.142733	-0.742970	-0.653929	-0.424515	-0.642791	0.637658	-0.894100	0.186588	-0.407149	-178.905106	8.176291	706.290222	
0.031768	-0.723606	-0.689482	-0.449725	-0.626403	0.636685	-0.892602	0.289851	-0.345323	-183.277939	16.820147	712.127563	
-0.063664	-0.684711	-0.726029	-0.413492	-0.644023	0.643630	-0.908279	0.341182	-0.242121	-188.468369	21.302612	719.122314	
-0.100971	-0.637773	-0.763578	-0.391560	-0.680084	0.619813	-0.914596	0.361569	-0.181057	-191.459778	28.379126	737.221802	
-0.141645	-0.606941	-0.782023	-0.374731	-0.698323	0.609854	-0.916249	0.379431	-0.128525	-193.893570	35.218292	745.497131	
-0.183227	-0.576147	-0.796544	-0.302208	-0.738015	0.603329	-0.935467	0.351267	-0.038891	-195.633438	37.241150	764.889526	
-0.247599	-0.526625	-0.813241	-0.284148	-0.762997	0.580600	-0.926258	0.374836	0.039279	-195.027115	38.803078	772.828247	
-0.269587	-0.490901	-0.828456	-0.286145	-0.780614	0.555666	-0.919480	0.386858	0.069975	-189.741333	40.132378	783.862122	
-0.285902	-0.447782	-0.847202	-0.285249	-0.804259	0.521346	-0.914818	0.390717	0.102211	-184.663376	41.916557	789.579407	
-0.296147	-0.413223	-0.861130	-0.289159	-0.820477	0.493159	-0.910320	0.395050	0.123496	-177.434692	42.333477	801.003418	
-0.292793	-0.347505	-0.890794	-0.302122	-0.850271	0.431000	-0.907190	0.395321	0.143966	-174.170166	41.955963	821.424927	
-0.282827	-0.284935	-0.915872	-0.315348	-0.874154	0.369337	-0.905850	0.393277	0.157382	-163.051498	40.484535	828.721924	
-0.270555	-0.247029	-0.930472	-0.250927	-0.915014	0.315888	-0.929427	0.318945	0.185577	-156.463638	37.797302	840.071411	
-0.273920	-0.191858	-0.942422	-0.264538	-0.927073	0.265622	-0.924655	0.322065	0.203191	-141.736328	35.656021	852.951172	
-0.250568	-0.115789	-0.961150	-0.335311	-0.920988	0.198365	-0.908175	0.371988	0.191946	-134.678543	30.851767	876.116455	
-0.216728	-0.094435	-0.971654	-0.280929	-0.947176	0.154717	-0.934937	0.306496	0.178751	-117.479630	24.507277	885.125732	
-0.198638	-0.067840	-0.977723	-0.219663	-0.969141	0.111871	-0.955139	0.236991	0.177607	-99.620041	17.727818	897.483948	
-0.181008	-0.041473	-0.982607	-0.200164	-0.976645	0.078093	-0.962896	0.210817	0.168481	-80.727013	13.952370	905.547852	
-0.202334	-0.039187	-0.978532	-0.155778	-0.985189	0.071664	-0.966847	0.166933	0.193234	-62.239723	4.757162	950.404175	
-0.206049	-0.067274	-0.976226	-0.059562	-0.994922	0.081133	-0.976727	0.074863	0.200997	-40.880535	-1.470363	962.284912	
-0.045758	-0.019623	-0.998760	-0.034545	-0.999178	0.021213	-0.998355	0.035472	0.045043	-30.184622	-8.065047	932.636902	
0.084468	-0.020479	-0.996216	-0.214399	-0.976744	0.001900	-0.973086	0.213426	-0.086894	-20.534607	-16.188969	937.986023	
0.162953	0.001376	-0.986633	-0.251432	-0.966925	-0.042875	-0.954058	0.255058	-0.157217	-3.790674	-21.738802	958.564819	
0.246352	-0.083815	-0.965550	-0.287827	-0.957633	0.009692	-0.925454	0.275523	-0.260038	16.524725	-27.721935	960.080200	
0.265818	-0.168901	-0.949112	-0.404922	-0.913033	0.049074	-0.874859	0.371271	-0.311092	26.701628	-34.890419	967.381287	
0.276802	-0.210382	-0.937615	-0.355566	-0.928907	0.103458	-0.892722	0.304746	-0.331928	34.861427	-47.922279	969.467224	
0.323488	-0.274448	-0.905558	-0.296221	-0.938282	0.178549	-0.898670	0.210486	-0.384820	50.771343	-61.314598	975.451660	
0.338959	-0.324635	-0.883018	-0.244834	-0.936678	0.250380	-0.908384	0.131323	-0.396976	64.439285	-68.449585	990.064453	
0.308582	-0.393297	-0.866081	-0.312247	-0.901943	0.298330	-0.898486	0.178371	-0.401129	76.960060	-82.844475	990.047180	
0.289129	-0.488820	-0.823080	-0.393071	-0.844598	0.363523	-0.872868	0.218424	-0.436338	86.585220	-89.540176	990.802246	
0.235545	-0.558712	-0.795211	-0.387522	-0.804365	0.450359	-0.891260	0.202082	-0.405977	91.816864	-103.907158	996.139038	
0.161799	-0.616270	-0.770736	-0.437472	-0.744880	0.503759	-0.884556	0.255667	-0.390121	94.712379	-111.277649	997.324646	
0.132552	-0.688560	-0.712963	-0.434619	-0.686847	0.582536	-0.890806	0.232650	-0.390304	97.324028	-117.627258	995.952332	
0.093410	-0.726097	-0.681219	-0.417539	-0.649704	0.635253	-0.903844	0.225096	-0.363863	99.178680	-131.822937	1003.995605	
-0.005496	-0.760798	-0.648965	-0.439823	-0.580992	0.684839	-0.898067	0.289194	-0.331423	99.621971	-144.974747	1006.589294	
-0.105200	-0.783715	-0.612146	-0.452112	-0.510574	0.731375	-0.885735	0.353699	-0.300614	98.953247	-151.276962	1008.904785	
-0.162983	-0.801857	-0.574859	-0.359899	-0.494183	0.791364	-0.918645	0.335869	-0.208044	97.059723	-162.500015	1005.819946	
-0.222876	-0.813968	-0.536453	-0.323231	-0.457460	0.828404	-0.919699	0.358029	-0.161143	90.163361	-173.930740	1006.508972	
-0.337340	-0.825715	-0.452103	-0.287200	-0.367086	0.884740	-0.896502	0.428302	-0.113311	85.829567	-179.523315	1007.901794	
-0.395408	-0.822868	-0.408094	-0.176208	-0.368091	0.912941	-0.901444	0.432893	0.000551	75.578316	-184.942810	1008.878357	
-0.518178	-0.771119	-0.369955	-0.095863	-0.377467	0.921048	-0.849882	0.512732	0.121675	62.856060	-187.857605	998.554504	
-0.650107	-0.707290	-0.277672	0.009567	-0.373024	0.927773	-0.759782	0.600494	0.249274	55.911476	-192.143250	999.098633	
-0.742389	-0.643672	-0.185862	0.081132	-0.361750	0.928738	-0.665038	0.674405	0.320783	48.406586	-200.196838	1003.706787	
-0.826629	-0.555943	-0.087245	0.148437	-0.364949	0.919119	-0.542816	0.746820	0.384201	39.874523	-202.787598	999.183594	
-0.897284	-0.441209	0.014663	0.234628	-0.448500	0.862437	-0.373938	0.777291	0.505954	30.521469	-207.053162	996.412231	
-0.941406	-0.332274	0.057860	0.245337	-0.556923	0.793503	-0.231436	0.761203	0.605811	11.760411	-210.060669	988.978149	
-0.957494	-0.267481	0.107970	0.255491	-0.612686	0.747890	-0.133894	0.743686	0.654984	2.246822	-211.806137	988.458313	
-0.965455	-0.216293	0.145307	0.254843	-0.667529	0.699614	-0.054325	0.712476	0.699591	-16.938616	-210.761536	977.297607	
-0.966932	-0.139910	0.213230	0.247506	-0.716419	0.652291	0.061500	0.683497	0.727359	-27.113354	-211.191742	978.152588	
-0.949569	-0.099031	0.297508	0.271839	-0.732878	0.623693	0.156272	0.673114	0.722840	-45.117676	-209.787048	964.217163	
-0.905267	0.053856	0.421415	0.157336	-0.878901	0.450308	0.394633	0.473953	0.787169	-56.638355	-209.812286	972.292847	
-0.841554	0.155626	0.517270	0.056537	-0.926962	0.370868	0.537205	0.341351	0.771292	-66.493744	-205.062592	960.574768	
-0.775546	0.260502	0.575037	-0.121783	-0.955517	0.268620	0.619432	0.138299	0.772772	-76.415573	-203.365250	949.294556	
-0.713576	0.338226	0.613525	-0.309329	-0.937863	0.157256	0.628589	-0.077566	0.773860	-92.586769	-197.059738	942.574463	
-0.671140	0.361997	0.646939	-0.395710	-0.912883	0.100293	0.626884	-0.188688	0.755918	-101.409195	-194.481308	932.026855	
-0.590479	0.424840	0.686183	-0.532721	-0.843864	0.064045	0.606253	-0.327726	0.724605	-109.820717	-190.572891	927.173645	
-0.469264	0.436994	0.767352	-0.697055	-0.716790	-0.018076	0.542129	-0.543368	0.640972	-122.447815	-180.893005	918.710632	
-0.383703	0.459348	0.801107	-0.809663	-0.584530	-0.052637	0.444090	-0.668823	0.596203	-129.030762	-171.416565	917.963623	
-0.302885	0.468039	0.830182	-0.916693	-0.381312	-0.119473	0.260639	-0.797208	0.544542	-133.772232	-161.377701	907.181091	
-0.248015	0.440515	0.862808	-0.961691	-0.219315	-0.164467	0.116776	-0.870545	0.478033	-140.734207	-148.598007	894.979126	
-0.172252	0.370221	0.912835	-0.984572	-0.035780	-0.171277	-0.030750	-0.928254	0.370673	-142.530624	-135.294525	886.558899	
-0.122920	0.269733	0.955059	-0.973603	0.153716	-0.168720	-0.192317	-0.950587	0.243718	-144.056412	-122.098648	877.352417	
-0.054430	0.181094	0.981959	-0.938696	0.325992	-0.112151	-0.340421	-0.927866	0.152248	-143.837387	-107.568047	857.780151	
-0.027508	0.131700	0.990909	-0.884826	0.458019	-0.085437	-0.465107	-0.879132	0.103933	-142.834579	-101.213852	857.662170	
-0.008701	0.070552	0.997471	-0.816284	0.575666	-0.047837	-0.577584	-0.814636	0.052581	-139.157486	-94.491730	851.210999	
0.001996	-0.044187	0.999022	-0.705835	0.707620	0.032709	-0.708372	-0.705211	-0.029777	-133.279495	-79.554527	834.985840	
-0.009052	-0.104600	0.994474	-0.519746	0.850113	0.084686	-0.854272	-0.516108	-0.062061	-129.316422	-71.696289	825.384583	
-0.034884	-0.229119	0.972773	-0.358427	0.911480	0.201830	-0.932905	-0.341628	-0.113918	-118.520210	-63.608150	807.414001	
-0.063069	-0.278307	0.958419	-0.254402	0.933090	0.254212	-0.965039	-0.227791	-0.129651	-112.913078	-55.613575	804.744385	
-0.115092	-0.386417	0.915115	-0.164247	0.915960	0.366117	-0.979681	-0.108169	-0.168887	-106.030624	-41.028934	800.618958	
-0.157433	-0.428274	0.889830	-0.071695	0.903645	0.422239	-0.984923	0.002677	-0.172968	-98.231377	-26.636274	787.921509	
-0.201745	-0.468714	0.860004	0.080775	0.867105	0.491533	-0.976101	0.168631	-0.137072	-81.453278	-12.118649	768.675903	
-0.269977	-0.489756	0.829006	0.277531	0.784857	0.554055	-0.922002	0.379657	-0.075970	-72.583870	-5.690907	763.156860	
-0.328547	-0.514212	0.792239	0.355109	0.710006	0.608104	-0.875187	0.481122	-0.050668	-63.092651	1.474958	751.084900	
-0.391837	-0.525829	0.754963	0.473842	0.588042	0.655501	-0.788629	0.614582	0.018744	-52.425289	8.130193	731.358093	
-0.395085	-0.570364	0.720134	0.500331	0.523840	0.689391	-0.770438	0.632674	0.078410	-33.758453	20.213001	719.236816	
-0.533444	-0.579534	0.616100	0.546395	0.319916	0.774020	-0.645670	0.749529	0.145999	-23.175529	30.336313	709.225342	
-0.612190	-0.600095	0.514888	0.555498	0.137004	0.820153	-0.562711	0.788109	0.249480	-13.436213	34.837589	696.021179	
-0.700838	-0.548241	0.456353	0.571066	-0.047865	0.819507	-0.427443	0.834950	0.346629	-2.893943	43.032654	691.526184	
-0.754610	-0.518883	0.401652	0.544140	-0.152759	0.824970	-0.366706	0.841086	0.397620	7.425614	46.601910	677.637634	
-0.828700	-0.447760	0.335808	0.500953	-0.325820	0.801802	-0.249602	0.832677	0.494316	17.405910	50.373478	668.491211	
-0.906071	-0.366951	0.210667	0.385368	-0.510093	0.768957	-0.174710	0.777916	0.603593	35.352116	53.610516	654.468140	
-0.943642	-0.320163	0.083862	0.281170	-0.641851	0.713421	-0.174585	0.696795	0.695700	51.085934	56.263756	645.824951	
-0.975912	-0.217880	0.011065	0.173725	-0.745465	0.643508	-0.131960	0.629929	0.765361	58.256432	57.953918	641.722778	
-0.984870	-0.164070	-0.055761	0.097877	-0.792239	0.602310	-0.142998	0.587740	0.796313	71.926880	59.208309	637.494446	
-0.986934	-0.107956	-0.119600	0.023249	-0.829974	0.557317	-0.159431	0.547255	0.821641	82.852959	59.339970	628.787720	
-0.982570	0.002319	-0.185869	-0.090794	-0.878518	0.469003	-0.162202	0.477705	0.863417	91.963234	58.177544	620.068909	
-0.966719	0.055844	-0.249664	-0.160009	-0.893437	0.419724	-0.199620	0.445705	0.872640	95.790878	56.779854	610.888123	
-0.937310	0.156608	-0.311321	-0.271660	-0.887906	0.371246	-0.218284	0.432547	0.874790	98.312126	53.153908	599.603394	
-0.893938	0.251741	-0.370807	-0.376452	-0.870729	0.316411	-0.243219	0.422443	0.873148	99.823898	50.780640	596.930664	
-0.855069	0.292519	-0.428119	-0.414768	-0.881363	0.226201	-0.311161	0.370988	0.874956	100.904068	44.869804	594.315735	
-0.810095	0.326902	-0.486701	-0.458463	-0.870641	0.178314	-0.365450	0.367586	0.855177	99.379700	37.850330	587.794189	
-0.725746	0.339226	-0.598511	-0.483966	-0.870054	0.093719	-0.488945	0.357676	0.795614	95.770866	28.997910	585.239563	
-0.649367	0.391875	-0.651732	-0.554812	-0.830248	0.053588	-0.520099	0.396388	0.756554	92.778084	19.868546	581.366882	
-0.530126	0.401064	-0.747070	-0.619543	-0.784748	0.018344	-0.578903	0.472567	0.664494	85.076851	14.007904	579.623596	
-0.406479	0.382231	-0.829864	-0.674162	-0.738516	-0.009940	-0.616666	0.555422	0.557879	74.805534	7.688878	573.735168	
-0.348144	0.362570	-0.864487	-0.653507	-0.755028	-0.053482	-0.672102	0.546329	0.499803	63.302265	0.979591	572.655701	
-0.290457	0.319036	-0.902137	-0.630082	-0.773311	-0.070612	-0.720158	0.547911	0.425634	49.593628	-5.945032	564.544495	
-0.231228	0.258404	-0.937956	-0.624999	-0.778289	-0.060338	-0.745591	0.572270	0.341466	35.164444	-17.601395	554.240295	
-0.140492	0.216060	-0.966220	-0.608295	-0.788824	-0.087942	-0.781176	0.575391	0.242253	26.015741	-27.361679	570.440125	
-0.074337	0.190557	-0.978858	-0.624172	-0.774420	-0.103357	-0.777740	0.603293	0.176509	9.236398	-36.584049	585.776306	
-0.016559	0.009236	-0.999821	-0.617519	-0.786550	0.002963	-0.786380	0.617458	0.018728	-0.094641	-42.844429	567.935303	
-0.138781	0.070109	-0.987839	-0.569003	-0.822052	0.021597	-0.810538	0.565081	0.153978	-17.537798	-57.960407	612.292358	
0.076296	-0.201475	-0.976518	-0.571984	-0.811044	0.122645	-0.816709	0.549195	-0.177120	-40.778900	-67.055496	573.033997	
0.073499	-0.272293	-0.959403	-0.621062	-0.765193	0.169594	-0.780308	0.583384	-0.225352	-61.751598	-82.858101	575.432007	
0.099841	-0.372559	-0.922622	-0.716211	-0.670585	0.193281	-0.690705	0.641495	-0.333783	-86.277176	-101.526634	625.823486	
0.029271	-0.528043	-0.848713	-0.688772	-0.625979	0.365710	-0.724388	0.573865	-0.382024	-93.131172	-104.297997	581.005127	
-0.017690	-0.643643	-0.765121	-0.683892	-0.550441	0.478860	-0.729369	0.531732	-0.430445	-103.394821	-112.092628	583.486694	
-0.051876	-0.693427	-0.718657	-0.653392	-0.520656	0.549542	-0.755241	0.498074	-0.426070	-122.126350	-119.170807	584.910767	
-0.130921	-0.777911	-0.614584	-0.628411	-0.414356	0.658337	-0.766785	0.472403	-0.434600	-131.225418	-132.799149	591.109863	
-0.214952	-0.801056	-0.558664	-0.627795	-0.324853	0.707350	-0.748111	0.502773	-0.433071	-147.486130	-145.815506	596.185913	
-0.301014	-0.811979	-0.500081	-0.585454	-0.256592	0.769028	-0.752751	0.524263	-0.398139	-154.614349	-157.927994	597.434875	
-0.363693	-0.852641	-0.375141	-0.497748	-0.162527	0.851958	-0.787385	0.496577	-0.365291	-168.354889	-169.513977	606.070129	
-0.460695	-0.853653	-0.242973	-0.429948	-0.024848	0.902511	-0.776470	0.520249	-0.355579	-174.803223	-175.156265	613.153442	
-0.510291	-0.853830	-0.102848	-0.310735	0.071543	0.947800	-0.801903	0.515613	-0.301822	-184.520981	-184.939316	620.529297	
-0.550576	-0.834033	0.035448	-0.208655	0.178608	0.961541	-0.808289	0.522005	-0.272363	-192.757889	-189.612350	628.767212	
-0.580235	-0.795882	0.172917	-0.095788	0.277523	0.955932	-0.808797	0.538102	-0.237265	-198.286697	-193.328064	632.338623	
-0.624882	-0.716109	0.310984	0.066432	0.348114	0.935095	-0.777888	0.604984	-0.169958	-201.928009	-196.477722	645.521362	
-0.648691	-0.622220	0.438227	0.232602	0.386171	0.892619	-0.724636	0.680967	-0.105777	-202.284943	-202.072891	649.421814	
-0.648219	-0.518105	0.558014	0.379944	0.415007	0.826688	-0.659891	0.747888	-0.072165	-201.424683	-205.611938	663.103149	
-0.600694	-0.439430	0.667883	0.523155	0.415654	0.744003	-0.604546	0.796325	-0.019791	-199.922531	-207.196945	672.487549	
-0.594723	-0.363707	0.716953	0.631107	0.341224	0.696614	-0.498005	0.866767	0.026604	-196.899918	-208.918137	681.404297	
-0.528454	-0.264211	0.806802	0.760142	0.275937	0.588255	-0.378050	0.924150	0.055017	-188.891541	-208.332092	686.460999	
-0.440090	-0.177851	0.880165	0.856617	0.210826	0.470916	-0.269315	0.961209	0.059567	-183.787323	-206.503220	700.567444	
-0.385997	-0.136386	0.912363	0.900160	0.160653	0.404850	-0.201790	0.977543	0.060757	-178.290283	-204.153000	711.580505	
-0.268252	-0.078846	0.960117	0.958086	0.082207	0.274436	-0.100567	0.993492	0.053488	-164.549881	-201.316193	723.040955	
-0.136008	-0.039106	0.989936	0.990186	0.027089	0.137112	-0.032179	0.998868	0.035037	-148.867294	-197.022354	738.704773	
-0.002247	-0.000825	0.999997	0.999196	-0.040050	0.002213	0.040047	0.999198	0.000914	-132.278320	-194.433258	750.996338	
0.135751	0.016793	0.990601	0.977980	-0.162249	-0.131270	0.158519	0.986607	-0.038449	-114.831146	-190.584656	765.012146	
0.209890	0.020269	0.977515	0.944393	-0.263035	-0.197324	0.253121	0.964574	-0.074351	-105.235947	-183.586334	778.110168	
0.345100	0.017484	0.938403	0.886655	-0.333981	-0.319846	0.307816	0.942418	-0.130759	-94.293076	-173.453659	789.950745	
0.472250	-0.011851	0.881386	0.802483	-0.407921	-0.435458	0.364696	0.912941	-0.183130	-75.339432	-163.260178	805.697693	
0.582804	-0.052040	0.810946	0.702962	-0.468349	-0.535252	0.407660	0.882010	-0.236373	-64.812057	-158.510986	830.126648	
0.683900	-0.115330	0.720404	0.570158	-0.531588	-0.626367	0.455197	0.839116	-0.297796	-45.343018	-147.880951	839.293823	
0.728617	-0.146134	0.669152	0.491687	-0.568548	-0.659543	0.476827	0.809567	-0.342402	-25.207916	-141.387421	848.579834	
0.794784	-0.229916	0.561659	0.343500	-0.592540	-0.728632	0.500329	0.772033	-0.391965	-6.254231	-129.164017	864.334106	
0.850071	-0.285352	0.442670	0.208481	-0.589535	-0.780374	0.483651	0.755661	-0.441655	3.407875	-116.054764	870.071106	
0.861546	-0.334660	0.381763	0.107337	-0.614901	-0.781265	0.496205	0.714073	-0.493844	13.099064	-109.234909	878.572327	
0.875362	-0.413454	0.250599	-0.047853	-0.589882	-0.806071	0.481097	0.693611	-0.536145	21.081888	-95.200211	889.787048	
0.878670	-0.462755	0.117476	-0.182068	-0.552239	-0.813563	0.441355	0.693464	-0.569487	29.176353	-81.274567	900.516174	
0.848507	-0.526813	0.050052	-0.275057	-0.519856	-0.808761	0.452086	0.672472	-0.586005	36.049095	-67.073509	917.841187	
0.803610	-0.595028	-0.012451	-0.368672	-0.481263	-0.795279	0.467220	0.643684	-0.606117	42.484737	-52.773594	936.397583	
0.756040	-0.650239	-0.074792	-0.452978	-0.437320	-0.776894	0.472458	0.621242	-0.625175	52.597713	-45.684284	949.885498	
0.719316	-0.660063	-0.216569	-0.555673	-0.359603	-0.749610	0.416910	0.659548	-0.625446	60.642502	-31.817663	955.067871	
0.681707	-0.675738	-0.280456	-0.615283	-0.322098	-0.719501	0.395859	0.663048	-0.635346	63.695728	-18.283342	962.516113	
0.619482	-0.707223	-0.340704	-0.668932	-0.248436	-0.700580	0.410822	0.661904	-0.626985	65.040955	-3.978215	966.784241	
0.582406	-0.704448	-0.405656	-0.711925	-0.201134	-0.672838	0.392388	0.680661	-0.618655	67.032257	9.010056	980.751404	
0.545341	-0.696603	-0.466206	-0.748222	-0.153834	-0.645369	0.377847	0.700772	-0.605105	66.255081	21.146317	984.922363	
0.501262	-0.686758	-0.526404	-0.784854	-0.104698	-0.610775	0.364340	0.719308	-0.591485	64.180008	26.479050	993.859619	
0.458727	-0.669582	-0.584149	-0.814943	-0.054996	-0.576928	0.354175	0.740700	-0.570899	61.000278	37.698639	1006.587097	
0.393455	-0.607569	-0.689966	-0.860798	0.020078	-0.508552	0.322833	0.794014	-0.515094	53.391937	49.148399	1010.171936	
0.347498	-0.581188	-0.735844	-0.883242	0.060621	-0.464985	0.314851	0.811509	-0.492264	47.777164	59.170662	1014.300964	
0.302256	-0.544988	-0.782067	-0.902799	0.099653	-0.418361	0.305937	0.832501	-0.461894	37.231281	67.664749	1017.509583	
0.246563	-0.510807	-0.823579	-0.908219	0.174729	-0.380275	0.338150	0.841753	-0.420843	23.856798	76.297737	1026.473267	
0.186939	-0.487168	-0.853066	-0.910325	0.240517	-0.336841	0.369275	0.839536	-0.398519	16.112160	83.766411	1029.486816	
0.147725	-0.430578	-0.890382	-0.904271	0.305834	-0.297928	0.400590	0.849158	-0.344180	0.400045	87.131096	1034.192383	
0.096596	-0.324884	-0.940808	-0.898036	0.379139	-0.223131	0.429189	0.866433	-0.255134	-16.943420	90.165070	1040.091553	
0.072721	-0.263286	-0.961973	-0.899680	0.398968	-0.177208	0.430453	0.878354	-0.207860	-34.624535	91.909393	1034.858276	
0.037112	-0.146138	-0.988568	-0.897509	0.430134	-0.097280	0.439433	0.890859	-0.115197	-44.328407	93.072464	1039.025146	
0.015030	-0.084271	-0.996330	-0.874134	0.482675	-0.054012	0.485454	0.871737	-0.066409	-53.647182	93.316406	1035.055298	
-0.002337	0.043740	-0.999041	-0.851305	0.524079	0.024936	0.524667	0.850547	0.036011	-64.274727	94.173813	1042.958374	
-0.008832	0.169580	-0.985477	-0.831948	0.545525	0.101329	0.554785	0.820760	0.136263	-83.963211	93.696266	1048.700806	
-0.011989	0.233300	-0.972331	-0.805494	0.573920	0.147637	0.592484	0.784977	0.181041	-94.961586	92.873131	1056.905396	
0.006729	0.354751	-0.934937	-0.767292	0.601400	0.222670	0.641263	0.715871	0.276244	-104.985687	89.861809	1061.418945	
0.016874	0.417939	-0.908319	-0.751304	0.604726	0.264290	0.659741	0.677964	0.324203	-115.105148	85.983414	1064.982544	
0.040678	0.468710	-0.882416	-0.718417	0.627506	0.300191	0.694424	0.621731	0.362255	-123.792007	81.105759	1064.674561	
0.074306	0.525646	-0.847453	-0.681168	0.647420	0.341846	0.728347	0.551856	0.406161	-132.057953	74.895279	1060.402954	
0.110909	0.577437	-0.808868	-0.657220	0.653130	0.376142	0.745494	0.489886	0.451942	-139.855209	67.117432	1058.108643	
0.149213	0.618086	-0.771820	-0.617870	0.667689	0.415245	0.771993	0.414924	0.481525	-146.705093	63.369415	1052.169922	
0.190607	0.656489	-0.729857	-0.583365	0.673717	0.453642	0.789529	0.339305	0.511388	-152.196014	53.691620	1046.153442	
0.225010	0.690882	-0.687062	-0.573532	0.663956	0.479817	0.787676	0.286088	0.545639	-162.737671	42.860451	1042.263428	
0.278940	0.758020	-0.589575	-0.558766	0.627428	0.542324	0.781009	0.178158	0.598571	-171.251205	31.553576	1040.020996	
0.309972	0.804914	-0.505997	-0.563621	0.584179	0.584010	0.765670	0.104163	0.634745	-173.947708	26.363216	1034.366089	
0.351988	0.843677	-0.405357	-0.571073	0.536698	0.621154	0.741607	0.012849	0.670713	-178.110641	19.983845	1026.737061	
0.389733	0.872776	-0.293889	-0.581949	0.480733	0.655921	0.713754	-0.084606	0.695269	-180.472015	13.318432	1017.918457	
0.420171	0.891032	-0.171813	-0.599373	0.414663	0.684695	0.681330	-0.184709	0.708290	-179.826126	6.465380	1014.516541	
0.458997	0.886630	-0.056651	-0.609860	0.360802	0.705616	0.646061	-0.289326	0.706327	-177.349472	0.344592	1001.578308	
0.492851	0.867813	0.063248	-0.633245	0.307882	0.710078	0.596742	-0.390014	0.701278	-173.956329	-12.961557	994.365356	
0.506749	0.852250	0.129908	-0.644555	0.274482	0.713589	0.572500	-0.445343	0.688415	-170.832458	-20.342762	985.481750	
0.510423	0.826501	0.237412	-0.669061	0.208259	0.713433	0.540211	-0.522996	0.659280	-162.452881	-35.147213	977.524963	
0.518933	0.801711	0.296596	-0.680755	0.177743	0.710620	0.516994	-0.570674	0.638006	-152.102188	-42.385353	964.438843	
0.538376	0.765584	0.352184	-0.692857	0.164243	0.702121	0.479689	-0.622019	0.618865	-140.226425	-48.970524	950.766418	
0.541573	0.735827	0.406520	-0.706453	0.136253	0.694522	0.455659	-0.663321	0.593618	-132.897888	-63.087414	943.781616	
