0.996768	-0.042710	0.068038	0.043447	0.999011	-0.009397	-0.067570	0.012323	0.997639	18.977846	4.253038	547.369385	
0.970868	-0.126894	0.203255	0.132352	0.991111	-0.013436	-0.199744	0.039946	0.979034	27.512585	7.897451	545.918274	
0.951869	-0.164685	0.258503	0.174758	0.984476	-0.016317	-0.251803	0.060707	0.965873	35.998840	15.806591	547.475769	
0.898275	-0.198667	0.391961	0.220657	0.975285	-0.011362	-0.380016	0.096695	0.919912	44.051441	18.549212	546.567261	
0.814788	-0.262151	0.517105	0.307543	0.951531	-0.002200	-0.491465	0.160825	0.855919	51.320469	23.892305	547.025085	
0.766016	-0.325095	0.554557	0.396413	0.918024	-0.009401	-0.506040	0.227035	0.832093	68.796471	26.037800	550.755188	
0.671058	-0.360948	0.647609	0.481576	0.876340	-0.010581	-0.563707	0.318974	0.761899	76.137039	29.476025	552.194336	
0.586782	-0.348380	0.730971	0.528802	0.848507	-0.020094	-0.613234	0.398329	0.682113	83.163193	30.277283	557.089783	
0.536011	-0.352890	0.766917	0.573882	0.818573	-0.024436	-0.619154	0.453217	0.641281	88.921371	31.319134	560.570068	
0.440679	-0.323099	0.837502	0.621790	0.782779	-0.025188	-0.647440	0.531850	0.545854	99.160805	31.330450	568.837463	
0.369974	-0.328512	0.869022	0.699621	0.713966	-0.027957	-0.611268	0.618329	0.493983	102.626144	29.665363	575.931946	
0.266078	-0.281378	0.921971	0.770590	0.636713	-0.028070	-0.579132	0.717930	0.386242	105.857445	27.161606	580.077026	
0.207604	-0.259348	0.943207	0.839343	0.542436	-0.035592	-0.502398	0.799063	0.330293	108.162064	25.283678	589.091675	
0.143879	-0.175489	0.973911	0.870031	0.491372	-0.039992	-0.471535	0.853087	0.223378	110.193367	21.106754	600.024963	
0.087747	-0.135428	0.986894	0.914267	0.404290	-0.025810	-0.395497	0.904549	0.159292	110.718269	14.755741	604.536560	
0.053619	-0.082403	0.995156	0.940528	0.338963	-0.022608	-0.335458	0.937184	0.095677	108.908623	8.013000	608.269226	
0.026889	-0.034692	0.999036	0.959861	0.280015	-0.016110	-0.279186	0.959369	0.040828	105.087654	4.531488	619.226624	
0.005873	0.021663	0.999748	0.985547	0.169139	-0.009454	-0.169302	0.985354	-0.020357	102.177109	-4.380384	627.733276	
-0.011571	0.065590	0.997779	0.998660	0.051103	0.008222	-0.050450	0.996537	-0.066094	97.187195	-14.287241	633.731384	
-0.009989	0.127487	0.991790	0.997812	-0.063559	0.018221	0.065360	0.989802	-0.126573	86.869240	-25.827305	637.613647	
-0.004019	0.236943	0.971515	0.981084	-0.187100	0.049690	0.193544	0.953337	-0.231709	80.852829	-31.874943	647.329102	
0.015788	0.342751	0.939293	0.968325	-0.239367	0.071070	0.249195	0.908419	-0.335674	74.355560	-38.261662	657.287415	
0.042542	0.394396	0.917955	0.948995	-0.303248	0.086310	0.312408	0.867463	-0.387180	67.780579	-50.715282	675.056030	
0.075648	0.489629	0.868643	0.930056	-0.348763	0.115592	0.359547	0.799142	-0.481765	59.826916	-57.509319	686.885437	
0.111976	0.566792	0.816216	0.910356	-0.387812	0.144412	0.398389	0.726876	-0.559408	53.136044	-71.716949	710.266235	
0.187729	0.640339	0.744798	0.848810	-0.487324	0.205031	0.494246	0.593701	-0.635011	34.045532	-84.912491	718.352661	
0.222272	0.759388	0.611495	0.782904	-0.512811	0.352260	0.581083	0.400443	-0.708511	18.224804	-98.021362	724.073608	
0.287085	0.788414	0.544045	0.750813	-0.537906	0.383325	0.594863	0.298429	-0.746376	8.717496	-103.812401	728.763062	
0.344626	0.786817	0.512008	0.716646	-0.572807	0.397884	0.606343	0.229807	-0.761273	-0.931670	-111.157951	735.670898	
0.454895	0.779645	0.430378	0.652384	-0.620704	0.434882	0.606191	0.082945	-0.790982	-11.668721	-125.312027	744.124756	
0.519060	0.779428	0.350811	0.625996	-0.626116	0.464875	0.581984	-0.021692	-0.812911	-21.970589	-140.533310	754.791748	
0.619999	0.740357	0.259754	0.566369	-0.651423	0.504852	0.542980	-0.165891	-0.823197	-30.791632	-147.021637	772.765015	
0.673019	0.722701	0.157313	0.546334	-0.629130	0.552916	0.498563	-0.286178	-0.818253	-39.469200	-160.859695	784.083252	
0.752492	0.655149	0.067354	0.497984	-0.632920	0.592812	0.431010	-0.412544	-0.802520	-47.966103	-173.426331	788.785400	
0.793266	0.607783	-0.036451	0.490944	-0.603061	0.628723	0.360146	-0.516639	-0.776775	-56.318951	-179.870682	808.155518	
0.822720	0.562139	-0.084443	0.468948	-0.587224	0.659740	0.321279	-0.582380	-0.746735	-70.417862	-193.253418	824.698608	
0.839627	0.507972	-0.192330	0.483979	-0.538933	0.689432	0.246559	-0.671949	-0.698350	-83.353523	-205.370682	831.813354	
0.860838	0.455299	-0.227289	0.464290	-0.519876	0.717054	0.208312	-0.722794	-0.658919	-95.320114	-216.245361	845.655457	
0.872324	0.403971	-0.275423	0.464665	-0.509724	0.724064	0.152111	-0.759598	-0.632355	-105.478333	-221.747574	864.225769	
0.878537	0.290973	-0.378824	0.477162	-0.497816	0.724222	0.022145	-0.817015	-0.576190	-112.578476	-225.412170	879.327209	
0.889162	0.184519	-0.418740	0.451906	-0.497923	0.740172	-0.071924	-0.847363	-0.526119	-115.130516	-232.833618	891.909058	
0.856300	0.122143	-0.501828	0.496125	-0.464614	0.733482	-0.143566	-0.877048	-0.458447	-116.518913	-237.605377	899.115723	
0.835543	0.070100	-0.544935	0.515241	-0.444366	0.732849	-0.190777	-0.893098	-0.407405	-117.057678	-239.537537	907.593872	
0.792573	0.025382	-0.609249	0.560697	-0.423064	0.711785	-0.239685	-0.905744	-0.349540	-116.126984	-243.826874	920.092957	
0.730849	-0.021086	-0.682214	0.619945	-0.397634	0.676430	-0.285534	-0.917302	-0.277538	-114.830994	-248.485840	925.806885	
0.696998	-0.061373	-0.714442	0.647557	-0.374079	0.663880	-0.308002	-0.925363	-0.220989	-111.292831	-250.555450	934.404358	
0.627482	-0.088687	-0.773564	0.689596	-0.398035	0.605003	-0.361561	-0.913073	-0.188601	-107.422333	-251.688583	942.036499	
0.577432	-0.154231	-0.801738	0.689530	-0.433701	0.580047	-0.437176	-0.887759	-0.144086	-97.482925	-251.786606	955.938110	
0.512056	-0.214757	-0.831672	0.680450	-0.489479	0.545344	-0.524202	-0.845156	-0.104509	-92.225296	-250.932785	958.367065	
0.475795	-0.221972	-0.851086	0.702255	-0.486745	0.519539	-0.529584	-0.844871	-0.075710	-80.098183	-248.259766	963.009827	
0.412711	-0.254194	-0.874674	0.704696	-0.519326	0.483432	-0.577126	-0.815895	-0.035202	-73.524498	-244.827988	969.214111	
0.356871	-0.268217	-0.894820	0.701118	-0.556099	0.446307	-0.617316	-0.786646	-0.010405	-58.319736	-239.716431	981.853699	
0.282959	-0.245109	-0.927284	0.714640	-0.590940	0.374275	-0.639707	-0.768577	0.007952	-49.438358	-234.164154	992.094727	
0.210865	-0.213014	-0.954024	0.738239	-0.605018	0.298260	-0.640735	-0.767188	0.029677	-39.554901	-226.753998	997.615112	
0.172880	-0.194181	-0.965612	0.726417	-0.636933	0.258141	-0.665156	-0.746063	0.030943	-30.472330	-218.296341	999.913147	
0.102435	-0.152574	-0.982969	0.688494	-0.702354	0.180767	-0.717973	-0.695284	0.033100	-20.613319	-208.723511	999.343445	
0.071639	-0.126953	-0.989319	0.716407	-0.683576	0.139596	-0.693996	-0.718754	0.041979	-10.845858	-199.018555	1008.711914	
0.027273	-0.067199	-0.997367	0.716342	-0.694585	0.066388	-0.697218	-0.716265	0.029193	8.247723	-186.975861	1008.348572	
-0.006545	-0.002928	-0.999975	0.682535	-0.730851	-0.002326	-0.730825	-0.682531	0.006781	17.803541	-174.840179	1011.475037	
-0.022297	0.066069	-0.997566	0.643745	-0.762485	-0.064887	-0.764916	-0.643623	-0.025532	27.293293	-161.629440	1015.610413	
-0.040573	0.134627	-0.990066	0.630575	-0.765183	-0.129888	-0.775068	-0.629580	-0.053848	45.794403	-149.067856	1024.067139	
-0.041234	0.214543	-0.975844	0.549541	-0.810809	-0.201479	-0.834450	-0.544573	-0.084468	54.948086	-133.641693	1028.240479	
-0.054200	0.263308	-0.963189	0.479525	-0.839233	-0.256405	-0.875854	-0.475769	-0.080778	72.107002	-116.998604	1028.055420	
0.015064	0.300587	-0.953636	0.527842	-0.812410	-0.247734	-0.849210	-0.499636	-0.170902	77.917191	-113.038071	1021.417480	
0.081992	0.323821	-0.942559	0.524889	-0.817984	-0.235362	-0.847214	-0.475439	-0.237039	91.084183	-106.533119	1024.431641	
0.126390	0.358858	-0.924796	0.568689	-0.790074	-0.228858	-0.812786	-0.496994	-0.303937	103.883911	-99.456711	1028.867798	
0.172319	0.344027	-0.923013	0.496843	-0.839459	-0.220127	-0.850561	-0.420659	-0.315583	113.135666	-84.747017	1021.919983	
0.251732	0.322271	-0.912564	0.432941	-0.880817	-0.191632	-0.865560	-0.346846	-0.361256	113.882439	-69.525734	1009.909912	
0.327269	0.348295	-0.878400	0.393771	-0.895299	-0.208287	-0.858977	-0.277722	-0.430153	116.456924	-54.393253	1002.213196	
0.400802	0.345919	-0.848350	0.372032	-0.907649	-0.194332	-0.837228	-0.237724	-0.492482	121.084351	-46.620335	994.995300	
0.478654	0.327891	-0.814480	0.342640	-0.923855	-0.170559	-0.808387	-0.197434	-0.554557	123.441376	-31.783262	995.223755	
0.514874	0.325007	-0.793268	0.322867	-0.930727	-0.171767	-0.794143	-0.167681	-0.584143	124.935989	-16.908274	997.479370	
0.584817	0.284939	-0.759472	0.241696	-0.954956	-0.172168	-0.774321	-0.082873	-0.627345	121.788712	-3.002551	992.671265	
0.616132	0.253441	-0.745754	0.224535	-0.964047	-0.142120	-0.754961	-0.079882	-0.650888	117.516602	3.338955	984.844666	
0.659502	0.163161	-0.733782	0.163490	-0.983926	-0.071843	-0.733710	-0.072584	-0.675577	112.866257	9.229534	970.071045	
0.717919	0.120982	-0.685534	0.121209	-0.991464	-0.048038	-0.685494	-0.048605	-0.726455	104.818451	20.004642	965.035400	
0.752620	0.093420	-0.651794	0.093386	-0.995022	-0.034783	-0.651800	-0.034690	-0.757599	94.165649	25.210497	958.902954	
0.783872	-0.000557	-0.620923	0.020874	-0.999411	0.027247	-0.620573	-0.034318	-0.783399	88.439323	30.747206	954.935913	
0.800059	-0.051652	-0.597694	-0.024488	-0.998268	0.053489	-0.599422	-0.028157	-0.799939	74.554642	38.712410	949.181091	
0.808673	-0.112158	-0.577468	-0.027626	-0.987813	0.153169	-0.587611	-0.107910	-0.801917	67.163574	45.052818	947.232666	
0.829261	-0.176044	-0.530411	-0.045710	-0.967276	0.249576	-0.556991	-0.182718	-0.810171	50.900566	47.754883	937.042236	
0.829056	-0.232345	-0.508608	-0.058319	-0.940552	0.334604	-0.556117	-0.247743	-0.793322	32.731514	51.846260	923.173157	
0.820418	-0.343849	-0.456820	-0.168254	-0.908775	0.381862	-0.546450	-0.236423	-0.803429	14.563456	54.880234	912.747986	
0.789901	-0.455573	-0.410502	-0.241473	-0.846391	0.474670	-0.563693	-0.275816	-0.778574	5.457913	55.591522	896.924194	
0.730614	-0.565653	-0.382416	-0.325815	-0.781021	0.532777	-0.600042	-0.264656	-0.754923	-13.859653	55.320545	891.274109	
0.653778	-0.665093	-0.360869	-0.370725	-0.697283	0.613481	-0.659651	-0.267296	-0.702435	-33.995934	54.711452	886.478088	
0.561802	-0.751612	-0.345626	-0.403667	-0.613737	0.678513	-0.722103	-0.241671	-0.648201	-53.731743	54.139446	877.517456	
0.467483	-0.826459	-0.313727	-0.407778	-0.516486	0.752967	-0.784333	-0.224067	-0.578461	-72.112053	50.636597	871.649292	
0.400519	-0.870483	-0.286083	-0.407725	-0.448917	0.795131	-0.820577	-0.201821	-0.534719	-81.502533	45.452007	867.122375	
0.350954	-0.903048	-0.247660	-0.350961	-0.372057	0.859302	-0.868136	-0.214655	-0.447511	-89.959679	39.743874	850.368408	
0.240074	-0.948807	-0.205258	-0.349553	-0.281750	0.893549	-0.905637	-0.142768	-0.399300	-106.390472	35.406284	831.446472	
0.110910	-0.976438	-0.185116	-0.284170	-0.209646	0.935573	-0.952338	-0.051158	-0.300727	-122.765450	31.434324	817.945862	
-0.017654	-0.983954	-0.177544	-0.219643	-0.169417	0.960758	-0.975421	0.055958	-0.213128	-137.262924	26.469561	809.528687	
-0.083721	-0.982608	-0.165746	-0.113651	-0.155829	0.981224	-0.989988	0.100987	-0.098629	-148.692230	21.335840	786.926575	
-0.208824	-0.968305	-0.137028	-0.018603	-0.136159	0.990513	-0.977777	0.209392	0.010419	-153.778946	15.429459	775.876770	
-0.279288	-0.952228	-0.123528	0.081250	-0.151622	0.985094	-0.956765	0.265088	0.119714	-161.830948	8.461606	769.727112	
-0.349719	-0.930197	-0.111484	0.127526	-0.165156	0.977989	-0.928136	0.327804	0.176381	-165.505051	1.211885	758.847778	
-0.471275	-0.876393	-0.099167	0.212835	-0.222117	0.951507	-0.855922	0.427315	0.291204	-170.205994	-12.739122	744.299744	
-0.531717	-0.842281	-0.088538	0.292207	-0.280570	0.914274	-0.794917	0.460264	0.395304	-172.485321	-26.390640	734.443726	
-0.636077	-0.767495	-0.079730	0.303780	-0.344058	0.888450	-0.709313	0.540902	0.451996	-172.905167	-34.750553	731.808960	
-0.690012	-0.721506	-0.057543	0.327834	-0.382419	0.863876	-0.645299	0.577220	0.500407	-170.810303	-42.032310	724.032227	
-0.782702	-0.621328	-0.036467	0.352446	-0.490750	0.796836	-0.512993	0.610832	0.603095	-169.272415	-49.528477	716.575989	
-0.855768	-0.516119	-0.035819	0.309710	-0.566519	0.763634	-0.414419	0.642399	0.644655	-163.409714	-65.234596	704.249207	
-0.917592	-0.396097	-0.033650	0.251263	-0.643493	0.723038	-0.308047	0.654998	0.689988	-159.601898	-73.622475	688.653076	
-0.965339	-0.259775	-0.025266	0.186446	-0.754090	0.629751	-0.182646	0.603212	0.776386	-155.338791	-89.485779	684.847107	
-0.980496	-0.195757	-0.017529	0.156816	-0.832957	0.530651	-0.118480	0.517552	0.847409	-142.940979	-97.643562	674.034851	
-0.992444	-0.122692	-0.001790	0.110102	-0.896846	0.428420	-0.054169	0.424985	0.903578	-129.950531	-112.272987	667.781860	
-0.999940	0.009472	0.005774	-0.007078	-0.945604	0.325240	0.008542	0.325179	0.945614	-115.379814	-118.923706	659.627075	
-0.988048	0.150695	0.032468	-0.141920	-0.971461	0.190051	0.060182	0.183171	0.981237	-107.304688	-126.516068	656.882568	
-0.976540	0.214591	0.017961	-0.209913	-0.967217	0.142919	0.048042	0.135795	0.989571	-89.195778	-132.988449	643.715454	
-0.957904	0.284800	0.036202	-0.280289	-0.955027	0.096741	0.062127	0.082521	0.994651	-80.468796	-139.346878	631.163818	
-0.909526	0.413742	0.039777	-0.413060	-0.910375	0.024443	0.046326	0.005801	0.998909	-71.567642	-145.238846	621.414490	
-0.878805	0.475324	0.042083	-0.476987	-0.872485	-0.106070	-0.013700	-0.113288	0.993468	-62.317001	-156.364288	611.994934	
-0.846748	0.531566	0.021368	-0.521766	-0.821955	-0.228362	-0.103825	-0.204514	0.973342	-52.967140	-162.003693	605.999512	
-0.769291	0.638823	0.009852	-0.611664	-0.731952	-0.300187	-0.184554	-0.236958	0.953829	-32.919830	-168.985962	593.960693	
-0.674861	0.734234	0.073910	-0.699057	-0.603994	-0.382767	-0.236399	-0.309981	0.920884	-22.940868	-172.753098	596.161499	
-0.548557	0.811793	0.200192	-0.809280	-0.455333	-0.371132	-0.210128	-0.365597	0.906744	-2.841414	-173.093750	575.085083	
-0.432515	0.881228	0.190699	-0.826779	-0.303261	-0.473783	-0.359680	-0.362584	0.859746	14.689309	-176.927338	565.734863	
-0.314967	0.921945	0.225413	-0.837468	-0.158212	-0.523085	-0.446593	-0.353530	0.821931	21.679976	-182.960953	559.111023	
-0.199852	0.938130	0.282787	-0.819722	-0.001974	-0.572761	-0.536767	-0.346273	0.769400	27.355604	-185.402390	555.594910	
-0.104705	0.917440	0.383847	-0.796187	0.153950	-0.585141	-0.595925	-0.366880	0.714334	38.469078	-188.292908	554.738342	
0.024824	0.875375	0.482804	-0.899732	0.230070	-0.370881	-0.435739	-0.425187	0.793315	41.762085	-192.299652	547.675293	
0.155160	0.837653	0.523699	-0.910335	0.327130	-0.253533	-0.383690	-0.437403	0.813303	52.445274	-195.186386	546.381653	
0.227713	0.808462	0.542710	-0.913197	0.370759	-0.169150	-0.337966	-0.457083	0.822712	55.820698	-195.198425	543.219299	
0.317974	0.791709	0.521621	-0.917851	0.394919	-0.039895	-0.237583	-0.466083	0.852245	58.868950	-193.932693	539.860657	
0.434372	0.790899	0.431044	-0.900545	0.371491	0.225867	0.018510	-0.486284	0.873605	65.126938	-189.417419	545.612061	
0.539587	0.787344	0.298218	-0.780639	0.335195	0.527492	0.315358	-0.517428	0.795499	64.196098	-185.164703	557.947327	
0.621050	0.763540	0.176927	-0.600462	0.318432	0.733517	0.503732	-0.561788	0.656240	63.042213	-175.667648	562.028625	
0.641088	0.764483	0.067613	-0.490913	0.340759	0.801803	0.589927	-0.547218	0.593752	65.175491	-173.893509	580.962280	
0.661304	0.744052	0.095204	-0.470042	0.312126	0.825614	0.584586	-0.590730	0.556147	66.748596	-170.519485	610.567627	
0.757063	0.644641	-0.106269	0.161782	-0.342558	-0.925462	-0.632994	0.683441	-0.363630	71.096397	-161.494003	569.460022	
0.757063	0.644641	-0.106269	0.161782	-0.342558	-0.925462	-0.632994	0.683441	-0.363630	71.096397	-161.494003	569.460022	
0.757063	0.644641	-0.106269	0.161782	-0.342558	-0.925462	-0.632994	0.683441	-0.363630	71.096397	-161.494003	569.460022	
0.757063	0.644641	-0.106269	0.161782	-0.342558	-0.925462	-0.632994	0.683441	-0.363630	71.096397	-161.494003	569.460022	
0.757063	0.644641	-0.106269	0.161782	-0.342558	-0.925462	-0.632994	0.683441	-0.363630	71.096397	-161.494003	569.460022	
0.940160	0.278654	-0.196087	0.109864	-0.792663	-0.599680	-0.322535	0.542252	-0.775844	28.183727	-124.611633	579.204712	
0.943687	0.226828	-0.240839	0.094028	-0.881830	-0.462098	-0.317197	0.413430	-0.853500	20.481009	-118.912468	592.998047	
0.929748	0.110779	-0.351136	-0.007625	-0.947668	-0.319167	-0.368117	0.299423	-0.880248	7.316591	-119.934784	626.677307	
0.889799	0.092233	-0.446935	-0.058958	-0.947922	-0.312999	-0.452528	0.304857	-0.838023	-12.698981	-100.018318	624.193970	
0.826176	0.044252	-0.561670	-0.111499	-0.964351	-0.239987	-0.552268	0.260898	-0.791791	-28.510149	-91.828156	619.246460	
0.692785	0.000000	-0.721144	-0.225004	-0.950079	-0.216156	-0.685144	0.312010	-0.658201	-36.018036	-75.451202	629.675781	
0.634635	-0.119729	-0.763481	-0.315604	-0.941942	-0.114628	-0.705430	0.313705	-0.635577	-45.411865	-69.446976	632.092346	
0.559977	-0.116821	-0.820231	-0.319475	-0.943893	-0.083674	-0.764435	0.308899	-0.565881	-60.783092	-57.879150	633.555298	
0.493148	-0.125257	-0.860881	-0.317010	-0.947412	-0.043750	-0.810129	0.294483	-0.506923	-74.129326	-53.377617	626.963928	
0.402787	-0.110833	-0.908559	-0.340851	-0.939408	-0.036512	-0.849460	0.324391	-0.416160	-85.280891	-51.763023	629.649414	
0.583042	-0.637088	-0.504164	-0.518083	-0.769561	0.373318	-0.625821	0.043539	-0.778750	-132.944000	-33.029099	679.302002	
0.583042	-0.637088	-0.504164	-0.518083	-0.769561	0.373318	-0.625821	0.043539	-0.778750	-132.944000	-33.029099	679.302002	
0.583042	-0.637088	-0.504164	-0.518083	-0.769561	0.373318	-0.625821	0.043539	-0.778750	-132.944000	-33.029099	679.302002	
0.583042	-0.637088	-0.504164	-0.518083	-0.769561	0.373318	-0.625821	0.043539	-0.778750	-132.944000	-33.029099	679.302002	
0.194720	-0.760327	-0.619666	-0.511658	-0.617730	0.597172	-0.836833	0.200776	-0.509312	-169.663239	3.014006	702.018677	
0.135595	-0.741365	-0.657261	-0.429406	-0.641818	0.635358	-0.892874	0.196081	-0.405374	-181.141190	8.262650	714.413391	
0.024026	-0.718530	-0.695080	-0.444909	-0.630317	0.636204	-0.895253	0.293963	-0.334825	-187.860336	17.085175	725.554138	
-0.076578	-0.667840	-0.740355	-0.418698	-0.652352	0.631765	-0.904891	0.358365	-0.229668	-202.475189	21.863594	753.851440	
-0.101703	-0.614232	-0.782544	-0.407199	-0.692003	0.596087	-0.907659	0.379275	-0.179736	-210.129700	30.358231	785.212830	
-0.143690	-0.608809	-0.780196	-0.386300	-0.691326	0.610607	-0.911112	0.389127	-0.135846	-195.903000	35.338299	753.885010	
-0.143690	-0.608809	-0.780196	-0.386300	-0.691326	0.610607	-0.911112	0.389127	-0.135846	-195.903000	35.338299	753.885010	
-0.143690	-0.608809	-0.780196	-0.386300	-0.691326	0.610607	-0.911112	0.389127	-0.135846	-195.903000	35.338299	753.885010	
-0.143690	-0.608809	-0.780196	-0.386300	-0.691326	0.610607	-0.911112	0.389127	-0.135846	-195.903000	35.338299	753.885010	
-0.288350	-0.444375	-0.848166	-0.285278	-0.805694	0.519108	-0.914041	0.391648	0.105551	-186.750595	41.804840	800.731018	
-0.308124	-0.399055	-0.863605	-0.292411	-0.824102	0.485129	-0.905293	0.402008	0.137238	-179.809097	42.065632	811.828491	
-0.300559	-0.337854	-0.891918	-0.306893	-0.851165	0.425833	-0.903040	0.401712	0.152140	-175.739380	41.854843	829.708740	
-0.289552	-0.281188	-0.914928	-0.311479	-0.876165	0.367850	-0.905064	0.391492	0.166111	-165.461639	40.573849	840.527954	
-0.287677	-0.245435	-0.925744	-0.263983	-0.908840	0.322986	-0.920627	0.337297	0.196662	-160.810883	38.239960	856.274780	
-0.309555	-0.213980	-0.926492	-0.291235	-0.906189	0.306597	-0.905184	0.364736	0.218197	-149.699326	35.939972	882.870422	
-0.272008	-0.166455	-0.947789	-0.370377	-0.890940	0.262766	-0.888163	0.422513	0.180691	-141.952194	29.489517	911.168274	
-0.226847	-0.147188	-0.962743	-0.317676	-0.923267	0.216005	-0.920664	0.354841	0.162683	-124.341194	24.256836	921.467529	
-0.181566	-0.115705	-0.976547	-0.253133	-0.954090	0.160109	-0.950240	0.276267	0.143941	-104.717789	17.680122	930.222839	
-0.117847	-0.112819	-0.986601	-0.255115	-0.956739	0.139877	-0.959702	0.268181	0.083967	-85.890671	14.293676	933.432800	
-0.055256	-0.090386	-0.994372	-0.251111	-0.962626	0.101454	-0.966380	0.255304	0.030493	-66.692200	4.252697	954.160217	
-0.006500	-0.061209	-0.998103	-0.220370	-0.973498	0.061135	-0.975395	0.220349	-0.007161	-43.435246	-3.021055	964.330688	
0.066154	-0.073053	-0.995131	-0.208875	-0.976233	0.057780	-0.975702	0.204035	-0.079840	-31.769243	-8.019203	974.989807	
0.104416	-0.065950	-0.992344	-0.197742	-0.979253	0.044273	-0.974677	0.191606	-0.115291	-21.003679	-18.560734	980.924377	
0.180520	-0.072083	-0.980925	-0.281382	-0.959412	0.018720	-0.942463	0.272636	-0.193476	-2.698997	-22.218428	975.349609	
0.232746	-0.119498	-0.965167	-0.347439	-0.937147	0.032245	-0.908358	0.327832	-0.259636	16.941690	-28.524464	976.508179	
0.271774	-0.176754	-0.945989	-0.413067	-0.909258	0.051221	-0.869203	0.376836	-0.320124	26.466105	-35.342545	980.433838	
0.282550	-0.210475	-0.935876	-0.374834	-0.922287	0.094253	-0.882986	0.324167	-0.339485	36.925335	-48.213081	987.131470	
0.305423	-0.276023	-0.911332	-0.312542	-0.933101	0.177872	-0.899463	0.230503	-0.371259	52.344143	-62.367622	985.615234	
0.303778	-0.308767	-0.901321	-0.263230	-0.936404	0.232068	-0.915658	0.166758	-0.365736	63.101326	-67.642754	984.285950	
0.297923	-0.365701	-0.881761	-0.336931	-0.904540	0.261308	-0.893151	0.219243	-0.392700	75.962677	-81.672867	987.564026	
0.272074	-0.470621	-0.839339	-0.394006	-0.850257	0.349025	-0.877915	0.235744	-0.416761	86.846062	-90.577271	1002.685303	
0.209664	-0.534986	-0.818431	-0.394920	-0.812057	0.429650	-0.894472	0.233132	-0.381536	92.493462	-108.531464	1027.637207	
0.166006	-0.595156	-0.786276	-0.423860	-0.762991	0.488042	-0.890385	0.252253	-0.378923	95.187607	-122.103951	1055.244507	
0.116455	-0.668211	-0.734800	-0.439022	-0.698263	0.565407	-0.890897	0.256749	-0.374675	98.435623	-125.840683	1045.702637	
0.061895	-0.709836	-0.701641	-0.439802	-0.650456	0.619257	-0.895959	0.270254	-0.352447	100.050789	-137.479004	1039.213989	
-0.012422	-0.759744	-0.650102	-0.438907	-0.580029	0.686240	-0.898446	0.293859	-0.326252	100.574883	-149.134583	1032.671143	
-0.110903	-0.777982	-0.618418	-0.463103	-0.510116	0.724786	-0.879338	0.366772	-0.303713	100.737381	-154.646408	1032.389893	
-0.166892	-0.789616	-0.590467	-0.392409	-0.496200	0.774467	-0.904523	0.360957	-0.227040	100.163368	-168.734879	1041.772095	
-0.238723	-0.805054	-0.543043	-0.350270	-0.450182	0.821368	-0.905716	0.386291	-0.174518	92.756882	-179.471451	1039.336426	
-0.349422	-0.822454	-0.448855	-0.295661	-0.357792	0.885759	-0.889094	0.442213	-0.118147	87.498154	-182.658951	1027.346558	
-0.402496	-0.819228	-0.408485	-0.182988	-0.365217	0.912759	-0.896946	0.442130	-0.002910	76.451172	-187.448105	1024.270508	
-0.495149	-0.785940	-0.370303	-0.097865	-0.373051	0.922634	-0.863279	0.493080	0.107800	64.750206	-192.587616	1021.515686	
-0.640683	-0.720626	-0.264994	0.025693	-0.365060	0.930628	-0.767376	0.589429	0.252403	56.963215	-196.298660	1021.629883	
-0.748684	-0.639016	-0.176434	0.084297	-0.355751	0.930770	-0.657546	0.681980	0.320212	49.057102	-202.680542	1017.419739	
-0.827082	-0.554491	-0.092054	0.142541	-0.365332	0.919898	-0.543707	0.747709	0.381198	41.258801	-203.934082	1003.845703	
-0.890851	-0.454294	0.000354	0.226053	-0.442602	0.867756	-0.394061	0.773121	0.496988	32.313225	-208.245163	1000.569092	
-0.931694	-0.363238	0.001890	0.216431	-0.550942	0.805989	-0.291726	0.751343	0.591926	14.237419	-206.534958	969.305847	
-0.958538	-0.261562	0.113090	0.255441	-0.612763	0.747843	-0.126311	0.745723	0.654171	2.309999	-213.700699	998.220276	
-0.965894	-0.194510	0.170920	0.257990	-0.666580	0.699363	-0.022102	0.719606	0.694028	-18.078201	-213.985229	991.695068	
-0.966209	-0.128617	0.223376	0.245210	-0.725748	0.642775	0.079443	0.675828	0.732763	-28.352783	-214.157394	991.949951	
-0.945941	-0.070724	0.316533	0.250922	-0.777949	0.576048	0.205506	0.624332	0.753641	-48.122768	-214.323242	990.365723	
-0.907717	0.045751	0.417081	0.163154	-0.877321	0.451316	0.386562	0.477715	0.788895	-57.899487	-213.792130	986.664856	
-0.827570	0.150106	0.540922	0.056878	-0.936205	0.346817	0.558474	0.317781	0.766238	-67.497581	-211.006638	978.348083	
-0.775028	0.258435	0.576664	-0.109167	-0.953584	0.280636	0.622425	0.154548	0.767268	-76.667381	-206.367310	959.948059	
-0.725995	0.337587	0.599137	-0.296448	-0.939743	0.170289	0.620524	-0.053984	0.782326	-93.082069	-201.205414	959.044617	
-0.668590	0.379154	0.639710	-0.387977	-0.911742	0.134896	0.634398	-0.158003	0.756685	-101.853989	-197.689087	946.453125	
-0.581799	0.444353	0.681219	-0.520445	-0.847033	0.108026	0.625018	-0.291687	0.724065	-108.853081	-193.211624	933.209290	
-0.467560	0.435354	0.769320	-0.696342	-0.717504	-0.017173	0.544514	-0.543739	0.638632	-123.854454	-184.289368	932.322083	
-0.388273	0.455492	0.801105	-0.809480	-0.584047	-0.060253	0.440439	-0.671873	0.595482	-129.585632	-173.688080	927.810791	
-0.304614	0.458136	0.835057	-0.917328	-0.377080	-0.127747	0.256358	-0.804934	0.535125	-133.548904	-162.039841	910.950867	
-0.251600	0.440264	0.861895	-0.962519	-0.207001	-0.175234	0.101264	-0.873679	0.475845	-142.456070	-150.967804	907.637573	
-0.176915	0.364115	0.914396	-0.983282	-0.024705	-0.180404	-0.043098	-0.931024	0.362399	-144.293564	-136.745193	899.853149	
-0.107326	0.288201	0.951536	-0.973186	0.165385	-0.159859	-0.203442	-0.943178	0.262724	-146.074661	-122.894730	886.456238	
-0.044237	0.190811	0.980629	-0.943485	0.314737	-0.103803	-0.328448	-0.929800	0.166105	-144.250229	-107.996910	855.684998	
-0.019394	0.131822	0.991083	-0.876075	0.475427	-0.080379	-0.481784	-0.869821	0.106266	-145.333878	-102.460144	869.381653	
-0.003694	0.073916	0.997257	-0.811538	0.582472	-0.046178	-0.584288	-0.809481	0.057835	-140.919922	-94.771202	857.065247	
0.009772	-0.048975	0.998751	-0.688263	0.724229	0.042248	-0.725395	-0.687816	-0.026630	-134.557953	-79.549438	839.728271	
-0.001555	-0.103793	0.994597	-0.515112	0.852575	0.088168	-0.857121	-0.512191	-0.054790	-129.915909	-71.751251	827.195312	
-0.027489	-0.219147	0.975303	-0.360240	0.912285	0.194834	-0.932454	-0.345987	-0.104023	-119.567062	-63.894054	811.172424	
-0.047966	-0.271124	0.961348	-0.246389	0.935925	0.251661	-0.967983	-0.224794	-0.111694	-113.687256	-55.700291	807.176575	
-0.098159	-0.380293	0.919641	-0.152626	0.918923	0.363706	-0.983397	-0.104660	-0.148243	-106.901718	-40.994682	804.609863	
-0.145691	-0.431579	0.890231	-0.059271	0.902023	0.427596	-0.987553	0.009532	-0.156996	-99.143318	-26.636784	794.939331	
-0.195736	-0.468518	0.861496	0.100279	0.864321	0.492839	-0.975516	0.182857	-0.122195	-81.882095	-12.188217	774.545410	
-0.270809	-0.489805	0.828705	0.286742	0.780749	0.555164	-0.918935	0.387968	-0.070986	-73.229156	-5.157192	769.313416	
-0.318933	-0.517397	0.794091	0.358169	0.709918	0.606406	-0.877494	0.477822	-0.041100	-64.113068	2.158186	757.945129	
-0.376656	-0.538221	0.753954	0.465643	0.593594	0.656369	-0.800816	0.598298	0.027039	-53.644005	8.676260	739.853882	
-0.437815	-0.557359	0.705455	0.501651	0.499712	0.706139	-0.746099	0.663051	0.060819	-34.545151	21.359657	727.014221	
-0.530306	-0.588535	0.610246	0.544487	0.315305	0.777248	-0.649853	0.744451	0.153242	-23.759392	30.565533	717.942505	
-0.612409	-0.601509	0.512973	0.559377	0.128805	0.818844	-0.558617	0.788412	0.257589	-13.974955	35.341747	707.513977	
-0.702136	-0.538662	0.465670	0.583316	-0.060085	0.810019	-0.408348	0.840375	0.356398	-2.914992	43.809860	700.102661	
-0.752381	-0.518814	0.405898	0.553198	-0.163118	0.816922	-0.357623	0.839179	0.409735	7.812785	47.346275	688.028687	
-0.828790	-0.438966	0.347008	0.510590	-0.339572	0.789928	-0.228918	0.831863	0.505567	18.045841	51.117027	678.032227	
-0.906630	-0.360269	0.219607	0.388381	-0.509218	0.768020	-0.164867	0.781601	0.601595	35.401405	53.696106	659.698425	
-0.946140	-0.309428	0.095242	0.280625	-0.637108	0.717872	-0.161451	0.705935	0.689629	51.468475	56.079021	650.157349	
-0.978281	-0.205904	0.023842	0.172350	-0.744125	0.645423	-0.115154	0.635514	0.763452	58.659580	57.963013	646.324646	
-0.987318	-0.152451	-0.044272	0.095133	-0.791450	0.603783	-0.127087	0.591914	0.795917	72.426643	59.368069	642.302246	
-0.990526	-0.095464	-0.098711	0.023278	-0.825150	0.564432	-0.135335	0.556787	0.819555	83.686760	59.456749	633.564880	
-0.988220	0.015695	-0.152227	-0.088213	-0.871260	0.482827	-0.125052	0.490569	0.862382	92.334229	58.170200	625.056763	
-0.970712	0.066115	-0.230965	-0.162620	-0.888479	0.429136	-0.176836	0.454127	0.873211	96.858932	56.872494	618.754944	
-0.935456	0.165407	-0.312347	-0.280289	-0.885530	0.370502	-0.215310	0.434136	0.874738	100.072983	53.348526	607.943848	
-0.885262	0.255346	-0.388726	-0.387762	-0.866722	0.313735	-0.256808	0.428472	0.866291	102.209167	50.910500	605.419373	
-0.848238	0.295057	-0.439809	-0.424713	-0.875082	0.232052	-0.316401	0.383629	0.867593	103.012474	45.014450	601.953674	
-0.801922	0.329145	-0.498581	-0.467926	-0.864899	0.181640	-0.371437	0.378960	0.847598	101.712440	37.914982	594.398621	
-0.719838	0.340920	-0.604652	-0.492516	-0.864674	0.098812	-0.489141	0.368929	0.790336	97.596649	28.749311	590.657104	
-0.644673	0.391483	-0.656609	-0.558029	-0.828048	0.054187	-0.522492	0.401340	0.752281	94.831604	20.084072	588.538086	
-0.527139	0.398416	-0.750591	-0.626004	-0.779386	0.025942	-0.574666	0.483548	0.660257	87.242699	13.899946	585.703491	
-0.406865	0.381289	-0.830107	-0.684870	-0.728663	0.000986	-0.604493	0.568917	0.557603	77.286087	7.033792	582.778076	
-0.361838	0.352852	-0.862882	-0.662667	-0.748383	-0.028150	-0.655700	0.561618	0.504619	64.990341	0.595828	579.873474	
-0.293520	0.333151	-0.896021	-0.633220	-0.769944	-0.078843	-0.716154	0.544237	0.436953	50.522793	-6.460783	578.886230	
-0.222276	0.311518	-0.923877	-0.643329	-0.758882	-0.101105	-0.732610	0.571884	0.369091	34.616745	-19.531275	576.430237	
-0.133516	0.214417	-0.967573	-0.612814	-0.785149	-0.089428	-0.778864	0.581002	0.236229	26.207937	-27.057844	573.659119	
-0.059603	0.104406	-0.992746	-0.617059	-0.785594	-0.045572	-0.784654	0.609868	0.111250	8.469578	-35.123680	572.269958	
0.006864	-0.011977	-0.999904	-0.590908	-0.806718	0.005607	-0.806708	0.590813	-0.012614	-0.793982	-43.324131	572.206665	
0.033915	-0.081327	-0.996109	-0.557604	-0.828677	0.048673	-0.829412	0.553785	-0.073452	-21.373625	-58.721409	571.247070	
0.075454	-0.195303	-0.977835	-0.563950	-0.817089	0.119681	-0.822353	0.542420	-0.171794	-40.720024	-67.400406	572.496887	
0.062097	-0.264775	-0.962308	-0.625859	-0.761381	0.169105	-0.777458	0.591769	-0.212991	-61.427475	-82.152527	568.235168	
0.053443	-0.340004	-0.938904	-0.664202	-0.714192	0.220823	-0.745638	0.611820	-0.263999	-79.136429	-98.929756	580.170532	
0.045946	-0.527074	-0.848576	-0.689764	-0.631194	0.354706	-0.722572	0.569020	-0.392558	-93.162506	-105.132889	580.260498	
0.004782	-0.638349	-0.769731	-0.706312	-0.547048	0.449288	-0.707882	0.541522	-0.453490	-103.033638	-112.887550	585.072144	
-0.055391	-0.690372	-0.721329	-0.654369	-0.520559	0.548468	-0.754142	0.502396	-0.422924	-122.680878	-119.637543	589.737732	
-0.137353	-0.772017	-0.620582	-0.638905	-0.409714	0.651102	-0.756923	0.485924	-0.436969	-132.403519	-134.064484	596.852905	
-0.216288	-0.792940	-0.569618	-0.644585	-0.322225	0.693311	-0.733298	0.517122	-0.441424	-148.190353	-147.144623	601.020447	
-0.270653	-0.793962	-0.544398	-0.637712	-0.275760	0.719221	-0.721157	0.541828	-0.431683	-152.117142	-161.494354	602.257263	
-0.365551	-0.848063	-0.383613	-0.511803	-0.161103	0.843862	-0.777450	0.504809	-0.375149	-169.035843	-171.143768	611.331909	
-0.467884	-0.844565	-0.260368	-0.436836	-0.035100	0.898856	-0.768281	0.534299	-0.352514	-177.416626	-175.703369	620.587769	
-0.513043	-0.851078	-0.111585	-0.308695	0.061641	0.949161	-0.800932	0.521406	-0.294348	-193.099304	-187.409897	641.451050	
-0.543212	-0.839574	0.005764	-0.236673	0.159709	0.958373	-0.805546	0.519236	-0.285459	-202.374039	-193.296036	653.793396	
-0.560481	-0.809136	0.176514	-0.107675	0.282526	0.953197	-0.821135	0.515244	-0.245474	-214.022110	-200.294983	673.590210	
-0.617354	-0.716175	0.325522	0.059801	0.369869	0.927156	-0.784407	0.591851	-0.185512	-208.463623	-200.863953	664.525208	
-0.621635	-0.625311	0.471755	0.244499	0.417272	0.875273	-0.744168	0.659445	-0.106502	-209.792221	-208.880524	669.290710	
-0.616341	-0.513047	0.597414	0.410389	0.438211	0.799718	-0.672087	0.738073	-0.059538	-206.912292	-209.214432	682.926331	
-0.589389	-0.435265	0.680560	0.529788	0.427724	0.732376	-0.609870	0.792208	-0.021497	-202.537949	-209.701477	683.504028	
-0.595426	-0.344018	0.726029	0.565723	0.462126	0.682930	-0.570457	0.817367	-0.080543	-210.895370	-215.166611	725.907043	
-0.459647	-0.285871	0.840833	0.779195	0.324457	0.536264	-0.426117	0.901667	0.073614	-183.099121	-204.756714	675.903137	
-0.408258	-0.192918	0.892248	0.865220	0.229865	0.445592	-0.291060	0.953909	0.073073	-180.077530	-205.108673	692.605713	
-0.362617	-0.153118	0.919273	0.907702	0.165460	0.385612	-0.211148	0.974256	0.078988	-175.261185	-200.707825	700.997437	
-0.248908	-0.093956	0.963958	0.963300	0.079233	0.256460	-0.100474	0.992417	0.070787	-162.715042	-198.202469	713.376343	
-0.137610	-0.036570	0.989811	0.990456	0.002451	0.137789	-0.007465	0.999327	0.035884	-151.179550	-197.648804	745.660095	
-0.017782	-0.015414	0.999722	0.998320	-0.055392	0.016902	0.055116	0.998344	0.016373	-133.783722	-197.646393	760.888062	
0.119583	0.008297	0.992789	0.978541	-0.169982	-0.116448	0.167790	0.985411	-0.028446	-115.787560	-191.950058	770.241943	
0.185715	-0.006030	0.982584	0.955290	-0.233021	-0.181988	0.230060	0.972452	-0.037515	-103.439026	-179.927399	759.200317	
0.316889	-0.008595	0.948423	0.903397	-0.301829	-0.304582	0.288879	0.953322	-0.087882	-92.960213	-170.762299	773.020874	
0.461186	-0.019926	0.887078	0.807740	-0.404343	-0.429023	0.367233	0.914389	-0.170383	-75.182716	-164.373215	810.357727	
0.589930	-0.046984	0.806084	0.692889	-0.483125	-0.535250	0.414588	0.874288	-0.252456	-65.073761	-160.624115	847.468079	
0.697218	-0.099095	0.709975	0.563420	-0.536592	-0.628192	0.443217	0.838001	-0.318290	-45.539951	-149.051544	851.152039	
0.728406	-0.145543	0.669506	0.490534	-0.571426	-0.657911	0.478328	0.807643	-0.344837	-24.746601	-143.862335	866.041260	
0.790776	-0.231932	0.566461	0.353497	-0.582466	-0.731964	0.499710	0.779062	-0.378614	-5.509725	-131.980347	883.862183	
0.853870	-0.286029	0.434846	0.194547	-0.599515	-0.776358	0.482758	0.747507	-0.456262	4.305590	-118.075409	891.563782	
0.867670	-0.333482	0.368693	0.093127	-0.619475	-0.779472	0.488336	0.710660	-0.506445	13.806257	-111.356712	902.701660	
0.885614	-0.404454	0.228258	-0.062013	-0.590076	-0.804961	0.460259	0.698731	-0.547662	22.153168	-96.987663	916.315613	
0.882594	-0.459939	0.097371	-0.189295	-0.537248	-0.821906	0.430340	0.706978	-0.561237	29.657169	-82.030342	919.194885	
0.830470	-0.554391	0.054477	-0.270547	-0.486887	-0.830508	0.486950	0.674973	-0.554335	36.670406	-67.736122	935.448242	
0.804342	-0.592679	-0.041986	-0.379045	-0.457428	-0.804414	0.457554	0.662939	-0.592582	42.315598	-52.849106	949.421936	
0.755609	-0.645653	-0.110389	-0.464473	-0.409306	-0.785322	0.461863	0.644669	-0.609165	52.756260	-45.141323	964.206238	
0.720234	-0.663647	-0.202071	-0.540067	-0.353565	-0.763752	0.435417	0.659212	-0.613065	60.440224	-31.450260	973.227966	
0.680872	-0.680067	-0.271883	-0.613217	-0.326359	-0.719341	0.400469	0.656502	-0.639239	62.289612	-18.253836	970.600281	
0.620839	-0.698582	-0.355724	-0.677607	-0.250021	-0.691618	0.394214	0.670425	-0.628588	64.435562	-4.275613	973.327576	
0.584646	-0.692009	-0.423451	-0.717551	-0.197521	-0.667909	0.378559	0.694338	-0.612033	66.595886	7.871652	984.633850	
0.541389	-0.682756	-0.490653	-0.763110	-0.154065	-0.627634	0.352929	0.714216	-0.604428	66.306953	19.667751	987.274475	
0.496541	-0.676640	-0.543695	-0.798473	-0.110407	-0.591818	0.340419	0.727988	-0.595101	64.681160	24.690811	998.087646	
0.455169	-0.660779	-0.596817	-0.821894	-0.053966	-0.567076	0.342504	0.748636	-0.567655	61.484749	35.991344	1006.879883	
0.385634	-0.601461	-0.699664	-0.871308	0.012037	-0.490586	0.303490	0.798809	-0.519417	54.052124	47.233009	1012.833130	
0.346823	-0.575270	-0.740795	-0.884116	0.063166	-0.462974	0.313129	0.815519	-0.486699	48.860374	58.334274	1024.358154	
0.301955	-0.542368	-0.784002	-0.898876	0.111964	-0.423654	0.317557	0.832645	-0.453715	37.748398	67.205093	1028.121216	
0.244902	-0.506190	-0.826918	-0.903615	0.189977	-0.383908	0.351426	0.841236	-0.410876	24.251440	76.270638	1038.357422	
0.198628	-0.463090	-0.863767	-0.900950	0.260644	-0.346917	0.385789	0.847118	-0.365450	17.022167	83.975418	1044.185669	
0.152171	-0.421837	-0.893810	-0.898767	0.317157	-0.302698	0.411168	0.849389	-0.330872	1.492353	87.214622	1050.995483	
0.087426	-0.327291	-0.940870	-0.887754	0.402892	-0.222639	0.451937	0.854725	-0.255331	-15.997761	90.687370	1059.058716	
0.067027	-0.263119	-0.962431	-0.888469	0.423190	-0.177571	0.454013	0.866992	-0.205408	-33.809570	92.398941	1055.029907	
0.041615	-0.136633	-0.989747	-0.881442	0.461417	-0.100758	0.470452	0.876597	-0.101232	-44.700497	94.982437	1063.290771	
0.018696	-0.082810	-0.996389	-0.853351	0.517978	-0.059061	0.520999	0.851374	-0.060982	-54.465458	96.701920	1070.465576	
-0.009407	0.028771	-0.999541	-0.852870	0.521613	0.023042	0.522036	0.852696	0.019631	-63.116074	97.329842	1060.495605	
-0.058582	0.123209	-0.990649	-0.870919	0.478714	0.111042	0.487918	0.869281	0.079262	-82.460472	97.108459	1055.461914	
-0.004765	0.242689	-0.970092	-0.804365	0.575429	0.147907	0.594113	0.781013	0.192470	-95.437378	95.274246	1069.786621	
0.003490	0.359688	-0.933065	-0.761497	0.605736	0.230659	0.648156	0.709722	0.276016	-105.302811	91.778999	1070.114990	
0.015241	0.408121	-0.912800	-0.752031	0.606308	0.258530	0.658949	0.682514	0.316161	-114.345276	86.707657	1065.486816	
0.048136	0.458117	-0.887587	-0.726997	0.625434	0.283384	0.684949	0.631632	0.363156	-123.372375	81.032745	1063.636963	
0.068405	0.509602	-0.857685	-0.694097	0.641837	0.325997	0.716622	0.573017	0.397619	-133.030182	75.752640	1067.898071	
0.106875	0.555219	-0.824808	-0.661711	0.658884	0.357787	0.742101	0.507546	0.437812	-140.506500	67.515671	1062.900879	
0.140927	0.597856	-0.789117	-0.628863	0.669674	0.395056	0.764637	0.440572	0.470345	-147.612259	64.050789	1058.306641	
0.182085	0.633448	-0.752055	-0.604441	0.675375	0.422517	0.775560	0.377638	0.505857	-154.287033	54.481388	1060.265991	
0.213748	0.675269	-0.705918	-0.592349	0.664210	0.456013	0.776809	0.320678	0.541969	-165.304291	43.924458	1060.419312	
0.278503	0.746126	-0.604756	-0.578885	0.632847	0.514196	0.766372	0.206879	0.608171	-173.801498	32.080215	1056.242920	
0.305262	0.801580	-0.514083	-0.569141	0.586398	0.576382	0.763473	0.116638	0.635217	-177.006134	26.986826	1055.196167	
0.367813	0.845366	-0.387385	-0.579289	0.534181	0.615692	0.727417	-0.002052	0.686190	-181.275269	20.986443	1045.188477	
0.401440	0.872555	-0.278370	-0.596826	0.479763	0.643139	0.694725	-0.092044	0.713360	-183.174774	13.310264	1034.362793	
0.432104	0.889724	-0.147220	-0.613895	0.409784	0.674693	0.660618	-0.201160	0.723267	-181.600510	5.609427	1026.689209	
0.474183	0.879830	-0.032339	-0.619632	0.359594	0.697675	0.625464	-0.310787	0.715684	-178.459473	0.223274	1009.931519	
0.504675	0.859631	0.079590	-0.633663	0.306239	0.710415	0.586321	-0.408962	0.699267	-174.459854	-13.811568	1001.922302	
0.516024	0.845526	0.137120	-0.636867	0.271670	0.721525	0.572816	-0.459651	0.678675	-170.857941	-21.211315	991.109192	
0.526373	0.814859	0.242764	-0.661804	0.213401	0.718663	0.533803	-0.538947	0.651604	-161.936951	-35.535564	983.181824	
0.523955	0.798906	0.295326	-0.672140	0.174852	0.719483	0.523161	-0.575477	0.628590	-151.760254	-42.840015	972.006531	
0.546167	0.765332	0.340539	-0.678581	0.165871	0.715552	0.491149	-0.621894	0.609932	-140.944565	-48.888954	964.640442	
0.547987	0.733691	0.401752	-0.697052	0.135023	0.704194	0.462415	-0.665931	0.585411	-133.718475	-63.341610	961.434631	
