0.997362	-0.045090	0.056887	0.045835	0.998878	-0.011864	-0.056288	0.014440	0.998310	19.216961	3.685355	544.759277	
0.979209	-0.129666	0.156001	0.135015	0.990549	-0.024150	-0.151395	0.044710	0.987462	28.133759	7.630602	546.635681	
0.970072	-0.163739	0.179305	0.174199	0.983721	-0.044128	-0.169161	0.074042	0.982804	36.052773	15.691021	546.423950	
0.951772	-0.210407	0.223289	0.240036	0.963950	-0.114818	-0.191081	0.162878	0.967967	45.528706	19.655443	550.936279	
0.895228	-0.275524	0.350220	0.343095	0.927698	-0.147179	-0.284346	0.251918	0.925033	54.090103	26.189766	553.555542	
0.826143	-0.337449	0.451238	0.428321	0.896431	-0.113808	-0.366099	0.287297	0.885118	71.277054	28.112608	556.852539	
0.714364	-0.364421	0.597396	0.507039	0.857920	-0.082970	-0.482282	0.362174	0.797644	77.850647	31.328682	557.185486	
0.609924	-0.354453	0.708771	0.548609	0.834276	-0.054881	-0.571857	0.422311	0.703301	84.306541	31.548794	559.511963	
0.554917	-0.352741	0.753420	0.588217	0.806796	-0.055509	-0.588276	0.473977	0.655194	89.508224	32.163242	560.715698	
0.455254	-0.317455	0.831846	0.633036	0.772395	-0.051681	-0.626107	0.550116	0.552597	99.124519	31.719414	566.781067	
0.374312	-0.323072	0.869204	0.703265	0.709857	-0.039008	-0.604408	0.625882	0.492914	102.919724	30.296068	575.375854	
0.271944	-0.275442	0.922052	0.779874	0.624425	-0.043478	-0.563776	0.730907	0.384619	105.658722	27.984703	579.110901	
0.200421	-0.251590	0.946855	0.844137	0.534880	-0.036555	-0.497257	0.806601	0.319579	107.653809	25.702438	587.381836	
0.124310	-0.177785	0.976187	0.866295	0.499156	-0.019409	-0.483819	0.848077	0.216064	109.420609	20.355087	598.603455	
0.074049	-0.149877	0.985928	0.909242	0.416238	-0.005015	-0.409629	0.896818	0.167097	110.919197	13.754210	603.162659	
0.038944	-0.072970	0.996574	0.942662	0.333517	-0.012417	-0.331468	0.939916	0.081775	109.139473	7.248754	605.852478	
0.010019	0.038673	0.999202	0.959900	0.279595	-0.020446	-0.280163	0.959339	-0.034321	113.554787	3.797815	634.680054	
0.116854	0.035073	0.992530	0.976194	0.179822	-0.121285	-0.182733	0.983074	-0.013225	113.596649	-4.771784	648.411926	
-0.015474	0.067979	0.997567	0.998736	0.048776	0.012168	-0.047830	0.996494	-0.068648	97.667198	-14.214700	634.359985	
-0.015474	0.067979	0.997567	0.998736	0.048776	0.012168	-0.047830	0.996494	-0.068648	97.667198	-14.214700	634.359985	
-0.015474	0.067979	0.997567	0.998736	0.048776	0.012168	-0.047830	0.996494	-0.068648	97.667198	-14.214700	634.359985	
-0.015474	0.067979	0.997567	0.998736	0.048776	0.012168	-0.047830	0.996494	-0.068648	97.667198	-14.214700	634.359985	
0.026862	0.392803	0.919230	0.948998	-0.298991	0.100033	0.314135	0.869660	-0.380800	67.556656	-49.730175	670.447449	
0.057972	0.491062	0.869193	0.924858	-0.354221	0.138438	0.375868	0.795854	-0.474697	59.414207	-56.651482	683.989929	
0.097528	0.574057	0.812986	0.904024	-0.392718	0.168853	0.416206	0.718491	-0.557263	51.628494	-69.786110	700.029785	
0.181669	0.642333	0.744583	0.848651	-0.484927	0.211274	0.496777	0.593509	-0.633213	32.820293	-83.069542	711.767639	
0.237291	0.702997	0.670438	0.808470	-0.525541	0.264919	0.538581	0.479166	-0.693058	14.567886	-97.013542	723.921570	
0.300506	0.750714	0.588323	0.779666	-0.548644	0.301842	0.549378	0.367990	-0.750177	5.454290	-103.470329	735.478760	
0.365569	0.757350	0.541091	0.747776	-0.585127	0.313778	0.554247	0.289908	-0.780232	-3.433555	-110.518822	743.631165	
0.470193	0.759228	0.449989	0.677802	-0.637190	0.366843	0.565246	0.132516	-0.814208	-13.522659	-124.277954	747.895630	
0.578084	0.771269	0.266387	0.653698	-0.633130	0.414516	0.488361	-0.065489	-0.870180	-22.004635	-139.936432	758.138977	
0.685726	0.723290	0.081431	0.635076	-0.649217	0.418564	0.355609	-0.235306	-0.904529	-28.962395	-144.158569	765.546204	
0.696026	0.709714	0.108871	0.583915	-0.647724	0.489384	0.417841	-0.277053	-0.865245	-39.646706	-159.740372	785.221619	
0.759109	0.646951	0.072155	0.535097	-0.683271	0.496800	0.370707	-0.338516	-0.864859	-51.124577	-174.658798	801.771606	
0.795869	0.603839	-0.044394	0.498965	-0.612574	0.613013	0.342967	-0.510030	-0.788823	-56.904953	-181.785278	813.803772	
0.826888	0.555064	-0.090325	0.463900	-0.582458	0.667486	0.317887	-0.593839	-0.739122	-70.129547	-193.196350	822.162781	
0.842737	0.504299	-0.188350	0.473828	-0.528823	0.704154	0.255501	-0.682663	-0.684610	-82.131630	-202.584625	821.588684	
0.859659	0.451067	-0.239843	0.468898	-0.510314	0.720911	0.202784	-0.732200	-0.650200	-93.879700	-213.460068	834.905396	
0.873636	0.387591	-0.294165	0.465922	-0.492073	0.735378	0.140275	-0.779510	-0.610479	-103.067688	-216.644318	846.280945	
0.880709	0.293373	-0.371864	0.471657	-0.471100	0.745389	0.043492	-0.831863	-0.553273	-110.250511	-221.344589	863.243408	
0.879366	0.176491	-0.442228	0.469608	-0.474869	0.744290	-0.078640	-0.862177	-0.500465	-112.346054	-229.449356	880.060486	
0.831003	0.120314	-0.543099	0.533520	-0.448726	0.716938	-0.157445	-0.885533	-0.437083	-113.169235	-231.228912	879.692322	
0.805003	0.066567	-0.589523	0.557541	-0.424519	0.713395	-0.202775	-0.902968	-0.378853	-112.979401	-231.643921	884.495789	
0.744196	0.002199	-0.667956	0.609104	-0.412676	0.677267	-0.274160	-0.910874	-0.308452	-110.300461	-233.795715	893.203369	
0.691515	-0.031066	-0.721693	0.649288	-0.411142	0.639834	-0.316595	-0.911041	-0.264140	-110.568657	-241.794296	911.254700	
0.629345	-0.097412	-0.770996	0.662353	-0.451674	0.597728	-0.406465	-0.886848	-0.219738	-103.553108	-234.207794	900.225281	
0.560041	-0.094062	-0.823107	0.685136	-0.505990	0.523988	-0.465772	-0.857394	-0.218930	-101.959366	-236.577911	915.618469	
0.499617	-0.066392	-0.863698	0.703769	-0.550227	0.449399	-0.505067	-0.832371	-0.228179	-97.104622	-237.065140	935.975464	
0.429602	-0.151440	-0.890229	0.688478	-0.582990	0.431416	-0.584329	-0.798240	-0.146191	-90.831429	-240.178452	949.798828	
0.429182	-0.165882	-0.887854	0.709278	-0.546713	0.445005	-0.559221	-0.820723	-0.116983	-81.165184	-237.644745	950.529907	
0.342802	-0.195593	-0.918819	0.719540	-0.574140	0.390672	-0.603944	-0.795051	-0.056080	-74.738556	-229.397003	942.219482	
0.286515	-0.261426	-0.921718	0.748535	-0.539400	0.385671	-0.598000	-0.800439	0.041140	-60.624950	-235.899918	979.248291	
0.227566	-0.249934	-0.941140	0.747773	-0.574231	0.333306	-0.623738	-0.779609	0.056218	-51.071205	-229.802902	985.808228	
0.207703	-0.226302	-0.951654	0.739008	-0.601091	0.304231	-0.640879	-0.766470	0.042390	-42.923813	-230.625458	1013.854248	
0.204068	-0.214095	-0.955258	0.713651	-0.635418	0.294866	-0.670119	-0.741893	0.023119	-33.394455	-223.571243	1018.262695	
0.056016	-0.152148	-0.986768	0.700425	-0.698331	0.147436	-0.711524	-0.699416	0.067450	-24.668346	-213.431854	1016.341125	
-0.044428	-0.176777	-0.983247	0.704980	-0.702900	0.094520	-0.707834	-0.688970	0.155852	-14.845556	-207.244095	1036.383789	
-0.097477	-0.160720	-0.982174	0.752916	-0.657296	0.032835	-0.650857	-0.736294	0.185080	8.732596	-203.124268	1066.131836	
0.000989	-0.002580	-0.999996	0.690516	-0.723312	0.002549	-0.723316	-0.690516	0.001066	16.929300	-176.248001	1021.419983	
0.000989	-0.002580	-0.999996	0.690516	-0.723312	0.002549	-0.723316	-0.690516	0.001066	16.929300	-176.248001	1021.419983	
0.000989	-0.002580	-0.999996	0.690516	-0.723312	0.002549	-0.723316	-0.690516	0.001066	16.929300	-176.248001	1021.419983	
-0.028339	0.211513	-0.976965	0.615894	-0.766106	-0.183728	-0.787319	-0.606914	-0.108559	51.944263	-133.382706	1011.965454	
0.008110	0.262677	-0.964850	0.594638	-0.777012	-0.206540	-0.803953	-0.572062	-0.162499	68.573868	-120.135307	1013.303284	
0.047081	0.291213	-0.955499	0.569656	-0.793589	-0.213797	-0.820534	-0.534240	-0.203254	75.800125	-113.270027	1015.107727	
0.092689	0.323114	-0.941810	0.530365	-0.816550	-0.227944	-0.842687	-0.478376	-0.247053	90.414536	-105.895210	1017.986938	
0.139690	0.372378	-0.917508	0.553916	-0.797438	-0.239313	-0.820770	-0.474793	-0.317660	102.518501	-97.466263	1015.029968	
0.187882	0.382497	-0.904653	0.490733	-0.834410	-0.250880	-0.850812	-0.396807	-0.344474	112.041382	-82.302444	1011.592285	
0.243560	0.392287	-0.887012	0.430658	-0.863193	-0.263501	-0.869029	-0.317821	-0.379180	115.591026	-66.864067	1009.931030	
0.324062	0.400776	-0.856950	0.399193	-0.879169	-0.260209	-0.857688	-0.257764	-0.444892	119.593277	-52.305443	1011.909363	
0.436411	0.391127	-0.810287	0.369670	-0.898995	-0.234846	-0.820298	-0.197049	-0.536919	125.156891	-45.742317	1013.093445	
0.531721	0.345045	-0.773445	0.334035	-0.924653	-0.182861	-0.778263	-0.161127	-0.606914	127.235771	-31.280243	1007.821899	
0.589196	0.323727	-0.740304	0.319824	-0.934837	-0.154251	-0.741998	-0.145882	-0.654337	128.473419	-17.186161	1010.374878	
0.630680	0.278535	-0.724335	0.255187	-0.955899	-0.145388	-0.732886	-0.093147	-0.673944	123.997650	-2.836416	997.628113	
0.680615	0.247131	-0.689703	0.240593	-0.964577	-0.108200	-0.692011	-0.092295	-0.715962	119.642380	3.235794	986.151367	
0.682448	0.174743	-0.709740	0.138528	-0.984326	-0.109146	-0.717688	-0.023832	-0.695957	114.315231	9.269542	976.508118	
0.713273	0.124607	-0.689721	0.115560	-0.991510	-0.059622	-0.691294	-0.037177	-0.721616	106.189995	20.650433	972.807190	
0.736964	0.093009	-0.669503	0.083717	-0.995422	-0.046132	-0.670728	-0.022051	-0.741375	94.383408	25.652468	960.267334	
0.782438	-0.002244	-0.622725	0.020152	-0.999379	0.028923	-0.622402	-0.035179	-0.781906	87.953957	31.090960	956.752686	
0.812289	-0.057216	-0.580442	-0.024657	-0.997656	0.063837	-0.582734	-0.037542	-0.811795	74.260010	39.643494	954.848938	
0.813447	-0.113270	-0.570503	-0.035099	-0.988626	0.146242	-0.580579	-0.098936	-0.808170	65.934494	45.529850	945.125916	
0.823391	-0.176429	-0.539351	-0.042956	-0.967093	0.250771	-0.565845	-0.183314	-0.803874	50.040035	48.106262	938.007996	
0.824619	-0.233095	-0.515433	-0.056546	-0.940561	0.334885	-0.562855	-0.247007	-0.788784	31.863190	52.105858	925.315002	
0.810475	-0.351532	-0.468568	-0.166984	-0.905373	0.390405	-0.561468	-0.238170	-0.792482	13.665653	55.184139	913.476196	
0.772175	-0.466532	-0.431386	-0.239746	-0.842644	0.482155	-0.588445	-0.268884	-0.762517	4.733791	56.026413	895.318542	
0.715738	-0.569153	-0.404703	-0.331625	-0.786982	0.520274	-0.614609	-0.238170	-0.752017	-14.186896	56.019852	890.213562	
0.644526	-0.667199	-0.373407	-0.384910	-0.705122	0.595524	-0.660629	-0.240102	-0.711280	-34.399101	55.182049	887.457214	
0.554656	-0.752397	-0.355325	-0.407599	-0.617971	0.672292	-0.725410	-0.228060	-0.649437	-54.476776	53.893845	881.640076	
0.502391	-0.815218	-0.288138	-0.381997	-0.508229	0.771870	-0.775681	-0.277713	-0.566739	-70.468964	50.270027	866.013733	
0.452962	-0.855045	-0.252437	-0.391820	-0.445266	0.805119	-0.800813	-0.265778	-0.536711	-78.657089	44.955013	859.840027	
0.371425	-0.896867	-0.240150	-0.343570	-0.373060	0.861851	-0.862556	-0.237605	-0.446700	-88.490051	39.259598	845.970703	
0.250710	-0.944322	-0.213076	-0.324322	-0.289320	0.900617	-0.912118	-0.156688	-0.378799	-103.852341	35.664272	817.937500	
0.113195	-0.974497	-0.193762	-0.287548	-0.218801	0.932440	-0.951053	-0.049832	-0.304981	-120.540871	31.481588	809.717957	
-0.014360	-0.983996	-0.177609	-0.221945	-0.170060	0.960115	-0.974953	0.053207	-0.215950	-134.658859	25.795359	800.929810	
-0.077946	-0.983253	-0.164738	-0.115888	-0.155186	0.981065	-0.990199	0.095562	-0.101850	-145.202728	20.974817	777.603210	
-0.213424	-0.967062	-0.138715	-0.022790	-0.137021	0.990306	-0.976694	0.214516	0.007205	-151.937805	14.691023	772.328430	
-0.282934	-0.951003	-0.124669	0.082915	-0.153746	0.984626	-0.955549	0.268247	0.122353	-160.491241	8.155884	766.269226	
-0.373171	-0.921117	-0.110853	0.133967	-0.171732	0.975993	-0.918040	0.349361	0.187485	-167.251556	1.254841	762.097595	
-0.549973	-0.829257	-0.099313	0.212420	-0.253891	0.943619	-0.807717	0.497869	0.315784	-176.446671	-11.730654	752.518555	
-0.654522	-0.750407	-0.092153	0.303125	-0.372129	0.877289	-0.692616	0.546270	0.471034	-187.536591	-23.264668	758.522827	
-0.638607	-0.766365	-0.069764	0.307760	-0.337438	0.889618	-0.705312	0.546645	0.451346	-172.511993	-34.846401	728.015991	
-0.638607	-0.766365	-0.069764	0.307760	-0.337438	0.889618	-0.705312	0.546645	0.451346	-172.511993	-34.846401	728.015991	
-0.638607	-0.766365	-0.069764	0.307760	-0.337438	0.889618	-0.705312	0.546645	0.451346	-172.511993	-34.846401	728.015991	
-0.638607	-0.766365	-0.069764	0.307760	-0.337438	0.889618	-0.705312	0.546645	0.451346	-172.511993	-34.846401	728.015991	
-0.905127	-0.410451	-0.110795	0.252083	-0.727993	0.637557	-0.342345	0.549141	0.762394	-158.147308	-68.568024	689.899353	
-0.956839	-0.288618	-0.034047	0.213791	-0.778399	0.590244	-0.196858	0.557490	0.806506	-153.390732	-84.911880	677.768860	
-0.986550	-0.133862	0.093817	0.163460	-0.803244	0.572783	-0.001316	0.580414	0.814320	-144.787750	-94.947296	664.585510	
-0.991555	-0.048361	0.120338	0.108430	-0.818193	0.564626	0.071154	0.572906	0.816526	-132.085464	-114.441261	665.184692	
-0.990783	0.097610	0.093935	-0.025853	-0.816911	0.576184	0.132977	0.568444	0.811904	-120.217636	-126.175293	660.399414	
-0.976300	0.214199	-0.030965	-0.191529	-0.788479	0.584480	0.100780	0.576558	0.810817	-112.823532	-137.944519	667.346130	
-0.947687	0.318150	-0.025908	-0.266698	-0.744591	0.611928	0.175394	0.586826	0.790488	-96.160606	-140.469376	636.334595	
-0.936998	0.333821	-0.102950	-0.327968	-0.739128	0.588325	0.120302	0.585024	0.802044	-86.201645	-145.573639	621.605408	
-0.873681	0.458131	-0.163702	-0.453289	-0.644373	0.615884	0.176670	0.612290	0.770642	-79.462128	-147.541519	595.251831	
-0.880969	0.472274	0.029158	-0.472265	-0.873789	-0.116010	-0.029311	-0.115972	0.992820	-62.430099	-156.656998	612.107971	
-0.880969	0.472274	0.029158	-0.472265	-0.873789	-0.116010	-0.029311	-0.115972	0.992820	-62.430099	-156.656998	612.107971	
-0.880969	0.472274	0.029158	-0.472265	-0.873789	-0.116010	-0.029311	-0.115972	0.992820	-62.430099	-156.656998	612.107971	
-0.880969	0.472274	0.029158	-0.472265	-0.873789	-0.116010	-0.029311	-0.115972	0.992820	-62.430099	-156.656998	612.107971	
-0.557773	0.829096	0.038587	-0.719697	-0.459971	-0.520060	-0.413430	-0.317846	0.853257	-5.585906	-180.332825	582.492004	
-0.442661	0.894026	0.069050	-0.781564	-0.346935	-0.518453	-0.439554	-0.283466	0.852313	12.924041	-187.482162	580.338684	
-0.325349	0.940268	0.100219	-0.835267	-0.236089	-0.496579	-0.443256	-0.245271	0.862186	21.246468	-192.616074	572.206604	
-0.222318	0.963152	0.151370	-0.851976	-0.116430	-0.510471	-0.474036	-0.242450	0.846467	25.203571	-192.093201	553.309204	
-0.039889	0.999158	0.009558	-0.581462	-0.015432	-0.813427	-0.812595	-0.038004	0.581588	45.679001	-194.960007	572.968994	
-0.039889	0.999158	0.009558	-0.581462	-0.015432	-0.813427	-0.812595	-0.038004	0.581588	45.679001	-194.960007	572.968994	
-0.039889	0.999158	0.009558	-0.581462	-0.015432	-0.813427	-0.812595	-0.038004	0.581588	45.679001	-194.960007	572.968994	
-0.039889	0.999158	0.009558	-0.581462	-0.015432	-0.813427	-0.812595	-0.038004	0.581588	45.679001	-194.960007	572.968994	
-0.039889	0.999158	0.009558	-0.581462	-0.015432	-0.813427	-0.812595	-0.038004	0.581588	45.679001	-194.960007	572.968994	
-0.039889	0.999158	0.009558	-0.581462	-0.015432	-0.813427	-0.812595	-0.038004	0.581588	45.679001	-194.960007	572.968994	
-0.039889	0.999158	0.009558	-0.581462	-0.015432	-0.813427	-0.812595	-0.038004	0.581588	45.679001	-194.960007	572.968994	
-0.039889	0.999158	0.009558	-0.581462	-0.015432	-0.813427	-0.812595	-0.038004	0.581588	45.679001	-194.960007	572.968994	
-0.039889	0.999158	0.009558	-0.581462	-0.015432	-0.813427	-0.812595	-0.038004	0.581588	45.679001	-194.960007	572.968994	
-0.039889	0.999158	0.009558	-0.581462	-0.015432	-0.813427	-0.812595	-0.038004	0.581588	45.679001	-194.960007	572.968994	
-0.039889	0.999158	0.009558	-0.581462	-0.015432	-0.813427	-0.812595	-0.038004	0.581588	45.679001	-194.960007	572.968994	
-0.039889	0.999158	0.009558	-0.581462	-0.015432	-0.813427	-0.812595	-0.038004	0.581588	45.679001	-194.960007	572.968994	
-0.039889	0.999158	0.009558	-0.581462	-0.015432	-0.813427	-0.812595	-0.038004	0.581588	45.679001	-194.960007	572.968994	
0.871650	0.461864	-0.164038	0.195748	-0.634879	-0.747403	-0.449343	0.619364	-0.643801	55.651360	-137.617126	570.170349	
0.924746	0.336918	-0.177005	0.144186	-0.740565	-0.656333	-0.352215	0.581420	-0.733414	42.885170	-131.629089	576.263184	
0.907243	0.300813	-0.293975	0.089094	-0.820513	-0.564642	-0.411062	0.486076	-0.771205	27.790268	-133.916107	602.251892	
0.933152	0.214249	-0.288660	0.049633	-0.872087	-0.486827	-0.356039	0.439957	-0.824423	19.630941	-123.501129	598.190979	
0.950353	0.080868	-0.300482	-0.058167	-0.902454	-0.426841	-0.305690	0.423129	-0.852945	1.990164	-116.817841	607.018860	
0.960111	0.023498	-0.278629	-0.106167	-0.891209	-0.440993	-0.258680	0.452984	-0.853165	-12.643297	-97.288986	588.762695	
0.959298	-0.123182	-0.254114	-0.208446	-0.915959	-0.342884	-0.190521	0.381898	-0.904354	-32.787262	-89.598236	602.967285	
0.919415	-0.254068	-0.300208	-0.318280	-0.929072	-0.188479	-0.231029	0.268841	-0.935067	-43.925400	-75.710205	619.676758	
0.858031	-0.374317	-0.351665	-0.398520	-0.917152	0.003877	-0.323982	0.136819	-0.936117	-54.950016	-68.680367	634.055298	
0.820031	-0.432136	-0.375243	-0.415255	-0.900442	0.129492	-0.393843	0.049634	-0.917836	-74.913437	-54.180740	646.736450	
0.738236	-0.532638	-0.413889	-0.500235	-0.843923	0.193804	-0.452518	0.063969	-0.889458	-94.915771	-46.164375	651.051758	
0.642009	-0.613564	-0.459741	-0.560312	-0.784779	0.264902	-0.523330	0.087529	-0.847622	-114.124413	-39.504230	664.879150	
0.584279	-0.641713	-0.496812	-0.521883	-0.765909	0.375529	-0.621495	0.039864	-0.782403	-133.169312	-33.258366	680.880371	
0.523194	-0.660271	-0.538803	-0.471138	-0.750936	0.462735	-0.710138	0.011750	-0.703964	-141.722549	-20.427219	685.416748	
0.411435	-0.700688	-0.582886	-0.500882	-0.708120	0.497678	-0.761471	0.087195	-0.642307	-149.093109	-7.005658	687.244263	
0.302768	-0.734503	-0.607319	-0.543057	-0.656619	0.523394	-0.783212	0.171342	-0.597680	-157.702377	-1.467426	700.900024	
0.153725	-0.751051	-0.642099	-0.521141	-0.613722	0.593091	-0.839512	0.243452	-0.485748	-176.506561	3.637451	718.060120	
0.096195	-0.726957	-0.679911	-0.439383	-0.643938	0.626328	-0.893135	0.238491	-0.381356	-187.933044	9.212298	728.969849	
-0.013611	-0.697834	-0.716130	-0.468186	-0.628389	0.621232	-0.883525	0.343737	-0.318163	-191.936844	18.162701	732.260315	
-0.089720	-0.677484	-0.730044	-0.464598	-0.619894	0.632360	-0.880965	0.395913	-0.259141	-204.881714	21.486086	759.153259	
-0.092763	-0.618267	-0.780474	-0.459258	-0.668925	0.584484	-0.883446	0.412658	-0.221893	-202.528900	29.492794	763.089417	
-0.119716	-0.596583	-0.793572	-0.451924	-0.678962	0.578598	-0.883987	0.427901	-0.188327	-204.634369	35.511135	771.281372	
-0.156604	-0.557522	-0.815257	-0.366143	-0.733855	0.572186	-0.917287	0.388107	-0.089208	-205.617050	38.246185	786.520081	
-0.202048	-0.503670	-0.839936	-0.325147	-0.774484	0.542636	-0.923827	0.382741	-0.007285	-206.738846	40.033890	799.195190	
-0.271710	-0.465318	-0.842408	-0.306402	-0.787964	0.534071	-0.912300	0.403228	0.071523	-198.324020	41.500393	807.683350	
-0.292678	-0.449449	-0.843999	-0.279364	-0.803950	0.524997	-0.914492	0.389437	0.109738	-187.275909	42.818882	800.285461	
-0.315552	-0.400803	-0.860107	-0.286666	-0.823802	0.489055	-0.904572	0.400885	0.145055	-182.217056	42.858273	817.826660	
-0.416791	-0.325745	-0.848631	-0.270661	-0.846769	0.457959	-0.867772	0.420564	0.264759	-185.748428	40.295094	850.770630	
-0.516376	-0.271531	-0.812173	-0.221830	-0.873617	0.433111	-0.827132	0.403812	0.390880	-180.542496	37.197479	863.691528	
-0.275074	-0.240235	-0.930925	-0.255119	-0.915327	0.311594	-0.926957	0.323208	0.190494	-159.692993	38.255199	857.862000	
-0.275074	-0.240235	-0.930925	-0.255119	-0.915327	0.311594	-0.926957	0.323208	0.190494	-159.692993	38.255199	857.862000	
-0.275074	-0.240235	-0.930925	-0.255119	-0.915327	0.311594	-0.926957	0.323208	0.190494	-159.692993	38.255199	857.862000	
-0.229168	-0.086033	-0.969578	-0.287036	-0.945820	0.151769	-0.930104	0.313084	0.192058	-119.472862	24.205172	900.431396	
-0.203752	-0.060185	-0.977171	-0.248382	-0.962275	0.111059	-0.946991	0.265340	0.181116	-101.731773	16.747082	917.130981	
-0.164798	-0.043571	-0.985365	-0.240943	-0.966979	0.083055	-0.956446	0.251104	0.148858	-81.767799	14.239913	919.053772	
-0.099220	-0.016534	-0.994929	-0.247390	-0.968058	0.040759	-0.963822	0.250180	0.091961	-61.923439	4.491276	932.927307	
-0.034682	-0.003359	-0.999393	-0.241574	-0.970312	0.011645	-0.969763	0.241831	0.032841	-41.398235	-0.493716	934.446045	
0.056325	-0.009171	-0.998371	-0.228487	-0.973539	-0.003947	-0.971916	0.228337	-0.056930	-30.084120	-4.277399	921.810181	
0.084030	-0.014427	-0.996359	-0.217697	-0.976007	-0.004227	-0.972392	0.217259	-0.085155	-21.166500	-16.744600	960.642029	
0.084030	-0.014427	-0.996359	-0.217697	-0.976007	-0.004227	-0.972392	0.217259	-0.085155	-21.166500	-16.744600	960.642029	
0.084030	-0.014427	-0.996359	-0.217697	-0.976007	-0.004227	-0.972392	0.217259	-0.085155	-21.166500	-16.744600	960.642029	
0.261192	-0.167049	-0.950723	-0.417945	-0.907377	0.044611	-0.870115	0.385698	-0.306816	26.849270	-34.702084	971.788574	
0.250921	-0.186486	-0.949875	-0.373833	-0.923810	0.082616	-0.892909	0.334364	-0.301518	33.390034	-48.446785	980.719055	
0.270696	-0.247193	-0.930387	-0.314895	-0.936039	0.157076	-0.909706	0.250454	-0.331222	48.066231	-59.026157	972.140259	
0.278087	-0.301892	-0.911882	-0.236713	-0.941588	0.239539	-0.930932	0.149242	-0.333305	61.246151	-64.802872	978.538879	
0.270692	-0.381342	-0.883914	-0.329218	-0.899503	0.287247	-0.904622	0.213245	-0.369032	75.039131	-80.977257	993.231445	
0.261471	-0.483025	-0.835656	-0.401346	-0.841788	0.360991	-0.877812	0.240999	-0.413963	86.462166	-90.538551	1009.573608	
0.201587	-0.545034	-0.813819	-0.398055	-0.804756	0.440364	-0.894938	0.235173	-0.379182	91.687439	-105.634529	1015.106506	
0.133987	-0.596664	-0.791227	-0.463492	-0.743446	0.482145	-0.875912	0.302126	-0.376161	94.687729	-113.480347	1017.683838	
0.099302	-0.657217	-0.747131	-0.466618	-0.693925	0.548395	-0.878866	0.294168	-0.375577	96.878128	-119.508270	1012.279663	
0.064542	-0.712135	-0.699070	-0.432479	-0.651287	0.623529	-0.899331	0.262089	-0.350018	99.395164	-134.659760	1027.324585	
-0.031930	-0.738980	-0.672971	-0.482010	-0.578459	0.658067	-0.875583	0.345390	-0.337725	99.710838	-149.375229	1032.240723	
-0.135993	-0.760806	-0.634571	-0.498937	-0.500770	0.707313	-0.855902	0.412801	-0.311492	98.845070	-156.451401	1035.208496	
-0.183381	-0.785157	-0.591524	-0.388821	-0.494728	0.777215	-0.902878	0.372524	-0.214561	97.247192	-168.946045	1037.073975	
-0.245695	-0.797506	-0.551015	-0.346666	-0.458555	0.818261	-0.905239	0.392061	-0.163804	90.430344	-179.153397	1030.536743	
-0.395243	-0.765932	-0.507082	-0.378976	-0.366891	0.849570	-0.836756	0.527958	-0.145258	81.892296	-183.581818	1007.409058	
-0.459996	-0.767135	-0.447110	-0.255258	-0.368041	0.894086	-0.850439	0.525404	-0.026520	72.525238	-188.320938	1011.735718	
-0.523959	-0.768997	-0.366211	-0.089462	-0.377890	0.921518	-0.847032	0.515600	0.129203	64.140503	-193.557999	1028.989990	
-0.523959	-0.768997	-0.366211	-0.089462	-0.377890	0.921518	-0.847032	0.515600	0.129203	64.140503	-193.557999	1028.989990	
-0.523959	-0.768997	-0.366211	-0.089462	-0.377890	0.921518	-0.847032	0.515600	0.129203	64.140503	-193.557999	1028.989990	
-0.523959	-0.768997	-0.366211	-0.089462	-0.377890	0.921518	-0.847032	0.515600	0.129203	64.140503	-193.557999	1028.989990	
-0.523959	-0.768997	-0.366211	-0.089462	-0.377890	0.921518	-0.847032	0.515600	0.129203	64.140503	-193.557999	1028.989990	
-0.952090	-0.299920	0.059766	0.226790	-0.561337	0.795906	-0.205160	0.771329	0.602462	11.680283	-211.287079	998.813293	
-0.978091	-0.171564	0.117914	0.196558	-0.574493	0.794558	-0.068577	0.800327	0.595628	1.548721	-207.273483	962.805664	
-0.971821	-0.032148	0.233518	0.207001	-0.590276	0.780208	0.112758	0.806561	0.580297	-23.431028	-213.051743	967.325378	
-0.944860	0.086157	0.315938	0.195993	-0.624121	0.756346	0.262348	0.776563	0.572820	-39.386230	-216.567322	975.557190	
-0.904789	0.180480	0.385724	0.184507	-0.650195	0.737023	0.383814	0.738020	0.554989	-62.633015	-221.098816	981.327515	
-0.859134	0.278419	0.429386	0.132078	-0.689991	0.711665	0.494414	0.668128	0.556021	-75.558846	-229.135468	996.857178	
-0.827087	0.349539	0.440170	0.099102	-0.680163	0.726331	0.553269	0.644361	0.527913	-90.435631	-230.648666	999.496765	
-0.835795	0.442855	0.324542	0.014855	-0.572649	0.819665	0.548842	0.689893	0.472038	-109.264130	-220.784988	941.762146	
-0.722126	0.336663	0.604312	-0.298385	-0.939728	0.166966	0.624100	-0.059747	0.779057	-94.482300	-201.615997	964.468994	
-0.722126	0.336663	0.604312	-0.298385	-0.939728	0.166966	0.624100	-0.059747	0.779057	-94.482300	-201.615997	964.468994	
-0.722126	0.336663	0.604312	-0.298385	-0.939728	0.166966	0.624100	-0.059747	0.779057	-94.482300	-201.615997	964.468994	
-0.722126	0.336663	0.604312	-0.298385	-0.939728	0.166966	0.624100	-0.059747	0.779057	-94.482300	-201.615997	964.468994	
-0.436042	0.447424	0.780819	-0.825248	-0.544860	-0.148639	0.358932	-0.709183	0.606817	-129.802139	-169.411423	904.868408	
-0.333227	0.451370	0.827783	-0.917932	-0.355810	-0.175502	0.215317	-0.818330	0.532892	-132.833069	-158.717941	886.770752	
-0.175995	0.415555	0.892379	-0.973354	-0.208831	-0.094719	0.146995	-0.885271	0.441234	-134.262344	-147.084183	860.487854	
-0.177166	0.365324	0.913866	-0.983223	-0.024736	-0.180723	-0.043417	-0.930552	0.363577	-145.067993	-137.699005	904.036987	
-0.177166	0.365324	0.913866	-0.983223	-0.024736	-0.180723	-0.043417	-0.930552	0.363577	-145.067993	-137.699005	904.036987	
-0.177166	0.365324	0.913866	-0.983223	-0.024736	-0.180723	-0.043417	-0.930552	0.363577	-145.067993	-137.699005	904.036987	
-0.177166	0.365324	0.913866	-0.983223	-0.024736	-0.180723	-0.043417	-0.930552	0.363577	-145.067993	-137.699005	904.036987	
-0.013761	0.062205	0.997969	-0.821570	0.568188	-0.046745	-0.569942	-0.820544	0.043287	-139.745956	-94.698448	857.103394	
0.011817	-0.052866	0.998532	-0.708233	0.704499	0.045680	-0.705880	-0.707733	-0.029116	-132.901840	-79.984901	836.010681	
0.005203	-0.108665	0.994065	-0.523010	0.846980	0.095324	-0.852311	-0.520401	-0.052426	-128.281387	-71.350639	822.649536	
-0.005032	-0.219381	0.975626	-0.376573	0.904233	0.201385	-0.926373	-0.366381	-0.087163	-116.318375	-62.512161	798.882874	
-0.064253	-0.262305	0.962844	-0.272090	0.932887	0.235986	-0.960124	-0.246817	-0.131311	-111.405724	-54.574451	800.324219	
-0.138775	-0.358766	0.923054	-0.173449	0.926471	0.334017	-0.975017	-0.113749	-0.190798	-105.865868	-40.410324	803.285828	
-0.119674	-0.422828	0.898273	-0.071771	0.906093	0.416946	-0.990216	-0.014573	-0.138783	-95.997047	-26.647364	781.015808	
-0.194415	-0.465196	0.863595	0.111289	0.864249	0.490601	-0.974586	0.191489	-0.116252	-81.764877	-11.725935	779.606384	
-0.266445	-0.485533	0.832626	0.316375	0.771935	0.551383	-0.910447	0.410335	-0.052067	-72.596069	-4.362294	771.408081	
-0.319346	-0.511916	0.797471	0.392218	0.694671	0.602990	-0.862660	0.505345	-0.021058	-63.247772	2.885072	757.698242	
-0.402162	-0.523109	0.751414	0.500332	0.561759	0.658858	-0.766768	0.640924	0.035809	-54.065231	11.816772	748.989624	
-0.545920	-0.412525	0.729243	0.656384	0.330352	0.678253	-0.520703	0.848935	0.090428	-38.919281	27.968332	712.667480	
-0.639583	-0.410296	0.650070	0.650458	0.161827	0.742102	-0.409681	0.897480	0.163378	-30.335670	36.624916	702.274170	
-0.645301	-0.537799	0.542549	0.596562	0.088867	0.797631	-0.477180	0.838377	0.263484	-15.971794	36.816990	697.085693	
-0.695690	-0.541048	0.472528	0.592563	-0.060400	0.803256	-0.406060	0.838820	0.362624	-3.629715	43.963673	695.999695	
-0.739653	-0.521652	0.425197	0.585269	-0.186703	0.789051	-0.332225	0.832479	0.443402	7.082480	47.902756	682.968201	
-0.819426	-0.431412	0.377394	0.538669	-0.354578	0.764270	-0.195900	0.829553	0.522938	17.238323	51.157600	671.756653	
-0.900126	-0.359220	0.246446	0.412440	-0.520611	0.747567	-0.140238	0.774549	0.616771	34.765598	54.164867	658.853699	
-0.945543	-0.308962	0.102422	0.283376	-0.626563	0.726029	-0.160141	0.715516	0.679994	49.830929	56.139923	644.402283	
-0.977987	-0.200885	0.056456	0.188547	-0.734822	0.651527	-0.089398	0.647829	0.756522	57.411598	58.014244	642.302734	
-0.989589	-0.143745	0.007060	0.117330	-0.777387	0.617983	-0.083344	0.612378	0.786159	70.667953	59.207134	637.528137	
-0.994613	-0.081109	-0.064545	0.026940	-0.803555	0.594622	-0.100095	0.589680	0.801410	82.318695	59.283558	630.819031	
-0.996187	0.019937	-0.084937	-0.062064	-0.846168	0.529291	-0.061318	0.532545	0.844178	89.463989	57.551697	618.903015	
-0.984343	0.078574	-0.157778	-0.146405	-0.862932	0.483646	-0.098150	0.499174	0.860925	94.466576	56.215214	614.215454	
-0.955947	0.180327	-0.231619	-0.266894	-0.862434	0.430089	-0.122200	0.472960	0.872568	97.913757	52.562904	605.923035	
-0.911156	0.265175	-0.315398	-0.375130	-0.850524	0.368628	-0.170503	0.454193	0.874435	99.767052	50.335495	603.207703	
-0.869247	0.310501	-0.384705	-0.433089	-0.853537	0.289671	-0.238417	0.418407	0.876409	101.716873	44.239799	603.301086	
-0.822878	0.340787	-0.454682	-0.469763	-0.858193	0.206951	-0.319679	0.383889	0.866276	100.181046	37.421837	594.613098	
-0.735278	0.349865	-0.580482	-0.497918	-0.859907	0.112419	-0.459830	0.371692	0.806475	96.492355	28.591766	590.916809	
-0.654589	0.401314	-0.640671	-0.575757	-0.813846	0.078477	-0.489914	0.420241	0.763794	94.031624	19.194561	588.126648	
-0.535593	0.413141	-0.736515	-0.639038	-0.768439	0.033661	-0.552060	0.488690	0.675583	85.725586	13.528107	584.854858	
-0.410979	0.392886	-0.822640	-0.684801	-0.728706	-0.005906	-0.601783	0.560918	0.568532	75.084549	7.767731	578.741150	
-0.336995	0.366959	-0.867050	-0.697708	-0.715679	-0.031717	-0.632168	0.594260	0.497210	64.011299	0.298149	575.123901	
-0.267307	0.334105	-0.903837	-0.656632	-0.749640	-0.082908	-0.705252	0.571327	0.419768	51.022045	-6.832943	575.870361	
-0.188052	0.310162	-0.931899	-0.665371	-0.738152	-0.111409	-0.722438	0.599109	0.345184	35.815228	-19.916702	575.583008	
-0.054457	0.216222	-0.974824	-0.644134	-0.753582	-0.131165	-0.762971	0.620776	0.180314	31.625326	-29.005140	584.897522	
0.105547	0.121228	-0.986997	-0.586960	-0.793599	-0.160242	-0.802706	0.596242	-0.012606	17.459230	-33.645584	578.875977	
0.327636	0.052881	-0.943323	-0.522538	-0.821690	-0.227551	-0.787152	0.567477	-0.241583	13.559609	-40.434582	586.432800	
0.576472	-0.004412	-0.817105	-0.486195	-0.805556	-0.338664	-0.656729	0.592503	-0.466526	0.026508	-50.444592	593.874084	
0.695180	-0.129195	-0.707130	-0.566095	-0.704653	-0.427785	-0.443014	0.697691	-0.562998	-12.184590	-56.295845	572.329895	
0.073499	-0.272293	-0.959403	-0.621062	-0.765193	0.169594	-0.780308	0.583384	-0.225352	-61.751598	-82.858101	575.432007	
0.073499	-0.272293	-0.959403	-0.621062	-0.765193	0.169594	-0.780308	0.583384	-0.225352	-61.751598	-82.858101	575.432007	
0.073499	-0.272293	-0.959403	-0.621062	-0.765193	0.169594	-0.780308	0.583384	-0.225352	-61.751598	-82.858101	575.432007	
-0.021106	-0.636409	-0.771063	-0.701303	-0.540243	0.465094	-0.712551	0.550565	-0.434913	-102.562592	-112.314941	579.019470	
-0.064075	-0.672455	-0.737359	-0.687273	-0.505994	0.521178	-0.723567	0.540162	-0.429739	-119.251442	-118.608437	571.190979	
-0.126638	-0.742351	-0.657934	-0.676111	-0.420739	0.604858	-0.725835	0.521434	-0.448631	-125.058731	-128.718246	569.342346	
-0.212807	-0.795507	-0.567345	-0.631594	-0.331039	0.701073	-0.745522	0.507526	-0.431990	-145.851562	-144.516830	593.023010	
-0.303622	-0.805650	-0.508666	-0.598906	-0.253838	0.759525	-0.741030	0.535252	-0.405438	-154.935104	-158.305359	599.220398	
-0.361472	-0.852125	-0.378444	-0.505281	-0.162092	0.847595	-0.783600	0.497603	-0.371971	-171.152939	-171.555130	613.878845	
-0.447258	-0.867454	-0.217908	-0.436163	-0.001166	0.899867	-0.780847	0.497517	-0.377830	-183.898209	-180.296097	636.224915	
-0.543443	-0.828748	-0.133592	-0.325183	0.061117	0.943674	-0.773903	0.556275	-0.302708	-188.860001	-186.204803	627.284424	
-0.515391	-0.855096	0.056417	-0.190965	0.178780	0.965179	-0.835407	0.486671	-0.255435	-188.155884	-187.424286	625.360474	
-0.578714	-0.801754	0.149269	-0.086349	0.242243	0.966365	-0.810947	0.546360	-0.209421	-193.275543	-189.074356	625.400818	
-0.559057	-0.776010	0.292000	0.080025	0.300031	0.950567	-0.825258	0.554789	-0.105635	-191.499924	-189.439407	637.325012	
-0.549191	-0.701415	0.454321	0.243981	0.385386	0.889916	-0.799289	0.599580	-0.040519	-190.338882	-198.742554	644.316650	
-0.559278	-0.606504	0.565121	0.363283	0.433445	0.824713	-0.745140	0.666542	-0.022084	-189.244751	-206.443298	664.683960	
-0.547428	-0.493735	0.675684	0.506370	0.447397	0.737174	-0.666267	0.745696	0.005094	-190.963791	-210.903290	675.983154	
-0.590531	-0.372901	0.715695	0.606924	0.379299	0.698410	-0.531899	0.846804	0.002334	-195.312027	-213.149185	689.828979	
-0.534368	-0.279034	0.797867	0.755219	0.266303	0.598938	-0.379598	0.922617	0.068427	-188.404724	-209.289932	692.986206	
-0.474129	-0.168136	0.864253	0.854567	0.148400	0.497687	-0.211934	0.974530	0.073322	-185.066391	-204.793106	707.274475	
-0.404870	-0.130462	0.905020	0.897265	0.133888	0.420701	-0.176057	0.982372	0.062851	-178.491409	-203.619720	713.050842	
-0.303966	-0.061760	0.950679	0.952243	0.010617	0.305156	-0.028940	0.998035	0.055583	-164.177765	-197.915756	719.719788	
-0.191165	-0.023373	0.981280	0.981401	-0.022392	0.190655	0.017517	0.999476	0.027218	-148.414749	-196.021439	737.942993	
-0.003278	-0.000679	0.999994	0.999075	-0.042888	0.003246	0.042885	0.999080	0.000819	-134.591995	-197.725998	764.138000	
-0.003278	-0.000679	0.999994	0.999075	-0.042888	0.003246	0.042885	0.999080	0.000819	-134.591995	-197.725998	764.138000	
-0.003278	-0.000679	0.999994	0.999075	-0.042888	0.003246	0.042885	0.999080	0.000819	-134.591995	-197.725998	764.138000	
0.315404	-0.018011	0.948787	0.892387	-0.334415	-0.303003	0.322746	0.942254	-0.089403	-93.378944	-177.269318	799.040833	
0.431395	-0.023672	0.901854	0.743680	-0.556585	-0.370343	0.510725	0.830453	-0.222503	-76.375107	-154.461929	799.703552	
0.595544	0.013853	0.803204	0.700268	-0.498894	-0.510617	0.393640	0.866552	-0.306814	-71.038773	-156.925522	824.621948	
0.676892	-0.132379	0.724081	0.564238	-0.538410	-0.625900	0.472708	0.832220	-0.289752	-46.111301	-150.554993	857.086975	
0.676892	-0.132379	0.724081	0.564238	-0.538410	-0.625900	0.472708	0.832220	-0.289752	-46.111301	-150.554993	857.086975	
0.787598	-0.247626	0.564244	0.331322	-0.601875	-0.726618	0.519533	0.759228	-0.391991	-5.969416	-129.517960	870.693237	
0.850121	-0.297991	0.434159	0.190767	-0.594194	-0.781372	0.490816	0.747084	-0.448289	3.746795	-117.314308	877.146118	
0.867893	-0.334071	0.367638	0.102788	-0.603295	-0.790867	0.485999	0.724176	-0.489256	12.881302	-111.547089	887.629333	
0.877174	-0.417568	0.237067	-0.052781	-0.574572	-0.816751	0.477261	0.703920	-0.526039	21.376419	-97.102661	898.625305	
0.880265	-0.461766	0.109107	-0.179170	-0.536418	-0.824715	0.439352	0.706418	-0.554925	29.375683	-82.318726	905.712158	
0.847587	-0.527505	0.057744	-0.263400	-0.512681	-0.817178	0.460670	0.677419	-0.573486	36.352474	-67.877869	924.197510	
0.801920	-0.597243	-0.015004	-0.367403	-0.473199	-0.800687	0.471104	0.647598	-0.598896	42.845596	-54.260677	948.460632	
0.756809	-0.648218	-0.083976	-0.456584	-0.432339	-0.777570	0.467728	0.626814	-0.623164	53.733540	-47.239727	966.382935	
0.718131	-0.656983	-0.229478	-0.557482	-0.345735	-0.754773	0.416534	0.669955	-0.614539	61.289085	-32.696716	964.348633	
0.682711	-0.672789	-0.285062	-0.612979	-0.315013	-0.724586	0.397695	0.669419	-0.627468	64.428841	-18.995770	972.099915	
0.620118	-0.699861	-0.354469	-0.672988	-0.242368	-0.698818	0.403163	0.671902	-0.621294	65.740646	-4.676455	976.126465	
0.580635	-0.702230	-0.411990	-0.711402	-0.191507	-0.676190	0.395941	0.685709	-0.610763	67.630913	8.587507	988.532104	
0.532831	-0.697585	-0.479027	-0.763653	-0.152491	-0.627362	0.364590	0.700087	-0.613964	66.931091	21.435469	982.488892	
0.489260	-0.692237	-0.530503	-0.794786	-0.103453	-0.598008	0.359080	0.714217	-0.600795	65.307396	26.979568	997.699829	
0.454731	-0.684202	-0.570164	-0.812258	-0.056008	-0.580604	0.365317	0.727138	-0.581217	62.633705	38.620941	1022.696106	
0.374936	-0.619213	-0.689927	-0.863692	0.037085	-0.502654	0.336836	0.784347	-0.520904	54.828552	49.992783	1028.227539	
0.324631	-0.592408	-0.737339	-0.884181	0.086788	-0.459012	0.335914	0.800950	-0.495621	50.091049	59.918758	1024.014404	
0.289263	-0.536701	-0.792641	-0.899296	0.131377	-0.417142	0.328015	0.833482	-0.444650	37.468288	68.960480	1029.167114	
0.206467	-0.474912	-0.855471	-0.915891	0.213813	-0.339747	0.344261	0.853664	-0.390822	22.329853	76.684937	1018.149658	
0.135643	-0.431949	-0.891640	-0.919826	0.279490	-0.275328	0.368132	0.857500	-0.359406	14.051272	82.980286	1026.125610	
0.012189	-0.379349	-0.925174	-0.925250	0.346564	-0.154292	0.379162	0.857897	-0.346768	-1.387563	87.736610	1032.470825	
-0.069564	-0.410560	-0.909177	-0.989116	0.146836	0.009372	0.129652	0.899933	-0.416305	-16.899860	112.241005	1087.071655	
0.063949	-0.270275	-0.960657	-0.886414	0.426843	-0.179097	0.458455	0.862992	-0.212280	-35.323799	93.615799	1062.819946	
0.063949	-0.270275	-0.960657	-0.886414	0.426843	-0.179097	0.458455	0.862992	-0.212280	-35.323799	93.615799	1062.819946	
0.063949	-0.270275	-0.960657	-0.886414	0.426843	-0.179097	0.458455	0.862992	-0.212280	-35.323799	93.615799	1062.819946	
0.063949	-0.270275	-0.960657	-0.886414	0.426843	-0.179097	0.458455	0.862992	-0.212280	-35.323799	93.615799	1062.819946	
-0.000682	0.178553	-0.983930	-0.801873	0.587795	0.107223	0.597494	0.789061	0.142775	-85.245193	92.661804	1058.583130	
-0.014204	0.272160	-0.962147	-0.778395	0.600970	0.181486	0.627615	0.751509	0.203311	-94.135414	89.625107	1043.489624	
-0.040511	0.349885	-0.935916	-0.760503	0.596738	0.256004	0.648069	0.722139	0.241914	-104.704765	87.394379	1045.613647	
-0.036602	0.485664	-0.873379	-0.719478	0.593738	0.360315	0.693551	0.641565	0.327692	-118.024315	81.966309	1037.758057	
-0.030003	0.536816	-0.843166	-0.676626	0.609981	0.412432	0.735716	0.582883	0.344921	-126.031044	75.324577	1027.588623	
0.051552	0.565413	-0.823195	-0.665305	0.634185	0.393927	0.744789	0.527369	0.408865	-132.814377	71.040886	1039.267456	
0.102042	0.579831	-0.808322	-0.656567	0.649698	0.383161	0.747334	0.491619	0.446993	-139.934692	65.499275	1049.303589	
0.143102	0.609127	-0.780056	-0.628379	0.664844	0.403884	0.764632	0.432375	0.477902	-147.113281	61.899071	1046.778442	
0.200826	0.642478	-0.739522	-0.606702	0.674272	0.421033	0.769143	0.364115	0.525204	-153.116806	53.224354	1051.914795	
0.223283	0.667367	-0.710469	-0.598649	0.669100	0.440367	0.769262	0.326995	0.548917	-164.605240	43.922485	1059.618042	
0.261426	0.711809	-0.651909	-0.604006	0.647457	0.464731	0.752883	0.272264	0.599198	-174.414597	33.702621	1063.937744	
0.304150	0.774273	-0.554974	-0.609901	0.605791	0.510919	0.731788	0.183083	0.656480	-182.383667	31.620420	1091.062134	
0.359738	0.846653	-0.392131	-0.587114	0.532036	0.610110	0.725180	0.010746	0.688475	-181.082993	20.781200	1048.540039	
0.359738	0.846653	-0.392131	-0.587114	0.532036	0.610110	0.725180	0.010746	0.688475	-181.082993	20.781200	1048.540039	
0.359738	0.846653	-0.392131	-0.587114	0.532036	0.610110	0.725180	0.010746	0.688475	-181.082993	20.781200	1048.540039	
0.359738	0.846653	-0.392131	-0.587114	0.532036	0.610110	0.725180	0.010746	0.688475	-181.082993	20.781200	1048.540039	
0.359738	0.846653	-0.392131	-0.587114	0.532036	0.610110	0.725180	0.010746	0.688475	-181.082993	20.781200	1048.540039	
0.520264	0.843032	0.136466	-0.650980	0.288053	0.702318	0.552767	-0.454227	0.698660	-172.579086	-20.575935	997.595581	
0.517754	0.822044	0.237014	-0.677356	0.224649	0.700515	0.522609	-0.523237	0.673130	-164.160248	-35.098953	990.888550	
0.522041	0.800268	0.295033	-0.694008	0.197475	0.692355	0.495808	-0.566193	0.658483	-154.225174	-42.491798	978.591858	
0.541292	0.764677	0.349675	-0.704339	0.185214	0.685276	0.459249	-0.617223	0.638847	-142.243393	-49.029938	966.928894	
0.540579	0.735759	0.407963	-0.721869	0.156613	0.674075	0.432065	-0.658886	0.615784	-134.847534	-63.650951	959.296936	
