0.995849	-0.041260	0.081134	0.041494	0.999138	-0.001206	-0.081014	0.004567	0.996703	18.922577	3.851302	545.273254	
0.970935	-0.127619	0.202481	0.131308	0.991329	-0.004836	-0.200108	0.031283	0.979275	27.920624	7.495365	546.010254	
0.950354	-0.167264	0.262390	0.174372	0.984672	-0.003868	-0.257721	0.049430	0.964954	36.558327	15.553430	546.089050	
0.901988	-0.200173	0.382554	0.219416	0.975607	-0.006848	-0.371851	0.090115	0.923908	44.876419	18.270441	545.007446	
0.829445	-0.263063	0.492766	0.306870	0.951713	-0.008464	-0.466745	0.158235	0.870122	52.863510	24.028309	546.876770	
0.773018	-0.326817	0.543722	0.391629	0.920115	-0.003727	-0.499069	0.215818	0.839258	69.790962	25.862144	550.707764	
0.676549	-0.361707	0.641443	0.478357	0.878115	-0.009372	-0.559871	0.313179	0.767114	76.653786	29.382273	551.235046	
0.589476	-0.351228	0.727431	0.525910	0.850397	-0.015572	-0.613136	0.391742	0.686005	83.631149	30.480606	556.047424	
0.535908	-0.351608	0.767577	0.570545	0.820964	-0.022281	-0.622319	0.449877	0.640570	89.135445	31.328602	558.699280	
0.441019	-0.321256	0.838032	0.616767	0.786810	-0.022957	-0.651997	0.526994	0.545139	99.143524	31.185902	565.826965	
0.367611	-0.325610	0.871115	0.692991	0.720575	-0.023102	-0.620182	0.612167	0.490537	102.887878	29.783031	574.108398	
0.260723	-0.278912	0.924247	0.768438	0.639481	-0.023794	-0.584402	0.716429	0.381054	105.582657	27.072680	576.839905	
0.199799	-0.260055	0.944697	0.836859	0.546777	-0.026476	-0.509653	0.795868	0.326875	107.855789	25.431379	586.569336	
0.119710	-0.177622	0.976791	0.865936	0.499922	-0.015217	-0.485616	0.847660	0.213655	109.256851	20.692495	597.619568	
0.076108	-0.140172	0.987198	0.913509	0.406620	-0.012692	-0.399636	0.902779	0.158995	109.364403	15.057417	601.264038	
0.041332	-0.092763	0.994830	0.938828	0.344317	-0.006900	-0.341897	0.934259	0.101320	107.533615	8.223309	605.023438	
0.011429	-0.043405	0.998993	0.957858	0.287239	0.001522	-0.287015	0.956875	0.044859	103.275635	4.688522	611.861145	
-0.011724	0.011491	0.999866	0.983469	0.180829	0.009453	-0.180696	0.983447	-0.013421	100.202499	-3.959058	619.647705	
-0.021663	0.067469	0.997487	0.997742	0.064898	0.017279	-0.063569	0.995608	-0.068723	95.975250	-14.233311	624.273926	
-0.025247	0.115096	0.993034	0.998214	-0.050895	0.031277	0.054141	0.992049	-0.113605	86.288162	-25.188152	630.849060	
-0.006417	0.242550	0.970118	0.984631	-0.167785	0.048462	0.174526	0.955519	-0.237747	80.011375	-31.263107	640.580505	
0.010702	0.348096	0.937398	0.971215	-0.226708	0.073098	0.237960	0.909633	-0.340504	73.890717	-37.622009	651.457031	
0.027072	0.392908	0.919180	0.954090	-0.284543	0.093529	0.298294	0.874447	-0.382573	67.380997	-50.060753	669.700500	
0.064022	0.487881	0.870560	0.931529	-0.342146	0.123241	0.357985	0.803061	-0.476382	59.299988	-56.790237	680.942444	
0.099973	0.573569	0.813034	0.909573	-0.383920	0.159000	0.403337	0.723618	-0.560086	51.171085	-69.923912	697.180969	
0.185115	0.643532	0.742698	0.850914	-0.483033	0.206451	0.491605	0.593755	-0.637008	32.788506	-83.314285	709.964600	
0.243356	0.704550	0.666624	0.810825	-0.524951	0.258819	0.532296	0.477530	-0.699018	14.551447	-97.195831	723.411316	
0.307119	0.755917	0.578158	0.777239	-0.549801	0.305971	0.549160	0.355397	-0.756384	5.708731	-103.650238	734.382507	
0.355492	0.762149	0.541068	0.730429	-0.587712	0.347947	0.583179	0.271519	-0.765624	-3.116104	-111.021423	739.923950	
0.462528	0.766063	0.446335	0.659890	-0.633663	0.403751	0.592124	0.107786	-0.798606	-12.858843	-124.728027	744.007874	
0.524829	0.773289	0.355778	0.618850	-0.633618	0.464277	0.584446	-0.023493	-0.811092	-22.512182	-138.618973	748.411682	
0.619863	0.736764	0.270089	0.556773	-0.655480	0.510243	0.552966	-0.165903	-0.816520	-31.015144	-145.556793	767.753418	
0.674388	0.719198	0.167194	0.536758	-0.633001	0.557853	0.507040	-0.286466	-0.812925	-39.076691	-159.046097	778.140015	
0.754367	0.651678	0.079032	0.487525	-0.636790	0.597342	0.439600	-0.412084	-0.798084	-47.540344	-172.521790	785.125244	
0.792742	0.608759	-0.031170	0.485846	-0.600144	0.635437	0.368121	-0.518881	-0.771524	-55.647251	-178.827209	803.489990	
0.822259	0.562952	-0.083503	0.464391	-0.578879	0.670254	0.328982	-0.589900	-0.737420	-69.521263	-191.054840	815.673950	
0.841515	0.505395	-0.190855	0.482844	-0.545170	0.685310	0.242304	-0.668852	-0.702798	-82.503120	-202.631012	823.293335	
0.858429	0.457483	-0.231962	0.471219	-0.524742	0.708942	0.202608	-0.717881	-0.666030	-93.927498	-213.450226	835.576172	
0.869637	0.400391	-0.288821	0.474563	-0.516702	0.712606	0.136086	-0.756772	-0.639355	-103.086029	-218.264938	852.160034	
0.878088	0.287081	-0.382812	0.478324	-0.505082	0.718400	0.012887	-0.813926	-0.580825	-110.571617	-223.274933	870.744019	
0.886644	0.179974	-0.425994	0.455314	-0.500937	0.736037	-0.080929	-0.846564	-0.526098	-112.884285	-231.034943	885.720093	
0.853851	0.127101	-0.504760	0.501035	-0.463505	0.730840	-0.141068	-0.876930	-0.459447	-114.001625	-233.837006	886.949402	
0.836359	0.077784	-0.542635	0.516868	-0.441660	0.733337	-0.182618	-0.893803	-0.409591	-115.055237	-236.891800	898.272644	
0.785409	0.029986	-0.618250	0.572142	-0.416302	0.706644	-0.236189	-0.908730	-0.344125	-114.262604	-242.055695	914.110413	
0.733044	-0.004929	-0.680163	0.626111	-0.385823	0.677588	-0.265762	-0.922559	-0.279739	-112.812737	-246.091309	917.987427	
0.699885	-0.041814	-0.713031	0.652446	-0.368793	0.662046	-0.290643	-0.928569	-0.230831	-110.131226	-247.877380	926.781921	
0.627804	-0.079937	-0.774255	0.695168	-0.389882	0.603931	-0.350145	-0.917387	-0.189200	-106.289680	-249.500183	935.924377	
0.575714	-0.148549	-0.804043	0.698161	-0.422525	0.577964	-0.425585	-0.894094	-0.139542	-96.562378	-248.842392	947.952759	
0.525178	-0.197677	-0.827715	0.679644	-0.487904	0.547753	-0.512123	-0.850219	-0.121887	-91.669434	-247.851120	950.950073	
0.476251	-0.218706	-0.851676	0.707675	-0.479547	0.518873	-0.521899	-0.849824	-0.073612	-79.305626	-245.043579	954.870117	
0.410058	-0.261306	-0.873826	0.706904	-0.514336	0.485534	-0.576313	-0.816808	-0.026189	-72.440468	-241.499695	960.366516	
0.354744	-0.275867	-0.893339	0.689393	-0.568260	0.449240	-0.631579	-0.775227	-0.011406	-57.592266	-236.457703	971.354431	
0.284464	-0.252847	-0.924743	0.710786	-0.591659	0.380423	-0.643321	-0.765511	0.011415	-48.768604	-231.509171	982.790161	
0.215000	-0.222023	-0.951042	0.747575	-0.589198	0.306553	-0.628414	-0.776884	0.039302	-39.382584	-225.119522	991.619019	
0.176774	-0.212877	-0.960955	0.742985	-0.611483	0.272138	-0.645539	-0.762083	0.050070	-29.662361	-217.235092	996.823608	
0.104633	-0.182737	-0.977578	0.730835	-0.652531	0.200201	-0.674485	-0.735397	0.065275	-19.520590	-209.600174	1004.480469	
0.076538	-0.147829	-0.986047	0.739118	-0.655350	0.155622	-0.669212	-0.740716	0.059104	-10.008772	-198.861694	1008.457214	
0.152834	-0.145049	-0.977549	0.538234	-0.817373	0.205433	-0.828820	-0.557548	-0.046852	6.701479	-186.174133	976.585571	
0.000989	-0.002580	-0.999996	0.690516	-0.723312	0.002549	-0.723316	-0.690516	0.001066	16.929300	-176.248001	1021.419983	
0.000989	-0.002580	-0.999996	0.690516	-0.723312	0.002549	-0.723316	-0.690516	0.001066	16.929300	-176.248001	1021.419983	
0.000989	-0.002580	-0.999996	0.690516	-0.723312	0.002549	-0.723316	-0.690516	0.001066	16.929300	-176.248001	1021.419983	
-0.007540	0.218821	-0.975736	0.599834	-0.779730	-0.179500	-0.800089	-0.586634	-0.125377	51.597450	-131.451263	997.915405	
0.000317	0.278981	-0.960297	0.591321	-0.774471	-0.224800	-0.806436	-0.567772	-0.165213	69.726997	-121.514000	1024.689941	
0.000317	0.278981	-0.960297	0.591321	-0.774471	-0.224800	-0.806436	-0.567772	-0.165213	69.726997	-121.514000	1024.689941	
0.000317	0.278981	-0.960297	0.591321	-0.774471	-0.224800	-0.806436	-0.567772	-0.165213	69.726997	-121.514000	1024.689941	
0.000317	0.278981	-0.960297	0.591321	-0.774471	-0.224800	-0.806436	-0.567772	-0.165213	69.726997	-121.514000	1024.689941	
0.189471	0.402430	-0.895629	0.485555	-0.831216	-0.270768	-0.853427	-0.383574	-0.352893	110.745277	-81.600815	1003.913513	
0.251944	0.403675	-0.879529	0.427024	-0.861954	-0.273286	-0.868432	-0.306726	-0.389543	114.273987	-65.867867	1000.075378	
0.331551	0.404383	-0.852378	0.392606	-0.880673	-0.265094	-0.857866	-0.246756	-0.450751	117.401451	-51.366245	996.566345	
0.418330	0.392714	-0.819010	0.365053	-0.898361	-0.244302	-0.831707	-0.196783	-0.519172	121.424683	-44.276005	991.233704	
0.482597	0.355792	-0.800320	0.337682	-0.918710	-0.204800	-0.808128	-0.171417	-0.563511	123.097069	-29.677448	987.961548	
0.520334	0.332858	-0.786422	0.323893	-0.929023	-0.178911	-0.790156	-0.161623	-0.591212	123.270447	-15.600555	982.699219	
0.591071	0.282598	-0.755495	0.245938	-0.955160	-0.164872	-0.768212	-0.088353	-0.634069	120.119934	-2.171557	978.600281	
0.630867	0.255762	-0.732525	0.214328	-0.964818	-0.152283	-0.745701	-0.060930	-0.663488	115.632042	3.567709	969.451843	
0.670132	0.174199	-0.721511	0.135207	-0.984455	-0.112103	-0.729823	-0.022429	-0.683267	113.004440	9.491578	971.678772	
0.698957	0.139413	-0.701444	0.099973	-0.990232	-0.097191	-0.708141	-0.002193	-0.706067	104.542816	20.440975	959.649597	
0.737359	0.095786	-0.668676	0.081922	-0.995269	-0.052233	-0.670516	-0.016265	-0.741717	94.035576	25.384512	951.929871	
0.771198	-0.003882	-0.636585	0.012031	-0.999714	0.020673	-0.636482	-0.023601	-0.770930	86.993835	30.254967	941.024597	
0.797112	-0.055810	-0.601248	-0.019966	-0.997611	0.066133	-0.603502	-0.040710	-0.796321	73.743469	38.695232	938.119629	
0.807598	-0.114910	-0.578430	-0.032486	-0.988012	0.150922	-0.588838	-0.103093	-0.801649	66.289566	44.861687	933.058228	
0.828167	-0.174959	-0.532475	-0.050237	-0.969377	0.240383	-0.558226	-0.172327	-0.811595	50.441883	47.351498	924.409485	
0.825120	-0.230093	-0.515980	-0.060057	-0.943854	0.324859	-0.561757	-0.237059	-0.792611	32.437828	51.415951	910.618896	
0.810462	-0.345001	-0.473419	-0.174367	-0.913617	0.367288	-0.559238	-0.215124	-0.800608	14.349063	53.950283	898.622314	
0.773538	-0.459920	-0.436019	-0.243040	-0.850677	0.466134	-0.585295	-0.254602	-0.769809	5.733154	54.820496	885.355957	
0.709939	-0.568599	-0.415550	-0.352418	-0.797682	0.489393	-0.609745	-0.200992	-0.766690	-13.008430	54.582767	869.939026	
0.643011	-0.662753	-0.383790	-0.394723	-0.716231	0.575507	-0.656301	-0.218566	-0.722148	-32.737514	53.917923	869.105164	
0.554678	-0.750371	-0.359549	-0.410688	-0.622709	0.666011	-0.723650	-0.221759	-0.653570	-52.316467	53.052734	865.861572	
0.454025	-0.831509	-0.320086	-0.410526	-0.514070	0.753128	-0.790779	-0.210535	-0.574756	-71.014931	49.606586	860.711060	
0.411175	-0.866981	-0.281566	-0.419404	-0.454179	0.786017	-0.809343	-0.205100	-0.550361	-80.422401	44.963181	859.842651	
0.351080	-0.901770	-0.252099	-0.362420	-0.379123	0.851422	-0.863363	-0.207551	-0.459921	-88.916733	39.160881	841.926453	
0.294903	-0.934974	-0.197119	-0.386777	-0.305441	0.870121	-0.873748	-0.180359	-0.451701	-107.004547	35.822281	833.965576	
0.157172	-0.968590	-0.192694	-0.331764	-0.235566	0.913478	-0.930178	-0.079644	-0.358366	-122.005089	32.016773	811.581787	
-0.007021	-0.983600	-0.180225	-0.225862	-0.174012	0.958491	-0.974134	0.047436	-0.220936	-135.068054	26.280216	800.495483	
-0.084316	-0.982366	-0.166876	-0.121575	-0.156080	0.980234	-0.988995	0.102937	-0.106270	-146.728973	21.155165	780.264282	
-0.219624	-0.965707	-0.138476	-0.022002	-0.137003	0.990326	-0.975336	0.220546	0.008842	-151.531494	14.836381	767.529419	
-0.281378	-0.951056	-0.127750	0.086749	-0.157795	0.983654	-0.955668	0.265696	0.126903	-160.684982	8.176569	764.748352	
-0.346700	-0.931032	-0.113923	0.131721	-0.168581	0.976847	-0.928681	0.323667	0.181084	-164.026245	1.044350	751.539429	
-0.468704	-0.877205	-0.104058	0.209861	-0.225002	0.951489	-0.858065	0.424129	0.289551	-168.866440	-13.034303	736.669434	
-0.528647	-0.844432	-0.086415	0.293951	-0.277622	0.914613	-0.796320	0.458106	0.394986	-170.412338	-26.478981	724.087463	
-0.638394	-0.766714	-0.067843	0.302934	-0.331303	0.893571	-0.707590	0.549898	0.443766	-170.240891	-34.433739	718.550537	
-0.687056	-0.724233	-0.058664	0.323161	-0.376887	0.868057	-0.650786	0.577445	0.492986	-168.545074	-41.621956	712.572327	
-0.778348	-0.626235	-0.044778	0.345612	-0.486919	0.802161	-0.524145	0.608884	0.595426	-167.746475	-48.869549	708.861267	
-0.858109	-0.512376	-0.033481	0.304973	-0.561044	0.769559	-0.413089	0.650154	0.637697	-161.787933	-64.731323	697.668274	
-0.917860	-0.396000	-0.026811	0.252880	-0.635525	0.729494	-0.305919	0.662792	0.683462	-158.974991	-72.858139	684.290894	
-0.967488	-0.249711	0.040155	0.207644	-0.693581	0.689804	-0.144402	0.675715	0.722881	-154.689407	-88.993568	678.893433	
-0.980034	-0.198786	0.004355	0.163503	-0.793235	0.586554	-0.113145	0.575554	0.809898	-142.097839	-96.842445	666.324524	
-0.992287	-0.112896	0.051198	0.122699	-0.835666	0.535357	-0.017656	0.537510	0.843072	-129.691025	-111.637352	663.735535	
-0.999427	0.023966	0.023916	-0.012094	-0.912459	0.408991	0.031624	0.408467	0.912225	-116.065407	-119.478943	657.328552	
-0.988672	0.150092	-0.000665	-0.141650	-0.931575	0.334820	0.049634	0.331120	0.942282	-108.241180	-127.102264	654.310791	
-0.974645	0.223635	0.007346	-0.208176	-0.918332	0.336644	0.082031	0.326579	0.941603	-91.192001	-135.646561	648.160950	
-0.958916	0.283280	-0.015235	-0.279638	-0.934813	0.218926	0.047775	0.214191	0.975622	-82.195953	-141.553299	636.188660	
-0.912766	0.406221	-0.042928	-0.407405	-0.897685	0.167881	0.029660	0.170724	0.984872	-73.009605	-146.949219	628.139648	
-0.887071	0.429264	-0.169815	-0.459947	-0.853270	0.245723	-0.039419	0.296079	0.954349	-64.428680	-159.544800	622.676697	
-0.853597	0.433957	-0.288191	-0.511974	-0.801014	0.310259	-0.096206	0.412382	0.905916	-54.460968	-164.419220	616.248779	
-0.772902	0.513101	-0.373297	-0.623024	-0.725173	0.293198	-0.120265	0.459186	0.880161	-34.401596	-172.427658	605.825012	
-0.673640	0.637644	-0.373658	-0.731324	-0.648077	0.212515	-0.106651	0.416423	0.902893	-25.309679	-175.232300	601.617249	
-0.564102	0.747391	-0.350992	-0.823427	-0.540748	0.171934	-0.061297	0.386004	0.920458	-6.549388	-181.971085	591.745422	
-0.426094	0.865773	-0.262456	-0.900302	-0.434301	0.028988	-0.088888	0.248640	0.964508	12.244564	-191.458893	602.591919	
-0.266248	0.963561	-0.025762	-0.962229	-0.267265	-0.051819	-0.056817	0.010991	0.998324	21.844442	-195.395355	591.784058	
-0.085660	0.970529	0.225249	-0.973847	-0.129311	0.186819	0.210439	-0.203356	0.956223	30.538292	-193.964584	579.907898	
0.098843	0.956122	0.275794	-0.928711	-0.010904	0.370645	0.357388	-0.292770	0.886882	46.156845	-196.583664	583.237366	
0.273410	0.931750	0.238935	-0.834019	0.105875	0.541483	0.479229	-0.347324	0.806044	55.002403	-196.829468	582.648499	
0.383915	0.893336	0.233583	-0.771349	0.171221	0.612948	0.507573	-0.415495	0.754807	68.623100	-198.556808	588.097046	
0.462799	0.857426	0.225031	-0.711195	0.207596	0.671645	0.529169	-0.470878	0.705872	73.945740	-197.126221	585.523621	
0.537083	0.820936	0.193923	-0.599645	0.209884	0.772254	0.593269	-0.531050	0.604995	78.416245	-193.831451	584.048096	
0.575995	0.803250	0.151720	-0.556357	0.249228	0.792687	0.598912	-0.540995	0.590448	81.216171	-187.687439	575.406067	
0.625672	0.774652	0.091918	-0.477543	0.287175	0.830351	0.616836	-0.563424	0.549607	81.270386	-186.786591	577.400146	
0.702168	0.708272	0.072881	-0.433766	0.344350	0.832629	0.564630	-0.616260	0.549015	85.485298	-188.540649	590.012085	
0.754532	0.650795	0.084544	-0.389987	0.341035	0.855339	0.527817	-0.678353	0.511124	86.709785	-187.558823	599.454773	
0.735392	0.672573	0.082738	-0.336875	0.256906	0.905823	0.587975	-0.694008	0.415499	81.487503	-177.912445	602.352478	
0.623405	0.778763	0.069960	-0.345279	0.193906	0.918250	0.701533	-0.596598	0.389773	69.092758	-172.593216	596.797791	
0.525146	0.847750	0.074446	-0.385077	0.158701	0.909137	0.758905	-0.506098	0.409790	59.408352	-166.504486	583.682617	
0.451173	0.888581	0.082870	-0.460388	0.152195	0.874574	0.764517	-0.432737	0.477758	51.060570	-161.753723	575.262329	
0.386165	0.919786	0.069795	-0.527501	0.158127	0.834709	0.756716	-0.359153	0.546251	43.007992	-153.432419	570.594238	
0.329029	0.942753	0.054374	-0.542977	0.141765	0.827695	0.772603	-0.301860	0.558538	28.837675	-142.099442	548.308899	
0.292171	0.956319	-0.009571	-0.554051	0.177411	0.813360	0.779528	-0.232338	0.581683	15.233794	-136.891861	554.339966	
0.276077	0.960425	-0.036957	-0.590666	0.199870	0.781771	0.758218	-0.194001	0.622470	6.586926	-132.648468	561.038086	
0.253116	0.954149	-0.159794	-0.554993	0.278501	0.783850	0.792411	-0.109721	0.600038	-7.360544	-122.818314	563.794983	
0.961849	0.007043	-0.273492	-0.094832	-0.929108	-0.357442	-0.256621	0.369741	-0.892993	-15.660300	-97.020599	608.431030	
0.961849	0.007043	-0.273492	-0.094832	-0.929108	-0.357442	-0.256621	0.369741	-0.892993	-15.660300	-97.020599	608.431030	
0.961849	0.007043	-0.273492	-0.094832	-0.929108	-0.357442	-0.256621	0.369741	-0.892993	-15.660300	-97.020599	608.431030	
0.850896	-0.369056	-0.373863	-0.388943	-0.920952	0.023892	-0.353128	0.125082	-0.927176	-54.269699	-66.253212	625.007690	
0.810171	-0.422697	-0.406139	-0.396874	-0.905425	0.150649	-0.431407	0.039135	-0.901308	-74.547638	-52.205090	640.171082	
0.729607	-0.523247	-0.440324	-0.481592	-0.850266	0.212403	-0.485532	0.057086	-0.872353	-94.016777	-44.866806	643.125793	
0.639126	-0.609207	-0.469452	-0.553175	-0.788191	0.269725	-0.534336	0.087301	-0.840752	-112.741814	-38.419216	656.889465	
0.582235	-0.636711	-0.505570	-0.516909	-0.769879	0.374288	-0.627541	0.043410	-0.777373	-131.767410	-32.541836	672.716553	
0.526836	-0.657198	-0.539012	-0.465073	-0.753693	0.464384	-0.711442	0.006026	-0.702719	-140.017593	-20.061169	676.999939	
0.420317	-0.702875	-0.573847	-0.500397	-0.707114	0.499591	-0.756926	0.077165	-0.648929	-148.326431	-7.305156	683.295166	
0.312264	-0.739676	-0.596129	-0.537231	-0.655024	0.531343	-0.783501	0.154340	-0.601918	-155.552582	-2.160138	693.003601	
0.196485	-0.759425	-0.620215	-0.510872	-0.619193	0.596330	-0.836901	0.199681	-0.509632	-168.275452	2.561449	697.105591	
0.138576	-0.741989	-0.655934	-0.428034	-0.642140	0.635957	-0.893075	0.192634	-0.406582	-179.821594	7.887985	709.874390	
0.028541	-0.722093	-0.691207	-0.448842	-0.627115	0.636606	-0.893155	0.292074	-0.342004	-184.024475	16.808702	715.179260	
-0.067934	-0.681934	-0.728252	-0.411857	-0.645671	0.643026	-0.908712	0.343620	-0.236996	-188.913162	21.194923	721.385559	
-0.108699	-0.637785	-0.762506	-0.396410	-0.675612	0.621615	-0.911615	0.369835	-0.179386	-191.674606	28.189037	738.881592	
-0.152114	-0.608053	-0.779188	-0.378523	-0.692413	0.614233	-0.913006	0.388375	-0.124836	-193.686996	34.946819	746.421204	
-0.186878	-0.575280	-0.796322	-0.306289	-0.736076	0.603637	-0.933415	0.356712	-0.038646	-194.566345	37.125229	763.126099	
-0.253944	-0.524563	-0.812617	-0.288199	-0.760957	0.581278	-0.923284	0.381808	0.042061	-195.223434	38.643055	775.514282	
-0.276685	-0.490314	-0.826461	-0.288470	-0.777991	0.558134	-0.916640	0.392837	0.073818	-190.779343	40.131508	789.087524	
-0.307042	-0.451589	-0.837731	-0.285974	-0.795789	0.533795	-0.907713	0.403467	0.115198	-187.829254	41.652351	804.527954	
-0.314131	-0.402902	-0.859646	-0.283065	-0.824548	0.489890	-0.906198	0.397226	0.144969	-181.341904	42.531166	818.661804	
-0.300451	-0.344429	-0.889437	-0.303662	-0.849455	0.431524	-0.904167	0.399741	0.150630	-175.275528	41.949928	828.624390	
-0.280929	-0.282519	-0.917203	-0.313525	-0.876239	0.365931	-0.907072	0.390368	0.157585	-164.110214	40.788300	834.963562	
-0.269922	-0.244177	-0.931408	-0.249283	-0.916611	0.312540	-0.930053	0.316547	0.186545	-157.308792	38.113228	845.267578	
-0.275139	-0.186503	-0.943141	-0.258256	-0.930608	0.259365	-0.926068	0.314934	0.207881	-143.369629	36.059910	862.729553	
-0.244647	-0.115534	-0.962705	-0.333235	-0.922377	0.195377	-0.910550	0.368606	0.187157	-135.614044	31.187908	881.499878	
-0.220210	-0.088219	-0.971456	-0.278005	-0.948922	0.149191	-0.934997	0.302923	0.184437	-118.423248	24.663567	891.655762	
-0.195065	-0.063470	-0.978735	-0.216795	-0.970429	0.106139	-0.956529	0.232890	0.175537	-99.972771	17.827158	900.458923	
-0.169657	-0.043653	-0.984536	-0.208373	-0.974842	0.079130	-0.963222	0.218577	0.156293	-81.082489	14.233496	908.016602	
-0.202923	-0.032895	-0.978642	-0.144280	-0.987522	0.063110	-0.968506	0.154006	0.195644	-62.518040	4.942912	958.557739	
-0.158057	-0.039197	-0.986652	-0.093275	-0.994150	0.054437	-0.983014	0.100635	0.153476	-40.929710	-1.573200	950.370605	
-0.044354	-0.022897	-0.998754	-0.056635	-0.998071	0.025396	-0.997409	0.057691	0.042972	-30.493801	-7.452199	938.076965	
0.081923	-0.017928	-0.996478	-0.217265	-0.976112	-0.000301	-0.972668	0.216525	-0.083861	-20.901634	-16.260059	942.601685	
0.157046	0.004647	-0.987581	-0.258378	-0.964965	-0.045629	-0.953193	0.262335	-0.150344	-4.196573	-21.904573	963.211914	
0.242531	-0.080837	-0.966770	-0.290408	-0.956876	0.007156	-0.925657	0.279023	-0.255548	16.232954	-28.120201	965.992371	
0.264797	-0.171777	-0.948882	-0.409239	-0.911016	0.050718	-0.873158	0.374890	-0.311532	26.658510	-35.383148	973.968750	
0.280743	-0.211712	-0.936142	-0.355212	-0.929029	0.103577	-0.891632	0.303450	-0.336022	34.941463	-48.478573	976.744812	
0.324039	-0.276447	-0.904752	-0.294570	-0.938295	0.181194	-0.899014	0.207799	-0.385478	50.901909	-62.289364	984.705994	
0.337288	-0.320741	-0.885078	-0.241680	-0.938162	0.247877	-0.909850	0.130300	-0.393948	64.272873	-68.475052	991.238525	
0.306100	-0.394876	-0.866243	-0.313789	-0.900919	0.299800	-0.898798	0.180049	-0.399680	77.338303	-83.179131	993.914612	
0.287947	-0.492673	-0.821195	-0.388389	-0.843903	0.370110	-0.875351	0.212371	-0.434348	87.387787	-90.470589	999.473267	
0.233405	-0.560387	-0.794663	-0.385640	-0.803563	0.453395	-0.892638	0.200630	-0.403664	92.470657	-104.710457	1002.416443	
0.165787	-0.617409	-0.768974	-0.438755	-0.744516	0.503179	-0.883180	0.253971	-0.394323	95.523407	-111.939430	1003.900085	
0.136371	-0.693494	-0.707439	-0.436538	-0.683106	0.585491	-0.889290	0.228980	-0.395893	98.680290	-119.443634	1009.454773	
0.091215	-0.728165	-0.679305	-0.424439	-0.645514	0.634952	-0.900850	0.230407	-0.367942	100.148834	-133.253250	1013.244873	
-0.001480	-0.763918	-0.645311	-0.438216	-0.579555	0.687082	-0.898868	0.283803	-0.333904	100.939629	-146.483521	1017.905640	
-0.108694	-0.784962	-0.609935	-0.452146	-0.507389	0.733566	-0.885296	0.355514	-0.299768	99.917213	-152.431931	1017.253418	
-0.165876	-0.802877	-0.572603	-0.359985	-0.491277	0.793131	-0.918093	0.337691	-0.207532	98.014809	-163.754517	1015.232971	
-0.221102	-0.816585	-0.533200	-0.319381	-0.455953	0.830724	-0.921471	0.353969	-0.159990	90.994911	-175.038803	1014.996155	
-0.341094	-0.824736	-0.451071	-0.287088	-0.365527	0.885421	-0.895117	0.431509	-0.112093	86.467514	-180.677277	1015.903442	
-0.403108	-0.819117	-0.408105	-0.177006	-0.367735	0.912930	-0.897871	0.440246	0.003248	76.056381	-185.989944	1016.628357	
-0.518141	-0.773799	-0.364368	-0.088417	-0.375271	0.922689	-0.850712	0.510299	0.126026	63.418015	-190.177856	1012.481445	
-0.649430	-0.709875	-0.272613	0.016286	-0.371403	0.928329	-0.760246	0.598445	0.252762	56.032921	-193.335526	1007.299866	
-0.742782	-0.646047	-0.175776	0.096129	-0.362719	0.926928	-0.662596	0.671608	0.331526	48.419445	-202.477417	1017.086365	
-0.833859	-0.546976	-0.074132	0.157272	-0.364170	0.917958	-0.529097	0.753788	0.389691	39.747166	-206.432114	1016.822815	
-0.898587	-0.438376	0.019176	0.237317	-0.448768	0.861562	-0.369082	0.778739	0.507291	31.439800	-211.350998	1017.929993	
-0.898587	-0.438376	0.019176	0.237317	-0.448768	0.861562	-0.369082	0.778739	0.507291	31.439800	-211.350998	1017.929993	
-0.898587	-0.438376	0.019176	0.237317	-0.448768	0.861562	-0.369082	0.778739	0.507291	31.439800	-211.350998	1017.929993	
-0.961190	-0.212831	0.175545	0.269792	-0.592134	0.759334	-0.057664	0.777226	0.626573	-14.587162	-205.709930	946.784058	
-0.963095	-0.153194	0.221314	0.265409	-0.677328	0.686136	0.044790	0.719553	0.692991	-26.724245	-213.237717	981.634521	
-0.944183	-0.065471	0.322849	0.250459	-0.779286	0.574442	0.213982	0.623239	0.752186	-47.513802	-214.682999	994.314026	
-0.944183	-0.065471	0.322849	0.250459	-0.779286	0.574442	0.213982	0.623239	0.752186	-47.513802	-214.682999	994.314026	
-0.944183	-0.065471	0.322849	0.250459	-0.779286	0.574442	0.213982	0.623239	0.752186	-47.513802	-214.682999	994.314026	
-0.944183	-0.065471	0.322849	0.250459	-0.779286	0.574442	0.213982	0.623239	0.752186	-47.513802	-214.682999	994.314026	
-0.713358	0.337053	0.614424	-0.308596	-0.938246	0.156405	0.629198	-0.078036	0.773318	-92.852997	-198.629333	950.129517	
-0.691467	0.352538	0.630549	-0.395288	-0.915221	0.078219	0.604667	-0.195162	0.772198	-100.854607	-188.713470	906.613220	
-0.603847	0.431664	0.670102	-0.527571	-0.846625	0.069966	0.597526	-0.311277	0.738965	-109.240013	-187.245087	911.043579	
-0.473886	0.441724	0.761782	-0.695535	-0.718311	-0.016159	0.540058	-0.537504	0.647632	-122.601440	-180.746338	918.543518	
-0.381166	0.459865	0.802021	-0.806898	-0.588912	-0.045811	0.451253	-0.664610	0.595537	-128.592865	-171.037338	916.897583	
-0.299789	0.465661	0.832639	-0.914949	-0.387513	-0.112704	0.270177	-0.795609	0.542228	-133.176575	-160.443542	904.159119	
-0.246448	0.438212	0.864428	-0.962069	-0.218290	-0.163625	0.116994	-0.871964	0.475386	-140.631287	-148.710449	896.054382	
-0.167862	0.375338	0.911562	-0.985220	-0.031857	-0.168308	-0.034132	-0.926341	0.375137	-143.193512	-135.944122	890.854858	
-0.122178	0.267516	0.955776	-0.974204	0.151770	-0.167013	-0.189737	-0.951526	0.242071	-144.039902	-121.869804	877.057922	
-0.053009	0.184717	0.981361	-0.939155	0.324772	-0.111859	-0.339381	-0.927580	0.156262	-143.943130	-107.648888	858.854126	
-0.024907	0.131738	0.990971	-0.886747	0.454790	-0.082747	-0.461585	-0.880802	0.105491	-143.245331	-101.204674	860.103577	
-0.008515	0.073439	0.997263	-0.820776	0.569153	-0.048920	-0.571188	-0.818946	0.055430	-139.250702	-94.117180	851.605835	
0.007223	-0.042810	0.999057	-0.706302	0.707026	0.035403	-0.707875	-0.705891	-0.025130	-133.099991	-79.455124	834.675903	
-0.007603	-0.114860	0.993352	-0.513917	0.852603	0.094652	-0.857807	-0.509781	-0.065510	-128.505661	-71.371643	822.411804	
-0.037437	-0.231557	0.972100	-0.356193	0.911980	0.203519	-0.933663	-0.338636	-0.116621	-117.951645	-63.211910	804.459351	
-0.061280	-0.283142	0.957118	-0.248879	0.932967	0.260063	-0.966595	-0.222270	-0.127640	-112.084183	-55.260548	799.432495	
-0.112108	-0.387487	0.915033	-0.155418	0.916343	0.369000	-0.981467	-0.100845	-0.162952	-105.091492	-40.955307	794.610901	
-0.151187	-0.427288	0.891385	-0.064730	0.904095	0.422401	-0.986384	0.006162	-0.164346	-97.594154	-26.792616	784.820740	
-0.198615	-0.468778	0.860697	0.090074	0.865746	0.492312	-0.975930	0.175307	-0.129725	-81.221870	-12.366043	768.343872	
-0.274748	-0.486866	0.829141	0.277931	0.785303	0.553221	-0.920472	0.382441	-0.080445	-72.194633	-5.943571	761.869263	
-0.327599	-0.513970	0.792789	0.356912	0.709600	0.607521	-0.874811	0.481979	-0.049022	-63.045746	1.378682	751.435059	
-0.394274	-0.525166	0.754154	0.476861	0.584594	0.656395	-0.785590	0.618426	0.019941	-52.202347	8.011547	730.479736	
-0.443381	-0.542092	0.713827	0.519763	0.493324	0.697480	-0.730247	0.680271	0.063028	-32.971420	20.119040	714.060364	
-0.531902	-0.576784	0.620001	0.556628	0.313617	0.769292	-0.638158	0.754298	0.154240	-23.127287	30.297844	707.589111	
-0.614282	-0.598145	0.514665	0.562168	0.125963	0.817375	-0.553738	0.791427	0.258881	-13.465692	35.149326	699.604614	
-0.702383	-0.542904	0.460341	0.574511	-0.050578	0.816933	-0.420233	0.838271	0.347429	-2.806114	43.079140	693.142456	
-0.754910	-0.519152	0.400740	0.546484	-0.160130	0.822018	-0.362582	0.839548	0.404592	7.590049	46.896786	680.516785	
-0.829158	-0.443769	0.339950	0.502935	-0.326714	0.800197	-0.244036	0.834463	0.494084	17.564724	50.484028	669.280518	
-0.906160	-0.363018	0.217009	0.388396	-0.511172	0.766715	-0.167403	0.779052	0.604198	35.439930	53.692074	655.736206	
-0.943306	-0.321552	0.082332	0.279871	-0.637158	0.718124	-0.178456	0.700453	0.691028	51.202770	56.058414	645.751587	
-0.976461	-0.215148	0.015344	0.173795	-0.742657	0.646728	-0.127747	0.634171	0.762567	58.310219	57.883232	642.106384	
-0.985224	-0.161774	-0.056239	0.095102	-0.789823	0.605918	-0.142440	0.591617	0.793537	72.043602	59.182308	637.898682	
-0.987439	-0.105280	-0.117813	0.021189	-0.827159	0.561570	-0.156572	0.552020	0.818999	82.970604	59.296051	629.101624	
-0.983084	0.005744	-0.183063	-0.093349	-0.875657	0.473828	-0.157578	0.482901	0.861380	92.147621	58.168362	620.688293	
-0.967123	0.058204	-0.247557	-0.162425	-0.890409	0.425196	-0.195678	0.451426	0.870589	96.260796	56.963490	613.365662	
-0.937800	0.160256	-0.307976	-0.274277	-0.885845	0.374235	-0.212845	0.435429	0.874700	98.640045	53.341663	601.797729	
-0.894199	0.251879	-0.370089	-0.377176	-0.869191	0.319761	-0.241137	0.425518	0.872231	100.169228	51.146809	599.559143	
-0.856877	0.290027	-0.426201	-0.411794	-0.882446	0.227414	-0.310142	0.370372	0.875578	101.318726	45.376503	597.007263	
-0.811815	0.326251	-0.484271	-0.458273	-0.869946	0.182157	-0.361860	0.369806	0.855746	99.854416	38.147827	591.013428	
-0.726999	0.339091	-0.597069	-0.483127	-0.870503	0.093882	-0.487915	0.356712	0.796678	96.239326	29.361160	588.841980	
-0.650390	0.392331	-0.650439	-0.555885	-0.829400	0.055568	-0.517672	0.397711	0.757524	93.638680	20.046431	586.117371	
-0.531041	0.403003	-0.745376	-0.619599	-0.784732	0.017151	-0.578007	0.470942	0.666424	85.616776	14.125156	583.794800	
-0.409510	0.382488	-0.828254	-0.671808	-0.740660	-0.009877	-0.617232	0.552383	0.560266	75.232384	7.961240	578.267700	
-0.337743	0.347144	-0.874884	-0.642303	-0.764449	-0.055367	-0.688023	0.543241	0.481159	64.580299	1.605373	577.338379	
-0.257904	0.247234	-0.934003	-0.584857	-0.809419	-0.052760	-0.769043	0.532652	0.353349	52.411034	-3.554031	563.247192	
-0.171779	0.212093	-0.962034	-0.578181	-0.812374	-0.075859	-0.797620	0.543200	0.262176	37.356617	-15.602833	561.103638	
-0.080544	0.142935	-0.986450	-0.502311	-0.860628	-0.083689	-0.860928	0.488764	0.141115	30.224598	-24.579700	580.408997	
-0.061256	0.109127	-0.992139	-0.612639	-0.788846	-0.048941	-0.787985	0.604825	0.115177	8.445840	-35.643101	572.718994	
-0.061256	0.109127	-0.992139	-0.612639	-0.788846	-0.048941	-0.787985	0.604825	0.115177	8.445840	-35.643101	572.718994	
-0.061256	0.109127	-0.992139	-0.612639	-0.788846	-0.048941	-0.787985	0.604825	0.115177	8.445840	-35.643101	572.718994	
0.074875	-0.201560	-0.976610	-0.570446	-0.811945	0.123840	-0.817915	0.547831	-0.175774	-40.290546	-66.037888	565.983337	
0.182390	-0.281646	-0.942024	-0.646308	-0.756362	0.101002	-0.740959	0.590416	-0.319983	-57.082790	-82.855080	597.485413	
0.384637	-0.319885	-0.865868	-0.724414	-0.685966	-0.068377	-0.572084	0.653547	-0.495578	-69.616524	-97.634003	602.370544	
0.036686	-0.531374	-0.846343	-0.682383	-0.632046	0.367250	-0.730074	0.564057	-0.385787	-93.528503	-105.179001	582.885986	
0.036686	-0.531374	-0.846343	-0.682383	-0.632046	0.367250	-0.730074	0.564057	-0.385787	-93.528503	-105.179001	582.885986	
0.036686	-0.531374	-0.846343	-0.682383	-0.632046	0.367250	-0.730074	0.564057	-0.385787	-93.528503	-105.179001	582.885986	
-0.132457	-0.778524	-0.613478	-0.626870	-0.413631	0.660260	-0.767782	0.472026	-0.433245	-131.268646	-132.855026	591.993042	
-0.214713	-0.800740	-0.559208	-0.624706	-0.327525	0.708851	-0.750761	0.501539	-0.429903	-147.267700	-145.603729	596.233337	
-0.302592	-0.809447	-0.503224	-0.584316	-0.259578	0.768891	-0.753003	0.526701	-0.394426	-154.613281	-157.781509	598.071960	
-0.364548	-0.850503	-0.379143	-0.499966	-0.164724	0.850235	-0.785582	0.499510	-0.365172	-168.100433	-169.124573	605.823669	
-0.461219	-0.852655	-0.245472	-0.428510	-0.028203	0.903097	-0.776953	0.521713	-0.352362	-174.544556	-174.709305	612.883728	
-0.511596	-0.852532	-0.107042	-0.311690	0.068046	0.947744	-0.800699	0.518226	-0.300538	-184.498154	-184.516144	620.554138	
-0.550928	-0.833825	0.034841	-0.206568	0.176696	0.962345	-0.808584	0.522986	-0.269587	-192.472534	-189.008133	628.261841	
-0.578722	-0.797112	0.172314	-0.093196	0.274550	0.957046	-0.810182	0.537805	-0.233175	-198.120972	-192.933014	632.103638	
-0.624903	-0.717029	0.308813	0.069905	0.342578	0.936885	-0.777566	0.607050	-0.163954	-201.319290	-195.469574	643.583496	
-0.647972	-0.623150	0.437968	0.238160	0.380418	0.893623	-0.723472	0.683349	-0.098090	-201.524521	-200.787140	646.734497	
-0.645720	-0.521081	0.558139	0.384173	0.409997	0.827232	-0.659891	0.748582	-0.064558	-200.480347	-204.380829	660.003967	
-0.599099	-0.441610	0.667878	0.526887	0.410643	0.744151	-0.602885	0.797717	-0.013337	-199.230011	-206.165024	670.055115	
-0.593659	-0.363934	0.717720	0.632469	0.340431	0.695765	-0.497547	0.866982	0.028078	-196.442139	-208.286469	679.880371	
-0.525900	-0.265289	0.808115	0.761749	0.275761	0.586253	-0.378374	0.923892	0.057062	-188.400574	-207.811844	685.091919	
-0.439026	-0.175440	0.881179	0.857640	0.210477	0.469203	-0.267786	0.961727	0.058060	-183.845581	-206.517319	700.896179	
-0.383123	-0.137227	0.913447	0.901241	0.161196	0.402219	-0.202440	0.977335	0.061917	-178.002136	-203.753357	710.393860	
-0.261726	-0.079127	0.961893	0.959490	0.086374	0.268177	-0.104303	0.993115	0.053316	-164.309036	-200.879974	721.919006	
-0.135807	-0.034174	0.990145	0.990226	0.027355	0.136762	-0.031760	0.999041	0.030125	-149.030731	-197.364807	740.355286	
-0.000222	0.000402	0.999999	0.999336	-0.036452	0.000235	0.036451	0.999335	-0.000394	-132.334824	-194.638290	751.374268	
0.137134	0.020778	0.990334	0.977745	-0.163095	-0.131969	0.158776	0.986391	-0.042681	-115.137856	-191.231583	766.743164	
0.206642	0.015599	0.978292	0.945009	-0.262232	-0.195430	0.253491	0.964878	-0.068929	-105.277740	-183.855728	779.513428	
0.346248	0.019456	0.937940	0.887571	-0.330617	-0.320796	0.303858	0.943564	-0.131744	-94.423622	-173.923889	791.272278	
0.469910	-0.015156	0.882584	0.801473	-0.411661	-0.433793	0.369900	0.911211	-0.181296	-75.620102	-164.540115	811.878967	
0.585772	-0.048970	0.808995	0.705074	-0.461450	-0.538457	0.399679	0.885813	-0.235777	-65.025177	-159.008041	831.898865	
0.681691	-0.119609	0.721796	0.571833	-0.528315	-0.627607	0.456404	0.840580	-0.291752	-45.354271	-148.147537	842.690063	
0.724471	-0.160091	0.670456	0.483338	-0.575491	-0.659692	0.491452	0.801985	-0.339549	-24.903894	-142.073853	854.902893	
0.794826	-0.231083	0.561116	0.342148	-0.593020	-0.728877	0.501184	0.771315	-0.392283	-6.032501	-129.218872	866.119141	
0.850382	-0.287360	0.440764	0.202078	-0.595081	-0.777844	0.485813	0.750534	-0.447978	3.668232	-116.401001	874.879211	
0.862472	-0.332804	0.381290	0.107405	-0.615864	-0.780496	0.494576	0.714109	-0.495421	13.038694	-109.396469	881.512512	
0.874722	-0.414005	0.251913	-0.045172	-0.587202	-0.808178	0.482515	0.695552	-0.532340	21.142456	-95.666153	894.975525	
0.878069	-0.463634	0.118480	-0.177830	-0.546004	-0.818691	0.444264	0.697798	-0.561877	29.272640	-81.000549	900.877014	
0.851971	-0.521392	0.047908	-0.271412	-0.518030	-0.811159	0.447751	0.678081	-0.582859	35.919739	-67.003654	921.051941	
0.807726	-0.589329	-0.016404	-0.363017	-0.475238	-0.801477	0.464539	0.653329	-0.597799	42.292435	-52.484020	937.610840	
0.762392	-0.640848	-0.089839	-0.455609	-0.432984	-0.777782	0.459542	0.633906	-0.622080	52.375114	-45.935829	955.698730	
0.721786	-0.655001	-0.223602	-0.555937	-0.356242	-0.751015	0.412261	0.666381	-0.621270	60.619320	-31.778229	960.256531	
0.686890	-0.666207	-0.290430	-0.612634	-0.315794	-0.724536	0.390976	0.675604	-0.625057	63.184814	-17.862070	962.589783	
0.625324	-0.698722	-0.347501	-0.667954	-0.249000	-0.701310	0.403494	0.670660	-0.622420	64.754486	-3.823393	968.447449	
0.586554	-0.697715	-0.411276	-0.707203	-0.193724	-0.679952	0.394740	0.689683	-0.607056	66.579849	9.090839	981.604431	
0.542962	-0.697369	-0.467834	-0.751113	-0.154170	-0.641920	0.375530	0.699933	-0.607511	65.669296	21.112413	984.536926	
0.501135	-0.684528	-0.529419	-0.786962	-0.106032	-0.607822	0.359936	0.721233	-0.591834	63.753487	26.469145	992.732849	
0.458837	-0.665655	-0.588534	-0.819802	-0.061738	-0.569310	0.342630	0.743701	-0.574032	60.567337	37.746361	1006.445251	
0.390655	-0.607866	-0.691294	-0.865293	0.013756	-0.501078	0.314099	0.793919	-0.520608	53.293224	48.858658	1010.824402	
0.343380	-0.581973	-0.737155	-0.887714	0.055180	-0.457077	0.306683	0.811333	-0.497678	48.086288	59.039097	1017.014771	
0.302527	-0.541273	-0.784539	-0.902107	0.103123	-0.419009	0.307703	0.834498	-0.457089	37.183701	67.400032	1023.344116	
0.244281	-0.512101	-0.823456	-0.909255	0.174170	-0.378048	0.337020	0.841080	-0.423084	23.841652	76.144165	1030.052368	
0.193375	-0.478471	-0.856547	-0.906758	0.246255	-0.342269	0.374695	0.842866	-0.386238	16.300110	83.785347	1031.992065	
0.150081	-0.429325	-0.890593	-0.902023	0.309323	-0.301121	0.404761	0.848527	-0.340838	0.898392	87.196663	1039.291382	
0.094728	-0.322117	-0.941949	-0.904585	0.367201	-0.216541	0.415636	0.872584	-0.256598	-16.397018	90.297165	1043.260742	
0.066553	-0.259854	-0.963352	-0.902274	0.396536	-0.169294	0.425996	0.880474	-0.208068	-34.139034	92.149529	1041.678223	
0.034108	-0.146983	-0.988551	-0.897722	0.430211	-0.094939	0.439241	0.890681	-0.117276	-43.796703	93.270294	1040.318359	
0.012627	-0.085742	-0.996237	-0.869632	0.490819	-0.053264	0.493539	0.867032	-0.068366	-53.455311	94.214363	1044.692261	
-0.005952	0.044563	-0.998989	-0.840507	0.541016	0.029143	0.541768	0.839830	0.034236	-64.457039	94.685242	1051.119995	
-0.009784	0.167958	-0.985745	-0.824350	0.556627	0.103025	0.565997	0.813606	0.133010	-84.151993	94.344223	1055.718140	
-0.012254	0.226626	-0.973904	-0.806797	0.573133	0.143520	0.590702	0.787501	0.175818	-95.048180	94.110245	1063.209717	
0.009133	0.363263	-0.931641	-0.768695	0.598432	0.225805	0.639551	0.714085	0.284704	-105.564255	91.125977	1068.284546	
0.020010	0.423371	-0.905735	-0.747490	0.607958	0.267668	0.663971	0.671672	0.328631	-115.163124	86.595108	1065.775635	
0.046325	0.477623	-0.877342	-0.708251	0.635068	0.308334	0.704439	0.607095	0.367696	-124.081879	81.467087	1065.940063	
0.074790	0.526034	-0.847168	-0.679074	0.648990	0.343031	0.730250	0.549634	0.405754	-132.680542	75.398232	1064.585205	
0.111293	0.572753	-0.812137	-0.657113	0.655479	0.372223	0.745531	0.492240	0.449314	-140.506973	67.856003	1062.895508	
0.153795	0.617569	-0.771333	-0.619754	0.668272	0.411483	0.769579	0.414752	0.485517	-147.529999	64.059441	1057.315308	
0.195354	0.656887	-0.728241	-0.586202	0.673514	0.450273	0.786260	0.338933	0.516642	-152.751404	54.055008	1048.966187	
0.226389	0.693242	-0.684223	-0.575579	0.661909	0.480193	0.785784	0.285114	0.548865	-163.996506	43.221142	1048.849121	
0.280018	0.758480	-0.588470	-0.558712	0.627241	0.542597	0.780661	0.176848	0.599410	-172.200500	32.094540	1043.313110	
0.317745	0.809309	-0.494019	-0.562321	0.580348	0.589060	0.763435	0.090626	0.639494	-174.643341	26.570992	1038.591553	
0.349257	0.846801	-0.401182	-0.575814	0.531722	0.621056	0.739228	0.014098	0.673307	-178.524200	19.940531	1030.020264	
0.384905	0.874064	-0.296409	-0.581939	0.479104	0.657121	0.716377	-0.080437	0.693061	-180.962296	13.402099	1021.614624	
0.417764	0.891510	-0.175162	-0.599542	0.415362	0.684123	0.682658	-0.180785	0.708021	-180.166382	6.514705	1017.975403	
0.459803	0.886083	-0.058631	-0.613229	0.364581	0.700736	0.642286	-0.286246	0.711007	-178.585770	0.204610	1009.546326	
0.497068	0.864937	0.069325	-0.637504	0.309826	0.705406	0.588653	-0.394829	0.705405	-174.762741	-13.223438	1000.504822	
0.514617	0.847185	0.132082	-0.642796	0.279249	0.713326	0.567436	-0.451991	0.688273	-171.230606	-20.712017	991.328735	
0.514987	0.821896	0.243463	-0.667747	0.206556	0.715157	0.537495	-0.530868	0.655192	-162.195206	-35.107147	978.677979	
0.521897	0.796969	0.304076	-0.685725	0.179962	0.705263	0.507351	-0.576586	0.640423	-152.467194	-42.563141	968.322021	
0.540338	0.760394	0.360327	-0.696519	0.163920	0.698565	0.472120	-0.628435	0.618200	-139.931885	-49.045490	952.911743	
0.541485	0.736227	0.405909	-0.706661	0.137025	0.694158	0.455439	-0.662715	0.594460	-133.140854	-63.573586	948.985413	
0.523083	0.683971	0.508493	-0.739838	0.068209	0.669319	0.423112	-0.726312	0.541707	-124.764534	-70.505684	944.317078	
