0.993269	-0.039326	0.108954	0.045823	0.997277	-0.057783	-0.106385	0.062386	0.992366	20.122837	2.058380	543.414978	
0.973722	-0.111518	0.198569	0.120476	0.992148	-0.033578	-0.193266	0.056619	0.979511	27.439358	6.325931	545.656860	
0.947712	-0.167957	0.271352	0.174448	0.984666	0.000204	-0.267225	0.047144	0.962480	36.631451	15.760031	549.838013	
0.926595	-0.194412	0.321909	0.203124	0.979130	0.006650	-0.316484	0.059225	0.946747	43.875156	17.889135	537.302246	
0.841932	-0.251568	0.477352	0.301485	0.953014	-0.029500	-0.447502	0.168752	0.878217	52.906918	24.274858	549.097290	
0.783346	-0.330899	0.526189	0.396344	0.918013	-0.012740	-0.478833	0.218532	0.850272	69.439980	26.213903	552.399231	
0.689849	-0.372760	0.620611	0.489343	0.871855	-0.020271	-0.533527	0.317676	0.783856	76.382439	29.526619	551.650269	
0.600481	-0.366332	0.710791	0.532084	0.846588	-0.013188	-0.596916	0.386120	0.703279	83.537819	30.887657	558.472595	
0.538625	-0.372139	0.755907	0.578928	0.815302	-0.011137	-0.612149	0.443614	0.654584	88.237930	31.390177	557.554382	
0.433307	-0.310869	0.845935	0.622170	0.782259	-0.031220	-0.652035	0.539843	0.532372	98.890228	31.350422	568.196289	
0.371810	-0.346218	0.861331	0.702592	0.711382	-0.017342	-0.606731	0.611611	0.507749	103.368813	30.032303	577.864746	
0.266666	-0.298561	0.916379	0.782962	0.621554	-0.025336	-0.562014	0.724246	0.399509	106.110161	27.407080	580.131836	
0.192974	-0.255289	0.947412	0.850513	0.524995	-0.031772	-0.489275	0.811916	0.318437	108.225487	25.485277	589.170227	
0.120970	-0.188670	0.974562	0.878047	0.478294	-0.016395	-0.463033	0.857694	0.223521	109.543076	20.770952	600.050964	
0.083965	-0.159927	0.983552	0.920160	0.391258	-0.014934	-0.382433	0.906278	0.180011	109.756531	15.218183	604.244080	
0.043805	-0.111864	0.992758	0.943034	0.332671	-0.004125	-0.329800	0.936385	0.120064	107.487061	8.900059	608.627136	
0.008645	-0.074198	0.997206	0.937012	0.348843	0.017833	-0.349191	0.934239	0.072540	103.765167	6.468914	620.158386	
-0.025603	-0.073389	0.996975	0.881310	0.469069	0.057162	-0.471845	0.880107	0.052669	103.878502	2.086152	650.235596	
-0.067458	0.033453	0.997162	0.675617	0.736955	0.020983	-0.734161	0.675114	-0.072315	97.148712	-2.440698	632.975098	
-0.113145	0.164258	0.979907	0.718850	0.694364	-0.033391	-0.685897	0.700627	-0.196641	85.661156	-3.339022	607.524414	
-0.005726	0.237162	0.971453	0.981435	-0.184908	0.050927	0.191708	0.953710	-0.231700	81.315804	-31.451500	649.338013	
-0.005726	0.237162	0.971453	0.981435	-0.184908	0.050927	0.191708	0.953710	-0.231700	81.315804	-31.451500	649.338013	
-0.005726	0.237162	0.971453	0.981435	-0.184908	0.050927	0.191708	0.953710	-0.231700	81.315804	-31.451500	649.338013	
0.056125	0.469975	0.880894	0.933239	-0.338263	0.121009	0.354845	0.815293	-0.457583	59.115131	-56.401073	678.695801	
0.100610	0.565497	0.818591	0.910253	-0.384463	0.153717	0.401644	0.729658	-0.553426	51.721664	-70.431465	701.915894	
0.190026	0.642875	0.742026	0.850754	-0.485044	0.202360	0.490007	0.592827	-0.639099	33.167423	-83.976601	715.626770	
0.257673	0.719961	0.644408	0.809145	-0.525297	0.263340	0.528099	0.453563	-0.717908	14.678602	-96.676338	721.675049	
0.317865	0.769781	0.553534	0.786448	-0.540153	0.299557	0.529585	0.340106	-0.777089	5.903709	-102.403503	728.850037	
0.365124	0.768940	0.524801	0.756143	-0.573797	0.314650	0.543076	0.281937	-0.790936	-3.072889	-109.947792	735.469421	
0.470174	0.766686	0.437183	0.673371	-0.631838	0.383866	0.570533	0.113902	-0.813338	-12.857233	-124.522957	745.174988	
0.557369	0.772560	0.304123	0.645226	-0.633568	0.426936	0.522516	-0.041734	-0.851608	-22.377522	-138.299530	744.469238	
0.628874	0.737767	0.245393	0.592806	-0.659194	0.462650	0.503089	-0.145479	-0.851903	-31.054401	-145.475479	765.777283	
0.682328	0.717247	0.141371	0.604090	-0.662097	0.443512	0.411709	-0.217220	-0.885049	-37.565819	-154.089264	748.591980	
0.759882	0.648150	0.049811	0.507785	-0.639665	0.577047	0.405875	-0.413194	-0.815192	-47.710384	-174.122772	788.835999	
0.801534	0.596678	-0.038964	0.509719	-0.647743	0.566230	0.312618	-0.473714	-0.823327	-54.562668	-176.929108	791.582153	
0.830383	0.552587	-0.071491	0.486266	-0.656045	0.577193	0.272048	-0.514055	-0.813473	-68.406265	-189.278183	803.631042	
0.845699	0.511643	-0.151705	0.480898	-0.607399	0.632301	0.231367	-0.607691	-0.759725	-82.249725	-203.645172	823.327332	
0.862304	0.475483	-0.174207	0.469972	-0.623333	0.624966	0.188572	-0.620783	-0.760967	-92.422150	-212.733765	828.507324	
0.868275	0.471537	-0.154114	0.462867	-0.658286	0.593646	0.178475	-0.586783	-0.789832	-99.970512	-213.709518	828.883240	
0.879330	0.288091	-0.379186	0.475935	-0.504477	0.720408	0.016252	-0.813945	-0.580715	-111.650002	-225.925003	879.422974	
0.879330	0.288091	-0.379186	0.475935	-0.504477	0.720408	0.016252	-0.813945	-0.580715	-111.650002	-225.925003	879.422974	
0.879330	0.288091	-0.379186	0.475935	-0.504477	0.720408	0.016252	-0.813945	-0.580715	-111.650002	-225.925003	879.422974	
0.879330	0.288091	-0.379186	0.475935	-0.504477	0.720408	0.016252	-0.813945	-0.580715	-111.650002	-225.925003	879.422974	
0.793481	0.030889	-0.607810	0.562468	-0.418617	0.713015	-0.232415	-0.907638	-0.349539	-114.135086	-241.711151	910.441101	
0.737742	-0.015150	-0.674913	0.610155	-0.412837	0.676223	-0.288874	-0.910680	-0.295322	-113.603897	-247.148941	919.858459	
0.684803	-0.078079	-0.724534	0.641824	-0.406242	0.650407	-0.345119	-0.910424	-0.228083	-109.595886	-247.524841	923.750366	
0.613064	-0.119421	-0.780956	0.659971	-0.465956	0.589341	-0.434270	-0.876712	-0.206846	-106.447090	-251.091751	937.921936	
0.560151	-0.164672	-0.811858	0.679039	-0.470075	0.563858	-0.474486	-0.867130	-0.151494	-96.022095	-248.578262	944.762695	
0.497376	-0.227028	-0.837303	0.675165	-0.504766	0.537926	-0.544766	-0.832869	-0.097777	-90.718849	-246.323990	942.539917	
0.477574	-0.218358	-0.851024	0.707900	-0.478077	0.519923	-0.520384	-0.850742	-0.073741	-80.541397	-249.436005	971.940979	
0.477574	-0.218358	-0.851024	0.707900	-0.478077	0.519923	-0.520384	-0.850742	-0.073741	-80.541397	-249.436005	971.940979	
0.477574	-0.218358	-0.851024	0.707900	-0.478077	0.519923	-0.520384	-0.850742	-0.073741	-80.541397	-249.436005	971.940979	
0.477574	-0.218358	-0.851024	0.707900	-0.478077	0.519923	-0.520384	-0.850742	-0.073741	-80.541397	-249.436005	971.940979	
0.213885	-0.216232	-0.952626	0.775793	-0.555019	0.300163	-0.593631	-0.803241	0.049042	-39.303493	-223.697327	985.136292	
0.150476	-0.208071	-0.966469	0.664773	-0.702286	0.254697	-0.731733	-0.680809	0.032643	-30.913872	-216.172729	984.891174	
0.100445	-0.168653	-0.980544	0.683453	-0.704513	0.191187	-0.723050	-0.689360	0.044502	-20.954491	-205.024261	982.001709	
0.057391	-0.148198	-0.987291	0.593382	-0.790225	0.153109	-0.802872	-0.594628	0.042587	-12.067896	-197.957397	990.755798	
0.062911	-0.119479	-0.990841	0.410420	-0.901876	0.134810	-0.909723	-0.415143	-0.007701	5.253721	-191.329941	993.904053	
0.022099	-0.022996	-0.999491	0.320995	-0.946640	0.028877	-0.946823	-0.321470	-0.013538	15.736130	-185.546295	1010.867737	
0.056268	0.054195	-0.996943	0.323618	-0.945607	-0.033139	-0.944513	-0.320765	-0.070745	27.825207	-180.206268	1051.508545	
-0.025843	0.139531	-0.989880	0.639835	-0.758505	-0.123621	-0.768078	-0.636555	-0.069675	44.483299	-149.996002	1024.770020	
-0.025843	0.139531	-0.989880	0.639835	-0.758505	-0.123621	-0.768078	-0.636555	-0.069675	44.483299	-149.996002	1024.770020	
-0.025843	0.139531	-0.989880	0.639835	-0.758505	-0.123621	-0.768078	-0.636555	-0.069675	44.483299	-149.996002	1024.770020	
-0.025843	0.139531	-0.989880	0.639835	-0.758505	-0.123621	-0.768078	-0.636555	-0.069675	44.483299	-149.996002	1024.770020	
0.055400	0.323278	-0.944681	0.534370	-0.808828	-0.245450	-0.843433	-0.491211	-0.217559	88.885536	-104.481216	1004.813843	
0.116290	0.371542	-0.921105	0.570206	-0.784312	-0.244376	-0.813230	-0.496800	-0.303063	101.781319	-97.381195	1016.335022	
0.178036	0.401513	-0.898383	0.475434	-0.834435	-0.278714	-0.861549	-0.377500	-0.339452	111.218185	-80.948517	1005.805481	
0.230039	0.405773	-0.884552	0.413657	-0.863500	-0.288539	-0.880892	-0.299525	-0.366489	114.547226	-65.041840	998.494202	
0.281739	0.410464	-0.867262	0.358948	-0.883333	-0.301462	-0.889820	-0.226368	-0.396204	115.970261	-50.707230	977.869568	
0.377316	0.398783	-0.835826	0.356297	-0.895577	-0.266448	-0.854801	-0.197267	-0.480001	121.497719	-44.212029	987.101807	
0.477739	0.349418	-0.806023	0.344379	-0.918551	-0.194082	-0.808188	-0.184857	-0.559160	125.208000	-30.356600	1002.059998	
0.477739	0.349418	-0.806023	0.344379	-0.918551	-0.194082	-0.808188	-0.184857	-0.559160	125.208000	-30.356600	1002.059998	
0.477739	0.349418	-0.806023	0.344379	-0.918551	-0.194082	-0.808188	-0.184857	-0.559160	125.208000	-30.356600	1002.059998	
0.477739	0.349418	-0.806023	0.344379	-0.918551	-0.194082	-0.808188	-0.184857	-0.559160	125.208000	-30.356600	1002.059998	
0.477739	0.349418	-0.806023	0.344379	-0.918551	-0.194082	-0.808188	-0.184857	-0.559160	125.208000	-30.356600	1002.059998	
0.742693	0.131259	-0.656642	0.118207	-0.990899	-0.064378	-0.659116	-0.029806	-0.751450	104.426010	20.370308	959.550659	
0.811349	0.087661	-0.577952	0.079525	-0.996052	-0.039437	-0.579127	-0.013965	-0.815118	92.825150	25.020205	941.178528	
0.835716	0.004528	-0.549143	0.033354	-0.998538	0.042526	-0.548148	-0.053855	-0.834646	86.066032	28.884666	928.398315	
0.820740	-0.058370	-0.568311	-0.017072	-0.996828	0.077728	-0.571045	-0.054092	-0.819134	74.512581	39.247105	941.828491	
0.830634	-0.119920	-0.543752	-0.044069	-0.987628	0.150494	-0.555071	-0.101042	-0.825643	66.678070	45.505497	935.401855	
0.838634	-0.188067	-0.511198	-0.055016	-0.962950	0.264010	-0.541909	-0.193283	-0.817909	51.118507	48.526100	935.988159	
0.804346	-0.246047	-0.540822	-0.056626	-0.937829	0.342448	-0.591456	-0.244822	-0.768272	32.746994	52.763069	923.660339	
0.762405	-0.339025	-0.551181	-0.111569	-0.907883	0.404104	-0.637409	-0.246596	-0.730000	14.838666	55.283871	912.946533	
0.779640	-0.447135	-0.438443	-0.222749	-0.852352	0.473159	-0.585273	-0.271231	-0.764127	5.670343	55.625282	896.721497	
0.768940	-0.531735	-0.354948	-0.317452	-0.799478	0.509960	-0.554937	-0.279449	-0.783552	-12.650240	55.413307	887.492859	
0.647585	-0.636402	-0.419077	-0.319356	-0.726016	0.609026	-0.691842	-0.260561	-0.673397	-33.112839	54.759537	881.524719	
0.522218	-0.751334	-0.403466	-0.366271	-0.624841	0.689506	-0.770152	-0.212295	-0.601496	-53.033581	53.294498	864.512573	
0.416285	-0.831109	-0.368732	-0.368888	-0.525045	0.766974	-0.831040	-0.183259	-0.525156	-71.189537	49.466198	851.502258	
0.371148	-0.874787	-0.311441	-0.374049	-0.447828	0.812120	-0.849904	-0.184922	-0.493424	-79.701569	44.587975	842.897827	
0.359507	-0.900449	-0.244839	-0.358224	-0.375453	0.854816	-0.861644	-0.219605	-0.457541	-90.076599	39.494999	851.974976	
0.359507	-0.900449	-0.244839	-0.358224	-0.375453	0.854816	-0.861644	-0.219605	-0.457541	-90.076599	39.494999	851.974976	
0.359507	-0.900449	-0.244839	-0.358224	-0.375453	0.854816	-0.861644	-0.219605	-0.457541	-90.076599	39.494999	851.974976	
0.074724	-0.979610	-0.186497	-0.085218	-0.192608	0.977568	-0.993557	-0.057154	-0.097873	-123.706406	23.866516	737.148499	
-0.085881	-0.980089	-0.179026	-0.117646	-0.168456	0.978663	-0.989335	0.105110	-0.100837	-147.045898	21.142632	783.196289	
-0.188497	-0.973436	-0.129967	-0.055961	-0.121478	0.991015	-0.980479	0.194076	-0.031576	-151.434143	15.550921	766.557373	
-0.282886	-0.950798	-0.126328	0.081669	-0.155107	0.984516	-0.955670	0.268188	0.121528	-162.287003	8.168630	771.653992	
-0.282886	-0.950798	-0.126328	0.081669	-0.155107	0.984516	-0.955670	0.268188	0.121528	-162.287003	8.168630	771.653992	
-0.282886	-0.950798	-0.126328	0.081669	-0.155107	0.984516	-0.955670	0.268188	0.121528	-162.287003	8.168630	771.653992	
-0.524217	-0.847204	-0.086267	0.297990	-0.277390	0.913376	-0.797746	0.453100	0.397871	-170.953934	-26.595991	726.401733	
-0.606311	-0.791620	-0.075666	0.328039	-0.335651	0.883022	-0.724415	0.510565	0.463191	-171.141083	-34.375267	723.649963	
-0.679451	-0.731251	-0.060147	0.337951	-0.384663	0.858966	-0.651256	0.563299	0.508487	-169.614212	-41.585167	716.466248	
-0.788381	-0.613641	-0.043582	0.326514	-0.477427	0.815752	-0.521386	0.628893	0.576757	-167.638718	-48.886932	706.326965	
-0.863907	-0.503288	-0.019100	0.310154	-0.561500	0.767151	-0.396823	0.656824	0.641181	-161.683212	-63.292995	693.440002	
-0.925903	-0.377394	0.016648	0.248064	-0.574186	0.780239	-0.284899	0.726556	0.625258	-158.280716	-72.344551	678.002075	
-0.963318	-0.267723	-0.018528	0.183156	-0.706347	0.683759	-0.196146	0.655284	0.729472	-155.552902	-88.557014	679.188232	
-0.978132	-0.207657	0.011700	0.158844	-0.709521	0.686547	-0.134265	0.673393	0.726990	-142.247711	-96.495712	665.273743	
-0.990431	-0.136154	0.022534	0.123979	-0.806103	0.578640	-0.060619	0.575898	0.815270	-129.854279	-112.098442	666.533020	
-0.999726	0.020651	0.011044	-0.016366	-0.953399	0.301266	0.016750	0.301003	0.953475	-115.456024	-118.870552	658.280151	
-0.985483	0.169377	-0.011569	-0.169123	-0.973480	0.154057	0.014831	0.153777	0.987994	-104.576691	-122.783348	640.262878	
-0.979048	0.203334	0.010999	-0.199778	-0.969576	0.141455	0.039427	0.136294	0.989883	-88.861275	-131.543274	638.502258	
-0.961106	0.276132	0.005075	-0.275566	-0.960035	0.048936	0.018385	0.045635	0.998788	-79.497696	-136.985016	620.655212	
-0.911489	0.410492	0.026145	-0.410391	-0.911862	0.009352	0.027679	-0.002205	0.999614	-71.913803	-145.600006	623.674011	
-0.911489	0.410492	0.026145	-0.410391	-0.911862	0.009352	0.027679	-0.002205	0.999614	-71.913803	-145.600006	623.674011	
-0.911489	0.410492	0.026145	-0.410391	-0.911862	0.009352	0.027679	-0.002205	0.999614	-71.913803	-145.600006	623.674011	
-0.764015	0.644584	0.028176	-0.623699	-0.726672	-0.288006	-0.165169	-0.237614	0.957214	-32.227814	-168.253510	589.518372	
-0.676986	0.729889	0.094618	-0.706066	-0.607778	-0.363424	-0.207752	-0.312839	0.926807	-20.207506	-169.137619	580.372070	
-0.560092	0.827966	0.027731	-0.709384	-0.462049	-0.532245	-0.427867	-0.317778	0.846136	-4.318360	-181.070007	586.504028	
-0.560092	0.827966	0.027731	-0.709384	-0.462049	-0.532245	-0.427867	-0.317778	0.846136	-4.318360	-181.070007	586.504028	
-0.560092	0.827966	0.027731	-0.709384	-0.462049	-0.532245	-0.427867	-0.317778	0.846136	-4.318360	-181.070007	586.504028	
-0.560092	0.827966	0.027731	-0.709384	-0.462049	-0.532245	-0.427867	-0.317778	0.846136	-4.318360	-181.070007	586.504028	
-0.039307	0.999218	-0.004253	-0.464504	-0.022041	-0.885297	-0.884698	-0.032823	0.465007	44.831768	-192.523972	564.403748	
0.033737	0.998171	0.050150	-0.374943	0.059155	-0.925159	-0.926434	0.012409	0.376253	48.986374	-185.175247	532.357666	
0.093898	0.993243	0.068199	-0.306957	0.094047	-0.947065	-0.947080	0.067994	0.313714	59.615612	-184.162338	528.296997	
0.208653	0.977674	0.024815	-0.339720	0.096249	-0.935589	-0.917090	0.186783	0.352218	66.398888	-188.229324	541.147644	
0.244130	0.969633	-0.014524	-0.225673	0.042240	-0.973286	-0.943119	0.240886	0.229132	70.989220	-186.652344	542.201050	
0.315099	0.948522	-0.031903	-0.174388	0.024823	-0.984364	-0.932900	0.315735	0.173233	76.493500	-184.034088	549.291992	
0.409804	0.911028	-0.045692	-0.048636	-0.028197	-0.998418	-0.910876	0.411378	0.032753	77.385590	-181.258087	549.765930	
0.416389	0.906976	-0.063350	0.064300	-0.098880	-0.993019	-0.906910	0.409409	-0.099491	77.040237	-174.279327	545.911255	
0.284024	0.953610	-0.099786	0.175759	-0.154090	-0.972298	-0.942570	0.258618	-0.211371	73.730110	-165.144760	529.361877	
0.308951	0.946386	-0.094355	0.145496	-0.145071	-0.978664	-0.939883	0.288631	-0.182516	70.415833	-158.718018	535.844971	
0.411550	0.910087	-0.048666	0.058619	-0.079719	-0.995092	-0.909500	0.406677	-0.086157	67.866707	-157.599442	563.297791	
0.337291	0.940688	-0.036616	0.008021	-0.041765	-0.999095	-0.941366	0.336691	-0.021632	62.560448	-149.521347	556.563477	
0.331513	0.942550	-0.041199	-0.071708	-0.018369	-0.997256	-0.940722	0.333557	0.061499	58.217766	-145.327759	563.272278	
0.329865	0.943505	-0.031403	-0.273399	0.063640	-0.959792	-0.903572	0.325187	0.278946	52.917416	-135.673355	570.089539	
0.125462	0.990907	0.048593	-0.491683	0.104645	-0.864463	-0.861689	0.084565	0.500340	46.490772	-135.853134	591.760193	
0.940611	0.277170	-0.196028	0.109861	-0.794874	-0.596746	-0.321218	0.539770	-0.778118	28.567801	-125.204002	583.866028	
0.940611	0.277170	-0.196028	0.109861	-0.794874	-0.596746	-0.321218	0.539770	-0.778118	28.567801	-125.204002	583.866028	
0.940611	0.277170	-0.196028	0.109861	-0.794874	-0.596746	-0.321218	0.539770	-0.778118	28.567801	-125.204002	583.866028	
0.964156	0.007331	-0.265236	-0.091079	-0.929739	-0.356776	-0.249216	0.368145	-0.895745	-15.251678	-95.548317	597.579224	
0.936813	-0.029873	-0.348554	-0.189313	-0.881141	-0.433301	-0.294182	0.471908	-0.831119	-34.687283	-92.818741	626.332520	
0.900180	-0.007759	-0.435449	-0.261757	-0.808742	-0.526707	-0.348079	0.588113	-0.730044	-46.883987	-80.927483	657.275635	
0.855571	-0.373254	-0.358719	-0.389133	-0.920696	0.029891	-0.341428	0.114016	-0.932967	-54.845402	-67.138496	631.926025	
0.855571	-0.373254	-0.358719	-0.389133	-0.920696	0.029891	-0.341428	0.114016	-0.932967	-54.845402	-67.138496	631.926025	
0.855571	-0.373254	-0.358719	-0.389133	-0.920696	0.029891	-0.341428	0.114016	-0.932967	-54.845402	-67.138496	631.926025	
0.650717	-0.602502	-0.462123	-0.548974	-0.793760	0.261867	-0.524590	0.083292	-0.847271	-112.915237	-38.834198	656.942810	
0.623488	-0.642470	-0.445528	-0.545430	-0.765706	0.340884	-0.560151	0.030467	-0.827830	-131.071671	-33.170841	671.884094	
0.586526	-0.649424	-0.483979	-0.513613	-0.760273	0.397727	-0.626250	0.015301	-0.779473	-140.938019	-20.909628	683.126221	
0.422680	-0.664664	-0.616088	-0.502380	-0.737633	0.451124	-0.754292	0.118829	-0.645696	-152.107788	-6.657909	695.515991	
0.309163	-0.716815	-0.624976	-0.540195	-0.673227	0.504931	-0.782693	0.181503	-0.595357	-157.289871	-1.617871	699.335632	
0.201075	-0.761203	-0.616554	-0.511155	-0.618457	0.596851	-0.835637	0.195143	-0.513449	-169.088043	2.792480	700.053101	
0.141102	-0.740618	-0.656944	-0.420824	-0.645518	0.637349	-0.896101	0.186526	-0.402754	-179.140564	7.790611	707.238953	
0.073471	-0.701090	-0.709278	-0.384262	-0.676189	0.628578	-0.920296	0.226366	-0.319082	-179.919861	16.372849	698.820740	
-0.053299	-0.672836	-0.737869	-0.394706	-0.664551	0.634490	-0.917260	0.325060	-0.230153	-187.424255	20.190546	716.510437	
-0.091441	-0.627114	-0.773542	-0.397733	-0.689147	0.605709	-0.912933	0.363050	-0.186408	-191.151398	27.470924	735.467896	
-0.077481	-0.619688	-0.781015	-0.373308	-0.708351	0.599066	-0.924466	0.337975	-0.176451	-191.377975	33.855125	735.286316	
-0.160034	-0.580598	-0.798308	-0.319442	-0.734752	0.598411	-0.933995	0.350779	-0.067882	-194.406265	36.480297	759.958557	
-0.229594	-0.527395	-0.818011	-0.288451	-0.765833	0.574714	-0.929561	0.367907	0.023702	-193.464386	37.807705	768.511963	
-0.261437	-0.487332	-0.833162	-0.298954	-0.779854	0.549958	-0.917757	0.392857	0.058192	-192.642120	39.942780	793.873047	
-0.285614	-0.453335	-0.844342	-0.273732	-0.805746	0.525207	-0.918420	0.381130	0.106040	-186.814682	41.393429	799.786804	
-0.319777	-0.395139	-0.861167	-0.320726	-0.810093	0.490798	-0.891559	0.433145	0.132318	-181.646042	42.439201	817.688599	
-0.287292	-0.336779	-0.896685	-0.297934	-0.858293	0.417814	-0.910329	0.387187	0.146242	-176.273682	42.205593	831.131287	
-0.254635	-0.295409	-0.920812	-0.302222	-0.880194	0.365951	-0.918599	0.371474	0.134849	-163.471817	40.478046	830.986511	
-0.279814	-0.258463	-0.924609	-0.249071	-0.910562	0.329912	-0.927183	0.322607	0.190412	-158.093262	37.416161	850.977356	
-0.265724	-0.196207	-0.943872	-0.265387	-0.926354	0.267278	-0.926801	0.321514	0.194083	-143.734955	35.446842	868.009521	
-0.220585	-0.126953	-0.967070	-0.313928	-0.929494	0.193625	-0.923467	0.346302	0.165178	-133.995316	30.185158	875.844299	
-0.259657	-0.103389	-0.960150	-0.254929	-0.951646	0.171413	-0.931445	0.289279	0.220745	-120.522568	24.175323	902.219604	
-0.383492	-0.097807	-0.918351	-0.187097	-0.965530	0.180960	-0.904394	0.241217	0.351973	-107.153137	17.290882	947.769165	
-0.164959	-0.040071	-0.985486	-0.218742	-0.972805	0.076170	-0.961738	0.228132	0.151708	-82.114601	14.154100	920.583984	
-0.164959	-0.040071	-0.985486	-0.218742	-0.972805	0.076170	-0.961738	0.228132	0.151708	-82.114601	14.154100	920.583984	
-0.164959	-0.040071	-0.985486	-0.218742	-0.972805	0.076170	-0.961738	0.228132	0.151708	-82.114601	14.154100	920.583984	
0.044593	-0.006977	-0.998981	-0.181966	-0.983304	-0.001255	-0.982294	0.181836	-0.045118	-30.865757	-4.965950	926.874817	
0.030459	-0.011132	-0.999474	-0.202959	-0.979176	0.004720	-0.978714	0.202709	-0.032084	-19.256409	-15.719617	930.291870	
0.153534	-0.048433	-0.986956	-0.282491	-0.959265	0.003129	-0.946903	0.278326	-0.160962	-1.158590	-22.189899	973.940002	
0.153534	-0.048433	-0.986956	-0.282491	-0.959265	0.003129	-0.946903	0.278326	-0.160962	-1.158590	-22.189899	973.940002	
0.153534	-0.048433	-0.986956	-0.282491	-0.959265	0.003129	-0.946903	0.278326	-0.160962	-1.158590	-22.189899	973.940002	
0.153534	-0.048433	-0.986956	-0.282491	-0.959265	0.003129	-0.946903	0.278326	-0.160962	-1.158590	-22.189899	973.940002	
0.293940	-0.271289	-0.916516	-0.284881	-0.940161	0.186923	-0.912383	0.206154	-0.353635	49.970860	-61.180988	962.557068	
0.334329	-0.337060	-0.880122	-0.242142	-0.933232	0.265417	-0.910819	0.124378	-0.393622	63.290977	-67.669853	975.015808	
0.295297	-0.403908	-0.865828	-0.287559	-0.901794	0.322612	-0.911104	0.153710	-0.382444	74.667458	-80.969055	966.875061	
0.295418	-0.502684	-0.812426	-0.345463	-0.849045	0.399723	-0.890721	0.162578	-0.424481	83.593063	-86.837097	968.784302	
0.215899	-0.575452	-0.788824	-0.331104	-0.803158	0.495286	-0.918563	0.154251	-0.363935	89.329712	-101.208054	976.091858	
0.228241	-0.643842	-0.730324	-0.345959	-0.754803	0.557302	-0.910065	0.125463	-0.395020	92.280540	-111.792290	988.093872	
0.144713	-0.712205	-0.686893	-0.346188	-0.686769	0.639142	-0.926937	0.145302	-0.345941	95.212013	-116.523819	982.553955	
0.091690	-0.727859	-0.679569	-0.425454	-0.645653	0.634130	-0.900323	0.230982	-0.368871	101.071999	-134.695007	1025.910034	
0.091690	-0.727859	-0.679569	-0.425454	-0.645653	0.634130	-0.900323	0.230982	-0.368871	101.071999	-134.695007	1025.910034	
0.091690	-0.727859	-0.679569	-0.425454	-0.645653	0.634130	-0.900323	0.230982	-0.368871	101.071999	-134.695007	1025.910034	
0.091690	-0.727859	-0.679569	-0.425454	-0.645653	0.634130	-0.900323	0.230982	-0.368871	101.071999	-134.695007	1025.910034	
0.091690	-0.727859	-0.679569	-0.425454	-0.645653	0.634130	-0.900323	0.230982	-0.368871	101.071999	-134.695007	1025.910034	
-0.345444	-0.825777	-0.445825	-0.268542	-0.368221	0.890112	-0.899197	0.427206	-0.094556	85.416168	-177.668350	1001.116211	
-0.418829	-0.808184	-0.414029	-0.146508	-0.389832	0.909158	-0.896169	0.441440	0.044868	75.420654	-183.881424	1005.470825	
-0.489595	-0.793531	-0.361391	-0.042637	-0.392181	0.918900	-0.870907	0.465298	0.158176	63.123623	-189.585358	1006.963806	
-0.599067	-0.750763	-0.278340	0.022341	-0.363159	0.931460	-0.800387	0.551788	0.234330	56.644379	-195.063553	1014.380981	
-0.702748	-0.687326	-0.183651	0.075359	-0.328604	0.941457	-0.707437	0.647767	0.282722	48.610046	-200.598083	1007.967224	
-0.830334	-0.551268	-0.081544	0.132325	-0.337188	0.932092	-0.541328	0.763157	0.352925	39.829449	-204.714417	1009.731628	
-0.903800	-0.427025	0.028223	0.232125	-0.433754	0.870619	-0.359534	0.793415	0.491149	31.773113	-211.048874	1015.653442	
-0.938808	-0.340370	0.052799	0.250679	-0.570049	0.782436	-0.236220	0.747793	0.620489	12.240479	-215.252960	1013.140442	
-0.957016	-0.260067	0.128398	0.266845	-0.616059	0.741125	-0.113641	0.743531	0.658975	2.110898	-214.221909	997.114746	
-0.960123	-0.232595	0.155127	0.277136	-0.718587	0.637831	-0.036884	0.655387	0.754392	-17.516968	-218.106812	1008.366028	
-0.962982	-0.216983	0.159956	0.269559	-0.770043	0.578249	-0.002298	0.599961	0.800026	-29.544983	-213.731766	991.202881	
-0.931664	-0.362852	0.018515	0.330017	-0.823842	0.460840	-0.151964	0.435457	0.887290	-49.124680	-213.083496	987.993225	
-0.840551	-0.518365	-0.157394	0.338950	-0.729871	0.593635	-0.422597	0.445631	0.789192	-58.154926	-212.539673	981.484436	
-0.742089	-0.626150	-0.239250	0.296059	-0.626404	0.721088	-0.601377	0.464279	0.650224	-67.189438	-207.773621	964.798645	
-0.691763	-0.659101	-0.295044	0.168107	-0.544336	0.821851	-0.702286	0.518927	0.487350	-76.196877	-206.631790	953.992249	
-0.478007	-0.815438	-0.326452	0.051474	-0.397030	0.916361	-0.876847	0.421223	0.231757	-88.011047	-195.911499	927.655151	
-0.447525	-0.824476	-0.346353	0.000763	-0.387655	0.921805	-0.894271	0.412266	0.174114	-99.077866	-193.606094	928.403992	
-0.589085	0.424024	0.687883	-0.533535	-0.843429	0.063000	0.606894	-0.329897	0.723082	-111.333000	-193.983002	943.135010	
-0.589085	0.424024	0.687883	-0.533535	-0.843429	0.063000	0.606894	-0.329897	0.723082	-111.333000	-193.983002	943.135010	
-0.589085	0.424024	0.687883	-0.533535	-0.843429	0.063000	0.606894	-0.329897	0.723082	-111.333000	-193.983002	943.135010	
-0.589085	0.424024	0.687883	-0.533535	-0.843429	0.063000	0.606894	-0.329897	0.723082	-111.333000	-193.983002	943.135010	
-0.236391	0.434603	0.869046	-0.966354	-0.198481	-0.163602	0.101386	-0.878479	0.466899	-140.198395	-148.359909	894.178284	
-0.178607	0.357573	0.916647	-0.982570	-0.016019	-0.185203	-0.051541	-0.933748	0.354201	-143.592712	-136.525208	896.294617	
-0.136519	0.293536	0.946150	-0.985497	0.056932	-0.159859	-0.100792	-0.954251	0.281505	-149.352127	-122.596893	909.918640	
-0.129129	0.168461	0.977214	-0.988488	-0.100225	-0.113341	0.078847	-0.980600	0.179463	-146.630371	-105.887512	871.264954	
-0.114876	0.106079	0.987700	-0.968944	-0.231144	-0.087870	0.218979	-0.967119	0.129337	-144.897781	-98.703415	864.179138	
-0.117385	0.136573	0.983651	-0.957805	-0.277244	-0.075807	0.262358	-0.951043	0.163354	-136.850418	-88.654991	825.693481	
0.001278	-0.047871	0.998853	-0.703553	0.709784	0.034917	-0.710642	-0.702790	-0.032772	-134.714005	-80.352600	844.242981	
0.001278	-0.047871	0.998853	-0.703553	0.709784	0.034917	-0.710642	-0.702790	-0.032772	-134.714005	-80.352600	844.242981	
0.001278	-0.047871	0.998853	-0.703553	0.709784	0.034917	-0.710642	-0.702790	-0.032772	-134.714005	-80.352600	844.242981	
0.001278	-0.047871	0.998853	-0.703553	0.709784	0.034917	-0.710642	-0.702790	-0.032772	-134.714005	-80.352600	844.242981	
-0.056683	-0.389665	0.919210	-0.082653	0.919362	0.384633	-0.994965	-0.054173	-0.084319	-101.125122	-39.047760	765.593140	
-0.105897	-0.427499	0.897792	-0.090668	0.903259	0.419408	-0.990235	-0.036987	-0.134412	-97.806168	-24.931784	781.378540	
-0.192168	-0.467689	0.862750	0.098893	0.865432	0.491170	-0.976367	0.179707	-0.120057	-82.368401	-12.376200	777.581970	
-0.192168	-0.467689	0.862750	0.098893	0.865432	0.491170	-0.976367	0.179707	-0.120057	-82.368401	-12.376200	777.581970	
-0.192168	-0.467689	0.862750	0.098893	0.865432	0.491170	-0.976367	0.179707	-0.120057	-82.368401	-12.376200	777.581970	
-0.192168	-0.467689	0.862750	0.098893	0.865432	0.491170	-0.976367	0.179707	-0.120057	-82.368401	-12.376200	777.581970	
-0.455125	-0.540030	0.707975	0.516352	0.487694	0.703942	-0.725425	0.685947	0.056883	-33.467457	20.697899	717.449585	
-0.428629	-0.666743	0.609697	0.515897	0.373378	0.770999	-0.741705	0.645014	0.183930	-23.791763	30.407455	718.000977	
-0.456446	-0.744509	0.487200	0.523030	0.218454	0.823843	-0.719789	0.630860	0.289688	-13.464339	35.260311	713.218811	
-0.699500	-0.548007	0.458681	0.572917	-0.046379	0.818301	-0.427161	0.835188	0.346404	-3.595871	43.728970	701.743347	
-0.750076	-0.528910	0.397040	0.551336	-0.168509	0.817089	-0.365261	0.831781	0.418001	6.800181	47.726509	686.221313	
-0.829530	-0.435009	0.350210	0.505903	-0.319753	0.801138	-0.236521	0.841740	0.485316	16.877678	51.053940	673.166504	
-0.905522	-0.278281	0.320295	0.401112	-0.315316	0.860050	-0.138341	0.907269	0.397147	33.463383	52.153442	641.912903	
-0.939101	-0.145843	0.311155	0.337755	-0.224885	0.913975	-0.063323	0.963410	0.260448	45.973194	51.444042	607.249084	
-0.977258	-0.210246	0.027614	0.178675	-0.746297	0.641183	-0.114198	0.631535	0.766891	59.109402	58.475300	650.052002	
-0.977258	-0.210246	0.027614	0.178675	-0.746297	0.641183	-0.114198	0.631535	0.766891	59.109402	58.475300	650.052002	
-0.977258	-0.210246	0.027614	0.178675	-0.746297	0.641183	-0.114198	0.631535	0.766891	59.109402	58.475300	650.052002	
-0.977258	-0.210246	0.027614	0.178675	-0.746297	0.641183	-0.114198	0.631535	0.766891	59.109402	58.475300	650.052002	
-0.977258	-0.210246	0.027614	0.178675	-0.746297	0.641183	-0.114198	0.631535	0.766891	59.109402	58.475300	650.052002	
-0.935862	0.175316	-0.305658	-0.291072	-0.873520	0.390179	-0.198593	0.454123	0.868524	99.269638	53.150230	605.315552	
-0.895885	0.272308	-0.351053	-0.392794	-0.854692	0.339432	-0.207612	0.441984	0.872667	100.282906	50.731152	599.328552	
-0.859584	0.302034	-0.412179	-0.422418	-0.873892	0.240572	-0.287539	0.380904	0.878768	101.171921	44.771755	595.259644	
-0.830380	0.327622	-0.450702	-0.450593	-0.870657	0.197286	-0.327771	0.366906	0.870601	100.731987	38.105785	590.401672	
-0.725681	0.336348	-0.600215	-0.477196	-0.874490	0.086900	-0.495652	0.349482	0.795104	96.532623	29.310638	586.045166	
-0.636007	0.393383	-0.663886	-0.559077	-0.827892	0.045035	-0.531909	0.399806	0.746476	93.141235	20.603455	579.853821	
-0.528910	0.401860	-0.747505	-0.614975	-0.788466	0.011255	-0.584859	0.465650	0.664162	85.846298	14.559799	581.255981	
-0.401434	0.379057	-0.833767	-0.682822	-0.730577	-0.003386	-0.610413	0.567956	0.552107	75.679642	8.071162	580.621521	
-0.389725	0.380150	-0.838809	-0.640377	-0.766443	-0.049824	-0.661839	0.517736	0.542142	63.937431	1.523024	575.684875	
-0.265914	0.269824	-0.925464	-0.558523	-0.825600	-0.080228	-0.785710	0.495559	0.370242	50.501965	-5.426222	568.478943	
-0.223847	0.298097	-0.927918	-0.615606	-0.781359	-0.102509	-0.755593	0.548285	0.358415	34.279190	-19.297291	573.039856	
-0.139486	0.214142	-0.966792	-0.602320	-0.793299	-0.088813	-0.785973	0.569930	0.239636	26.070196	-27.500027	571.561218	
-0.083999	0.118212	-0.989429	-0.571161	-0.819350	-0.049403	-0.816528	0.560974	0.136342	9.032590	-34.668373	567.053223	
0.001198	-0.003984	-0.999992	-0.582043	-0.813155	0.002541	-0.813157	0.582034	-0.003293	-0.568896	-43.313095	567.743774	
0.061571	-0.056257	-0.996517	-0.456067	-0.889673	0.022046	-0.887813	0.453120	-0.080435	-20.638981	-56.244431	563.477112	
0.102881	-0.123131	-0.987044	-0.358631	-0.930160	0.078654	-0.927792	0.345891	-0.139855	-38.660248	-62.477791	548.685669	
0.217560	-0.225373	-0.949671	-0.402398	-0.907151	0.123097	-0.889237	0.355364	-0.288050	-59.084393	-79.428970	571.652405	
0.457978	-0.535449	-0.709613	-0.680139	-0.725061	0.108149	-0.572421	0.433105	-0.696243	-78.910767	-100.290176	614.434509	
0.538103	-0.635826	-0.553327	-0.736760	-0.673692	0.057648	-0.409426	0.376648	-0.830968	-84.026093	-104.899170	588.909790	
0.565183	-0.608466	-0.557079	-0.700422	-0.710703	0.065648	-0.435862	0.353086	-0.827862	-90.776314	-109.310417	573.571289	
-0.052296	-0.693542	-0.718515	-0.654153	-0.519853	0.549397	-0.754552	0.498750	-0.426496	-123.413002	-120.443001	591.853027	
-0.052296	-0.693542	-0.718515	-0.654153	-0.519853	0.549397	-0.754552	0.498750	-0.426496	-123.413002	-120.443001	591.853027	
-0.052296	-0.693542	-0.718515	-0.654153	-0.519853	0.549397	-0.754552	0.498750	-0.426496	-123.413002	-120.443001	591.853027	
-0.290672	-0.818971	-0.494769	-0.578998	-0.261124	0.772383	-0.761755	0.510980	-0.398281	-154.817291	-157.978058	599.055237	
-0.342304	-0.862779	-0.372077	-0.502691	-0.166393	0.848302	-0.793807	0.477416	-0.376754	-167.729019	-168.729919	604.693909	
-0.461579	-0.857652	-0.226669	-0.443970	0.002125	0.896039	-0.768007	0.514227	-0.381753	-173.730270	-173.429520	609.570374	
-0.507003	-0.856409	-0.097525	-0.317152	0.080146	0.944982	-0.801475	0.510039	-0.312247	-183.763077	-183.662964	618.929443	
-0.545273	-0.836564	0.053273	-0.207589	0.196332	0.958312	-0.812147	0.511482	-0.280716	-193.258575	-189.352158	630.243835	
-0.586128	-0.788824	0.184962	-0.094074	0.293000	0.951473	-0.804738	0.540285	-0.245943	-198.680099	-193.227798	633.443176	
-0.634707	-0.708380	0.308781	0.071707	0.343871	0.936275	-0.769418	0.616401	-0.167462	-201.761124	-195.872513	644.604980	
-0.652377	-0.619411	0.436731	0.232890	0.384525	0.893254	-0.721225	0.684448	-0.106601	-202.899612	-202.156448	651.128662	
-0.652322	-0.515075	0.556034	0.374926	0.418286	0.827325	-0.658715	0.748154	-0.079743	-201.351501	-205.381790	662.934631	
-0.599717	-0.437575	0.669977	0.529938	0.410162	0.742249	-0.599588	0.800184	-0.014094	-200.340393	-207.273773	673.984436	
-0.595480	-0.349545	0.723341	0.637328	0.342618	0.690237	-0.489098	0.872027	0.018752	-197.813339	-209.542145	684.557373	
-0.525688	-0.242581	0.815357	0.763943	0.287024	0.577935	-0.374223	0.926699	0.034433	-191.110611	-210.013565	693.557190	
-0.436124	-0.161624	0.885254	0.858743	0.219311	0.463103	-0.268994	0.962175	0.043147	-186.150299	-208.837723	708.539978	
-0.369112	-0.113127	0.922475	0.906172	0.176646	0.384251	-0.206420	0.977752	0.037310	-180.954330	-207.878723	722.433716	
-0.236368	-0.094266	0.967081	0.967198	0.072484	0.243462	-0.093048	0.992905	0.074041	-168.974716	-206.145248	736.144287	
-0.092237	-0.087133	0.991918	0.994599	0.039553	0.095960	-0.047594	0.995411	0.083014	-158.673737	-206.743607	769.870117	
-0.006129	-0.023979	0.999694	0.999926	0.010331	0.006379	-0.010480	0.999659	0.023914	-143.191101	-206.256226	795.384827	
0.134518	0.016622	0.990772	0.976210	-0.173812	-0.129625	0.170054	0.984639	-0.039608	-117.306000	-194.544998	781.635010	
0.134518	0.016622	0.990772	0.976210	-0.173812	-0.129625	0.170054	0.984639	-0.039608	-117.306000	-194.544998	781.635010	
0.134518	0.016622	0.990772	0.976210	-0.173812	-0.129625	0.170054	0.984639	-0.039608	-117.306000	-194.544998	781.635010	
0.460478	-0.041589	0.886697	0.804730	-0.402050	-0.436767	0.374660	0.914673	-0.151667	-74.663307	-162.013062	802.743408	
0.575385	-0.053417	0.816137	0.711174	-0.460148	-0.531503	0.403934	0.886234	-0.226773	-65.185829	-159.247314	838.911987	
0.676135	-0.102454	0.729620	0.588021	-0.521635	-0.618165	0.443928	0.846994	-0.292450	-45.814556	-148.385483	851.427612	
0.710460	-0.135687	0.690534	0.504882	-0.585285	-0.634457	0.490246	0.799394	-0.347315	-25.401676	-143.204086	868.571838	
0.766067	-0.223826	0.602531	0.389474	-0.584076	-0.712155	0.511322	0.780229	-0.360266	-6.383223	-129.629166	876.024048	
0.805731	-0.297196	0.512321	0.272034	-0.582665	-0.765832	0.526113	0.756423	-0.388624	3.252917	-115.307373	879.445923	
0.842066	-0.322135	0.432614	0.146811	-0.634895	-0.758521	0.519010	0.702237	-0.487330	12.964378	-108.578957	880.991333	
0.878535	-0.409112	0.246585	-0.039093	-0.576061	-0.816471	0.476075	0.707659	-0.522083	21.380983	-94.858315	885.930481	
0.866065	-0.477470	0.148169	-0.164423	-0.551933	-0.817518	0.472119	0.683661	-0.556516	29.072376	-81.140968	897.768982	
0.840324	-0.538860	0.059048	-0.264124	-0.502122	-0.823476	0.473387	0.676390	-0.564270	35.622696	-66.492767	909.724854	
0.793734	-0.608239	0.005647	-0.361096	-0.478649	-0.800316	0.489485	0.633199	-0.599552	41.800400	-52.240913	926.535767	
0.752916	-0.654472	-0.069165	-0.454050	-0.440500	-0.774466	0.476399	0.614512	-0.628823	51.799053	-46.069344	945.281006	
0.720831	-0.661582	-0.206670	-0.548404	-0.362047	-0.753774	0.423859	0.656682	-0.623789	59.877502	-32.265717	954.260010	
0.693435	-0.657330	-0.295069	-0.625836	-0.346556	-0.698733	0.357039	0.669191	-0.651695	62.419464	-17.915327	956.619568	
0.635408	-0.669102	-0.385432	-0.679203	-0.246841	-0.691197	0.367341	0.700979	-0.611301	63.784920	-4.503775	961.190430	
0.596075	-0.670171	-0.442227	-0.727139	-0.216968	-0.651303	0.340535	0.709785	-0.616636	65.907021	7.967864	971.708740	
0.544925	-0.687639	-0.479801	-0.763097	-0.169578	-0.623640	0.347475	0.705971	-0.617143	65.578415	19.776051	975.794800	
0.506095	-0.681007	-0.529242	-0.794236	-0.128765	-0.593810	0.336240	0.720867	-0.606047	62.879772	24.988832	981.788147	
0.454822	-0.700868	-0.549473	-0.828840	-0.107394	-0.549082	0.325824	0.705159	-0.629753	61.270939	36.629189	1002.160156	
0.377459	-0.656132	-0.653464	-0.872865	-0.016440	-0.487684	0.309242	0.754466	-0.578920	53.829659	48.022343	1011.882080	
0.324906	-0.583062	-0.744631	-0.897308	0.058697	-0.437485	0.298788	0.810304	-0.504114	47.906998	58.281147	1013.762878	
0.295298	-0.564304	-0.770948	-0.902897	0.098999	-0.418302	0.312372	0.819610	-0.480273	37.390495	66.653625	1023.935669	
0.239928	-0.587681	-0.772700	-0.889466	0.185826	-0.417516	0.388954	0.787463	-0.478137	23.990450	77.085823	1056.047729	
0.198910	-0.487589	-0.850113	-0.896082	0.260756	-0.359225	0.396826	0.833224	-0.385053	15.665912	84.332016	1049.045776	
0.141750	-0.454468	-0.879412	-0.886668	0.336714	-0.316929	0.440144	0.824671	-0.355233	0.248120	88.360001	1057.313843	
0.087613	-0.331037	-0.939542	-0.888724	0.400082	-0.223839	0.449993	0.854604	-0.259148	-16.864975	91.451271	1057.810669	
0.043956	-0.270998	-0.961576	-0.861210	0.477554	-0.173956	0.506346	0.835764	-0.212394	-35.642452	94.426353	1076.553711	
0.049322	-0.103219	-0.993435	-0.896390	0.434116	-0.089609	0.440515	0.894924	-0.071112	-44.762241	93.491333	1049.633301	
0.000458	-0.082648	-0.996579	-0.840802	0.539459	-0.045124	0.541343	0.837946	-0.069243	-55.745598	96.219116	1073.584473	
-0.038657	-0.050816	-0.997959	-0.885606	0.464315	0.010661	0.462826	0.884211	-0.062952	-64.557938	93.594986	1035.705322	
-0.011060	0.170556	-0.985286	-0.813595	0.571308	0.108028	0.581327	0.802819	0.132444	-86.084900	95.673401	1073.640015	
-0.011060	0.170556	-0.985286	-0.813595	0.571308	0.108028	0.581327	0.802819	0.132444	-86.084900	95.673401	1073.640015	
-0.011060	0.170556	-0.985286	-0.813595	0.571308	0.108028	0.581327	0.802819	0.132444	-86.084900	95.673401	1073.640015	
-0.011060	0.170556	-0.985286	-0.813595	0.571308	0.108028	0.581327	0.802819	0.132444	-86.084900	95.673401	1073.640015	
-0.011060	0.170556	-0.985286	-0.813595	0.571308	0.108028	0.581327	0.802819	0.132444	-86.084900	95.673401	1073.640015	
0.094494	0.553222	-0.827657	-0.668033	0.651642	0.359300	0.738108	0.518950	0.431146	-131.156158	74.630310	1052.183838	
0.130570	0.598418	-0.790472	-0.647795	0.655067	0.388908	0.750541	0.461285	0.473184	-139.240067	67.359070	1056.293213	
0.161897	0.621020	-0.766891	-0.610459	0.673624	0.416620	0.775325	0.400706	0.488165	-146.006897	63.740639	1049.297119	
0.214040	0.663173	-0.717208	-0.620700	0.659277	0.424367	0.754267	0.354339	0.552743	-151.897110	53.978886	1048.056641	
0.224490	0.679180	-0.698797	-0.580924	0.669021	0.463616	0.782388	0.301870	0.544740	-161.399292	43.334908	1040.632935	
0.158606	0.698048	-0.698263	-0.677140	0.591596	0.437605	0.718558	0.403415	0.566506	-170.076004	33.708843	1047.974854	
0.309596	0.799312	-0.515023	-0.605720	0.583305	0.541166	0.732976	0.144417	0.664748	-176.025986	26.190105	1045.795288	
0.359738	0.846653	-0.392131	-0.587114	0.532036	0.610110	0.725180	0.010746	0.688475	-181.082993	20.781200	1048.540039	
0.359738	0.846653	-0.392131	-0.587114	0.532036	0.610110	0.725180	0.010746	0.688475	-181.082993	20.781200	1048.540039	
0.359738	0.846653	-0.392131	-0.587114	0.532036	0.610110	0.725180	0.010746	0.688475	-181.082993	20.781200	1048.540039	
0.359738	0.846653	-0.392131	-0.587114	0.532036	0.610110	0.725180	0.010746	0.688475	-181.082993	20.781200	1048.540039	
0.359738	0.846653	-0.392131	-0.587114	0.532036	0.610110	0.725180	0.010746	0.688475	-181.082993	20.781200	1048.540039	
0.523777	0.843413	0.119636	-0.651542	0.306166	0.694086	0.548772	-0.441493	0.709882	-169.925064	-20.394688	984.669739	
0.519977	0.821791	0.232989	-0.667623	0.220854	0.710987	0.532826	-0.525245	0.663486	-162.526306	-35.289627	981.090210	
0.529430	0.791793	0.304577	-0.696167	0.200313	0.689366	0.484824	-0.577007	0.657273	-153.387161	-42.952911	975.551636	
0.538761	0.760576	0.362299	-0.711157	0.180033	0.679591	0.451655	-0.623788	0.637885	-141.196198	-49.498627	960.679016	
0.514447	0.760049	0.397078	-0.737527	0.155925	0.657070	0.437490	-0.630882	0.640773	-134.407547	-63.590912	958.250427	
