0.998512	-0.041381	0.035517	0.042646	0.998455	-0.035619	-0.033988	0.037081	0.998734	19.171906	4.191392	547.852234	
0.982373	-0.122083	0.141563	0.127985	0.991216	-0.033333	-0.136250	0.050864	0.989368	28.164501	7.900314	548.109375	
0.968976	-0.161717	0.186903	0.171034	0.984652	-0.034737	-0.178417	0.065626	0.981764	36.827175	15.908370	548.810547	
0.915662	-0.195036	0.351461	0.220847	0.974698	-0.034484	-0.335843	0.109194	0.935567	44.929390	18.672787	548.224854	
0.836772	-0.257966	0.482977	0.312083	0.949461	-0.033568	-0.449909	0.178818	0.874989	52.733398	24.662323	550.294067	
0.799977	-0.325306	0.504195	0.398985	0.915992	-0.042048	-0.448161	0.234804	0.862565	70.291679	26.413631	552.856445	
0.693214	-0.357072	0.626062	0.479317	0.877112	-0.030471	-0.538247	0.321205	0.779178	76.889961	29.807600	554.761597	
0.595060	-0.342848	0.726883	0.527169	0.849193	-0.031026	-0.606627	0.401652	0.686060	83.696915	30.778219	559.611389	
0.537510	-0.344803	0.769541	0.570644	0.820616	-0.030897	-0.620845	0.455741	0.637850	89.173996	31.600628	561.549561	
0.442471	-0.314138	0.839962	0.618633	0.785016	-0.032292	-0.649240	0.533916	0.541683	99.217163	31.327581	568.177795	
0.371377	-0.320790	0.871305	0.693967	0.719341	-0.030949	-0.616838	0.616150	0.489765	103.122932	29.917980	576.734619	
0.267275	-0.277662	0.922750	0.768856	0.638693	-0.030512	-0.580883	0.717617	0.384189	106.139214	27.226263	580.289368	
0.206220	-0.258796	0.943662	0.835216	0.548993	-0.031961	-0.509793	0.794752	0.329364	108.592171	25.609827	590.700623	
0.126387	-0.175232	0.976381	0.866569	0.498541	-0.022699	-0.482789	0.848970	0.214860	109.688469	20.714993	600.802368	
0.081933	-0.130849	0.988011	0.915814	0.400952	-0.022845	-0.393157	0.906706	0.152685	110.438324	14.737955	604.888855	
0.049664	-0.081754	0.995414	0.942055	0.334892	-0.019497	-0.331763	0.938702	0.093649	108.676865	7.960580	608.811951	
0.022062	-0.029468	0.999322	0.960449	0.278152	-0.013002	-0.277581	0.960084	0.034439	104.509117	4.285236	616.115784	
-0.001317	0.025003	0.999686	0.985307	0.170768	-0.002973	-0.170789	0.984993	-0.024860	102.136337	-4.019189	626.680847	
-0.014901	0.086148	0.996171	0.997950	0.063304	0.009453	-0.062247	0.994269	-0.086914	97.968811	-13.509542	629.262817	
-0.025222	0.107481	0.993887	0.999068	-0.032130	0.028828	0.035032	0.993687	-0.106571	85.848099	-23.871408	635.484070	
-0.082687	0.077833	0.993531	0.984519	0.160986	0.069325	-0.154549	0.983882	-0.089939	68.780960	-14.293917	613.727844	
-0.098409	0.051986	0.993787	0.980133	0.177873	0.087752	-0.172206	0.982679	-0.068457	55.050629	-17.255829	621.262512	
-0.094337	0.029863	0.995092	0.983841	0.155587	0.088600	-0.152178	0.987370	-0.044058	44.463776	-27.595016	640.792725	
0.063172	0.490709	0.869031	0.929206	-0.346622	0.128178	0.364123	0.799411	-0.477866	59.836300	-57.088799	687.330017	
0.063172	0.490709	0.869031	0.929206	-0.346622	0.128178	0.364123	0.799411	-0.477866	59.836300	-57.088799	687.330017	
0.063172	0.490709	0.869031	0.929206	-0.346622	0.128178	0.364123	0.799411	-0.477866	59.836300	-57.088799	687.330017	
0.244663	0.699619	0.671322	0.817352	-0.521278	0.245366	0.521609	0.488674	-0.699373	14.780891	-97.152565	724.098267	
0.305787	0.738312	0.601157	0.791649	-0.547944	0.270274	0.528947	0.393259	-0.752039	5.245933	-103.609177	738.132507	
0.359114	0.747349	0.559023	0.754364	-0.585110	0.297624	0.549520	0.314826	-0.773895	-4.104091	-111.248306	747.523499	
0.482363	0.758781	0.437695	0.701410	-0.633886	0.325901	0.524737	0.149802	-0.837980	-14.297106	-126.293793	759.962158	
0.552944	0.781830	0.288089	0.665193	-0.622427	0.412434	0.501768	-0.036418	-0.864235	-24.154669	-141.543350	766.361023	
0.646075	0.738598	0.192514	0.601423	-0.647918	0.467430	0.469977	-0.186212	-0.862814	-32.853001	-148.330521	784.269104	
0.684400	0.710687	0.162852	0.566420	-0.658897	0.494998	0.459092	-0.246534	-0.853497	-42.034180	-164.199646	805.962280	
0.767227	0.633135	0.102483	0.506187	-0.695858	0.509467	0.393875	-0.339001	-0.854366	-52.613396	-181.364105	831.318481	
0.802617	0.594620	-0.047263	0.500781	-0.628661	0.594982	0.324075	-0.501211	-0.802348	-58.525158	-184.106659	832.081787	
0.831450	0.546648	-0.099337	0.475213	-0.607059	0.636907	0.287861	-0.576762	-0.764514	-71.657730	-195.209030	838.505188	
0.848210	0.491313	-0.197870	0.481770	-0.560427	0.673660	0.220087	-0.666733	-0.712060	-84.501381	-205.837769	840.248474	
0.862526	0.444269	-0.242229	0.470773	-0.529020	0.706052	0.185533	-0.723024	-0.665443	-95.295685	-215.953156	845.512939	
0.872833	0.390377	-0.292864	0.470603	-0.514389	0.716893	0.129213	-0.763551	-0.632689	-104.488083	-220.747986	860.634216	
0.881375	0.285982	-0.376023	0.471971	-0.498425	0.727197	0.020546	-0.818405	-0.574274	-110.856339	-224.424515	873.811035	
0.890598	0.181172	-0.417149	0.448766	-0.498898	0.741423	-0.073790	-0.847512	-0.525622	-113.768524	-233.092804	891.536438	
0.852235	0.119202	-0.509398	0.499537	-0.474695	0.724656	-0.155429	-0.872041	-0.464098	-115.424881	-237.578049	898.358643	
0.832504	0.065920	-0.550084	0.517496	-0.447062	0.729611	-0.197826	-0.892071	-0.406295	-116.178047	-239.773895	907.435791	
0.782808	0.018582	-0.621987	0.569411	-0.424522	0.703955	-0.250966	-0.905227	-0.342900	-115.609032	-245.570175	924.757202	
0.723711	-0.025070	-0.689648	0.625316	-0.398919	0.670703	-0.291929	-0.916643	-0.273026	-113.565422	-248.211975	925.464294	
0.689726	-0.063104	-0.721316	0.651880	-0.379496	0.656532	-0.315166	-0.923039	-0.220613	-110.436943	-249.655045	934.295593	
0.622082	-0.093210	-0.777384	0.693728	-0.394689	0.602463	-0.362981	-0.914075	-0.180867	-106.489296	-250.412674	939.461121	
0.573700	-0.156439	-0.803988	0.694996	-0.426439	0.578903	-0.433415	-0.890886	-0.135923	-96.823326	-250.079666	954.319702	
0.514594	-0.211052	-0.831054	0.681608	-0.487333	0.545817	-0.520196	-0.847328	-0.106924	-91.727425	-249.452606	958.830688	
0.465660	-0.230887	-0.854314	0.701602	-0.492050	0.515403	-0.539365	-0.839392	-0.067137	-78.976997	-246.060104	962.573120	
0.405881	-0.262696	-0.875358	0.695437	-0.532673	0.482312	-0.592982	-0.804519	-0.033513	-72.708534	-243.627853	970.590942	
0.350619	-0.282677	-0.892838	0.689983	-0.566653	0.450362	-0.633237	-0.773950	-0.003637	-57.998276	-239.345596	984.019348	
0.280257	-0.250766	-0.926592	0.710703	-0.594649	0.375890	-0.645258	-0.763879	0.011566	-49.099106	-233.038757	991.025757	
0.220156	-0.209184	-0.952772	0.745697	-0.593590	0.302631	-0.628862	-0.777106	0.025306	-40.033806	-226.060440	997.973877	
0.178820	-0.192463	-0.964874	0.742749	-0.616743	0.260674	-0.645250	-0.763274	0.032666	-30.588709	-217.717926	1002.636902	
0.110956	-0.151924	-0.982145	0.725162	-0.663390	0.184540	-0.679581	-0.732690	0.036563	-20.636375	-207.958664	1002.233704	
0.088935	-0.128584	-0.987703	0.734008	-0.661854	0.152254	-0.673293	-0.738523	0.035521	-10.474212	-195.458710	1000.289246	
0.045691	-0.066033	-0.996771	0.744090	-0.663503	0.078063	-0.666515	-0.745255	0.018819	8.070846	-184.446808	1006.199280	
0.017561	-0.005567	-0.999830	0.686055	-0.727371	0.016099	-0.727337	-0.686223	-0.008954	17.510244	-170.503540	1001.637695	
0.002969	0.058905	-0.998259	0.649176	-0.759428	-0.042882	-0.760632	-0.647920	-0.040494	27.386114	-157.456451	1000.976074	
-0.005747	0.131559	-0.991292	0.640709	-0.760617	-0.104660	-0.767762	-0.635732	-0.079920	44.889168	-145.513245	1005.856018	
0.016528	0.201285	-0.979393	0.607744	-0.779835	-0.150016	-0.793961	-0.592742	-0.135218	53.751133	-132.704987	1016.640381	
0.018629	0.284998	-0.958347	0.591193	-0.776138	-0.219320	-0.806315	-0.562484	-0.182947	70.034363	-120.584862	1024.103882	
0.053260	0.312564	-0.948403	0.562277	-0.794266	-0.230190	-0.825233	-0.521006	-0.218049	76.682899	-113.659981	1020.435059	
0.084160	0.325601	-0.941755	0.534025	-0.812659	-0.233245	-0.841270	-0.483292	-0.242272	89.911171	-105.559555	1016.403442	
0.122008	0.377632	-0.917883	0.569265	-0.784187	-0.246959	-0.813051	-0.492389	-0.310649	101.520119	-97.855232	1016.625488	
0.187623	0.393094	-0.900153	0.503354	-0.825428	-0.255546	-0.843465	-0.405151	-0.352734	112.230698	-82.861526	1017.764954	
0.252635	0.394134	-0.883649	0.453036	-0.855163	-0.251905	-0.854947	-0.336686	-0.394600	116.444839	-67.592773	1014.714478	
0.337038	0.405500	-0.849692	0.423658	-0.871282	-0.247756	-0.840786	-0.276477	-0.465447	119.978668	-53.256378	1014.363953	
0.423875	0.390332	-0.817296	0.395818	-0.891471	-0.220473	-0.814653	-0.230048	-0.532371	124.501152	-45.416767	1013.167114	
0.494487	0.348537	-0.796245	0.356958	-0.916696	-0.179582	-0.792505	-0.195426	-0.577706	125.541718	-30.415855	1006.246521	
0.536907	0.322842	-0.779426	0.339799	-0.928384	-0.150470	-0.772184	-0.184060	-0.608156	125.411697	-15.672561	1001.594727	
0.610791	0.255674	-0.749378	0.272079	-0.956573	-0.104603	-0.743579	-0.140000	-0.653828	122.471481	-1.106051	995.025879	
0.640755	0.237145	-0.730204	0.239885	-0.965322	-0.103003	-0.729307	-0.109166	-0.675421	118.074402	4.198540	987.143738	
0.675185	0.171137	-0.717523	0.152160	-0.984108	-0.091537	-0.721784	-0.047374	-0.690494	113.837234	9.723567	979.144104	
0.727021	0.110910	-0.677599	0.144081	-0.989539	-0.007377	-0.671328	-0.092267	-0.735395	106.960258	22.971405	968.924255	
0.806311	0.059679	-0.588475	0.121941	-0.990298	0.066652	-0.578787	-0.125502	-0.805764	97.820343	28.746733	959.081787	
0.852263	-0.036271	-0.521856	0.050097	-0.987349	0.150443	-0.520710	-0.154361	-0.839663	91.837082	34.295403	955.641418	
0.854612	-0.069731	-0.514564	-0.012227	-0.993371	0.114310	-0.519123	-0.091400	-0.849798	77.144577	41.020638	956.948364	
0.836362	-0.111629	-0.536692	-0.030196	-0.986942	0.158224	-0.547346	-0.116128	-0.828810	67.928810	46.773491	957.169800	
0.837940	-0.168690	-0.519037	-0.044624	-0.969025	0.242899	-0.543935	-0.180374	-0.819512	50.775757	48.836456	946.596985	
0.836082	-0.226653	-0.499595	-0.057564	-0.941883	0.330974	-0.545576	-0.247963	-0.800538	32.195869	52.544380	929.441833	
0.810801	-0.342877	-0.474381	-0.171760	-0.914157	0.367174	-0.559554	-0.216226	-0.800091	13.562599	54.784042	919.211548	
0.767523	-0.460931	-0.445478	-0.247435	-0.854123	0.457441	-0.591342	-0.240870	-0.769608	4.242144	55.105747	902.968384	
0.718547	-0.567690	-0.401769	-0.336820	-0.789472	0.513116	-0.608476	-0.233375	-0.758481	-14.440729	55.346058	890.200989	
0.647766	-0.661705	-0.377551	-0.380076	-0.710191	0.592598	-0.660258	-0.240367	-0.711535	-34.211544	54.734116	886.783630	
0.562795	-0.747116	-0.353665	-0.402525	-0.621411	0.672178	-0.721966	-0.235940	-0.650459	-53.700237	53.431206	881.215454	
0.469369	-0.826690	-0.310282	-0.413711	-0.516328	0.749833	-0.780087	-0.223582	-0.584359	-72.274689	49.748528	874.812256	
0.414500	-0.867062	-0.276390	-0.416431	-0.450760	0.789557	-0.809181	-0.212175	-0.547912	-80.854309	44.437637	866.360413	
0.359981	-0.900687	-0.243258	-0.360676	-0.374819	0.854063	-0.860422	-0.219711	-0.459784	-89.545563	38.851654	849.255371	
0.239265	-0.947728	-0.211097	-0.364192	-0.289138	0.885304	-0.900064	-0.134943	-0.414336	-105.836327	35.098026	832.577148	
0.109138	-0.974232	-0.197384	-0.300379	-0.221611	0.927718	-0.947555	-0.041961	-0.316825	-121.856285	31.125362	818.821167	
-0.024160	-0.982884	-0.182631	-0.224382	-0.172693	0.959077	-0.974201	0.064150	-0.216369	-135.849487	25.984867	807.220581	
-0.107919	-0.979221	-0.171694	-0.153729	-0.154189	0.976009	-0.982202	0.131723	-0.133894	-147.623398	20.421822	786.155823	
-0.240018	-0.959445	-0.147840	-0.057298	-0.138026	0.988770	-0.969075	0.245792	-0.021845	-153.178406	14.417830	774.495422	
-0.281244	-0.951392	-0.125517	0.085304	-0.155065	0.984214	-0.955837	0.266096	0.124769	-161.969070	8.157251	772.672607	
-0.343189	-0.932704	-0.110838	0.139640	-0.167359	0.975957	-0.928828	0.319459	0.187678	-167.375458	1.117754	766.271729	
-0.468324	-0.878062	-0.098388	0.218005	-0.222745	0.950189	-0.856239	0.423545	0.295739	-171.196823	-13.080934	747.339172	
-0.529797	-0.844057	-0.082961	0.306477	-0.281736	0.909228	-0.790814	0.456279	0.407947	-173.991623	-26.837715	738.749451	
-0.641510	-0.764775	-0.059860	0.317711	-0.335906	0.886694	-0.698228	0.549804	0.458465	-172.793289	-34.720634	729.489746	
-0.693516	-0.718644	-0.050853	0.334555	-0.383763	0.860696	-0.638050	0.579893	0.506572	-170.492004	-41.812527	721.972839	
-0.784537	-0.619321	-0.030718	0.354330	-0.488407	0.797439	-0.508873	0.614735	0.602617	-169.925262	-49.207714	717.828369	
-0.860197	-0.509376	-0.024437	0.314769	-0.568041	0.760427	-0.401224	0.646424	0.648964	-164.161423	-64.876091	704.749573	
-0.920254	-0.390904	-0.018095	0.256718	-0.637966	0.726013	-0.295345	0.663470	0.687443	-160.628845	-72.756477	687.718689	
-0.966665	-0.256030	0.002523	0.199666	-0.747620	0.633402	-0.160283	0.612790	0.773819	-157.169769	-89.369881	686.442993	
-0.981819	-0.189676	0.007378	0.163546	-0.825564	0.540089	-0.096350	0.531475	0.841576	-144.448029	-97.279617	674.831909	
-0.991846	-0.126609	0.014527	0.120415	-0.893755	0.432090	-0.041722	0.430315	0.901714	-132.097626	-113.087921	674.177917	
-0.999840	0.009055	0.015425	-0.003634	-0.947229	0.320536	0.017514	0.320427	0.947111	-117.581017	-119.980125	663.896423	
-0.989840	0.142171	0.001661	-0.139088	-0.970658	0.196158	0.029500	0.193933	0.980571	-108.672325	-127.011246	657.788208	
-0.975823	0.215866	0.034198	-0.207901	-0.965069	0.159437	0.067421	0.148472	0.986616	-90.189598	-132.900970	641.977112	
-0.957606	0.284290	0.046565	-0.278599	-0.955040	0.101394	0.073297	0.084122	0.993756	-81.159225	-139.163376	629.147095	
-0.909698	0.412742	0.045732	-0.410108	-0.910237	0.057276	0.065267	0.033348	0.997311	-71.933929	-145.195557	621.330627	
-0.877322	0.474848	0.069452	-0.477404	-0.878314	-0.025505	0.048890	-0.055534	0.997259	-62.321518	-156.007111	608.387146	
-0.844237	0.532392	0.061805	-0.535608	-0.842274	-0.060819	0.019677	-0.084451	0.996234	-52.745361	-161.534012	603.819519	
-0.762892	0.646019	0.025566	-0.646252	-0.760825	-0.059189	-0.018786	-0.061678	0.997920	-33.104828	-171.679626	600.621643	
-0.674698	0.737458	-0.030602	-0.736500	-0.675386	-0.037703	-0.048473	-0.002901	0.998821	-23.920675	-176.904465	603.134888	
-0.575344	0.813982	-0.080071	-0.816017	-0.564599	0.123872	0.055622	0.136607	0.989063	-7.139651	-183.993515	597.069519	
-0.439415	0.898104	-0.017942	-0.868934	-0.419912	0.261972	0.227744	0.130704	0.964909	10.481535	-191.317093	597.285095	
-0.302505	0.953039	-0.014396	-0.889000	-0.276668	0.364876	0.343758	0.123175	0.930945	18.740849	-194.312332	583.429321	
-0.178791	0.981489	-0.068642	-0.890146	-0.131644	0.436246	0.419134	0.139098	0.897206	26.004210	-197.996811	584.945190	
-0.015746	0.998165	-0.058477	-0.857821	0.016560	0.513681	0.513705	0.058251	0.855987	42.424778	-199.122955	582.403748	
0.117042	0.990358	-0.074107	-0.822210	0.138480	0.552080	0.557019	-0.003685	0.830492	49.593609	-199.408310	576.853027	
0.175971	0.980683	-0.085414	-0.819654	0.194020	0.539001	0.545161	-0.024839	0.837964	58.303791	-199.324203	568.961060	
0.177469	0.972476	-0.150981	-0.794473	0.232110	0.561192	0.580789	0.020357	0.813799	59.030647	-198.120880	558.802734	
0.161674	0.971988	-0.170590	-0.732961	0.234018	0.638751	0.660778	0.021767	0.750265	54.488281	-190.097626	535.778381	
0.368220	0.928918	-0.039043	-0.162684	0.023028	-0.986409	-0.915395	0.369568	0.159599	79.005501	-187.468002	562.640015	
0.368220	0.928918	-0.039043	-0.162684	0.023028	-0.986409	-0.915395	0.369568	0.159599	79.005501	-187.468002	562.640015	
0.368220	0.928918	-0.039043	-0.162684	0.023028	-0.986409	-0.915395	0.369568	0.159599	79.005501	-187.468002	562.640015	
0.368220	0.928918	-0.039043	-0.162684	0.023028	-0.986409	-0.915395	0.369568	0.159599	79.005501	-187.468002	562.640015	
0.368220	0.928918	-0.039043	-0.162684	0.023028	-0.986409	-0.915395	0.369568	0.159599	79.005501	-187.468002	562.640015	
0.368220	0.928918	-0.039043	-0.162684	0.023028	-0.986409	-0.915395	0.369568	0.159599	79.005501	-187.468002	562.640015	
0.368220	0.928918	-0.039043	-0.162684	0.023028	-0.986409	-0.915395	0.369568	0.159599	79.005501	-187.468002	562.640015	
0.368220	0.928918	-0.039043	-0.162684	0.023028	-0.986409	-0.915395	0.369568	0.159599	79.005501	-187.468002	562.640015	
0.868003	0.468334	-0.165027	0.199669	-0.633480	-0.747553	-0.454646	0.615928	-0.643375	55.709591	-137.955170	571.590698	
0.921864	0.343174	-0.179995	0.147886	-0.740890	-0.655143	-0.358185	0.577334	-0.733750	42.896088	-131.517639	576.558167	
0.940420	0.278453	-0.195123	0.109714	-0.791684	-0.600999	-0.321826	0.543784	-0.775066	28.337053	-125.027275	582.007019	
0.956569	0.208508	-0.203714	0.085123	-0.868178	-0.488897	-0.278800	0.450323	-0.848222	20.171284	-118.146782	591.174927	
0.969853	0.071698	-0.232902	-0.035523	-0.903934	-0.426194	-0.241086	0.421619	-0.874137	2.681878	-111.077751	599.782532	
0.962900	0.005069	-0.269810	-0.096385	-0.927415	-0.361402	-0.252058	0.374000	-0.892520	-15.342662	-96.956345	606.856750	
0.950114	-0.124491	-0.285980	-0.198074	-0.949098	-0.244908	-0.240935	0.289337	-0.926410	-34.715157	-89.452988	614.194824	
0.912353	-0.250840	-0.323559	-0.302965	-0.945226	-0.121493	-0.275361	0.208872	-0.938376	-44.239132	-74.655121	622.515625	
0.856978	-0.370977	-0.357719	-0.393345	-0.919324	0.011069	-0.332967	0.131222	-0.933763	-54.157204	-67.115677	631.535400	
0.820171	-0.428627	-0.378942	-0.408215	-0.902502	0.137304	-0.400849	0.042077	-0.915178	-73.910637	-52.928677	645.762573	
0.745685	-0.532752	-0.400160	-0.496933	-0.844750	0.198635	-0.443858	0.050734	-0.894660	-93.689232	-45.551857	651.913696	
0.676437	-0.627549	-0.385504	-0.580574	-0.776417	0.245176	-0.453172	0.057968	-0.889536	-111.525436	-39.870945	668.610718	
0.644359	-0.664906	-0.377756	-0.556207	-0.746502	0.365198	-0.524818	-0.025208	-0.850841	-128.071152	-34.491486	682.553040	
0.593918	-0.695742	-0.403983	-0.524077	-0.715559	0.461864	-0.610412	-0.062591	-0.789607	-135.150284	-22.527458	685.438477	
0.479627	-0.733284	-0.481925	-0.552253	-0.679063	0.483622	-0.681889	0.034186	-0.730656	-145.023315	-9.541833	693.631287	
0.319728	-0.743589	-0.587238	-0.549244	-0.650470	0.524614	-0.772078	0.154804	-0.616386	-156.949677	-2.032083	705.468201	
0.207211	-0.762093	-0.613414	-0.518432	-0.617281	0.591770	-0.829633	0.195392	-0.523002	-170.825729	3.049926	710.811584	
0.145776	-0.740437	-0.656126	-0.432860	-0.644097	0.630690	-0.889596	0.192071	-0.414400	-182.292923	8.726217	722.325439	
0.044548	-0.719071	-0.693507	-0.449156	-0.634493	0.629028	-0.892341	0.283471	-0.351241	-186.476868	17.811752	725.892090	
-0.064783	-0.682004	-0.728473	-0.407956	-0.648117	0.643052	-0.910700	0.338844	-0.236241	-191.144623	22.023417	729.352478	
-0.103935	-0.636815	-0.763979	-0.398544	-0.677105	0.618620	-0.911240	0.368775	-0.183425	-193.682007	28.945280	746.080322	
-0.155853	-0.614087	-0.773697	-0.449141	-0.653559	0.609207	-0.879762	0.442446	-0.173953	-197.449066	32.589046	757.474426	
-0.195752	-0.589795	-0.783468	-0.389102	-0.686632	0.614114	-0.900155	0.425063	-0.095081	-198.843979	33.902748	777.205261	
-0.216552	-0.570055	-0.792554	-0.403003	-0.687225	0.604408	-0.889209	0.450287	-0.080915	-196.664978	33.965408	791.251892	
-0.230345	-0.549636	-0.803020	-0.424867	-0.685598	0.591137	-0.875458	0.477343	-0.075599	-194.022736	33.961887	816.380981	
-0.266094	-0.519801	-0.811788	-0.418912	-0.696112	0.583045	-0.868162	0.495213	-0.032520	-192.620087	34.314823	837.711426	
-0.315257	-0.453753	-0.833499	-0.359063	-0.755963	0.547352	-0.878457	0.471835	0.075395	-191.108963	36.607677	862.653564	
-0.413726	-0.413629	-0.811013	-0.289831	-0.784640	0.548031	-0.863034	0.461791	0.204743	-177.845154	39.857689	843.120544	
-0.496634	-0.377575	-0.781531	-0.194019	-0.829346	0.523967	-0.845996	0.411852	0.338624	-166.769211	39.893890	849.323059	
-0.532133	-0.307928	-0.788679	-0.095842	-0.903622	0.417471	-0.841218	0.297739	0.451334	-166.043884	38.612164	878.829163	
-0.531020	-0.205173	-0.822145	-0.124334	-0.940876	0.315110	-0.838187	0.269549	0.474113	-152.547028	37.831989	895.111023	
-0.297730	-0.137094	-0.944755	-0.318790	-0.918549	0.233755	-0.899849	0.370774	0.229774	-137.593994	31.291994	895.876892	
-0.250602	-0.083848	-0.964452	-0.270495	-0.950499	0.152920	-0.929532	0.299202	0.215516	-120.917381	24.780060	905.656616	
-0.198769	-0.063563	-0.977983	-0.218591	-0.969881	0.107464	-0.955358	0.235138	0.178887	-101.413033	17.470135	915.174744	
-0.171206	-0.041212	-0.984372	-0.225739	-0.970905	0.079909	-0.959025	0.235892	0.156921	-82.249687	14.152151	920.082886	
-0.104102	-0.014121	-0.994466	-0.232070	-0.971953	0.038095	-0.967112	0.234751	0.097904	-62.044647	4.501587	936.671265	
-0.036243	-0.005394	-0.999328	-0.250229	-0.968081	0.014301	-0.967508	0.250579	0.033735	-41.507534	-0.372826	935.490540	
0.090646	-0.006578	-0.995861	-0.228498	-0.973439	-0.014369	-0.969315	0.228855	-0.089743	-29.817204	-4.445021	938.485779	
0.110602	-0.022235	-0.993615	-0.186775	-0.982402	0.001194	-0.976156	0.185450	-0.112810	-18.727512	-12.528739	934.480652	
0.156821	-0.052366	-0.986237	-0.220159	-0.975320	0.016779	-0.962776	0.214497	-0.164480	0.066940	-15.963133	938.680786	
0.214264	-0.101103	-0.971529	-0.347537	-0.937433	0.020908	-0.912858	0.333162	-0.235995	18.241800	-28.917000	982.312988	
0.214264	-0.101103	-0.971529	-0.347537	-0.937433	0.020908	-0.912858	0.333162	-0.235995	18.241800	-28.917000	982.312988	
0.214264	-0.101103	-0.971529	-0.347537	-0.937433	0.020908	-0.912858	0.333162	-0.235995	18.241800	-28.917000	982.312988	
0.214264	-0.101103	-0.971529	-0.347537	-0.937433	0.020908	-0.912858	0.333162	-0.235995	18.241800	-28.917000	982.312988	
0.346276	-0.328205	-0.878849	-0.253282	-0.934724	0.249275	-0.903294	0.136278	-0.406801	66.179741	-69.022858	1011.146240	
0.326189	-0.401683	-0.855718	-0.317001	-0.899293	0.301300	-0.890568	0.172983	-0.420673	79.350403	-84.143661	1014.068481	
0.300438	-0.497593	-0.813720	-0.394858	-0.841479	0.368780	-0.868230	0.210508	-0.449291	89.333702	-92.040253	1020.621460	
0.244222	-0.561410	-0.790680	-0.393624	-0.802567	0.448270	-0.886237	0.201753	-0.416989	94.068871	-106.159592	1019.098389	
0.163981	-0.610345	-0.774977	-0.446909	-0.746328	0.493219	-0.879421	0.265465	-0.395153	96.386864	-113.605225	1019.053467	
0.139007	-0.687107	-0.713135	-0.444973	-0.686671	0.574874	-0.884689	0.237414	-0.401196	99.880180	-121.132111	1024.865479	
0.095118	-0.721146	-0.686222	-0.440245	-0.648744	0.620738	-0.892825	0.243062	-0.379188	101.717079	-135.443878	1031.612671	
-0.003895	-0.758371	-0.651812	-0.458831	-0.577797	0.674999	-0.888515	0.301701	-0.345714	101.872375	-148.707062	1032.805176	
-0.105610	-0.778144	-0.619143	-0.471866	-0.508846	0.720012	-0.875322	0.368193	-0.313441	101.392784	-155.419464	1034.965820	
-0.164495	-0.797100	-0.581010	-0.378121	-0.493076	0.783517	-0.911024	0.348577	-0.220292	99.486687	-167.471115	1035.020020	
-0.228948	-0.807344	-0.543856	-0.338158	-0.457938	0.822157	-0.912815	0.372140	-0.168166	92.439842	-179.389999	1037.152588	
-0.348408	-0.811295	-0.469480	-0.308976	-0.373466	0.874675	-0.884955	0.449802	-0.120552	87.776505	-185.667007	1039.120117	
-0.409268	-0.809566	-0.420835	-0.195330	-0.372799	0.907120	-0.891260	0.453457	-0.005557	76.947044	-190.749527	1038.953857	
-0.500739	-0.772329	-0.390854	-0.115617	-0.387819	0.914456	-0.857842	0.503093	0.104902	63.911148	-197.208176	1043.905640	
-0.633951	-0.704510	-0.319017	-0.033473	-0.387118	0.921422	-0.772648	0.594815	0.221832	56.022179	-201.774475	1044.685547	
-0.747369	-0.619626	-0.239795	0.015828	-0.377416	0.925909	-0.664220	0.688200	0.291877	46.991699	-204.190414	1024.912964	
-0.820609	-0.562061	-0.103378	0.141385	-0.374935	0.916206	-0.553725	0.737231	0.387143	41.541035	-205.718918	1017.575989	
-0.893992	-0.447974	0.009815	0.233687	-0.447439	0.863243	-0.382319	0.774026	0.504694	32.163372	-209.144104	1006.285767	
-0.941751	-0.328279	0.073055	0.254897	-0.555023	0.791819	-0.219391	0.764317	0.606372	12.590366	-210.974991	993.360413	
-0.959157	-0.251096	0.130261	0.262131	-0.615893	0.742942	-0.106323	0.746744	0.656559	2.360927	-212.076935	991.275696	
-0.965193	-0.201021	0.167312	0.259947	-0.666856	0.698377	-0.028816	0.717561	0.695900	-16.883053	-213.044281	988.290344	
-0.966408	-0.131333	0.220921	0.246752	-0.714561	0.654612	0.071889	0.687134	0.722965	-27.362059	-210.706558	978.888855	
-0.950471	-0.095787	0.295684	0.263967	-0.751014	0.605226	0.164090	0.653301	0.739103	-48.182343	-209.380051	974.126282	
-0.944288	-0.038625	0.326845	0.205806	-0.844272	0.494821	0.256833	0.534521	0.805186	-60.647247	-209.345322	975.235474	
-0.851082	0.148811	0.503502	0.067561	-0.919978	0.386102	0.520667	0.362621	0.772924	-69.062820	-208.333023	975.504272	
-0.792795	0.256654	0.552816	-0.109320	-0.952185	0.285292	0.599604	0.165744	0.782946	-77.749138	-206.054535	961.562744	
-0.722107	0.344875	0.599686	-0.296129	-0.937533	0.182586	0.625195	-0.045738	0.779128	-94.569611	-200.428299	959.752136	
-0.671164	0.364414	0.645555	-0.394487	-0.912862	0.105172	0.627629	-0.184076	0.756438	-103.171448	-196.809814	944.505371	
-0.613973	0.402998	0.678697	-0.528835	-0.848346	0.025330	0.585978	-0.343367	0.733982	-112.969429	-193.366653	948.532654	
-0.453263	0.415505	0.788612	-0.682984	-0.730392	-0.007722	0.572787	-0.542109	0.614844	-123.654228	-182.572449	934.450928	
-0.372904	0.447978	0.812564	-0.784257	-0.620174	-0.018003	0.495866	-0.643972	0.582595	-129.630539	-172.531784	930.250854	
-0.296575	0.451955	0.841297	-0.861709	-0.506409	-0.031721	0.411704	-0.734360	0.539643	-136.687119	-163.184753	939.868652	
-0.255138	0.453850	0.853771	-0.951002	-0.277272	-0.136801	0.174640	-0.846840	0.502356	-145.687180	-152.878296	931.750610	
-0.192688	0.386228	0.902053	-0.981228	-0.083228	-0.173965	0.007887	-0.918640	0.395015	-150.263000	-140.178894	937.270874	
-0.118551	0.289903	0.949686	-0.976002	0.141922	-0.165160	-0.182662	-0.946474	0.266121	-148.498505	-124.858330	903.818237	
-0.021933	0.194666	0.980625	-0.935611	0.341694	-0.088756	-0.352351	-0.919429	0.174637	-149.063507	-112.193733	883.676208	
-0.025451	0.122869	0.992097	-0.869977	0.486138	-0.082525	-0.492435	-0.865201	0.094520	-147.838837	-105.766556	885.471069	
-0.010583	0.063479	0.997928	-0.809594	0.585200	-0.045811	-0.586894	-0.808400	0.045199	-142.456070	-97.474648	869.815125	
-0.000668	-0.058089	0.998312	-0.690436	0.722199	0.041561	-0.723393	-0.689241	-0.040590	-135.291199	-81.499779	847.732300	
-0.013179	-0.117265	0.993014	-0.512929	0.853274	0.093957	-0.858330	-0.508106	-0.071394	-130.916077	-72.668953	835.026917	
-0.037363	-0.229650	0.972556	-0.365338	0.909002	0.200609	-0.930125	-0.347815	-0.117863	-119.530838	-64.047485	813.438904	
-0.062428	-0.278916	0.958284	-0.258206	0.931982	0.254441	-0.964071	-0.231550	-0.130199	-113.568527	-56.415932	810.853760	
-0.111015	-0.384445	0.916448	-0.157041	0.917348	0.365801	-0.981333	-0.103310	-0.162213	-106.794907	-41.690990	805.382507	
-0.151379	-0.428255	0.890889	-0.055991	0.903542	0.424825	-0.986889	0.014429	-0.160755	-99.004524	-27.637743	795.558289	
-0.193340	-0.468753	0.861911	0.096770	0.865091	0.492192	-0.976348	0.178569	-0.121896	-82.093979	-12.672306	777.877197	
-0.271222	-0.488023	0.829622	0.287522	0.781495	0.553712	-0.918570	0.388713	-0.071641	-72.836746	-5.843223	769.814270	
-0.320696	-0.514713	0.795125	0.362896	0.708638	0.605094	-0.874906	0.482599	-0.040470	-63.435371	1.304372	759.712769	
-0.360433	-0.541837	0.759276	0.466076	0.600480	0.649768	-0.807998	0.588079	0.036105	-51.749981	7.918503	742.530518	
-0.435331	-0.549801	0.712885	0.511684	0.500414	0.698403	-0.740720	0.668808	0.063479	-32.810589	20.834759	727.533447	
-0.532998	-0.575582	0.620176	0.555784	0.314498	0.769543	-0.637979	0.754849	0.152273	-23.835709	31.339167	718.344421	
-0.612875	-0.597176	0.517459	0.562458	0.130260	0.816501	-0.554999	0.791462	0.256055	-13.883084	35.810352	709.128357	
-0.699980	-0.544650	0.461934	0.578742	-0.053633	0.813746	-0.418432	0.836946	0.352755	-3.145268	43.965591	703.834900	
-0.753379	-0.518610	0.404306	0.551301	-0.162978	0.818234	-0.358451	0.839334	0.408696	7.251307	47.719994	688.270508	
-0.827920	-0.440778	0.346789	0.510916	-0.337711	0.790516	-0.231328	0.831664	0.504800	17.204460	51.718975	679.920410	
-0.905885	-0.364496	0.215671	0.387907	-0.509667	0.767964	-0.169999	0.779347	0.603092	35.263966	54.766975	664.368530	
-0.944261	-0.313793	0.099516	0.286783	-0.635694	0.716693	-0.161632	0.705285	0.690253	51.299828	56.909569	653.109070	
-0.977454	-0.207774	0.037570	0.182926	-0.744444	0.642139	-0.105452	0.634534	0.765669	58.517250	58.530453	649.490479	
-0.987318	-0.155635	-0.031302	0.105161	-0.788888	0.605473	-0.118927	0.594502	0.795252	72.374847	59.541149	644.208130	
-0.990634	-0.100811	-0.092087	0.031830	-0.826358	0.562245	-0.132778	0.554048	0.821829	83.608864	59.634228	636.547119	
-0.987460	0.007667	-0.157679	-0.082709	-0.875885	0.475379	-0.134465	0.482459	0.865537	93.067001	58.520638	628.240967	
-0.973143	0.060003	-0.222243	-0.152754	-0.890569	0.428431	-0.172215	0.450873	0.875818	97.249092	57.185223	620.607544	
-0.944118	0.160724	-0.287764	-0.266855	-0.885171	0.381131	-0.193464	0.436624	0.878597	99.914276	53.502075	609.156982	
-0.900199	0.255973	-0.352305	-0.375294	-0.866376	0.329464	-0.220895	0.428801	0.875978	101.565758	51.166309	606.106140	
-0.860321	0.294530	-0.416052	-0.416071	-0.877273	0.239327	-0.294502	0.379005	0.877284	102.517174	45.110229	602.450195	
-0.815302	0.329443	-0.476182	-0.461407	-0.866487	0.190535	-0.349834	0.375057	0.858458	100.988014	38.014832	595.786255	
-0.729828	0.338484	-0.593953	-0.486195	-0.867771	0.102892	-0.480587	0.363871	0.797894	97.060356	29.063089	591.312134	
-0.657363	0.390913	-0.644253	-0.550888	-0.832638	0.056880	-0.514193	0.392302	0.762696	94.263969	20.170940	589.174927	
-0.537219	0.389885	-0.747922	-0.591567	-0.806241	0.004626	-0.601201	0.444931	0.663773	87.378433	15.668798	588.907349	
-0.402636	0.368688	-0.837828	-0.647180	-0.761950	-0.024281	-0.647334	0.532449	0.545397	77.358009	9.679967	582.466309	
-0.343298	0.352158	-0.870709	-0.630480	-0.773538	-0.064276	-0.696161	0.526899	0.487583	65.189308	2.689461	580.076416	
-0.283568	0.324224	-0.902480	-0.602998	-0.792055	-0.095085	-0.745642	0.517230	0.420108	51.147663	-4.352381	576.742249	
-0.211630	0.303238	-0.929119	-0.610626	-0.783293	-0.116560	-0.763116	0.542677	0.350934	35.445763	-16.998560	574.753357	
-0.134180	0.218821	-0.966497	-0.602891	-0.792070	-0.095630	-0.786458	0.569861	0.238205	26.532360	-26.450895	574.708008	
-0.044772	0.146989	-0.988126	-0.613057	-0.785008	-0.088997	-0.788768	0.601794	0.125259	11.046508	-34.698875	581.195129	
0.026007	0.074352	-0.996894	-0.611740	-0.787523	-0.074696	-0.790630	0.611783	0.025003	4.677810	-43.111328	588.787720	
0.053226	0.034145	-0.998000	-0.610678	-0.789632	-0.059586	-0.790087	0.612629	-0.021177	-14.810022	-59.137680	597.728149	
0.113587	0.002307	-0.993527	-0.694081	-0.715322	-0.081014	-0.710878	0.698790	-0.079651	-28.159073	-71.705727	597.571350	
0.151812	-0.017093	-0.988263	-0.755526	-0.646668	-0.104876	-0.637285	0.762580	-0.111086	-43.046421	-89.509621	570.273010	
0.223097	-0.110543	-0.968509	-0.826786	-0.547775	-0.127930	-0.516383	0.829290	-0.213603	-57.186600	-97.953285	582.898804	
0.242400	-0.192691	-0.950850	-0.858606	-0.498920	-0.117778	-0.451703	0.844955	-0.286385	-64.078934	-105.394638	610.557495	
0.257380	-0.225974	-0.939518	-0.822134	-0.562130	-0.090019	-0.507789	0.795578	-0.330463	-66.017532	-117.539665	615.515198	
-0.052296	-0.693542	-0.718515	-0.654153	-0.519853	0.549397	-0.754552	0.498750	-0.426496	-123.413002	-120.443001	591.853027	
-0.052296	-0.693542	-0.718515	-0.654153	-0.519853	0.549397	-0.754552	0.498750	-0.426496	-123.413002	-120.443001	591.853027	
-0.052296	-0.693542	-0.718515	-0.654153	-0.519853	0.549397	-0.754552	0.498750	-0.426496	-123.413002	-120.443001	591.853027	
-0.304175	-0.807084	-0.506058	-0.620271	-0.235390	0.748235	-0.723008	0.541487	-0.429011	-155.911407	-160.615265	600.380066	
-0.358563	-0.850188	-0.385504	-0.558127	-0.135780	0.818571	-0.748282	0.508669	-0.425828	-168.497040	-172.741394	607.700867	
-0.455296	-0.853246	-0.254318	-0.499357	0.008234	0.866357	-0.737121	0.521444	-0.429823	-174.482117	-178.973267	614.098877	
-0.523612	-0.842977	-0.123377	-0.354987	0.084229	0.931069	-0.774477	0.531316	-0.343349	-184.811066	-186.954575	619.890808	
-0.566880	-0.823637	0.016426	-0.236033	0.181492	0.954646	-0.789262	0.537293	-0.297290	-191.656738	-189.861877	625.206909	
-0.593370	-0.790602	0.151200	-0.101901	0.260112	0.960186	-0.798454	0.554338	-0.234906	-194.815857	-190.755829	624.565674	
-0.650618	-0.707533	0.275851	0.050323	0.322279	0.945306	-0.757736	0.628915	-0.174076	-195.611771	-191.750427	630.842041	
-0.665315	-0.639423	0.385350	0.198026	0.346528	0.916899	-0.719820	0.686337	-0.103928	-199.198257	-199.427277	648.747681	
-0.678126	-0.550429	0.487006	0.322231	0.372882	0.870130	-0.660539	0.746986	-0.075496	-200.799210	-205.263641	671.923523	
-0.609126	-0.443453	0.657507	0.516643	0.407126	0.753212	-0.601701	0.798498	-0.018884	-200.627975	-208.753723	678.042786	
-0.599932	-0.359666	0.714649	0.629244	0.339538	0.699118	-0.494099	0.869112	0.022618	-198.111023	-210.831345	687.392334	
-0.545162	-0.267070	0.794653	0.750094	0.267913	0.604634	-0.374377	0.925687	0.054271	-188.703323	-209.209686	690.168884	
-0.491126	-0.229640	0.840274	0.825940	0.183762	0.532968	-0.276800	0.955771	0.099418	-174.251785	-201.604324	678.378296	
-0.387462	-0.132055	0.912379	0.900664	0.156910	0.405197	-0.196669	0.978745	0.058140	-181.115997	-207.156998	723.036011	
-0.387462	-0.132055	0.912379	0.900664	0.156910	0.405197	-0.196669	0.978745	0.058140	-181.115997	-207.156998	723.036011	
-0.387462	-0.132055	0.912379	0.900664	0.156910	0.405197	-0.196669	0.978745	0.058140	-181.115997	-207.156998	723.036011	
-0.005053	-0.009742	0.999939	0.999338	-0.036086	0.004698	0.036038	0.999301	0.009917	-131.694199	-194.657654	747.601501	
0.122783	0.020551	0.992220	0.988368	-0.092936	-0.120381	0.089739	0.995460	-0.031722	-115.659500	-193.245499	761.162048	
0.199073	0.005122	0.979971	0.957728	-0.212927	-0.193442	0.207672	0.977055	-0.047293	-103.881180	-185.225906	760.479248	
0.337870	0.000844	0.941193	0.879288	-0.356961	-0.315327	0.335703	0.934119	-0.121348	-96.626701	-177.811996	812.187012	
0.337870	0.000844	0.941193	0.879288	-0.356961	-0.315327	0.335703	0.934119	-0.121348	-96.626701	-177.811996	812.187012	
0.579273	-0.068760	0.812228	0.690671	-0.487802	-0.533875	0.432916	0.870242	-0.235080	-65.660286	-160.746628	842.997742	
0.676842	-0.134240	0.723785	0.561384	-0.541873	-0.625476	0.476163	0.829671	-0.291402	-46.258415	-149.939240	851.162415	
0.718308	-0.172865	0.673909	0.476308	-0.583853	-0.657454	0.507114	0.793243	-0.337049	-26.541853	-144.039078	860.830750	
0.780684	-0.258975	0.568740	0.327240	-0.605927	-0.725098	0.532397	0.752187	-0.388290	-6.756673	-130.792496	876.536194	
0.836133	-0.314470	0.449432	0.187671	-0.605891	-0.773095	0.515423	0.730756	-0.447589	3.450884	-117.155144	882.713928	
0.854259	-0.347509	0.386625	0.100804	-0.618876	-0.778994	0.509980	0.704437	-0.493649	13.327412	-110.423042	889.754761	
0.870772	-0.422564	0.251387	-0.053024	-0.588995	-0.806396	0.488819	0.688858	-0.535286	22.079620	-96.780548	906.482788	
0.876497	-0.466921	0.117210	-0.180092	-0.543818	-0.819652	0.446453	0.697314	-0.560743	30.382504	-82.012024	911.585754	
0.846617	-0.530065	0.047648	-0.276386	-0.514412	-0.811783	0.454809	0.674101	-0.582012	37.332954	-67.932388	930.828491	
0.809879	-0.586173	-0.022280	-0.364938	-0.473747	-0.801489	0.459257	0.657241	-0.597594	43.400421	-53.488823	950.530457	
0.765122	-0.637294	-0.091890	-0.456903	-0.436820	-0.774874	0.453683	0.634859	-0.625401	53.703598	-46.927322	970.276123	
0.726007	-0.651990	-0.218683	-0.552883	-0.364291	-0.749409	0.408942	0.664983	-0.624952	61.940910	-32.418251	985.434387	
0.687788	-0.664855	-0.291401	-0.617068	-0.324058	-0.717088	0.382328	0.673019	-0.633143	64.666161	-18.214617	984.228210	
0.629276	-0.697143	-0.343517	-0.670645	-0.263726	-0.693315	0.392745	0.666664	-0.633491	66.751190	-3.595437	995.650879	
0.588793	-0.696272	-0.410521	-0.714165	-0.210282	-0.667646	0.378538	0.686285	-0.621065	69.039894	9.513982	1009.856995	
0.543375	-0.691998	-0.475271	-0.756821	-0.158813	-0.634036	0.363272	0.704214	-0.610013	68.107964	21.844776	1009.521729	
0.499647	-0.676486	-0.541036	-0.788316	-0.096221	-0.607701	0.359042	0.730144	-0.581360	66.032799	27.147190	1010.515564	
0.458552	-0.657453	-0.597901	-0.817752	-0.048805	-0.573499	0.347868	0.751914	-0.560012	62.636829	38.216541	1019.946289	
0.393216	-0.604415	-0.692866	-0.857638	0.030516	-0.513349	0.331419	0.796086	-0.506369	54.523788	49.472672	1022.339355	
0.350508	-0.573023	-0.740803	-0.877379	0.075811	-0.473771	0.327642	0.816026	-0.476185	49.083740	59.755840	1026.538330	
0.305033	-0.537869	-0.785909	-0.889427	0.134073	-0.436971	0.340402	0.832300	-0.437498	38.351894	69.475967	1034.264038	
0.251563	-0.499360	-0.829069	-0.891875	0.213063	-0.398952	0.375864	0.839789	-0.391767	25.284142	78.251541	1041.770386	
0.196393	-0.458606	-0.866666	-0.890734	0.286058	-0.353219	0.409905	0.841340	-0.352315	17.528828	86.444183	1047.219238	
0.142917	-0.420442	-0.895993	-0.891966	0.337606	-0.300697	0.428918	0.842171	-0.326770	1.580093	89.476181	1052.794067	
0.086626	-0.310205	-0.946715	-0.883163	0.415820	-0.217061	0.460997	0.854908	-0.237940	-15.972332	92.242569	1055.092896	
0.056617	-0.257849	-0.964525	-0.880796	0.441979	-0.169858	0.470098	0.859168	-0.202088	-34.653744	94.454636	1054.281616	
0.025479	-0.140215	-0.989793	-0.873734	0.477967	-0.090201	0.485736	0.867115	-0.110331	-45.486053	95.453018	1059.853516	
0.014914	-0.074509	-0.997109	-0.848288	0.526970	-0.052067	0.529326	0.846612	-0.055345	-55.041153	96.283905	1060.110718	
-0.010164	0.008029	-0.999916	-0.831507	0.555365	0.012911	0.555422	0.831569	0.001032	-68.752556	95.411568	1072.441406	
-0.015987	0.132414	-0.991065	-0.817934	0.568366	0.089132	0.575091	0.812052	0.099220	-88.283134	94.837303	1069.538330	
-0.010486	0.204547	-0.978800	-0.804150	0.580074	0.129837	0.594335	0.788464	0.158404	-98.180092	93.699532	1072.105591	
0.002173	0.332545	-0.943085	-0.776103	0.595276	0.208114	0.630603	0.731479	0.259383	-107.427299	90.303162	1072.262817	
0.016387	0.399508	-0.916583	-0.759180	0.601529	0.248612	0.650675	0.691778	0.313156	-115.985077	86.378136	1070.075439	
0.047755	0.463049	-0.885045	-0.729622	0.621312	0.285697	0.682181	0.632106	0.367522	-124.448654	81.400368	1069.331543	
0.075771	0.513931	-0.854479	-0.700373	0.637394	0.321257	0.709744	0.574113	0.408240	-132.989426	75.382790	1068.798950	
0.115245	0.565303	-0.816793	-0.670993	0.650618	0.355619	0.732452	0.507080	0.454295	-140.750519	67.596527	1066.935791	
0.149889	0.602809	-0.783680	-0.641871	0.662217	0.386612	0.752020	0.445074	0.486186	-147.550171	63.746334	1061.446655	
0.191419	0.641023	-0.743269	-0.612526	0.669729	0.419850	0.766923	0.374905	0.520842	-153.931702	54.215237	1060.259399	
0.224444	0.679467	-0.698534	-0.602392	0.660197	0.448623	0.765995	0.320102	0.557483	-164.971298	43.769970	1059.872192	
0.284229	0.743790	-0.604971	-0.593213	0.632143	0.498491	0.753201	0.217192	0.620900	-173.977341	32.495468	1058.797485	
0.329579	0.802246	-0.497775	-0.586847	0.587083	0.557624	0.739586	0.108337	0.664286	-176.376892	27.088070	1053.833984	
0.368788	0.845850	-0.385401	-0.595485	0.533362	0.600767	0.713718	0.007946	0.700389	-180.605621	20.755995	1047.304810	
0.391858	0.871330	-0.295351	-0.588243	0.484117	0.647766	0.707403	-0.080094	0.702259	-181.913422	14.374464	1033.438232	
0.416194	0.886315	-0.203049	-0.596393	0.434652	0.674828	0.686366	-0.159762	0.709491	-180.444016	7.936221	1027.466797	
0.462359	0.883655	-0.073345	-0.607915	0.376123	0.699264	0.645495	-0.278723	0.711091	-179.051773	1.485401	1019.612427	
0.509551	0.856858	0.078436	-0.644993	0.320038	0.693944	0.569510	-0.404191	0.715744	-176.876938	-13.107273	1014.911682	
0.518967	0.844820	0.130207	-0.645907	0.287797	0.707091	0.559891	-0.451058	0.695032	-174.768600	-20.518494	1010.627441	
0.521537	0.814779	0.253250	-0.677173	0.214699	0.703804	0.519072	-0.538554	0.663720	-164.707611	-35.558235	994.134644	
0.528008	0.792899	0.304169	-0.688452	0.189934	0.699970	0.497234	-0.578996	0.646160	-154.098495	-42.793621	979.808228	
0.545247	0.758273	0.357392	-0.697417	0.173789	0.695274	0.465097	-0.628347	0.623591	-142.031662	-49.577316	966.105774	
0.544588	0.733706	0.406325	-0.711069	0.147002	0.687584	0.444754	-0.663374	0.601772	-134.868652	-64.019051	961.541992	
