0.998744	-0.045539	0.020884	0.044231	0.997257	0.059334	-0.023529	-0.058336	0.998020	18.550797	4.357930	543.692627	
0.989839	-0.127524	0.062898	0.121057	0.987826	0.097691	-0.074590	-0.089084	0.993228	27.221851	8.226080	541.163086	
0.977780	-0.174547	0.116102	0.162516	0.980980	0.106139	-0.132421	-0.084912	0.987550	36.177917	16.084322	538.987061	
0.963115	-0.209653	0.168689	0.207311	0.977765	0.031586	-0.171560	0.004550	0.985163	44.820503	18.596546	537.775879	
0.932526	-0.279158	0.229053	0.300415	0.951715	-0.063151	-0.200365	0.127701	0.971363	53.248341	24.271936	540.049438	
0.883435	-0.323149	0.339290	0.391035	0.907414	-0.153919	-0.258138	0.268652	0.928004	70.135666	26.428406	544.669922	
0.843496	-0.358042	0.400402	0.464573	0.860456	-0.209253	-0.269607	0.362519	0.892128	77.093697	30.762424	546.291077	
0.773344	-0.364926	0.518428	0.504659	0.849294	-0.154980	-0.383742	0.381482	0.840960	85.819962	32.170055	563.229736	
0.600642	-0.357613	0.715082	0.558669	0.827538	-0.055408	-0.571943	0.432774	0.696842	90.558243	32.068497	564.815063	
0.466386	-0.322063	0.823869	0.613487	0.788743	-0.038958	-0.637274	0.523602	0.565440	99.940765	31.426270	568.303162	
0.388411	-0.329498	0.860563	0.689449	0.723528	-0.034150	-0.611389	0.606578	0.508199	103.424438	29.866751	575.628784	
0.274267	-0.280446	0.919852	0.768524	0.638898	-0.034359	-0.578056	0.716351	0.390758	105.692413	27.210026	576.073486	
0.208419	-0.261124	0.942537	0.835429	0.548623	-0.032742	-0.508547	0.794246	0.332494	107.909554	25.600113	586.053101	
0.125316	-0.173398	0.976847	0.869203	0.493880	-0.023839	-0.478312	0.852065	0.212609	108.530006	20.767477	593.562378	
0.080360	-0.137714	0.987207	0.917280	0.397780	-0.019178	-0.390050	0.907086	0.158288	109.015945	15.017052	598.073303	
0.043499	-0.087197	0.995241	0.943116	0.332243	-0.012112	-0.329605	0.939154	0.096688	106.273087	8.233953	598.092651	
0.019266	-0.038325	0.999080	0.961148	0.275920	-0.007950	-0.275361	0.960416	0.042152	102.548012	4.851572	607.507385	
-0.002959	0.017821	0.999837	0.986486	0.163847	-0.000001	-0.163820	0.986324	-0.018065	98.590294	-3.185878	609.865845	
-0.008715	0.065907	0.997788	0.999170	0.040277	0.006067	-0.039788	0.997012	-0.066204	95.371094	-14.038005	619.581665	
-0.011413	0.091152	0.995772	0.998675	0.051008	0.006777	-0.050174	0.994529	-0.091614	88.210655	-20.404638	639.012207	
-0.048715	0.028298	0.998412	0.994071	0.098659	0.045707	-0.097208	0.994718	-0.032936	76.598221	-22.997543	649.952148	
-0.067414	-0.092687	0.993411	0.991811	0.102028	0.076825	-0.108476	0.990454	0.085050	67.253708	-29.713310	641.969360	
-0.049472	-0.178713	0.982657	0.987533	0.138451	0.074898	-0.149435	0.974111	0.169636	61.243488	-43.239361	663.693237	
-0.017685	-0.315613	0.948724	0.981960	0.173181	0.075917	-0.188261	0.932950	0.306856	52.674240	-52.262802	673.980652	
0.012245	-0.447989	0.893955	0.958869	0.258812	0.116564	-0.283585	0.855757	0.432732	46.903561	-66.829498	705.643127	
0.081251	-0.549529	0.831515	0.932921	0.335562	0.130605	-0.350795	0.765124	0.539932	29.391434	-81.273254	709.453491	
0.173315	-0.655755	0.734811	0.924387	0.365741	0.108364	-0.339810	0.660468	0.669560	12.076689	-96.034073	719.524231	
0.275711	-0.736480	0.617722	0.911368	0.404591	0.075599	-0.305602	0.542127	0.782755	4.304562	-103.121117	730.252258	
0.365160	-0.766937	0.527698	0.892324	0.449924	0.036427	-0.265361	0.457576	0.848651	-3.729430	-110.670403	736.811646	
0.528256	-0.764889	0.368633	0.846457	0.508535	-0.157806	-0.066759	0.395394	0.916083	-12.040924	-123.955544	739.794006	
0.614677	-0.787782	0.039640	0.781338	0.601223	-0.167455	0.108086	0.133903	0.985083	-20.661125	-138.036270	739.168884	
0.674632	-0.737719	-0.025317	0.718342	0.664032	-0.207477	0.169871	0.121785	0.977913	-30.243383	-143.332138	753.675537	
0.696601	-0.716794	-0.030859	0.687375	0.679098	-0.257569	0.205581	0.158211	0.965768	-38.234112	-156.446152	761.804688	
0.754664	-0.653773	-0.055332	0.610432	0.730540	-0.306079	0.240528	0.197211	0.950397	-46.007648	-169.973251	767.168579	
0.778042	-0.626071	-0.051813	0.582580	0.749929	-0.313380	0.235054	0.213637	0.948214	-53.606155	-177.465439	790.602051	
0.813099	-0.579846	-0.051447	0.540059	0.784377	-0.305104	0.217267	0.220295	0.950929	-67.757355	-192.595871	814.636108	
0.836396	-0.546912	-0.036419	0.515868	0.807894	-0.284934	0.185257	0.219530	0.957856	-82.574371	-208.568436	839.796753	
0.866862	-0.498177	0.019219	0.486401	0.836655	-0.251835	0.109379	0.227655	0.967580	-96.328476	-225.195328	871.088013	
0.891811	-0.449195	0.053809	0.447055	0.856767	-0.257083	0.069379	0.253325	0.964891	-108.199562	-234.532623	902.154785	
0.882327	-0.309997	0.354120	0.470627	0.585797	-0.659812	-0.002903	0.748827	0.662759	-116.203224	-231.434647	903.154114	
0.890454	-0.195526	0.410927	0.447420	0.541049	-0.712096	-0.083098	0.817945	0.569263	-116.314995	-237.457611	904.943726	
0.856494	-0.137683	0.497455	0.493969	0.498176	-0.712612	-0.149706	0.856074	0.494697	-116.361267	-238.432526	898.748474	
0.837056	-0.087369	0.540097	0.512436	0.471070	-0.717985	-0.191694	0.877758	0.439084	-116.990990	-240.649094	907.943237	
0.785587	-0.039905	0.617463	0.569590	0.436456	-0.696473	-0.241702	0.898840	0.365604	-115.441612	-244.557343	919.033569	
0.725561	0.007733	0.688116	0.624614	0.412279	-0.663237	-0.288824	0.911024	0.294304	-113.757484	-247.692566	921.009155	
0.694098	0.040830	0.718722	0.650250	0.392810	-0.650288	-0.308873	0.918712	0.246100	-110.685020	-248.656067	927.680298	
0.623320	0.074890	0.778373	0.693130	0.407893	-0.594302	-0.362000	0.909953	0.202339	-106.536362	-249.886154	934.589722	
0.578718	0.135048	0.804269	0.697975	0.428052	-0.574110	-0.421801	0.893607	0.153461	-96.475586	-248.481705	942.796143	
0.530110	0.176163	0.829428	0.697343	0.465910	-0.544647	-0.482385	0.867118	0.124138	-91.368210	-246.949768	944.355469	
0.483072	0.195690	0.853433	0.724654	0.457726	-0.515134	-0.491445	0.867290	0.079307	-79.098717	-244.280869	948.452820	
0.447081	0.189737	0.874139	0.782539	0.390423	-0.484976	-0.433302	0.900871	0.026074	-70.809853	-234.341293	931.303406	
0.395408	0.213283	0.893400	0.793516	0.410539	-0.449210	-0.462584	0.886548	-0.006913	-56.364719	-229.660416	941.720215	
0.283928	-0.250824	-0.925458	0.712422	-0.590802	0.378692	-0.641747	-0.766838	0.010947	-49.918098	-234.992004	997.687988	
0.283928	-0.250824	-0.925458	0.712422	-0.590802	0.378692	-0.641747	-0.766838	0.010947	-49.918098	-234.992004	997.687988	
0.283928	-0.250824	-0.925458	0.712422	-0.590802	0.378692	-0.641747	-0.766838	0.010947	-49.918098	-234.992004	997.687988	
0.283928	-0.250824	-0.925458	0.712422	-0.590802	0.378692	-0.641747	-0.766838	0.010947	-49.918098	-234.992004	997.687988	
0.061966	-0.139493	-0.988282	0.664568	-0.732999	0.145129	-0.744655	-0.665773	0.047281	-11.047635	-196.728058	997.840576	
-0.006502	-0.113468	-0.993520	0.525282	-0.845813	0.093162	-0.850904	-0.521272	0.065102	7.191212	-187.145798	992.825562	
0.000989	-0.002580	-0.999996	0.690516	-0.723312	0.002549	-0.723316	-0.690516	0.001066	16.929300	-176.248001	1021.419983	
0.000989	-0.002580	-0.999996	0.690516	-0.723312	0.002549	-0.723316	-0.690516	0.001066	16.929300	-176.248001	1021.419983	
0.000989	-0.002580	-0.999996	0.690516	-0.723312	0.002549	-0.723316	-0.690516	0.001066	16.929300	-176.248001	1021.419983	
0.005330	0.214266	-0.976761	0.568969	-0.803904	-0.173243	-0.822342	-0.554824	-0.126195	52.410492	-133.691772	1006.403076	
0.033266	0.277502	-0.960149	0.531788	-0.818316	-0.218084	-0.846224	-0.503341	-0.174794	68.525345	-120.194733	1007.294922	
0.060721	0.308070	-0.949424	0.539194	-0.810582	-0.228533	-0.839990	-0.498047	-0.215328	75.647720	-112.377930	1003.376221	
0.097209	0.325933	-0.940382	0.500920	-0.832483	-0.236755	-0.860018	-0.448041	-0.244190	89.024368	-104.704102	1001.458435	
0.130950	0.377361	-0.916761	0.558611	-0.792038	-0.246231	-0.819028	-0.479869	-0.314515	100.167320	-96.572441	999.605164	
0.199061	0.399844	-0.894707	0.489948	-0.831292	-0.262496	-0.848720	-0.386107	-0.361380	110.503220	-81.260880	1002.402283	
0.271405	0.395714	-0.877354	0.422492	-0.868031	-0.260813	-0.864777	-0.299889	-0.402774	114.223076	-65.882683	998.910278	
0.349535	0.402653	-0.845989	0.405345	-0.879055	-0.250916	-0.844702	-0.255213	-0.470474	116.934235	-51.291149	993.460510	
0.436134	0.392771	-0.809641	0.373538	-0.897562	-0.234208	-0.818692	-0.200286	-0.538171	120.551880	-44.242252	986.916077	
0.508263	0.348358	-0.787602	0.342357	-0.920899	-0.186382	-0.790228	-0.174910	-0.587320	122.504776	-29.883282	983.171570	
0.559766	0.333711	-0.758485	0.330081	-0.929369	-0.165294	-0.760072	-0.157835	-0.630380	123.117203	-15.907629	982.531067	
0.648035	0.279230	-0.708578	0.259003	-0.955714	-0.139746	-0.716218	-0.092963	-0.691657	120.883408	-2.084677	982.993591	
0.682254	0.247838	-0.687828	0.235046	-0.965201	-0.114639	-0.692303	-0.083458	-0.716764	116.388374	3.661296	974.164917	
0.728176	0.168765	-0.664289	0.146781	-0.985124	-0.089377	-0.669489	-0.032422	-0.742114	113.271194	9.151049	972.328674	
0.750835	0.130275	-0.647515	0.117351	-0.991070	-0.063319	-0.649981	-0.028445	-0.759418	104.788330	20.423290	960.705750	
0.792564	0.090729	-0.603002	0.088004	-0.995536	-0.034121	-0.603405	-0.026024	-0.797010	94.278473	25.257193	952.006714	
0.954025	-0.001773	-0.299725	0.022364	-0.996775	0.077080	-0.298894	-0.080239	-0.950907	88.748070	30.131063	944.242920	
0.988568	-0.042975	-0.144527	-0.039176	-0.998811	0.029025	-0.145601	-0.023031	-0.989076	74.321037	37.809746	935.706299	
0.988842	-0.091078	-0.117885	-0.085390	-0.994967	0.052441	-0.122067	-0.041789	-0.991642	66.078705	43.599365	928.977417	
0.983780	-0.144596	-0.106165	-0.139044	-0.988587	0.057993	-0.113338	-0.042290	-0.992656	50.201218	45.613136	920.659546	
0.972037	-0.197950	-0.126342	-0.184680	-0.976693	0.109385	-0.145049	-0.082993	-0.985938	32.751591	49.640747	911.140137	
0.928749	-0.316608	-0.192840	-0.267940	-0.932797	0.241038	-0.256194	-0.172194	-0.951165	15.079607	53.195210	913.832092	
0.803844	-0.453428	-0.385019	-0.262672	-0.851315	0.454167	-0.533704	-0.263945	-0.803426	5.429115	54.458138	891.995667	
0.740326	-0.567885	-0.359757	-0.354772	-0.784608	0.508455	-0.571012	-0.248791	-0.782335	-13.591816	54.534592	879.837097	
0.661854	-0.659678	-0.356057	-0.392380	-0.709572	0.585274	-0.638740	-0.247655	-0.728477	-33.040306	53.664680	872.240356	
0.562941	-0.749946	-0.347391	-0.418566	-0.621116	0.662584	-0.712672	-0.227589	-0.663552	-52.685810	52.727352	865.515686	
0.464361	-0.827934	-0.314477	-0.426517	-0.520251	0.739881	-0.776179	-0.209441	-0.594711	-71.365707	49.274719	859.341125	
0.403769	-0.868004	-0.289034	-0.427780	-0.458394	0.779025	-0.808688	-0.190903	-0.556399	-80.503151	44.446571	854.160461	
0.337559	-0.904923	-0.259169	-0.374112	-0.381624	0.845225	-0.863768	-0.188354	-0.467362	-88.765182	38.500938	832.045410	
0.249556	-0.945924	-0.207243	-0.376207	-0.291909	0.879351	-0.892296	-0.141481	-0.428710	-105.931458	35.109840	823.726807	
0.113118	-0.973724	-0.197650	-0.311570	-0.223656	0.923528	-0.943467	-0.042886	-0.328682	-120.845932	31.187424	807.043274	
0.017330	-0.983554	-0.179785	-0.212313	-0.179331	0.960606	-0.977049	0.021524	-0.211928	-132.810837	25.509501	786.582947	
-0.086286	-0.982152	-0.167130	-0.117480	-0.156555	0.980657	-0.989320	0.104252	-0.101875	-148.531998	21.268700	788.650024	
-0.086286	-0.982152	-0.167130	-0.117480	-0.156555	0.980657	-0.989320	0.104252	-0.101875	-148.531998	21.268700	788.650024	
-0.086286	-0.982152	-0.167130	-0.117480	-0.156555	0.980657	-0.989320	0.104252	-0.101875	-148.531998	21.268700	788.650024	
-0.086286	-0.982152	-0.167130	-0.117480	-0.156555	0.980657	-0.989320	0.104252	-0.101875	-148.531998	21.268700	788.650024	
-0.464385	-0.879730	-0.102091	0.219421	-0.225967	0.949101	-0.858022	0.418348	0.297966	-169.413193	-13.014921	739.134460	
-0.522251	-0.848223	-0.088153	0.314686	-0.287755	0.904527	-0.792608	0.444650	0.417204	-171.242050	-26.293064	728.165344	
-0.638616	-0.767264	-0.058957	0.327163	-0.340054	0.881661	-0.696516	0.543755	0.468184	-170.355362	-34.062466	719.878540	
-0.691434	-0.720787	-0.048828	0.344074	-0.387983	0.855033	-0.635242	0.574400	0.516269	-168.928757	-41.359734	714.823242	
-0.789049	-0.613502	-0.031876	0.353074	-0.495340	0.793711	-0.502733	0.615023	0.607459	-166.939331	-48.703960	706.198181	
-0.860935	-0.508341	-0.019512	0.317780	-0.567356	0.759686	-0.397250	0.647840	0.649997	-161.125931	-63.702477	694.227234	
-0.924732	-0.380540	-0.007765	0.255898	-0.636687	0.727424	-0.281758	0.670686	0.686144	-156.997421	-71.500786	675.062683	
-0.967016	-0.254713	-0.001500	0.196084	-0.748163	0.633879	-0.162579	0.612677	0.773431	-153.569656	-87.497177	674.928162	
-0.982359	-0.186940	0.004993	0.159866	-0.825630	0.541089	-0.097029	0.532342	0.840950	-140.973022	-95.288872	662.559692	
-0.991351	-0.130937	-0.008923	0.113435	-0.889061	0.443511	-0.066005	0.438664	0.896224	-128.400040	-110.285957	659.253357	
-0.999335	-0.003682	-0.036292	-0.008979	-0.939444	0.342585	-0.035356	0.342683	0.938785	-113.276108	-116.499733	647.126831	
-0.990433	0.122868	-0.062815	-0.134948	-0.957515	0.254857	-0.028833	0.260897	0.964936	-104.825203	-123.553581	641.756287	
-0.978759	0.203746	-0.022787	-0.204807	-0.966697	0.153462	0.009239	0.154870	0.987891	-88.115067	-130.532745	632.857361	
-0.961773	0.259745	-0.086755	-0.268250	-0.957318	0.107626	-0.055097	0.126784	0.990399	-79.126915	-136.430283	618.222473	
-0.916088	0.384780	-0.112817	-0.391193	-0.919405	0.040764	-0.088040	0.081477	0.992779	-70.284042	-141.937546	610.176819	
-0.884261	0.459756	-0.081902	-0.448971	-0.885210	-0.121769	-0.128484	-0.070903	0.989173	-61.820522	-153.478256	601.800293	
-0.849414	0.527419	-0.018055	-0.506769	-0.824747	-0.250953	-0.147247	-0.204012	0.967831	-52.678585	-159.441162	597.781738	
-0.765558	0.642546	0.032488	-0.612286	-0.712139	-0.343457	-0.197551	-0.282828	0.938606	-33.265240	-168.772018	591.543884	
-0.665648	0.745885	0.023829	-0.711329	-0.624506	-0.322496	-0.225664	-0.231619	0.946270	-22.339685	-171.003052	583.180359	
-0.568153	0.768358	0.294667	-0.773400	-0.376213	-0.510211	-0.281167	-0.517773	0.807994	-5.732224	-174.519760	568.616516	
-0.459009	0.791063	0.404389	-0.832901	-0.224758	-0.505727	-0.309172	-0.568949	0.762042	10.668295	-178.992737	559.650574	
-0.318008	0.906662	0.277191	-0.870543	-0.163433	-0.464159	-0.375534	-0.388913	0.841261	20.981419	-189.509659	570.744202	
-0.177886	0.975858	0.126716	-0.865114	-0.093716	-0.492743	-0.468973	-0.197275	0.860899	29.785553	-192.973465	567.454224	
-0.035987	0.985106	0.168137	-0.929757	0.028684	-0.367055	-0.366411	-0.169535	0.914877	45.168465	-196.448914	569.510010	
0.089955	0.994081	0.060924	-0.961685	0.102605	-0.254233	-0.258979	-0.035720	0.965222	52.091446	-197.127426	563.354126	
0.140759	0.989902	-0.016756	-0.943371	0.128969	-0.305644	-0.300396	0.058830	0.951998	62.282616	-197.878357	558.242981	
0.235342	0.953847	-0.186517	-0.729931	0.046752	-0.681920	-0.641728	0.296630	0.707245	68.779282	-197.018738	544.829102	
0.300986	0.949036	-0.093478	-0.394501	0.034670	-0.918241	-0.868203	0.313256	0.384830	73.557625	-194.009491	552.237854	
0.366809	0.929110	-0.046956	-0.176422	0.019915	-0.984113	-0.913415	0.369267	0.171220	77.898743	-186.465958	558.441284	
0.494927	0.867200	-0.054876	-0.061899	-0.027807	-0.997694	-0.866727	0.497183	0.039917	79.067909	-183.410110	556.637634	
0.574418	0.815090	-0.075310	0.040373	-0.120104	-0.991939	-0.817566	0.566748	-0.101897	79.524521	-176.487228	554.585083	
0.629961	0.772162	-0.083152	0.081340	-0.172080	-0.981718	-0.772356	0.611682	-0.171211	79.484886	-171.902893	552.720093	
0.748304	0.655830	-0.099641	0.093460	-0.252942	-0.962956	-0.656740	0.711272	-0.250571	74.727486	-159.065445	540.914856	
0.757063	0.644641	-0.106269	0.161782	-0.342558	-0.925462	-0.632994	0.683441	-0.363630	71.096397	-161.494003	569.460022	
0.757063	0.644641	-0.106269	0.161782	-0.342558	-0.925462	-0.632994	0.683441	-0.363630	71.096397	-161.494003	569.460022	
0.757063	0.644641	-0.106269	0.161782	-0.342558	-0.925462	-0.632994	0.683441	-0.363630	71.096397	-161.494003	569.460022	
0.757063	0.644641	-0.106269	0.161782	-0.342558	-0.925462	-0.632994	0.683441	-0.363630	71.096397	-161.494003	569.460022	
0.757063	0.644641	-0.106269	0.161782	-0.342558	-0.925462	-0.632994	0.683441	-0.363630	71.096397	-161.494003	569.460022	
0.942317	0.275143	-0.190614	0.111440	-0.794873	-0.596454	-0.315624	0.540807	-0.779685	28.401922	-124.232887	578.863403	
0.959374	0.207333	-0.191346	0.090447	-0.868426	-0.487499	-0.267245	0.450387	-0.851899	20.260918	-117.125450	586.731079	
0.985726	0.083890	-0.145967	0.007831	-0.888919	-0.457997	-0.168175	0.450316	-0.876888	3.107563	-110.680954	592.230957	
0.982963	0.021860	-0.182497	-0.054687	-0.913150	-0.403938	-0.175478	0.407036	-0.896398	-14.969726	-96.947975	601.907593	
0.963235	-0.074385	-0.258156	-0.146054	-0.951492	-0.270797	-0.225491	0.298545	-0.927375	-33.214611	-89.686882	611.855896	
0.952285	-0.236439	-0.193002	-0.276772	-0.935518	-0.219549	-0.128648	0.262491	-0.956321	-43.317772	-74.140862	614.440430	
0.912886	-0.361311	-0.189981	-0.394252	-0.901036	-0.180825	-0.105847	0.239973	-0.964992	-53.318001	-66.822662	620.524719	
0.899096	-0.426707	-0.097708	-0.431853	-0.901120	-0.038520	-0.071610	0.076829	-0.994470	-73.917297	-53.043568	641.871887	
0.846778	-0.527403	-0.069371	-0.529843	-0.847811	-0.021932	-0.047246	0.055327	-0.997350	-94.283310	-46.160603	651.757141	
0.785407	-0.617789	-0.038367	-0.617638	-0.786276	0.017079	-0.040718	0.010283	-0.999118	-114.128082	-39.913593	671.964722	
0.758881	-0.649749	-0.043877	-0.648365	-0.760138	0.042555	-0.061003	-0.003846	-0.998131	-136.524857	-34.882072	705.491333	
0.549968	-0.658669	-0.513507	-0.471573	-0.752354	0.459979	-0.689314	-0.010817	-0.724382	-141.832245	-20.422777	684.528625	
0.427748	-0.702889	-0.568311	-0.506761	-0.707112	0.493138	-0.748481	0.077060	-0.658664	-149.135284	-7.209756	685.580383	
0.319680	-0.741483	-0.589922	-0.544300	-0.653324	0.526217	-0.775591	0.152874	-0.612444	-156.036896	-2.075780	695.581848	
0.205080	-0.763254	-0.612687	-0.517775	-0.615827	0.593856	-0.830572	0.195446	-0.521489	-168.202560	2.613849	697.675964	
0.156195	-0.743224	-0.650554	-0.429130	-0.644290	0.633037	-0.889635	0.180296	-0.419576	-179.334412	7.821494	709.016724	
0.053085	-0.722992	-0.688813	-0.446030	-0.634320	0.631422	-0.893442	0.273713	-0.356150	-183.991806	16.836803	714.851379	
0.043737	-0.684109	-0.728067	-0.294681	-0.705173	0.644897	-0.954594	0.186342	-0.232438	-182.340576	21.193695	698.102539	
-0.104576	-0.637919	-0.762970	-0.399269	-0.675705	0.619683	-0.910850	0.369434	-0.184039	-194.233994	28.538300	747.955994	
-0.104576	-0.637919	-0.762970	-0.399269	-0.675705	0.619683	-0.910850	0.369434	-0.184039	-194.233994	28.538300	747.955994	
-0.104576	-0.637919	-0.762970	-0.399269	-0.675705	0.619683	-0.910850	0.369434	-0.184039	-194.233994	28.538300	747.955994	
-0.104576	-0.637919	-0.762970	-0.399269	-0.675705	0.619683	-0.910850	0.369434	-0.184039	-194.233994	28.538300	747.955994	
-0.274512	-0.487175	-0.829038	-0.279590	-0.784472	0.553564	-0.920039	0.383751	0.079138	-191.844406	40.350407	792.929443	
-0.299808	-0.444870	-0.843923	-0.279165	-0.804982	0.523517	-0.912239	0.392549	0.117148	-186.678864	41.952984	798.219238	
-0.314120	-0.401321	-0.860390	-0.282882	-0.825532	0.488339	-0.906259	0.396786	0.145790	-179.573318	42.498863	809.440979	
-0.307402	-0.342198	-0.887922	-0.297882	-0.851601	0.431327	-0.903753	0.397087	0.159850	-175.376678	42.199718	827.262390	
-0.290004	-0.278468	-0.915617	-0.305789	-0.879617	0.364372	-0.906857	0.385655	0.169940	-164.102905	40.708748	833.130615	
-0.302717	-0.230817	-0.924709	-0.258185	-0.914094	0.312687	-0.917443	0.333402	0.217119	-158.499176	38.157242	848.555420	
-0.291024	-0.186781	-0.938306	-0.253887	-0.930516	0.263975	-0.922413	0.315047	0.223382	-143.470917	36.097561	862.154236	
-0.256413	-0.114826	-0.959723	-0.330648	-0.922595	0.198724	-0.908253	0.368286	0.198599	-135.729965	31.059452	881.821228	
-0.239280	-0.084993	-0.967224	-0.288777	-0.944854	0.154467	-0.927013	0.316272	0.201541	-118.620209	24.986946	892.545349	
-0.217163	-0.061966	-0.974167	-0.218128	-0.969667	0.110305	-0.951452	0.236447	0.197060	-100.508240	17.801880	903.063416	
-0.217068	-0.043033	-0.975208	-0.231168	-0.968345	0.094185	-0.948389	0.245881	0.200249	-82.893158	14.437326	912.824768	
-0.207381	-0.013471	-0.978168	-0.218888	-0.973915	0.059818	-0.953457	0.226514	0.199023	-66.228203	6.793244	948.966492	
-0.150092	0.002646	-0.988669	-0.256412	-0.965885	0.036341	-0.954843	0.258961	0.145650	-47.121056	2.097487	973.854065	
0.007077	-0.001736	-0.999974	-0.204318	-0.978905	0.000253	-0.978879	0.204311	-0.007283	-30.160414	-3.919685	934.730286	
0.084030	-0.014427	-0.996359	-0.217697	-0.976007	-0.004227	-0.972392	0.217259	-0.085155	-21.166500	-16.744600	960.642029	
0.084030	-0.014427	-0.996359	-0.217697	-0.976007	-0.004227	-0.972392	0.217259	-0.085155	-21.166500	-16.744600	960.642029	
0.084030	-0.014427	-0.996359	-0.217697	-0.976007	-0.004227	-0.972392	0.217259	-0.085155	-21.166500	-16.744600	960.642029	
0.268216	-0.172613	-0.947769	-0.392034	-0.918228	0.056289	-0.879983	0.356459	-0.313953	26.699638	-35.178699	970.585022	
0.280536	-0.214850	-0.935489	-0.342576	-0.932849	0.111511	-0.896627	0.289193	-0.335300	34.882557	-48.202858	972.766296	
0.338472	-0.281196	-0.897979	-0.301962	-0.936293	0.179376	-0.891210	0.210442	-0.401819	51.551418	-61.890808	987.673462	
0.348918	-0.323984	-0.879369	-0.243655	-0.937434	0.248699	-0.904925	0.127487	-0.406027	65.063522	-67.846039	993.027954	
0.328541	-0.392606	-0.859024	-0.320276	-0.901933	0.289725	-0.888529	0.179938	-0.422064	77.680077	-82.781013	993.311646	
0.309022	-0.492822	-0.813408	-0.400130	-0.843262	0.358897	-0.862787	0.214562	-0.457779	87.160210	-89.866501	994.071472	
0.260245	-0.558351	-0.787729	-0.405435	-0.803625	0.435673	-0.876296	0.205991	-0.435514	92.219063	-104.456276	998.615356	
0.193184	-0.620387	-0.760132	-0.457841	-0.742207	0.489399	-0.867791	0.253475	-0.427421	95.342567	-111.903282	1001.615845	
0.154278	-0.689669	-0.707499	-0.463872	-0.682807	0.564445	-0.872365	0.241108	-0.425260	98.363045	-118.883896	1004.628540	
0.110258	-0.728342	-0.676285	-0.445035	-0.644590	0.621650	-0.888700	0.232428	-0.395208	99.589424	-132.379990	1006.304688	
0.008811	-0.764908	-0.644080	-0.463786	-0.573763	0.675054	-0.885903	0.292767	-0.359809	99.959892	-145.028290	1008.709473	
-0.102276	-0.786807	-0.608666	-0.465620	-0.502842	0.728250	-0.879055	0.357889	-0.314925	99.585464	-151.190262	1011.242065	
-0.152891	-0.807401	-0.569849	-0.364131	-0.490034	0.792007	-0.918712	0.328591	-0.219078	97.640198	-162.639725	1007.588074	
-0.210017	-0.817037	-0.536976	-0.328363	-0.458379	0.825873	-0.920907	0.349770	-0.172018	90.473259	-173.557358	1006.466125	
-0.330729	-0.824458	-0.459225	-0.301683	-0.368712	0.879226	-0.894206	0.429327	-0.126781	85.644783	-178.201691	1003.411560	
-0.407684	-0.811211	-0.419203	-0.199427	-0.368904	0.907821	-0.891079	0.453705	-0.011381	75.352470	-184.009048	1006.660950	
-0.454543	-0.811074	-0.368171	-0.067635	-0.380718	0.922214	-0.888153	0.444088	0.118196	62.348919	-186.174866	991.536072	
-0.640079	-0.717663	-0.274332	0.023821	-0.375425	0.926546	-0.767939	0.586528	0.257398	56.961700	-197.341003	1026.530029	
-0.640079	-0.717663	-0.274332	0.023821	-0.375425	0.926546	-0.767939	0.586528	0.257398	56.961700	-197.341003	1026.530029	
-0.640079	-0.717663	-0.274332	0.023821	-0.375425	0.926546	-0.767939	0.586528	0.257398	56.961700	-197.341003	1026.530029	
-0.640079	-0.717663	-0.274332	0.023821	-0.375425	0.926546	-0.767939	0.586528	0.257398	56.961700	-197.341003	1026.530029	
-0.945866	-0.315376	0.076653	0.251906	-0.564446	0.786094	-0.204649	0.762849	0.613336	11.477641	-209.778839	991.892639	
-0.959124	-0.249158	0.134170	0.264262	-0.618993	0.739603	-0.101227	0.744828	0.659534	1.746620	-209.165985	981.276245	
-0.963295	-0.192497	0.187103	0.268383	-0.675748	0.686538	-0.005722	0.711554	0.702608	-17.287159	-210.027039	976.239563	
-0.965127	-0.135722	0.223852	0.250091	-0.730718	0.635220	0.077360	0.669052	0.739178	-26.918789	-209.589966	974.466736	
-0.948180	-0.073922	0.309015	0.249953	-0.773967	0.581806	0.196159	0.628896	0.752337	-46.350529	-209.626175	971.361877	
-0.910047	0.051138	0.411339	0.161835	-0.869765	0.466174	0.381607	0.490809	0.783251	-56.141464	-208.278763	963.911499	
-0.840955	0.161745	0.516365	0.066331	-0.916268	0.395036	0.537024	0.366458	0.759811	-66.402687	-204.709259	956.666687	
-0.804140	0.246868	0.540755	-0.092675	-0.950628	0.296170	0.587171	0.188048	0.787317	-76.100136	-203.116989	948.542236	
-0.745016	0.334437	0.577151	-0.290225	-0.941563	0.170964	0.600601	-0.040133	0.798541	-92.880257	-197.978210	948.034729	
-0.688367	0.364665	0.627034	-0.380530	-0.917486	0.115832	0.617534	-0.158870	0.770332	-101.014923	-194.103622	931.938660	
-0.613573	0.422415	0.667153	-0.524259	-0.849725	0.055857	0.590491	-0.315489	0.742823	-109.012665	-190.076157	924.681580	
-0.488705	0.440963	0.752808	-0.696721	-0.716603	-0.032539	0.525116	-0.540399	0.657436	-121.884323	-181.439468	919.155945	
-0.407894	0.469031	0.783347	-0.809228	-0.583031	-0.072280	0.422814	-0.663389	0.617368	-128.784424	-172.366486	919.988159	
-0.314355	0.474488	0.822218	-0.917907	-0.372840	-0.135780	0.242130	-0.797403	0.552740	-132.099106	-160.587128	900.085327	
-0.250099	0.451431	0.856540	-0.963614	-0.202243	-0.174772	0.094331	-0.869084	0.485586	-139.340134	-148.539291	890.293335	
-0.167229	0.372141	0.912987	-0.984809	-0.019149	-0.172579	-0.046741	-0.927979	0.369690	-141.262772	-135.151154	882.241882	
-0.135976	0.265132	0.954576	-0.986039	0.057254	-0.156360	-0.096109	-0.962511	0.253646	-142.650360	-117.970650	873.653992	
-0.106730	0.175594	0.978660	-0.993035	-0.068229	-0.096055	0.049907	-0.982095	0.181653	-145.165329	-102.153381	860.663940	
-0.026509	0.125781	0.991704	-0.880230	0.467269	-0.082795	-0.473806	-0.875122	0.098329	-145.270996	-102.653000	872.351990	
-0.026509	0.125781	0.991704	-0.880230	0.467269	-0.082795	-0.473806	-0.875122	0.098329	-145.270996	-102.653000	872.351990	
-0.026509	0.125781	0.991704	-0.880230	0.467269	-0.082795	-0.473806	-0.875122	0.098329	-145.270996	-102.653000	872.351990	
-0.021400	-0.112817	0.993385	-0.490242	0.867141	0.087918	-0.871323	-0.485118	-0.073864	-129.517990	-71.427315	826.539978	
-0.038840	-0.225380	0.973497	-0.343145	0.917995	0.198839	-0.938479	-0.326327	-0.112993	-118.736443	-62.607555	810.234558	
-0.066481	-0.273465	0.959582	-0.221332	0.941792	0.253061	-0.972929	-0.195562	-0.123138	-111.456650	-54.168045	796.937378	
-0.113562	-0.376112	0.919589	-0.147192	0.921731	0.358812	-0.982567	-0.094609	-0.160035	-104.928513	-40.965275	796.172302	
-0.156250	-0.426557	0.890862	-0.064323	0.904420	0.421766	-0.985620	0.008598	-0.168753	-98.098724	-27.064411	791.028442	
-0.195525	-0.469977	0.860750	0.086965	0.865925	0.492557	-0.976835	0.171163	-0.128439	-80.989861	-12.590971	771.568237	
-0.246557	-0.500995	0.829586	0.245090	0.795953	0.553525	-0.937625	0.339799	-0.073459	-71.403793	-6.176696	758.703552	
-0.304742	-0.526520	0.793668	0.321475	0.727539	0.606086	-0.896541	0.439845	-0.052449	-62.756157	1.125639	752.926208	
-0.238413	-0.614976	0.751641	0.305351	0.687239	0.659138	-0.921911	0.386662	0.023937	-51.562862	7.268765	734.949341	
-0.365068	-0.618876	0.695498	0.255145	0.651947	0.714049	-0.895336	0.438130	-0.080102	-31.585327	21.151844	730.681580	
-0.628549	-0.568395	0.530898	0.170106	0.565602	0.806944	-0.758940	0.597513	-0.258821	-20.983673	33.049335	740.712646	
-0.840256	-0.457350	0.291205	0.041685	0.481008	0.875724	-0.540585	0.747972	-0.385105	-12.226793	39.064655	711.028931	
-0.883191	-0.467197	0.041220	-0.226427	0.501697	0.834884	-0.410736	0.728029	-0.548880	-1.628245	48.915115	721.417969	
-0.876140	-0.456126	-0.155969	-0.387763	0.474633	0.790166	-0.286388	0.752776	-0.592714	8.273991	52.078854	692.758667	
-0.748976	-0.450957	-0.485460	-0.656541	0.406259	0.635538	-0.089379	0.794727	-0.600350	16.552477	53.663731	654.442261	
-0.906350	-0.360980	0.219598	0.389831	-0.513937	0.764134	-0.162977	0.778179	0.606527	35.853001	54.402599	664.072998	
-0.906350	-0.360980	0.219598	0.389831	-0.513937	0.764134	-0.162977	0.778179	0.606527	35.853001	54.402599	664.072998	
-0.906350	-0.360980	0.219598	0.389831	-0.513937	0.764134	-0.162977	0.778179	0.606527	35.853001	54.402599	664.072998	
-0.906350	-0.360980	0.219598	0.389831	-0.513937	0.764134	-0.162977	0.778179	0.606527	35.853001	54.402599	664.072998	
-0.992943	-0.097300	-0.067794	0.041300	-0.819609	0.571432	-0.111164	0.564601	0.817844	82.949989	59.108116	630.271484	
-0.997297	0.018727	-0.071049	-0.053120	-0.851828	0.521120	-0.050762	0.523487	0.850520	91.256340	57.394035	618.641663	
-0.986350	0.070133	-0.148975	-0.132750	-0.873979	0.467481	-0.097415	0.480878	0.871359	95.715523	56.264576	613.374634	
-0.961334	0.168267	-0.217996	-0.248921	-0.869551	0.426520	-0.117789	0.464293	0.877814	98.145187	52.688011	602.512939	
-0.920458	0.261255	-0.290691	-0.359268	-0.858424	0.366106	-0.153888	0.441422	0.884004	99.920227	50.672668	600.369934	
-0.907157	0.298050	-0.297038	-0.383613	-0.875885	0.292688	-0.172935	0.379462	0.908901	100.812424	44.957802	599.378784	
-0.850361	0.328071	-0.411406	-0.442123	-0.869418	0.220545	-0.285329	0.369435	0.884366	99.918198	38.195518	594.391785	
-0.743508	0.343911	-0.573515	-0.481659	-0.870342	0.102520	-0.463896	0.352463	0.812754	96.358780	29.372440	589.439392	
-0.670311	0.394330	-0.628638	-0.551059	-0.831870	0.065776	-0.497007	0.390507	0.774911	93.266129	20.070112	585.619080	
-0.546445	0.404566	-0.733296	-0.620592	-0.783554	0.030166	-0.562372	0.471562	0.679239	85.098679	14.192606	581.532715	
-0.418435	0.388701	-0.820867	-0.679680	-0.733509	-0.000870	-0.602451	0.557563	0.571118	74.892685	7.828773	576.479126	
-0.359225	0.366401	-0.858316	-0.658711	-0.751054	-0.044927	-0.661102	0.549244	0.511150	63.172455	1.014788	573.400818	
-0.303825	0.336451	-0.891341	-0.625256	-0.776318	-0.079907	-0.718849	0.533040	0.446233	49.345322	-6.068074	571.576477	
-0.242505	0.316543	-0.917055	-0.636825	-0.765050	-0.095673	-0.731877	0.560803	0.387111	33.967091	-19.184319	570.724487	
-0.152539	0.221470	-0.963162	-0.601561	-0.794042	-0.087311	-0.784127	0.566082	0.254350	25.618225	-27.059965	569.364807	
-0.079403	0.116299	-0.990034	-0.587463	-0.807840	-0.047781	-0.805346	0.577814	0.132467	8.409932	-34.884178	569.825195	
-0.010259	-0.000788	-0.999946	-0.518076	-0.855314	0.005989	-0.855273	0.518110	0.008367	-0.311383	-42.620132	566.271179	
0.008004	-0.053148	-0.998553	-0.304217	-0.951383	0.048198	-0.952569	0.303390	-0.023783	-19.275723	-53.508713	564.833801	
0.008169	-0.108922	-0.994016	-0.030470	-0.993616	0.108626	-0.999502	0.029399	-0.011436	-32.722095	-54.572094	531.266602	
0.013672	-0.166502	-0.985945	0.027244	-0.985611	0.166822	-0.999535	-0.029143	-0.008939	-52.784737	-69.422249	556.743225	
-0.010802	-0.269831	-0.962846	0.066736	-0.960951	0.268550	-0.997712	-0.061357	0.028388	-72.687065	-86.904526	585.563354	
-0.051503	-0.392767	-0.918194	0.002897	-0.919470	0.393149	-0.998668	0.017587	0.048493	-80.544838	-97.867249	583.612671	
-0.139756	-0.493461	-0.858466	-0.138055	-0.848797	0.510376	-0.980514	0.189843	0.050499	-84.281342	-102.483078	571.959167	
-0.052296	-0.693542	-0.718515	-0.654153	-0.519853	0.549397	-0.754552	0.498750	-0.426496	-123.413002	-120.443001	591.853027	
-0.052296	-0.693542	-0.718515	-0.654153	-0.519853	0.549397	-0.754552	0.498750	-0.426496	-123.413002	-120.443001	591.853027	
-0.052296	-0.693542	-0.718515	-0.654153	-0.519853	0.549397	-0.754552	0.498750	-0.426496	-123.413002	-120.443001	591.853027	
-0.302201	-0.810939	-0.501051	-0.591476	-0.252686	0.765706	-0.747549	0.527757	-0.403289	-155.462097	-158.545807	600.723633	
-0.354528	-0.854022	-0.380732	-0.516164	-0.160772	0.841266	-0.779669	0.494772	-0.383817	-169.952423	-171.115463	611.681335	
-0.449252	-0.856975	-0.252523	-0.459807	-0.020557	0.887781	-0.765996	0.514949	-0.384808	-177.280334	-177.132706	620.734497	
-0.503224	-0.856752	-0.112885	-0.334545	0.072702	0.939571	-0.796771	0.510579	-0.323208	-186.069229	-185.844879	625.098511	
-0.550532	-0.834286	0.029709	-0.228553	0.184856	0.955820	-0.802918	0.519419	-0.292448	-193.408783	-189.704605	631.127808	
-0.583598	-0.794614	0.167339	-0.114531	0.284556	0.951794	-0.803925	0.536299	-0.257074	-198.291656	-193.352615	633.364929	
-0.634263	-0.712750	0.299498	0.050962	0.348003	0.936107	-0.771436	0.609001	-0.184402	-201.506287	-195.866959	644.462036	
-0.656342	-0.620369	0.429370	0.217479	0.389381	0.895034	-0.722439	0.680826	-0.120650	-202.147217	-201.700577	649.052917	
-0.646776	-0.526624	0.551677	0.349080	0.438719	0.828051	-0.678103	0.728143	-0.099920	-202.475281	-207.176025	667.065613	
-0.610248	-0.435544	0.661739	0.521705	0.407660	0.749425	-0.596171	0.802567	-0.021549	-198.471390	-205.664963	667.712646	
-0.605610	-0.356658	0.711359	0.626087	0.338212	0.702586	-0.491173	0.870866	0.018474	-195.874847	-207.518723	677.581421	
-0.538786	-0.255087	0.802895	0.757645	0.269996	0.594202	-0.368351	0.928457	0.047796	-188.077759	-207.345749	683.405151	
-0.447729	-0.168954	0.878062	0.852339	0.216194	0.476213	-0.270289	0.961621	0.047210	-183.846558	-206.519363	700.566833	
-0.397334	-0.126952	0.908850	0.896106	0.159779	0.414082	-0.197783	0.978955	0.050277	-178.310089	-204.159103	711.663147	
-0.277022	-0.070899	0.958244	0.954091	0.097895	0.283065	-0.113876	0.992668	0.040525	-165.156006	-201.839615	725.674133	
-0.150792	-0.025927	0.988226	0.987498	0.042482	0.151796	-0.045916	0.998760	0.019197	-150.482651	-198.620987	746.737305	
-0.010043	0.006376	0.999929	0.999165	-0.039524	0.010288	0.039588	0.999198	-0.005974	-131.473663	-193.378555	747.744141	
0.134518	0.016622	0.990772	0.976210	-0.173812	-0.129625	0.170054	0.984639	-0.039608	-117.306000	-194.544998	781.635010	
0.134518	0.016622	0.990772	0.976210	-0.173812	-0.129625	0.170054	0.984639	-0.039608	-117.306000	-194.544998	781.635010	
0.134518	0.016622	0.990772	0.976210	-0.173812	-0.129625	0.170054	0.984639	-0.039608	-117.306000	-194.544998	781.635010	
0.459010	-0.028414	0.887977	0.795188	-0.432603	-0.424888	0.396213	0.901137	-0.175974	-75.351608	-164.301575	813.443909	
0.576838	-0.056657	0.814892	0.699490	-0.480947	-0.528587	0.421867	0.874917	-0.237797	-64.774773	-159.181793	835.113159	
0.676825	-0.116911	0.726802	0.579831	-0.523625	-0.624189	0.453546	0.843889	-0.286613	-45.027714	-147.628860	836.032043	
0.715087	-0.145198	0.683790	0.515199	-0.551666	-0.655923	0.472462	0.821329	-0.319683	-24.948582	-141.442108	844.085632	
0.789416	-0.217712	0.573955	0.377066	-0.565835	-0.733248	0.484400	0.795256	-0.364587	-6.368718	-128.731918	855.507141	
0.844642	-0.270867	0.461748	0.237388	-0.583588	-0.776577	0.479819	0.765542	-0.428622	3.206688	-115.734474	865.239502	
0.860160	-0.330933	0.388083	0.112684	-0.618795	-0.777429	0.497420	0.712444	-0.494971	12.768702	-109.819580	881.845947	
0.870167	-0.421505	0.255235	-0.052720	-0.594634	-0.802266	0.489930	0.684649	-0.539651	21.506855	-95.731926	896.918945	
0.877313	-0.465388	0.117205	-0.184786	-0.552955	-0.812462	0.442919	0.691125	-0.571111	29.418049	-81.307999	904.000549	
0.845281	-0.532145	0.048194	-0.283870	-0.523656	-0.803245	0.452679	0.665286	-0.593696	36.120636	-67.047363	920.663513	
0.808659	-0.587780	-0.024212	-0.372558	-0.479839	-0.794327	0.455271	0.651360	-0.607008	42.355972	-52.835938	938.676392	
0.761744	-0.639934	-0.101152	-0.469407	-0.437526	-0.766961	0.446546	0.631709	-0.633672	52.222519	-45.978786	955.590637	
0.720399	-0.652812	-0.234225	-0.564733	-0.356076	-0.744504	0.402619	0.668614	-0.625182	59.980446	-31.579922	957.719849	
0.676642	-0.669555	-0.306353	-0.637516	-0.324555	-0.698741	0.368416	0.668101	-0.646459	63.267483	-17.807411	965.259827	
0.618820	-0.697852	-0.360645	-0.683941	-0.252827	-0.684328	0.386378	0.670135	-0.633744	64.437805	-3.675158	965.158020	
0.578837	-0.700495	-0.417438	-0.723141	-0.204379	-0.659771	0.376850	0.683766	-0.624858	66.349945	9.162033	979.265564	
0.532807	-0.704168	-0.469324	-0.761808	-0.157640	-0.628330	0.368464	0.692313	-0.620433	65.665894	21.685328	984.138123	
0.493218	-0.695901	-0.521976	-0.791368	-0.109783	-0.601403	0.361212	0.709697	-0.604860	63.810699	27.020416	993.506592	
0.447790	-0.683842	-0.576060	-0.819169	-0.055516	-0.570861	0.358397	0.727515	-0.585041	60.965118	37.579231	1005.952637	
0.386716	-0.620222	-0.682478	-0.861230	0.021733	-0.507753	0.329750	0.784125	-0.525749	53.241325	48.324215	1004.376099	
0.343493	-0.592126	-0.728972	-0.881520	0.064455	-0.467728	0.323939	0.803264	-0.499831	47.999737	58.529121	1009.233093	
0.302471	-0.556891	-0.773553	-0.896282	0.109978	-0.429633	0.324331	0.823272	-0.465866	37.307190	66.819153	1009.223877	
0.245453	-0.528700	-0.812545	-0.901015	0.184833	-0.392443	0.357669	0.828440	-0.430998	24.255163	75.584145	1022.035217	
0.194798	-0.501051	-0.843209	-0.900392	0.249631	-0.356344	0.389037	0.828632	-0.402514	16.920355	83.121948	1024.562134	
0.146647	-0.451723	-0.880024	-0.895670	0.316960	-0.311952	0.419847	0.833956	-0.358113	1.535434	86.359131	1031.879883	
0.084421	-0.341512	-0.936079	-0.889158	0.398202	-0.225467	0.449747	0.851355	-0.270042	-15.740431	89.359711	1040.912476	
0.067381	-0.276636	-0.958610	-0.896732	0.404433	-0.179743	0.437416	0.871726	-0.220818	-33.731812	90.654266	1034.718018	
0.028818	-0.153393	-0.987746	-0.893083	0.439885	-0.094369	0.448969	0.884857	-0.124316	-43.747093	91.191711	1028.406006	
0.012658	-0.085203	-0.996283	-0.856415	0.513373	-0.054785	0.516133	0.853925	-0.066471	-55.403702	96.031197	1068.989990	
0.012658	-0.085203	-0.996283	-0.856415	0.513373	-0.054785	0.516133	0.853925	-0.066471	-55.403702	96.031197	1068.989990	
0.012658	-0.085203	-0.996283	-0.856415	0.513373	-0.054785	0.516133	0.853925	-0.066471	-55.403702	96.031197	1068.989990	
0.012658	-0.085203	-0.996283	-0.856415	0.513373	-0.054785	0.516133	0.853925	-0.066471	-55.403702	96.031197	1068.989990	
0.011487	0.354076	-0.935146	-0.778124	0.590520	0.214031	0.628006	0.725201	0.282298	-104.472305	89.956505	1056.841675	
0.019724	0.416640	-0.908858	-0.760783	0.596066	0.256739	0.648707	0.686380	0.328729	-114.401527	86.234871	1060.210693	
0.045818	0.469246	-0.881878	-0.728420	0.619811	0.291956	0.683597	0.629001	0.370206	-123.330894	81.438103	1060.602661	
0.081119	0.524245	-0.847695	-0.695968	0.638609	0.328339	0.713477	0.563334	0.416661	-131.882050	75.227852	1057.564209	
0.132507	0.579040	-0.804460	-0.658623	0.657961	0.365106	0.740715	0.481457	0.468553	-139.870026	67.554855	1056.102783	
0.172467	0.616567	-0.768181	-0.627778	0.669762	0.396628	0.759046	0.413842	0.502578	-146.419312	63.580215	1048.372803	
0.210498	0.654300	-0.726349	-0.599075	0.673476	0.433058	0.772529	0.343979	0.533740	-152.032074	53.842915	1043.795654	
0.230737	0.688603	-0.687450	-0.592538	0.659842	0.462068	0.771790	0.300724	0.560272	-162.854187	43.075932	1041.190796	
0.296912	0.748415	-0.593058	-0.591421	0.631735	0.501131	0.749710	0.201955	0.630198	-172.682999	31.888565	1043.110229	
0.320756	0.797346	-0.511230	-0.594087	0.589740	0.547053	0.737684	0.128244	0.662855	-175.521561	26.811344	1040.705933	
0.337053	0.838534	-0.428084	-0.604199	0.541359	0.584701	0.722039	0.061573	0.689107	-177.655731	20.658176	1027.358521	
0.371563	0.870800	-0.321945	-0.618130	0.490773	0.614050	0.692717	-0.029155	0.720620	-179.714554	14.218636	1018.713806	
0.415947	0.892153	-0.176216	-0.636874	0.424098	0.643842	0.649139	-0.155577	0.744590	-179.479645	7.093781	1018.676697	
0.458794	0.887098	-0.050660	-0.646457	0.372365	0.665912	0.609593	-0.272767	0.744308	-178.343781	0.845303	1012.782959	
0.493206	0.865884	0.083628	-0.679793	0.323646	0.658130	0.542798	-0.381443	0.748245	-174.305847	-12.804098	1000.171753	
0.506147	0.843118	0.181568	-0.704907	0.283120	0.650345	0.496912	-0.457159	0.737620	-174.782394	-20.784828	1004.052429	
0.517917	0.796619	0.311706	-0.720031	0.209229	0.661649	0.461864	-0.567118	0.681953	-167.808304	-36.204052	996.924500	
0.526386	0.783422	0.330406	-0.707178	0.187661	0.681676	0.472036	-0.592481	0.652801	-153.858154	-42.782143	970.538208	
0.538939	0.759768	0.363728	-0.707963	0.174576	0.684333	0.456436	-0.626320	0.631973	-140.193298	-49.003685	953.582092	
0.543889	0.733167	0.408228	-0.715189	0.150517	0.682531	0.438964	-0.663183	0.606218	-132.581985	-63.262699	946.393555	
