0.998685	-0.044905	0.024724	0.043428	0.997409	0.057342	-0.027235	-0.056193	0.998049	18.604233	4.414326	543.640991	
0.990766	-0.128370	0.043638	0.123855	0.987846	0.093917	-0.055163	-0.087645	0.994624	27.127028	8.355921	542.402344	
0.978021	-0.176132	0.111587	0.164313	0.980528	0.107544	-0.128356	-0.086845	0.987919	36.207973	16.396267	540.884033	
0.962349	-0.208746	0.174095	0.209288	0.977732	0.015449	-0.173443	0.021569	0.984608	44.981785	18.812956	539.543335	
0.929658	-0.276324	0.243682	0.300944	0.951098	-0.069613	-0.212530	0.138051	0.967354	53.539982	24.474289	542.897339	
0.879981	-0.322063	0.349153	0.391540	0.907970	-0.149290	-0.268940	0.268080	0.925097	70.254181	26.744396	547.027527	
0.854732	-0.358174	0.375692	0.456738	0.862855	-0.216498	-0.246624	0.356640	0.901102	76.972267	31.152370	547.323547	
0.827462	-0.370256	0.422158	0.487467	0.846822	-0.212764	-0.278715	0.381842	0.881201	85.125504	32.814613	560.291809	
0.767160	-0.367772	0.525556	0.530625	0.824204	-0.197800	-0.360420	0.430617	0.827446	91.959351	34.228539	572.077393	
0.500642	-0.332847	0.799106	0.600728	0.798249	-0.043869	-0.623283	0.502008	0.599588	101.254974	32.537964	578.051697	
0.387301	-0.328765	0.861343	0.692966	0.720032	-0.036763	-0.608108	0.611120	0.506693	103.733940	30.072315	578.285217	
0.274590	-0.281925	0.919304	0.769956	0.637158	-0.034582	-0.575992	0.717320	0.392028	106.245682	27.281340	579.749023	
0.207844	-0.259744	0.943046	0.837639	0.545135	-0.034466	-0.505134	0.797095	0.330875	108.195023	25.547358	587.971863	
0.125565	-0.177581	0.976063	0.869781	0.492936	-0.022210	-0.477192	0.851751	0.216353	109.351814	20.688595	598.172913	
0.077422	-0.137207	0.987513	0.915474	0.402061	-0.015911	-0.394857	0.905274	0.156738	109.283798	14.929395	600.065735	
0.048736	-0.091445	0.994617	0.942615	0.333519	-0.015524	-0.330305	0.938298	0.102452	107.532669	8.381354	605.169128	
0.015817	-0.038268	0.999143	0.960856	0.277009	-0.004601	-0.276596	0.960105	0.041152	103.207039	4.798774	611.465027	
-0.001694	0.019729	0.999804	0.986682	0.162650	-0.001538	-0.162649	0.986487	-0.019741	99.478195	-3.445238	614.387512	
-0.013564	0.067302	0.997641	0.998940	0.044802	0.010559	-0.043986	0.996726	-0.067838	96.057533	-13.732320	625.398010	
-0.014000	0.096308	0.995253	0.998775	0.048577	0.009348	-0.047447	0.994165	-0.096870	88.362900	-20.443516	643.355286	
-0.050589	0.034999	0.998107	0.994507	0.093456	0.047129	-0.091630	0.995008	-0.039534	76.794014	-23.133865	648.987488	
-0.061172	-0.095026	0.993594	0.990465	0.117326	0.072200	-0.123436	0.988536	0.086943	68.679993	-30.005457	651.283936	
-0.048771	-0.177406	0.982929	0.988333	0.133587	0.073149	-0.144284	0.975029	0.168821	61.623779	-43.532051	664.882385	
-0.013863	-0.321507	0.946806	0.978865	0.188857	0.078462	-0.204038	0.927883	0.312094	53.855293	-52.658134	683.039856	
0.018141	-0.457443	0.889055	0.960009	0.256436	0.112355	-0.279382	0.851461	0.443801	47.109886	-67.125320	710.951904	
0.084634	-0.558153	0.825410	0.928922	0.343883	0.137291	-0.360474	0.755122	0.547586	29.635391	-81.916626	716.283997	
0.182413	-0.659173	0.729532	0.922343	0.371752	0.105275	-0.340600	0.653675	0.675797	12.044801	-96.681526	725.003540	
0.283140	-0.742190	0.607441	0.911735	0.404829	0.069656	-0.297608	0.534103	0.791305	4.274532	-103.913330	736.181946	
0.363112	-0.767668	0.528048	0.897078	0.441190	0.024520	-0.251793	0.464797	0.848861	-3.688107	-110.829285	738.868591	
0.535288	-0.778804	0.327000	0.842444	0.520333	-0.139794	-0.061277	0.350309	0.934628	-12.147266	-125.006111	744.760010	
0.615269	-0.788212	0.012868	0.778111	0.604604	-0.170286	0.126441	0.114785	0.985311	-21.016754	-138.564911	741.522217	
0.672850	-0.739225	-0.028623	0.718835	0.662452	-0.210789	0.174782	0.121254	0.977113	-30.583807	-143.935608	757.153259	
0.699790	-0.713937	-0.024247	0.687241	0.682109	-0.249855	0.194920	0.158183	0.967980	-38.521538	-157.174591	766.961975	
0.757166	-0.651162	-0.051840	0.614547	0.736991	-0.281382	0.221430	0.181195	0.958195	-46.498344	-171.001358	772.573486	
0.778913	-0.624651	-0.055720	0.585535	0.756193	-0.292096	0.224593	0.194892	0.954765	-54.346008	-178.591827	796.428711	
0.815232	-0.576240	-0.057823	0.542474	0.794770	-0.272144	0.202776	0.190493	0.960518	-68.518494	-193.572266	819.648926	
0.837290	-0.546575	-0.014123	0.520571	0.804821	-0.285076	0.167182	0.231339	0.958401	-82.773659	-207.930222	840.114746	
0.863524	-0.501146	0.056381	0.497982	0.829694	-0.252232	0.079626	0.245885	0.966023	-97.068779	-226.671326	877.669800	
0.870771	0.397514	-0.289380	0.473308	-0.518253	0.712315	0.133183	-0.757229	-0.639427	-104.406998	-221.511993	862.702026	
0.870771	0.397514	-0.289380	0.473308	-0.518253	0.712315	0.133183	-0.757229	-0.639427	-104.406998	-221.511993	862.702026	
0.870771	0.397514	-0.289380	0.473308	-0.518253	0.712315	0.133183	-0.757229	-0.639427	-104.406998	-221.511993	862.702026	
0.870771	0.397514	-0.289380	0.473308	-0.518253	0.712315	0.133183	-0.757229	-0.639427	-104.406998	-221.511993	862.702026	
0.835024	0.075647	-0.544989	0.517267	-0.445538	0.730705	-0.187537	-0.892061	-0.411165	-115.275497	-237.869171	900.926514	
0.787343	0.027075	-0.615920	0.568169	-0.419675	0.707853	-0.239321	-0.907270	-0.345812	-114.694366	-243.819748	918.508240	
0.731056	-0.010397	-0.682239	0.624049	-0.394120	0.674709	-0.275899	-0.919000	-0.281635	-113.338310	-247.651703	922.479431	
0.698471	-0.048762	-0.713975	0.648863	-0.377662	0.660567	-0.301851	-0.924659	-0.232146	-110.161461	-248.648087	929.710632	
0.630792	-0.073322	-0.772480	0.695150	-0.388932	0.604563	-0.344770	-0.918344	-0.194365	-106.151772	-249.768356	937.036682	
0.583546	-0.139127	-0.800074	0.700329	-0.412545	0.582534	-0.411112	-0.900250	-0.143305	-96.339203	-249.542740	949.783997	
0.532242	-0.189992	-0.824998	0.690114	-0.467083	0.552789	-0.490368	-0.863560	-0.117484	-91.160149	-247.927551	950.884216	
0.493297	-0.189637	-0.848938	0.736649	-0.427952	0.523645	-0.462607	-0.883683	-0.071412	-78.392807	-243.128693	948.548218	
0.417922	-0.254128	-0.872216	0.704827	-0.515059	0.487785	-0.573202	-0.818617	-0.036138	-74.011902	-246.143997	978.838989	
0.417922	-0.254128	-0.872216	0.704827	-0.515059	0.487785	-0.573202	-0.818617	-0.036138	-74.011902	-246.143997	978.838989	
0.417922	-0.254128	-0.872216	0.704827	-0.515059	0.487785	-0.573202	-0.818617	-0.036138	-74.011902	-246.143997	978.838989	
0.417922	-0.254128	-0.872216	0.704827	-0.515059	0.487785	-0.573202	-0.818617	-0.036138	-74.011902	-246.143997	978.838989	
0.187743	-0.188194	-0.964021	0.761718	-0.591745	0.263863	-0.620112	-0.783850	0.032255	-30.545738	-215.271088	990.113159	
0.111450	-0.156345	-0.981394	0.678980	-0.709124	0.190077	-0.725648	-0.687532	0.027123	-21.419441	-209.620667	1002.904297	
0.063459	-0.147427	-0.987035	0.557215	-0.815276	0.157597	-0.827940	-0.559992	0.030411	-11.314212	-196.895340	990.059937	
0.027570	-0.105016	-0.994088	0.423884	-0.899401	0.106769	-0.905297	-0.424322	0.019717	6.683686	-184.848450	976.090271	
0.004882	-0.019072	-0.999806	0.340969	-0.939870	0.019594	-0.940062	-0.340999	0.001914	17.297270	-181.896179	999.855957	
0.047325	0.014227	-0.998778	0.361369	-0.932415	0.003841	-0.931221	-0.361109	-0.049267	30.919598	-182.401413	1061.718872	
-0.025843	0.139531	-0.989880	0.639835	-0.758505	-0.123621	-0.768078	-0.636555	-0.069675	44.483299	-149.996002	1024.770020	
-0.025843	0.139531	-0.989880	0.639835	-0.758505	-0.123621	-0.768078	-0.636555	-0.069675	44.483299	-149.996002	1024.770020	
-0.025843	0.139531	-0.989880	0.639835	-0.758505	-0.123621	-0.768078	-0.636555	-0.069675	44.483299	-149.996002	1024.770020	
-0.025843	0.139531	-0.989880	0.639835	-0.758505	-0.123621	-0.768078	-0.636555	-0.069675	44.483299	-149.996002	1024.770020	
0.102131	0.337486	-0.935774	0.506908	-0.827054	-0.242952	-0.855929	-0.449539	-0.255542	89.189339	-105.101952	1004.863586	
0.121987	0.384341	-0.915097	0.557562	-0.789294	-0.257177	-0.821123	-0.478851	-0.310578	101.192329	-97.582634	1009.536743	
0.200341	0.392487	-0.897674	0.486187	-0.835298	-0.256708	-0.850580	-0.385008	-0.358167	110.930603	-81.573975	1004.572388	
0.256177	0.390312	-0.884325	0.423639	-0.867647	-0.260227	-0.868852	-0.307970	-0.387623	114.619904	-66.290634	999.522644	
0.338253	0.402810	-0.850488	0.399891	-0.879629	-0.257568	-0.851864	-0.252979	-0.458617	117.716782	-51.862690	998.911011	
0.427851	0.391253	-0.814779	0.370316	-0.898202	-0.236854	-0.824506	-0.200387	-0.529184	122.085342	-44.679344	995.502075	
0.490248	0.351585	-0.797525	0.342474	-0.919137	-0.194675	-0.801479	-0.177693	-0.571014	123.523582	-30.016497	989.351624	
0.546662	0.336168	-0.766911	0.322080	-0.929828	-0.177999	-0.772933	-0.149702	-0.616575	124.419792	-15.909064	990.819153	
0.629394	0.281927	-0.724141	0.248447	-0.955962	-0.156240	-0.736299	-0.081574	-0.671721	121.742081	-2.043716	988.117859	
0.661288	0.249687	-0.707357	0.233433	-0.964654	-0.122279	-0.712886	-0.084258	-0.696200	117.158577	3.911966	980.254395	
0.705802	0.168473	-0.688085	0.148076	-0.984939	-0.089266	-0.692761	-0.038885	-0.720119	114.037033	9.298897	978.259460	
0.721115	0.129568	-0.680592	0.120116	-0.990861	-0.061368	-0.682324	-0.037497	-0.730088	105.197266	20.640739	964.593445	
0.781742	0.093519	-0.616550	0.086500	-0.995395	-0.041307	-0.617574	-0.021040	-0.786232	95.035950	25.612539	958.556580	
0.871050	-0.003811	-0.491180	0.019068	-0.998954	0.041565	-0.490825	-0.045571	-0.870066	89.491074	30.906645	956.434021	
0.974429	-0.050348	-0.218981	-0.035765	-0.996901	0.070063	-0.221830	-0.060439	-0.973211	75.618164	38.950317	949.498291	
0.987765	-0.093868	-0.124539	-0.087258	-0.994524	0.057524	-0.129256	-0.045953	-0.990546	66.914383	44.545631	940.730042	
0.983204	-0.147715	-0.107187	-0.141692	-0.987978	0.061833	-0.115032	-0.045607	-0.992315	50.602219	46.750603	930.717712	
0.970927	-0.199273	-0.132628	-0.181654	-0.974203	0.133903	-0.155890	-0.105918	-0.982080	33.057335	50.553299	920.492188	
0.922006	-0.319880	-0.218131	-0.260656	-0.929424	0.261209	-0.286291	-0.183979	-0.940313	15.157236	53.736309	920.244873	
0.793413	-0.458191	-0.400695	-0.261829	-0.851191	0.454884	-0.549492	-0.255997	-0.795314	5.519732	54.950600	896.973999	
0.732796	-0.567414	-0.375567	-0.351902	-0.788420	0.504539	-0.582387	-0.237561	-0.777426	-13.580710	55.042664	884.000488	
0.652207	-0.664828	-0.364182	-0.387609	-0.705356	0.593492	-0.651448	-0.245918	-0.717732	-33.286106	53.997284	875.943909	
0.559192	-0.750967	-0.351214	-0.409350	-0.618504	0.670735	-0.720928	-0.231300	-0.653272	-52.819530	53.034317	868.894043	
0.458618	-0.829118	-0.319738	-0.418277	-0.518870	0.745533	-0.784037	-0.208175	-0.584764	-71.580338	49.498665	863.523071	
0.396344	-0.870926	-0.290514	-0.419368	-0.453227	0.786585	-0.816727	-0.189926	-0.544872	-80.461449	44.349636	854.248962	
0.348868	-0.903031	-0.250651	-0.367031	-0.377743	0.850058	-0.862310	-0.204561	-0.463224	-89.098373	38.876572	839.072144	
0.244691	-0.946456	-0.210585	-0.368475	-0.291662	0.882700	-0.896857	-0.138394	-0.420114	-106.133003	35.190144	827.775391	
0.115376	-0.973608	-0.196913	-0.306146	-0.223440	0.925392	-0.944968	-0.046484	-0.323846	-121.464882	31.331459	812.364441	
0.019417	-0.983289	-0.181011	-0.207885	-0.181059	0.961250	-0.977961	0.018965	-0.207927	-132.785187	25.617723	787.464966	
0.031433	-0.984441	-0.172881	-0.077012	-0.174838	0.981581	-0.996535	-0.017541	-0.081310	-139.591217	20.276258	745.329102	
-0.217946	-0.965939	-0.139504	-0.021686	-0.138112	0.990179	-0.975720	0.218831	0.009153	-153.768005	14.951000	777.650024	
-0.217946	-0.965939	-0.139504	-0.021686	-0.138112	0.990179	-0.975720	0.218831	0.009153	-153.768005	14.951000	777.650024	
-0.217946	-0.965939	-0.139504	-0.021686	-0.138112	0.990179	-0.975720	0.218831	0.009153	-153.768005	14.951000	777.650024	
-0.217946	-0.965939	-0.139504	-0.021686	-0.138112	0.990179	-0.975720	0.218831	0.009153	-153.768005	14.951000	777.650024	
-0.521976	-0.847994	-0.091910	0.300227	-0.283515	0.910759	-0.798376	0.447800	0.402578	-170.864838	-26.537886	725.072937	
-0.616957	-0.784635	-0.060919	0.353788	-0.345660	0.869110	-0.702992	0.514651	0.490852	-175.638611	-35.198944	738.805725	
-0.675211	-0.736832	-0.034175	0.393609	-0.399100	0.828124	-0.623828	0.545707	0.559501	-176.657806	-43.272739	742.090210	
-0.785733	-0.616944	0.044761	0.434538	-0.499024	0.749767	-0.440228	0.608567	0.660185	-175.073700	-51.199398	731.612488	
-0.854248	-0.489482	0.175123	0.453909	-0.538057	0.710254	-0.253430	0.686223	0.681814	-166.032455	-66.174217	701.811035	
-0.909246	-0.353956	0.219058	0.397397	-0.581500	0.709882	-0.123884	0.732510	0.669388	-158.687576	-75.163773	676.914612	
-0.950529	-0.223159	0.216090	0.310609	-0.691957	0.651702	0.004093	0.686581	0.727041	-155.915085	-91.260597	678.726562	
-0.972078	-0.037636	0.231618	0.164147	-0.814421	0.556572	0.167688	0.579051	0.797859	-148.518250	-96.364639	666.979797	
-0.968705	0.008097	0.248081	0.102844	-0.896544	0.430849	0.225905	0.442880	0.867654	-135.838989	-110.863556	664.924255	
-0.959821	0.108893	0.258623	-0.057447	-0.978367	0.198740	0.274670	0.175898	0.945312	-122.790840	-120.455360	674.333435	
-0.944675	0.199514	0.260350	-0.173280	-0.977492	0.120339	0.278500	0.068568	0.957985	-110.838440	-126.305389	659.345398	
-0.965851	0.223226	0.131534	-0.205864	-0.969423	0.133556	0.157326	0.101918	0.982273	-91.294998	-134.452301	647.592834	
-0.968167	0.221431	-0.116708	-0.245081	-0.933371	0.262208	-0.050871	0.282464	0.957927	-79.009880	-139.558792	621.304810	
-0.931170	0.323143	-0.168823	-0.360353	-0.886097	0.291507	-0.055395	0.332279	0.941552	-68.788559	-144.490387	607.579163	
-0.893918	0.407524	-0.186641	-0.433506	-0.891888	0.128868	-0.113946	0.196108	0.973938	-61.150639	-155.151398	602.559570	
-0.857516	0.479162	-0.187266	-0.491512	-0.870562	0.023167	-0.151926	0.111910	0.982035	-52.998867	-160.950134	602.101746	
-0.772571	0.628013	-0.093447	-0.621530	-0.778108	-0.090823	-0.129750	-0.012086	0.991472	-33.061348	-168.604889	594.669617	
-0.660528	0.747294	0.072477	-0.730259	-0.617030	-0.293251	-0.174424	-0.246627	0.953284	-22.423801	-170.373062	583.314087	
-0.534089	0.797079	0.281803	-0.825741	-0.420306	-0.376158	-0.181385	-0.433598	0.882661	-6.024505	-171.866364	563.830139	
-0.410077	0.796448	0.444417	-0.891452	-0.247038	-0.379849	-0.192742	-0.551944	0.811300	9.238820	-173.885406	548.049927	
-0.274648	0.846713	0.455681	-0.940469	-0.137871	-0.310660	-0.200215	-0.513876	0.834173	16.748489	-178.981094	542.275879	
-0.128672	0.956303	0.262539	-0.975891	-0.075041	-0.204953	-0.176296	-0.282581	0.942903	25.281063	-184.384735	547.101868	
-0.039889	0.999158	0.009558	-0.581462	-0.015432	-0.813427	-0.812595	-0.038004	0.581588	45.679001	-194.960007	572.968994	
-0.039889	0.999158	0.009558	-0.581462	-0.015432	-0.813427	-0.812595	-0.038004	0.581588	45.679001	-194.960007	572.968994	
-0.039889	0.999158	0.009558	-0.581462	-0.015432	-0.813427	-0.812595	-0.038004	0.581588	45.679001	-194.960007	572.968994	
-0.039889	0.999158	0.009558	-0.581462	-0.015432	-0.813427	-0.812595	-0.038004	0.581588	45.679001	-194.960007	572.968994	
-0.039889	0.999158	0.009558	-0.581462	-0.015432	-0.813427	-0.812595	-0.038004	0.581588	45.679001	-194.960007	572.968994	
-0.039889	0.999158	0.009558	-0.581462	-0.015432	-0.813427	-0.812595	-0.038004	0.581588	45.679001	-194.960007	572.968994	
-0.039889	0.999158	0.009558	-0.581462	-0.015432	-0.813427	-0.812595	-0.038004	0.581588	45.679001	-194.960007	572.968994	
-0.039889	0.999158	0.009558	-0.581462	-0.015432	-0.813427	-0.812595	-0.038004	0.581588	45.679001	-194.960007	572.968994	
-0.039889	0.999158	0.009558	-0.581462	-0.015432	-0.813427	-0.812595	-0.038004	0.581588	45.679001	-194.960007	572.968994	
-0.039889	0.999158	0.009558	-0.581462	-0.015432	-0.813427	-0.812595	-0.038004	0.581588	45.679001	-194.960007	572.968994	
-0.039889	0.999158	0.009558	-0.581462	-0.015432	-0.813427	-0.812595	-0.038004	0.581588	45.679001	-194.960007	572.968994	
-0.039889	0.999158	0.009558	-0.581462	-0.015432	-0.813427	-0.812595	-0.038004	0.581588	45.679001	-194.960007	572.968994	
-0.039889	0.999158	0.009558	-0.581462	-0.015432	-0.813427	-0.812595	-0.038004	0.581588	45.679001	-194.960007	572.968994	
0.869667	0.465310	-0.164822	0.198458	-0.635288	-0.746340	-0.451989	0.616357	-0.644834	55.476429	-137.322922	569.332336	
0.923270	0.343515	-0.171959	0.156395	-0.744976	-0.648499	-0.350875	0.571847	-0.741538	42.953403	-131.616684	577.262207	
0.946400	0.276439	-0.167057	0.125218	-0.790774	-0.599164	-0.297737	0.546130	-0.783004	28.658878	-124.911819	580.685547	
0.962071	0.206497	-0.178263	0.096902	-0.869532	-0.484277	-0.255008	0.448635	-0.856562	20.262169	-117.832199	588.377808	
0.986562	0.084740	-0.139690	0.008889	-0.881557	-0.471995	-0.163143	0.464411	-0.870464	3.228468	-111.221260	593.533813	
0.986460	0.017648	-0.163047	-0.053603	-0.904892	-0.422253	-0.154993	0.425275	-0.891694	-14.846987	-97.443481	602.557983	
0.964545	-0.080990	-0.251181	-0.149613	-0.951841	-0.267611	-0.217411	0.295703	-0.930211	-33.293999	-90.142097	614.180847	
0.950345	-0.239632	-0.198547	-0.284107	-0.928448	-0.239307	-0.126996	0.283833	-0.950427	-43.705437	-75.008217	616.617065	
0.912000	-0.363207	-0.190622	-0.396506	-0.899633	-0.182877	-0.105068	0.242366	-0.964479	-53.616364	-67.468140	623.948181	
0.899347	-0.428999	-0.084470	-0.430771	-0.902456	-0.003080	-0.074909	0.039158	-0.996421	-74.045494	-53.248489	645.323975	
0.852314	-0.520028	-0.055965	-0.521707	-0.852883	-0.020293	-0.037180	0.046493	-0.998227	-94.247055	-46.271008	652.895569	
0.787529	-0.615949	-0.020128	-0.615587	-0.787773	0.021614	-0.029170	-0.004631	-0.999564	-114.581596	-40.173744	674.803589	
0.761161	-0.648547	-0.004743	-0.648015	-0.760797	0.035565	-0.026675	-0.023997	-0.999356	-136.964615	-34.939751	708.129700	
0.572388	-0.661608	-0.484404	-0.471495	-0.748879	0.465696	-0.670869	-0.038165	-0.740594	-144.275543	-19.957342	695.427246	
0.435949	-0.703908	-0.560769	-0.503905	-0.707185	0.495954	-0.745673	0.066364	-0.662999	-150.609253	-7.210052	693.498474	
0.319516	-0.741495	-0.589995	-0.544669	-0.653212	0.525975	-0.775400	0.153295	-0.612581	-156.876877	-1.864407	699.417603	
0.204863	-0.762212	-0.614056	-0.512244	-0.618079	0.596308	-0.834049	0.192386	-0.517060	-169.212799	2.799108	701.933350	
0.150907	-0.744738	-0.650071	-0.422924	-0.643020	0.638483	-0.893511	0.178580	-0.412005	-179.836700	8.228901	711.174988	
0.071831	-0.721778	-0.688387	-0.419755	-0.647953	0.635581	-0.904791	0.243300	-0.349514	-183.692780	17.049828	713.442566	
0.038040	-0.683946	-0.728540	-0.296182	-0.704025	0.645465	-0.954374	0.191228	-0.229354	-183.892715	21.473398	703.976440	
-0.104576	-0.637919	-0.762970	-0.399269	-0.675705	0.619683	-0.910850	0.369434	-0.184039	-194.233994	28.538300	747.955994	
-0.104576	-0.637919	-0.762970	-0.399269	-0.675705	0.619683	-0.910850	0.369434	-0.184039	-194.233994	28.538300	747.955994	
-0.104576	-0.637919	-0.762970	-0.399269	-0.675705	0.619683	-0.910850	0.369434	-0.184039	-194.233994	28.538300	747.955994	
-0.104576	-0.637919	-0.762970	-0.399269	-0.675705	0.619683	-0.910850	0.369434	-0.184039	-194.233994	28.538300	747.955994	
-0.302858	-0.483215	-0.821450	-0.319972	-0.760344	0.565239	-0.897716	0.434028	0.075661	-192.302795	39.835396	794.146912	
-0.290490	-0.445819	-0.846676	-0.286623	-0.803663	0.521509	-0.912942	0.394170	0.105674	-188.669006	42.494301	807.763977	
-0.290490	-0.445819	-0.846676	-0.286623	-0.803663	0.521509	-0.912942	0.394170	0.105674	-188.669006	42.494301	807.763977	
-0.290490	-0.445819	-0.846676	-0.286623	-0.803663	0.521509	-0.912942	0.394170	0.105674	-188.669006	42.494301	807.763977	
-0.290490	-0.445819	-0.846676	-0.286623	-0.803663	0.521509	-0.912942	0.394170	0.105674	-188.669006	42.494301	807.763977	
-0.286095	-0.237124	-0.928398	-0.256580	-0.914556	0.312657	-0.923210	0.327658	0.200808	-158.229492	37.908665	850.142273	
-0.291188	-0.185605	-0.938489	-0.257702	-0.929518	0.263789	-0.921304	0.318663	0.222833	-144.677246	35.748657	870.014099	
-0.253523	-0.111784	-0.960849	-0.333178	-0.922431	0.195225	-0.908141	0.369627	0.196614	-137.206787	30.808460	891.438721	
-0.237826	-0.080565	-0.967961	-0.276273	-0.949781	0.146932	-0.931189	0.302366	0.203625	-119.055008	24.359060	898.188965	
-0.241128	-0.053121	-0.969039	-0.211933	-0.971519	0.105993	-0.947071	0.230929	0.223002	-102.491234	17.443531	915.633118	
-0.229432	-0.039645	-0.972517	-0.227821	-0.969227	0.093258	-0.946287	0.242956	0.213340	-84.120438	13.381691	927.987793	
-0.204030	-0.004138	-0.978956	-0.219383	-0.974365	0.049842	-0.954067	0.224936	0.197892	-66.918106	5.685895	961.894531	
-0.131633	0.000325	-0.991299	-0.248953	-0.967962	0.032741	-0.959529	0.251096	0.127497	-46.751389	1.097919	978.173523	
0.014934	0.002601	-0.999885	-0.153992	-0.988060	-0.004869	-0.987960	0.154047	-0.014356	-30.137777	-3.881302	924.229431	
0.084030	-0.014427	-0.996359	-0.217697	-0.976007	-0.004227	-0.972392	0.217259	-0.085155	-21.166500	-16.744600	960.642029	
0.084030	-0.014427	-0.996359	-0.217697	-0.976007	-0.004227	-0.972392	0.217259	-0.085155	-21.166500	-16.744600	960.642029	
0.084030	-0.014427	-0.996359	-0.217697	-0.976007	-0.004227	-0.972392	0.217259	-0.085155	-21.166500	-16.744600	960.642029	
0.269043	-0.169743	-0.948052	-0.403349	-0.913727	0.049133	-0.874600	0.369177	-0.314298	26.615875	-35.470566	974.105530	
0.288315	-0.212022	-0.933768	-0.332144	-0.936775	0.110151	-0.898084	0.278387	-0.340507	35.093079	-48.225697	979.491272	
0.331176	-0.277835	-0.901737	-0.295162	-0.938210	0.180671	-0.896215	0.206324	-0.392719	51.303696	-61.846291	988.077698	
0.340937	-0.321675	-0.883339	-0.248030	-0.937122	0.245530	-0.906776	0.135385	-0.399284	64.916718	-68.199501	997.466675	
0.322260	-0.391137	-0.862068	-0.314529	-0.903156	0.292202	-0.892872	0.176981	-0.414075	77.394951	-83.120438	996.731140	
0.299650	-0.496093	-0.814924	-0.398318	-0.841221	0.365639	-0.866921	0.215035	-0.449674	87.771927	-90.850952	1004.606079	
0.252355	-0.562919	-0.787044	-0.389123	-0.803742	0.450094	-0.885946	0.192673	-0.421873	92.729836	-104.938110	1005.360901	
0.180164	-0.616750	-0.766264	-0.453954	-0.743224	0.491472	-0.872621	0.259303	-0.413878	95.667374	-112.742966	1009.030090	
0.150560	-0.688283	-0.709647	-0.459817	-0.684213	0.566058	-0.875157	0.241082	-0.419499	98.631058	-120.192612	1014.097534	
0.101888	-0.725309	-0.680842	-0.441388	-0.646309	0.622466	-0.891513	0.237093	-0.385994	100.136932	-133.627853	1016.526550	
0.008275	-0.763486	-0.645772	-0.466629	-0.574118	0.672791	-0.884415	0.295768	-0.361015	100.730621	-147.720886	1024.637573	
-0.094463	-0.785892	-0.611107	-0.474916	-0.503926	0.721467	-0.874946	0.358376	-0.325630	100.330292	-154.679092	1030.650879	
-0.160379	-0.803165	-0.573764	-0.378621	-0.486766	0.787214	-0.911551	0.343492	-0.226028	98.406166	-166.700333	1027.582642	
-0.214752	-0.814027	-0.539669	-0.340749	-0.455393	0.822501	-0.915299	0.360525	-0.179582	91.209152	-176.985062	1024.584473	
-0.356289	-0.813341	-0.459930	-0.311541	-0.360660	0.879129	-0.880909	0.456510	-0.124890	86.385963	-182.414917	1023.302368	
-0.427685	-0.799869	-0.421064	-0.202211	-0.369352	0.907023	-0.881020	0.473064	-0.003776	75.667503	-186.011505	1016.801208	
-0.499953	-0.782802	-0.370496	-0.098144	-0.373834	0.922289	-0.860473	0.497463	0.110072	62.362503	-197.814728	1044.838867	
-0.416738	-0.854114	-0.311157	-0.052175	-0.319258	0.946231	-0.907528	0.410565	0.088484	53.947567	-205.891907	1071.630615	
-0.744460	-0.643256	-0.178889	0.088155	-0.360286	0.928667	-0.661822	0.675585	0.324925	49.048401	-203.804001	1023.390015	
-0.744460	-0.643256	-0.178889	0.088155	-0.360286	0.928667	-0.661822	0.675585	0.324925	49.048401	-203.804001	1023.390015	
-0.744460	-0.643256	-0.178889	0.088155	-0.360286	0.928667	-0.661822	0.675585	0.324925	49.048401	-203.804001	1023.390015	
-0.744460	-0.643256	-0.178889	0.088155	-0.360286	0.928667	-0.661822	0.675585	0.324925	49.048401	-203.804001	1023.390015	
-0.959523	-0.247567	0.134265	0.263539	-0.621167	0.738038	-0.099313	0.743547	0.661267	2.151622	-211.218140	988.013977	
-0.966220	-0.192613	0.171227	0.257080	-0.673633	0.692912	-0.018120	0.713525	0.700395	-17.657900	-215.533997	1000.650024	
-0.966220	-0.192613	0.171227	0.257080	-0.673633	0.692912	-0.018120	0.713525	0.700395	-17.657900	-215.533997	1000.650024	
-0.966220	-0.192613	0.171227	0.257080	-0.673633	0.692912	-0.018120	0.713525	0.700395	-17.657900	-215.533997	1000.650024	
-0.966220	-0.192613	0.171227	0.257080	-0.673633	0.692912	-0.018120	0.713525	0.700395	-17.657900	-215.533997	1000.650024	
-0.864528	0.138803	0.483036	0.073047	-0.916198	0.394012	0.497246	0.375920	0.781940	-66.691711	-205.982635	962.358459	
-0.901330	0.243061	0.358504	-0.089312	-0.914209	0.395279	0.423824	0.324259	0.845712	-78.344536	-200.001480	927.502319	
-0.936627	0.343986	0.066352	-0.293264	-0.873481	0.388624	0.191638	0.344537	0.919004	-95.178513	-196.596588	926.302612	
-0.669607	0.364885	0.646905	-0.388956	-0.914288	0.113095	0.632724	-0.175888	0.754137	-103.285004	-198.449005	951.872009	
-0.669607	0.364885	0.646905	-0.388956	-0.914288	0.113095	0.632724	-0.175888	0.754137	-103.285004	-198.449005	951.872009	
-0.669607	0.364885	0.646905	-0.388956	-0.914288	0.113095	0.632724	-0.175888	0.754137	-103.285004	-198.449005	951.872009	
-0.669607	0.364885	0.646905	-0.388956	-0.914288	0.113095	0.632724	-0.175888	0.754137	-103.285004	-198.449005	951.872009	
-0.307738	0.467445	0.828729	-0.917745	-0.375672	-0.128896	0.251078	-0.800229	0.544604	-133.603271	-161.113403	907.281189	
-0.248326	0.442371	0.861767	-0.963305	-0.206333	-0.171669	0.101869	-0.872774	0.477376	-140.992798	-148.964462	897.453857	
-0.172102	0.370119	0.912904	-0.983925	-0.019735	-0.177490	-0.047677	-0.928775	0.367566	-143.340622	-135.969421	892.713684	
-0.131358	0.264297	0.955454	-0.985352	0.070914	-0.155085	-0.108744	-0.961831	0.251111	-144.001572	-118.451973	878.811584	
-0.107895	0.171524	0.979254	-0.992686	-0.072237	-0.096722	0.054148	-0.982528	0.178064	-146.966644	-104.213470	872.407349	
-0.026509	0.125781	0.991704	-0.880230	0.467269	-0.082795	-0.473806	-0.875122	0.098329	-145.270996	-102.653000	872.351990	
-0.026509	0.125781	0.991704	-0.880230	0.467269	-0.082795	-0.473806	-0.875122	0.098329	-145.270996	-102.653000	872.351990	
-0.026509	0.125781	0.991704	-0.880230	0.467269	-0.082795	-0.473806	-0.875122	0.098329	-145.270996	-102.653000	872.351990	
-0.020690	-0.110445	0.993667	-0.503269	0.859929	0.085101	-0.863882	-0.498321	-0.073375	-129.546829	-71.643433	827.148376	
-0.040330	-0.226041	0.973283	-0.340256	0.918964	0.199326	-0.939467	-0.323126	-0.113974	-119.001228	-62.867405	812.233887	
-0.063404	-0.275976	0.959071	-0.236719	0.937738	0.254187	-0.969507	-0.210913	-0.124785	-112.516563	-54.973160	804.896423	
-0.111069	-0.379504	0.918499	-0.149086	0.920122	0.362146	-0.982566	-0.096712	-0.158776	-105.438736	-41.135017	799.557495	
-0.151257	-0.430195	0.889974	-0.064711	0.902711	0.425353	-0.986374	0.006747	-0.164380	-98.364021	-27.019337	792.184814	
-0.185885	-0.469933	0.862908	0.086012	0.867060	0.490722	-0.978799	0.165439	-0.120754	-81.211166	-12.551473	770.800171	
-0.248998	-0.499713	0.829631	0.255751	0.792278	0.553973	-0.934126	0.350118	-0.069474	-71.776375	-6.111367	761.118958	
-0.296382	-0.532799	0.792643	0.319102	0.726996	0.607989	-0.900184	0.433132	-0.045452	-62.703499	1.283643	752.608643	
-0.240547	-0.613289	0.752339	0.309674	0.686101	0.658306	-0.919912	0.391334	0.024880	-51.904358	7.464124	738.210693	
-0.353398	-0.626411	0.694780	0.251675	0.651656	0.715545	-0.900982	0.427731	-0.072642	-30.862850	20.598631	729.863159	
-0.572968	-0.617316	0.539100	0.129699	0.581193	0.803364	-0.809250	0.530223	-0.252940	-20.746893	32.898544	746.015930	
-0.835303	-0.465050	0.293250	0.041499	0.478533	0.877088	-0.548220	0.744805	-0.380422	-12.370463	39.248600	716.378052	
-0.873398	-0.485463	0.038746	-0.239909	0.498125	0.833256	-0.423815	0.718469	-0.551529	-1.863387	49.364918	728.585510	
-0.865772	-0.477054	-0.151183	-0.396608	0.469853	0.788632	-0.305187	0.742737	-0.595990	8.368847	52.597794	700.812866	
-0.742112	-0.451698	-0.495215	-0.665131	0.404910	0.627414	-0.082885	0.794995	-0.600927	16.422375	54.015083	658.463684	
-0.906350	-0.360980	0.219598	0.389831	-0.513937	0.764134	-0.162977	0.778179	0.606527	35.853001	54.402599	664.072998	
-0.906350	-0.360980	0.219598	0.389831	-0.513937	0.764134	-0.162977	0.778179	0.606527	35.853001	54.402599	664.072998	
-0.906350	-0.360980	0.219598	0.389831	-0.513937	0.764134	-0.162977	0.778179	0.606527	35.853001	54.402599	664.072998	
-0.906350	-0.360980	0.219598	0.389831	-0.513937	0.764134	-0.162977	0.778179	0.606527	35.853001	54.402599	664.072998	
-0.992983	-0.095087	-0.070300	0.037931	-0.819194	0.572261	-0.112003	0.565580	0.817052	82.912842	59.094803	630.602844	
-0.996411	0.018839	-0.082516	-0.058747	-0.855763	0.514022	-0.060930	0.517026	0.853798	91.505333	57.564888	620.838318	
-0.985012	0.067653	-0.158665	-0.135270	-0.873731	0.467221	-0.107021	0.481681	0.869787	96.267143	56.345592	616.424194	
-0.964025	0.166679	-0.207057	-0.243539	-0.865975	0.436779	-0.106504	0.471494	0.875414	98.604416	52.582645	604.601379	
-0.920665	0.259857	-0.291289	-0.358215	-0.858931	0.365951	-0.155102	0.441263	0.883872	100.458221	50.716412	603.109497	
-0.884436	0.292418	-0.363681	-0.397506	-0.880327	0.258870	-0.244459	0.373520	0.894830	101.800903	45.133762	601.096741	
-0.822729	0.324753	-0.466532	-0.453177	-0.870178	0.193447	-0.343143	0.370577	0.863090	100.375694	38.018978	593.141235	
-0.735737	0.335675	-0.588228	-0.477427	-0.873086	0.098921	-0.480368	0.353617	0.802621	96.746124	29.218735	590.016052	
-0.661495	0.387698	-0.641961	-0.546351	-0.835519	0.058384	-0.513735	0.389358	0.764510	93.758514	20.188589	586.151489	
-0.540316	0.398149	-0.741307	-0.613044	-0.789723	0.022678	-0.576398	0.466708	0.670782	85.908424	14.312120	584.099487	
-0.419167	0.382526	-0.823391	-0.667761	-0.744353	-0.005867	-0.615137	0.547369	0.567443	75.536827	7.950609	579.483093	
-0.350661	0.349371	-0.868894	-0.616293	-0.784680	-0.066791	-0.705138	0.512073	0.490471	64.424644	1.869081	576.827820	
-0.290880	0.312935	-0.904135	-0.560114	-0.821831	-0.104247	-0.775668	0.476095	0.414333	50.816093	-4.758248	574.451172	
-0.228544	0.282233	-0.931725	-0.516949	-0.846163	-0.129512	-0.824943	0.452056	0.339285	35.892849	-16.881170	574.879150	
-0.127206	0.199727	-0.971559	-0.455301	-0.881981	-0.121699	-0.881203	0.426872	0.203129	27.473885	-24.347979	572.227417	
-0.041117	0.127174	-0.991028	-0.393245	-0.913875	-0.100958	-0.918513	0.385566	0.087586	10.709465	-31.397791	579.733521	
0.004592	0.037274	-0.999294	-0.448920	-0.892873	-0.035367	-0.893560	0.448766	0.012633	1.794600	-40.673737	592.663269	
0.000920	0.027987	-0.999608	-0.322500	-0.946191	-0.026788	-0.946569	0.322398	0.008155	-17.359287	-53.120697	617.552246	
-0.039599	0.069576	-0.996790	-0.144464	-0.987491	-0.063187	-0.988717	0.141498	0.049154	-29.334549	-58.133789	600.215942	
0.073499	-0.272293	-0.959403	-0.621062	-0.765193	0.169594	-0.780308	0.583384	-0.225352	-61.751598	-82.858101	575.432007	
0.073499	-0.272293	-0.959403	-0.621062	-0.765193	0.169594	-0.780308	0.583384	-0.225352	-61.751598	-82.858101	575.432007	
0.073499	-0.272293	-0.959403	-0.621062	-0.765193	0.169594	-0.780308	0.583384	-0.225352	-61.751598	-82.858101	575.432007	
-0.022381	-0.644889	-0.763949	-0.685394	-0.546405	0.481329	-0.727828	0.534379	-0.429774	-103.081779	-111.856110	580.628845	
-0.037191	-0.691021	-0.721877	-0.647689	-0.533439	0.544006	-0.760997	0.487785	-0.427727	-122.353149	-119.767166	584.460510	
-0.070501	-0.763259	-0.642235	-0.620803	-0.470384	0.627171	-0.780790	0.442918	-0.440671	-129.509796	-132.311768	578.392334	
-0.123181	-0.808754	-0.575103	-0.624548	-0.387182	0.678256	-0.771211	0.442728	-0.457412	-146.910141	-146.633408	591.591492	
-0.283925	-0.817071	-0.501779	-0.600576	-0.256404	0.757341	-0.747459	0.516385	-0.417914	-156.534714	-160.134048	605.699219	
-0.341403	-0.866964	-0.363067	-0.499793	-0.159693	0.851296	-0.796022	0.472094	-0.378783	-171.378922	-172.941696	617.608093	
-0.457531	-0.855793	-0.241424	-0.435392	-0.021121	0.899993	-0.775306	0.516889	-0.362942	-177.237350	-177.230301	620.552734	
-0.508036	-0.854910	-0.105014	-0.322174	0.075538	0.943662	-0.798813	0.513248	-0.313806	-186.282318	-186.160507	625.709106	
-0.551598	-0.833396	0.034512	-0.218796	0.184492	0.958170	-0.804902	0.520975	-0.284110	-193.712677	-190.312561	632.278931	
-0.581336	-0.794947	0.173518	-0.108641	0.287180	0.951695	-0.806378	0.534404	-0.253313	-199.188293	-194.355728	636.155823	
-0.630143	-0.712938	0.307637	0.057567	0.352209	0.934149	-0.774343	0.606357	-0.180900	-202.510727	-196.880844	647.791992	
-0.652439	-0.620791	0.434675	0.220414	0.393333	0.892584	-0.725080	0.678166	-0.119796	-203.115295	-202.946167	652.591736	
-0.650257	-0.522578	0.551433	0.357113	0.430401	0.828990	-0.670549	0.735981	-0.093252	-203.288986	-207.755539	669.820923	
-0.605478	-0.438087	0.664438	0.519309	0.415169	0.746962	-0.603088	0.797318	-0.023874	-199.998962	-207.547272	673.619507	
-0.600436	-0.358099	0.715012	0.629578	0.339612	0.698780	-0.493059	0.869729	0.021535	-196.311050	-208.830536	680.655029	
-0.534869	-0.257510	0.804738	0.756888	0.277297	0.591798	-0.375546	0.925632	0.046588	-189.535400	-209.231766	689.473145	
-0.446848	-0.167853	0.878722	0.855861	0.205739	0.474523	-0.260438	0.964104	0.051723	-184.105881	-206.910049	702.204224	
-0.390454	-0.130636	0.911307	0.898454	0.161847	0.408147	-0.200811	0.978131	0.054175	-179.069336	-204.881760	714.853882	
-0.272317	-0.075604	0.959233	0.955853	0.093127	0.278696	-0.110401	0.992780	0.046905	-165.922943	-202.877762	729.656067	
-0.144403	-0.028385	0.989112	0.988817	0.033481	0.145320	-0.037241	0.999036	0.023231	-150.710815	-198.946655	748.410278	
-0.001437	0.003930	0.999991	0.998842	-0.048073	0.001624	0.048079	0.998836	-0.003857	-131.497971	-193.315445	748.189331	
0.134518	0.016622	0.990772	0.976210	-0.173812	-0.129625	0.170054	0.984639	-0.039608	-117.306000	-194.544998	781.635010	
0.134518	0.016622	0.990772	0.976210	-0.173812	-0.129625	0.170054	0.984639	-0.039608	-117.306000	-194.544998	781.635010	
0.134518	0.016622	0.990772	0.976210	-0.173812	-0.129625	0.170054	0.984639	-0.039608	-117.306000	-194.544998	781.635010	
0.460458	-0.029277	0.887199	0.794923	-0.431210	-0.426796	0.395064	0.901776	-0.175281	-75.247032	-164.142151	812.675049	
0.578533	-0.060147	0.813439	0.696218	-0.483154	-0.530888	0.424947	0.873467	-0.237645	-65.522125	-160.636002	842.299744	
0.673772	-0.124455	0.728384	0.578886	-0.523739	-0.624971	0.459263	0.842739	-0.280835	-45.571053	-148.771057	843.142212	
0.714793	-0.145656	0.684000	0.519272	-0.544591	-0.658617	0.468432	0.825957	-0.313634	-25.263897	-141.633057	845.363953	
0.787380	-0.222784	0.574805	0.373384	-0.569583	-0.732229	0.490528	0.791165	-0.365293	-6.433769	-129.269501	859.818054	
0.842282	-0.286988	0.456290	0.215632	-0.596420	-0.773167	0.494029	0.749614	-0.440469	3.283741	-116.787102	875.413147	
0.860377	-0.332686	0.386100	0.112227	-0.615300	-0.780263	0.497149	0.714650	-0.492053	12.799292	-109.786263	883.047974	
0.870703	-0.420065	0.255778	-0.048558	-0.590959	-0.805239	0.489406	0.688703	-0.534947	21.302046	-96.129402	898.654053	
0.879645	-0.460902	0.117453	-0.180464	-0.551893	-0.814154	0.440065	0.694970	-0.568646	29.500658	-81.725060	907.131165	
0.849242	-0.526152	0.044201	-0.282221	-0.523082	-0.804199	0.446251	0.670484	-0.592714	36.310921	-67.427589	925.706787	
0.807444	-0.589461	-0.023860	-0.372391	-0.477898	-0.795574	0.457557	0.651267	-0.605385	42.323677	-53.232315	943.331421	
0.760487	-0.641982	-0.097564	-0.467502	-0.437022	-0.768409	0.450667	0.629977	-0.632477	52.619804	-46.434082	961.745422	
0.720382	-0.656532	-0.223643	-0.560057	-0.360423	-0.745943	0.409129	0.662616	-0.627337	60.721481	-32.004047	966.906067	
0.681457	-0.672653	-0.288364	-0.620811	-0.322635	-0.714493	0.387569	0.665916	-0.637452	63.367653	-17.956003	966.118469	
0.621122	-0.696878	-0.358564	-0.679469	-0.250840	-0.689494	0.390551	0.671892	-0.629309	65.199280	-3.889179	972.503723	
0.576970	-0.704617	-0.413063	-0.720203	-0.200361	-0.664201	0.385245	0.680713	-0.623069	66.861633	9.369061	986.690125	
0.532381	-0.703964	-0.470112	-0.762792	-0.158149	-0.627008	0.367043	0.692404	-0.621173	66.285507	21.800724	992.358459	
0.496138	-0.688091	-0.529506	-0.791961	-0.108681	-0.600822	0.355872	0.717438	-0.598862	64.283676	26.989788	998.611389	
0.448784	-0.680766	-0.578921	-0.819935	-0.056052	-0.569706	0.355386	0.730352	-0.583339	61.487061	37.869041	1010.876526	
0.386203	-0.615691	-0.686856	-0.861773	0.024699	-0.506694	0.328931	0.787600	-0.521046	53.591911	49.157242	1013.631836	
0.340240	-0.591002	-0.731404	-0.881819	0.069575	-0.466429	0.326548	0.803663	-0.497485	48.110916	59.635647	1021.757263	
0.300514	-0.554315	-0.776161	-0.895582	0.115912	-0.429532	0.328062	0.824196	-0.461601	37.202026	67.933716	1020.949768	
0.247939	-0.521983	-0.816124	-0.901809	0.183415	-0.391280	0.353931	0.833001	-0.425253	24.012222	76.493614	1029.967651	
0.192197	-0.489714	-0.850435	-0.901383	0.254561	-0.350298	0.388033	0.833893	-0.392494	16.327793	84.024719	1033.248779	
0.142325	-0.447394	-0.882939	-0.895447	0.321931	-0.307467	0.421804	0.834385	-0.354799	0.815043	87.481483	1041.585693	
0.082904	-0.332739	-0.939367	-0.892508	0.394559	-0.218528	0.443348	0.856509	-0.264261	-16.559744	90.379486	1048.180664	
0.064258	-0.269081	-0.960971	-0.897150	0.406136	-0.173713	0.437028	0.873297	-0.215308	-34.323112	91.285599	1038.898071	
0.028672	-0.147432	-0.988656	-0.897529	0.431592	-0.090390	0.440023	0.889939	-0.119949	-44.161743	92.023666	1032.382202	
0.008546	-0.090147	-0.995892	-0.868526	0.492903	-0.052071	0.495571	0.865401	-0.074082	-54.396511	93.516747	1042.552612	
-0.003953	0.042827	-0.999075	-0.828448	0.559403	0.027258	0.560053	0.827789	0.033269	-66.084900	96.370102	1072.709961	
-0.003953	0.042827	-0.999075	-0.828448	0.559403	0.027258	0.560053	0.827789	0.033269	-66.084900	96.370102	1072.709961	
-0.003953	0.042827	-0.999075	-0.828448	0.559403	0.027258	0.560053	0.827789	0.033269	-66.084900	96.370102	1072.709961	
-0.003953	0.042827	-0.999075	-0.828448	0.559403	0.027258	0.560053	0.827789	0.033269	-66.084900	96.370102	1072.709961	
0.024294	0.411391	-0.911135	-0.754707	0.605252	0.253157	0.655613	0.681489	0.325184	-113.814156	86.153534	1058.886597	
0.049471	0.470064	-0.881245	-0.728532	0.620547	0.290108	0.683223	0.627663	0.373156	-123.917885	81.592651	1066.973999	
0.085709	0.519532	-0.850141	-0.692880	0.644236	0.323847	0.715941	0.561289	0.415191	-132.171875	75.418289	1062.483276	
0.124895	0.575774	-0.808013	-0.662615	0.654555	0.364003	0.738473	0.489939	0.463268	-140.516235	67.804153	1062.629395	
0.173531	0.615815	-0.768543	-0.629175	0.669685	0.394540	0.757645	0.415083	0.503667	-147.647156	64.180092	1059.216919	
0.212689	0.658800	-0.721627	-0.592290	0.674305	0.441029	0.777147	0.333610	0.533618	-153.361908	54.213383	1055.196777	
0.235405	0.692491	-0.681938	-0.588043	0.660137	0.467361	0.773816	0.290990	0.562614	-163.741776	43.520241	1049.188477	
0.295450	0.749859	-0.591963	-0.583918	0.632153	0.509335	0.756141	0.195175	0.624626	-173.583450	32.328621	1053.245483	
0.327874	0.800223	-0.502136	-0.590498	0.588487	0.552264	0.737435	0.115437	0.665480	-176.848999	27.402407	1052.838989	
0.333478	0.845853	-0.416322	-0.584474	0.531987	0.612683	0.739718	0.039013	0.671785	-178.534546	20.948689	1034.299194	
0.370579	0.872472	-0.318532	-0.610241	0.487253	0.624653	0.700198	-0.037102	0.712984	-181.295898	14.435848	1027.217163	
0.409062	0.893162	-0.186896	-0.625198	0.423514	0.655564	0.664678	-0.151320	0.731646	-181.050110	7.296734	1025.738525	
0.457978	0.887657	-0.048167	-0.643625	0.368473	0.670802	0.613190	-0.276211	0.740071	-179.407043	0.992310	1018.211975	
0.496035	0.864261	0.083673	-0.669832	0.319555	0.670232	0.552517	-0.388505	0.737420	-176.071701	-12.788145	1008.221924	
0.515736	0.832957	0.200497	-0.705040	0.279669	0.651694	0.486761	-0.477460	0.731502	-178.196152	-21.171564	1016.668457	
0.521418	0.796850	0.305210	-0.711660	0.208746	0.670795	0.470812	-0.566970	0.675930	-168.432281	-36.204765	1002.013611	
0.528898	0.781768	0.330312	-0.704036	0.186820	0.685151	0.473920	-0.594926	0.649202	-154.790176	-42.912796	977.805176	
0.537962	0.759040	0.366680	-0.709695	0.173082	0.682918	0.454897	-0.627614	0.631798	-141.472702	-49.312157	960.716736	
0.545181	0.729681	0.412726	-0.714265	0.146575	0.684355	0.438866	-0.667893	0.601096	-133.580399	-63.517891	951.347046	
