0.997986	-0.044638	0.045065	0.044985	0.998965	-0.006711	-0.044719	0.008725	0.998962	18.794748	3.751282	542.768066	
0.986235	-0.125374	0.107805	0.130549	0.990537	-0.042336	-0.101477	0.055827	0.993270	27.700294	6.698945	544.020203	
0.967980	-0.164622	0.189512	0.174040	0.984149	-0.034056	-0.180902	0.065948	0.981288	36.717766	15.105611	547.070435	
0.954808	-0.196935	0.222618	0.208725	0.977498	-0.030493	-0.211604	0.075581	0.974429	45.149738	18.124729	546.693420	
0.932169	-0.266059	0.245509	0.291063	0.954048	-0.071226	-0.215277	0.137853	0.966775	52.652721	23.613878	545.695129	
0.914227	-0.320954	0.247341	0.363222	0.919688	-0.149142	-0.179609	0.226189	0.957382	69.769463	25.653179	552.053528	
0.902842	-0.356985	0.239665	0.413929	0.872457	-0.259770	-0.116364	0.333735	0.935457	76.752831	29.253139	554.232971	
0.907665	-0.351043	0.230027	0.413799	0.840072	-0.350782	-0.070100	0.413577	0.907766	83.497070	30.525013	556.287048	
0.908804	-0.346197	0.232860	0.415092	0.806587	-0.420851	-0.042125	0.479129	0.876733	89.000015	31.295046	558.867493	
0.909969	-0.337140	0.241442	0.412703	0.793043	-0.448061	-0.040415	0.507365	0.860783	99.277077	30.780191	566.332703	
0.895260	-0.357875	0.265397	0.445292	0.738738	-0.505946	-0.014993	0.571132	0.820721	103.369911	29.569166	575.634033	
0.898876	-0.345627	0.269378	0.437999	0.689853	-0.576419	0.013395	0.636116	0.771477	107.651558	27.037514	587.664185	
0.900662	-0.322780	0.290896	0.432543	0.602231	-0.670988	0.041394	0.730158	0.682023	110.441963	25.652578	600.007507	
0.917045	-0.245690	0.314109	0.398770	0.558563	-0.727317	0.003245	0.792239	0.610201	112.091194	21.219852	614.441772	
0.928180	-0.190520	0.319663	0.371993	0.451547	-0.811003	0.010169	0.871669	0.489989	111.794052	15.429005	615.117737	
0.918707	-0.129778	0.373007	0.393914	0.369082	-0.841790	-0.028425	0.920291	0.390200	109.366760	8.403179	615.858093	
0.902955	-0.064233	0.424908	0.423246	0.304106	-0.853453	-0.074398	0.950469	0.301780	104.248009	5.034913	618.416992	
0.867476	-0.004345	0.497460	0.489581	0.184932	-0.852121	-0.088294	0.982741	0.162551	101.437416	-3.474612	628.245850	
0.851726	0.067513	0.519620	0.517493	0.047262	-0.854381	-0.082241	0.996598	0.005317	94.984825	-13.543680	617.557556	
0.824833	0.076746	0.560144	0.561667	0.002090	-0.827361	-0.064668	0.997048	-0.041382	85.457191	-23.534924	635.888977	
0.885041	0.043145	0.463508	0.463802	0.003543	-0.885932	-0.039866	0.999062	-0.016876	74.145271	-25.909668	634.358582	
0.913802	0.004997	0.406130	0.406146	-0.002564	-0.913805	-0.003526	0.999983	-0.004373	63.129898	-30.774363	637.585205	
0.948823	-0.020206	0.315161	0.315135	-0.004577	-0.949036	0.020618	0.999785	0.002025	55.190170	-41.658092	663.468994	
0.973398	-0.071004	0.217841	0.218917	0.007643	-0.975714	0.067614	0.997446	0.022983	44.500778	-47.857239	671.381653	
0.989414	-0.091061	0.112996	0.110199	-0.035190	-0.993286	0.094426	0.995223	-0.024783	34.164715	-59.744392	691.079041	
0.961133	-0.276085	-0.000587	-0.008796	-0.028499	-0.999555	0.275945	0.960710	-0.029821	19.639565	-74.827026	747.537903	
0.245381	0.705496	0.664879	0.812820	-0.523494	0.255493	0.528310	0.477734	-0.701897	14.759900	-97.991997	729.453003	
0.245381	0.705496	0.664879	0.812820	-0.523494	0.255493	0.528310	0.477734	-0.701897	14.759900	-97.991997	729.453003	
0.245381	0.705496	0.664879	0.812820	-0.523494	0.255493	0.528310	0.477734	-0.701897	14.759900	-97.991997	729.453003	
0.245381	0.705496	0.664879	0.812820	-0.523494	0.255493	0.528310	0.477734	-0.701897	14.759900	-97.991997	729.453003	
0.534912	0.774738	0.337120	0.613127	-0.630464	0.476016	0.581329	-0.047929	-0.812255	-22.626541	-138.375793	746.035278	
0.579627	0.731144	0.359809	0.563157	-0.678548	0.471623	0.588971	-0.070735	-0.805053	-31.823732	-145.169998	768.894104	
0.579387	0.713206	0.394522	0.532442	-0.697683	0.479317	0.617103	-0.067650	-0.783969	-39.632736	-155.898590	766.548462	
0.587159	0.636394	0.500248	0.488351	-0.771351	0.408083	0.645567	0.004688	-0.763689	-47.763432	-169.431122	773.331116	
0.577025	0.597066	0.557275	0.496272	-0.798236	0.341371	0.648658	0.079581	-0.756908	-55.261658	-176.462646	791.593262	
0.535401	0.514102	0.670108	0.508382	-0.829742	0.230385	0.674457	0.217323	-0.705605	-69.031982	-192.083023	816.089722	
0.531984	0.446293	0.719595	0.484495	-0.857400	0.173581	0.694448	0.256299	-0.672349	-82.489342	-205.790436	831.062561	
0.545519	0.415938	0.727602	0.376737	-0.897202	0.230432	0.748651	0.148410	-0.646139	-94.076469	-216.702225	844.718384	
0.542775	0.361176	0.758252	0.315979	-0.924298	0.214083	0.778172	0.123394	-0.615810	-104.582260	-225.257965	873.181335	
0.481347	0.161751	0.861476	0.398077	-0.915965	-0.050442	0.780923	0.367214	-0.505286	-112.442421	-230.679443	891.987610	
0.428352	0.023963	0.903294	0.418772	-0.891081	-0.174946	0.800715	0.453214	-0.391731	-114.570877	-236.892334	899.106445	
0.369333	-0.059715	0.927376	0.512347	-0.819480	-0.256812	0.775302	0.569989	-0.272066	-113.109825	-234.475113	877.799133	
0.357378	-0.118003	0.926475	0.532807	-0.788970	-0.306013	0.767071	0.602996	-0.219088	-113.934715	-236.055893	882.791138	
0.295525	-0.162011	0.941497	0.544726	-0.781035	-0.305382	0.784818	0.603107	-0.142564	-113.872498	-242.440353	903.612427	
0.281756	-0.206593	0.936980	0.551091	-0.764557	-0.334292	0.785438	0.610551	-0.101567	-112.812325	-246.596771	909.492432	
0.250209	-0.241764	0.937521	0.567213	-0.748145	-0.344308	0.784643	0.617925	-0.050062	-109.391838	-246.617432	912.828186	
0.270077	-0.251302	0.929465	0.559841	-0.744397	-0.363939	0.783349	0.618645	-0.060355	-104.652756	-246.121002	912.405579	
0.231004	-0.289556	0.928867	0.530743	-0.762636	-0.369728	0.815444	0.578399	-0.022493	-95.828743	-246.204269	927.888611	
0.215555	-0.337728	0.916228	0.440968	-0.803500	-0.399919	0.871254	0.490233	-0.024271	-91.848778	-248.380035	944.382141	
0.199209	-0.337920	0.919851	0.447137	-0.803914	-0.392163	0.872001	0.489422	-0.009051	-79.748695	-246.194534	950.741028	
0.146143	-0.368948	0.917888	0.380754	-0.835395	-0.396411	0.913055	0.407423	0.018391	-73.610847	-244.801041	966.241638	
0.097461	-0.359888	0.927891	0.412471	-0.833884	-0.366750	0.905743	0.418473	0.067172	-57.995403	-237.053574	965.395630	
0.060460	-0.327799	0.942810	0.378805	-0.866345	-0.325504	0.923500	0.376822	0.071792	-49.136684	-233.015869	981.374329	
0.081124	-0.298605	0.950922	0.378343	-0.873433	-0.306548	0.922104	0.384644	0.042118	-40.077343	-225.860123	987.539368	
0.073903	-0.255259	0.964043	0.446726	-0.855802	-0.260844	0.891614	0.449941	0.050784	-30.200386	-213.721710	972.552734	
0.042347	-0.197413	0.979405	0.401446	-0.894309	-0.197617	0.914904	0.401547	0.041378	-20.621483	-207.514069	989.363770	
0.030685	-0.161781	0.986349	0.468389	-0.869430	-0.157175	0.882990	0.466819	0.049098	-10.698103	-195.111618	984.602478	
0.041705	-0.090612	0.995012	0.502171	-0.859051	-0.099279	0.863763	0.503807	0.009675	7.752207	-185.769714	993.545776	
0.081789	-0.011322	0.996584	0.427713	-0.902776	-0.045358	0.900207	0.429963	-0.068995	17.109863	-174.613220	1002.331421	
0.160026	0.069862	0.984637	0.443261	-0.896353	-0.008441	0.881993	0.437802	-0.174407	26.452957	-160.240692	998.476746	
0.125156	0.143539	0.981698	0.490425	-0.869090	0.064550	0.862450	0.473371	-0.179167	43.637901	-147.280014	997.129517	
0.166842	0.230394	0.958687	0.425536	-0.893926	0.140774	0.889429	0.384469	-0.247185	53.382584	-135.855774	1016.107849	
0.174773	0.285988	0.942159	0.537130	-0.829655	0.152199	0.825195	0.479462	-0.298614	68.243774	-118.988785	996.753296	
0.294922	0.345551	0.890851	0.315451	-0.915259	0.250586	0.901949	0.207116	-0.378934	75.547485	-111.945160	1004.932251	
0.337531	0.375582	0.863140	0.266822	-0.917518	0.294903	0.902707	0.130766	-0.409904	87.593010	-102.990685	993.581970	
0.342895	0.439749	0.830086	0.318587	-0.885728	0.337622	0.883701	0.148686	-0.443809	99.238823	-95.428322	995.503296	
0.379018	0.433845	0.817388	0.250216	-0.898436	0.360839	0.890920	0.067759	-0.449078	108.493301	-79.919037	991.875793	
0.398313	0.422031	0.814393	0.237543	-0.905036	0.352823	0.885958	0.052919	-0.460738	111.378929	-63.901470	985.313904	
0.471319	0.420210	0.775423	0.191466	-0.906984	0.375127	0.860930	-0.028338	-0.507934	113.117256	-49.281960	971.453125	
0.512164	0.401437	0.759300	0.175567	-0.914316	0.364969	0.840753	-0.053616	-0.538758	118.243195	-42.857792	973.981567	
0.538912	0.359916	0.761599	0.159635	-0.931377	0.327191	0.827098	-0.054749	-0.559385	119.512817	-28.626774	964.090393	
0.602986	0.333301	0.724788	0.154304	-0.940111	0.303946	0.782687	-0.071437	-0.618303	119.935684	-15.623467	960.748962	
0.640007	0.269990	0.719372	0.144102	-0.961796	0.232772	0.754737	-0.045312	-0.654462	118.736916	-2.280783	968.073486	
0.634107	0.254153	0.730283	0.163802	-0.967157	0.194361	0.755697	-0.003624	-0.654912	115.325104	4.367948	970.489807	
0.648928	0.164991	0.742744	0.106992	-0.986293	0.125614	0.753290	-0.002046	-0.657686	112.427757	9.810656	970.383789	
0.637075	0.132704	0.759292	0.098182	-0.991015	0.090826	0.764524	0.016686	-0.644380	105.689720	22.147388	972.783569	
0.624574	0.089444	0.775826	0.064655	-0.995932	0.062771	0.778285	0.010956	-0.627816	95.051033	26.326403	960.329163	
0.625278	0.000427	0.780401	0.015928	-0.999799	-0.012215	0.780240	0.020068	-0.625159	88.190964	30.566641	946.086548	
0.609011	-0.057263	0.791092	-0.019814	-0.998178	-0.056999	0.792915	0.019038	-0.609035	74.254776	37.887497	932.433838	
0.585671	-0.115025	0.802345	-0.101544	-0.992493	-0.068163	0.804164	-0.041552	-0.592954	66.618919	44.574867	931.664978	
0.547772	-0.166284	0.819936	-0.154373	-0.983310	-0.096285	0.822263	-0.073833	-0.564299	50.179359	46.765862	920.001221	
0.512307	-0.228595	0.827819	-0.286656	-0.954159	-0.086081	0.809550	-0.193200	-0.554350	32.751610	51.364758	915.818054	
0.482089	-0.311812	0.818757	-0.456928	-0.886847	-0.068701	0.747535	-0.340992	-0.570014	15.595583	55.018845	913.319336	
0.529098	-0.475411	0.702880	-0.471451	-0.853406	-0.222334	0.705543	-0.213737	-0.675667	5.975830	54.382839	884.440979	
0.535843	-0.607568	0.586287	-0.483415	-0.790082	-0.376936	0.692231	-0.081441	-0.717067	-13.330854	53.286308	860.780396	
0.472187	-0.713018	0.518310	-0.536597	-0.698993	-0.472728	0.699360	-0.054908	-0.712658	-32.486618	51.721298	841.189819	
0.390809	-0.788641	0.474672	-0.587917	-0.610655	-0.530522	0.708254	-0.071735	-0.702304	-51.544445	51.774803	847.279907	
0.318094	-0.860653	0.397609	-0.656910	-0.502483	-0.562120	0.683584	-0.082387	-0.725208	-69.568001	48.320835	838.600037	
0.251053	-0.896450	0.365171	-0.681547	-0.431594	-0.590948	0.687363	-0.100522	-0.719325	-78.709076	44.274002	839.877930	
0.179647	-0.929521	0.322053	-0.720453	-0.347233	-0.600313	0.669833	-0.124180	-0.732055	-87.133629	38.635056	824.164734	
0.113448	-0.959149	0.259159	-0.724522	-0.258352	-0.639000	0.679852	-0.115273	-0.724234	-104.898933	35.722649	823.007141	
0.066448	-0.973768	0.217629	-0.686342	-0.202920	-0.698396	0.724238	-0.102960	-0.681820	-119.320900	31.053801	797.763489	
0.054659	-0.984205	0.168386	-0.668836	-0.161303	-0.725699	0.741399	-0.072956	-0.667087	-131.078339	25.819344	780.695251	
0.100717	-0.989980	0.098975	-0.671527	-0.141045	-0.727431	0.734104	0.006801	-0.679004	-144.336639	21.014425	770.966492	
0.150262	-0.988047	0.034416	-0.678333	-0.128360	-0.723454	0.719227	0.085363	-0.689512	-150.558517	15.155135	765.296753	
0.215805	-0.976311	-0.015660	-0.691590	-0.141509	-0.708291	0.689298	0.163683	-0.705745	-160.117233	8.500421	765.721008	
0.243584	-0.968619	-0.049439	-0.722245	-0.147133	-0.675805	0.647325	0.200323	-0.735419	-165.618134	1.249689	759.791138	
0.335396	-0.939350	-0.071640	-0.728854	-0.210552	-0.651489	0.596894	0.270723	-0.755267	-169.714447	-12.691805	740.546448	
0.437346	-0.886723	-0.149841	-0.729083	-0.252068	-0.636316	0.526468	0.387537	-0.756735	-172.043076	-26.439243	727.305847	
0.526481	-0.826392	-0.199738	-0.726809	-0.315591	-0.610040	0.441099	0.466347	-0.766781	-172.992416	-34.763195	724.367493	
0.594017	-0.755044	-0.277584	-0.723296	-0.350250	-0.595119	0.352119	0.554288	-0.754173	-170.501480	-41.679783	717.020020	
0.695790	-0.640148	-0.325713	-0.683048	-0.449523	-0.575649	0.222086	0.623010	-0.750024	-169.345932	-49.189144	715.543152	
0.776071	-0.521961	-0.353938	-0.617153	-0.513106	-0.596525	0.129757	0.681381	-0.720335	-161.984589	-64.695831	695.537476	
0.848139	-0.415121	-0.329146	-0.525755	-0.583144	-0.619292	0.065143	0.698297	-0.712838	-158.714706	-72.660843	680.386047	
0.901740	-0.297030	-0.314070	-0.430083	-0.689607	-0.582640	-0.043523	0.660467	-0.749592	-154.882660	-88.405388	678.911194	
0.929101	-0.230546	-0.289173	-0.356637	-0.765495	-0.535562	-0.097888	0.600722	-0.793442	-142.343781	-96.455582	667.978577	
0.936113	-0.171951	-0.306801	-0.307763	-0.822704	-0.477953	-0.170221	0.541841	-0.823062	-128.788940	-111.295807	661.215454	
0.930768	-0.061162	-0.360460	-0.229625	-0.864993	-0.446160	-0.284506	0.498044	-0.819150	-114.690826	-118.735878	654.069519	
0.904594	0.034913	-0.424844	-0.187751	-0.862131	-0.470615	-0.382701	0.505482	-0.773322	-105.724281	-125.877098	646.738159	
0.874969	0.115130	-0.470294	-0.123423	-0.886195	-0.446571	-0.468185	0.448782	-0.761180	-88.673256	-132.429062	636.269226	
0.833570	0.165360	-0.527085	-0.119958	-0.877195	-0.464907	-0.539233	0.450762	-0.711365	-79.833939	-138.493378	624.092834	
0.794332	0.235688	-0.559901	-0.147926	-0.818884	-0.554568	-0.589199	0.523336	-0.615600	-70.309555	-145.172409	616.204224	
0.771235	0.251997	-0.584547	-0.193325	-0.782201	-0.592272	-0.606484	0.569790	-0.554542	-60.917439	-155.690918	603.886414	
0.734513	0.308711	-0.604309	-0.164205	-0.783208	-0.599685	-0.658429	0.539708	-0.524582	-52.807426	-161.097015	603.586121	
0.677229	0.435136	-0.593311	-0.087829	-0.752804	-0.652359	-0.730512	0.493908	-0.471601	-34.362305	-171.736740	604.613220	
0.613846	0.573558	-0.542425	0.033183	-0.705252	-0.708179	-0.788728	0.416715	-0.451947	-24.779911	-176.000763	602.869446	
0.444664	0.746271	-0.495333	0.162529	-0.611060	-0.774719	-0.880829	0.263985	-0.393005	-5.651937	-184.185654	598.261230	
0.268325	0.869731	-0.414212	0.254288	-0.478677	-0.840360	-0.929161	0.120162	-0.349601	12.527664	-191.360291	598.290466	
0.029746	0.956693	-0.289578	0.329747	-0.282880	-0.900691	-0.943601	-0.068695	-0.323878	20.178211	-191.762253	578.216675	
0.013703	0.986882	-0.160870	0.287551	-0.157978	-0.944646	-0.957668	-0.033313	-0.285941	28.517120	-194.722290	578.497070	
0.011136	0.999389	-0.033166	0.238061	-0.034864	-0.970623	-0.971187	0.002914	-0.238301	44.557922	-195.640274	574.721802	
0.006251	0.997121	0.075585	0.226521	0.072210	-0.971325	-0.973987	0.023194	-0.225415	51.467491	-196.474533	571.589966	
0.016831	0.991320	0.130399	0.230447	0.123061	-0.965271	-0.972940	0.046298	-0.226373	61.901073	-193.719757	560.385864	
0.094280	0.986245	0.135776	0.177832	0.117507	-0.977019	-0.979535	0.116260	-0.164305	67.239586	-193.235901	559.872253	
0.171149	0.978498	0.115120	0.149834	0.089637	-0.984639	-0.973786	0.185770	-0.131269	71.857132	-191.390869	559.152466	
0.247468	0.963653	0.100664	0.111712	0.074826	-0.990918	-0.962435	0.256468	-0.089133	77.682693	-188.053192	562.764282	
0.564681	0.825233	-0.011270	0.064348	-0.057635	-0.996260	-0.822798	0.561846	-0.085646	78.716644	-182.180969	553.756348	
0.635351	0.768631	-0.074415	0.058387	-0.143902	-0.987867	-0.770013	0.623300	-0.136305	78.926727	-174.333832	548.734741	
0.655627	0.749980	-0.087659	0.079210	-0.183761	-0.979773	-0.750919	0.635425	-0.179883	79.649925	-172.448425	555.164429	
0.701674	0.701506	-0.124676	0.067934	-0.240055	-0.968378	-0.709253	0.671018	-0.216096	75.706192	-162.785446	554.617615	
0.764911	0.614394	-0.193475	0.038004	-0.342884	-0.938607	-0.643015	0.710601	-0.285623	70.060326	-159.187332	560.707703	
0.788562	0.569787	-0.231332	0.059523	-0.445129	-0.893484	-0.612069	0.690801	-0.384926	66.371971	-154.666504	563.656616	
0.813526	0.516623	-0.266978	0.045802	-0.514592	-0.856210	-0.579723	0.684324	-0.442294	61.329967	-149.050323	565.974670	
0.831488	0.462984	-0.307044	0.060753	-0.625155	-0.778132	-0.552212	0.628356	-0.547934	55.643185	-137.147293	569.392822	
0.843262	0.351820	-0.406365	-0.015585	-0.739702	-0.672753	-0.537277	0.573644	-0.618278	42.990490	-130.582733	576.072876	
0.847349	0.281538	-0.450264	-0.072683	-0.778428	-0.623511	-0.526039	0.561061	-0.639135	28.596174	-123.378220	576.681885	
0.866971	0.218451	-0.447930	-0.054155	-0.852190	-0.520422	-0.495407	0.475452	-0.726992	20.458019	-115.934097	584.129028	
0.894043	0.076801	-0.441349	-0.128243	-0.900088	-0.416408	-0.429233	0.428890	-0.794866	2.889307	-110.288910	598.366760	
0.906728	0.008817	-0.421625	-0.162890	-0.914869	-0.369434	-0.388989	0.403657	-0.828099	-15.330181	-95.951721	604.662170	
0.918719	-0.113845	-0.378149	-0.262748	-0.891066	-0.370089	-0.294822	0.439368	-0.848549	-34.272186	-89.450775	609.780884	
0.901728	-0.244835	-0.356292	-0.346287	-0.902449	-0.256267	-0.258791	0.354465	-0.898543	-44.695328	-74.815842	624.730042	
0.896815	-0.367378	-0.246491	-0.409340	-0.900411	-0.147315	-0.167822	0.233015	-0.957882	-54.825333	-67.170616	635.556091	
0.898984	-0.414732	-0.140811	-0.410541	-0.909933	0.058998	-0.152595	0.004772	-0.988276	-74.058075	-51.882118	641.368042	
0.855141	-0.518320	-0.008931	-0.517161	-0.854166	0.054289	-0.035766	-0.041805	-0.998484	-92.459404	-43.363621	636.481079	
0.787597	-0.612608	0.066365	-0.612892	-0.789954	-0.018372	0.063681	-0.026204	-0.997625	-110.486336	-36.632477	647.124329	
0.754902	-0.637374	0.154529	-0.641423	-0.766652	-0.028676	0.136749	-0.077469	-0.987571	-128.409409	-30.732105	658.382751	
0.725864	-0.650459	0.223667	-0.655404	-0.752725	-0.062062	0.208730	-0.101543	-0.972686	-137.174149	-18.605625	663.456299	
0.671431	-0.701083	0.240138	-0.690138	-0.709602	-0.142038	0.269984	-0.070359	-0.960290	-143.458374	-5.714850	664.001770	
0.630448	-0.743484	0.223092	-0.716125	-0.667983	-0.202399	0.299503	-0.032158	-0.953552	-149.923477	-0.710902	672.635620	
0.615966	-0.776674	0.131783	-0.715117	-0.621447	-0.320019	0.330448	0.102882	-0.938199	-166.709900	3.823645	694.533081	
0.641649	-0.754662	0.137019	-0.684048	-0.643855	-0.342825	0.346939	0.126247	-0.929352	-178.907990	8.940212	709.695740	
0.678674	-0.733700	0.032987	-0.639491	-0.612426	-0.464742	0.361185	0.294316	-0.884830	-184.797318	17.302879	719.697510	
0.717194	-0.696364	0.026676	-0.585969	-0.623333	-0.517779	0.377192	0.355719	-0.855097	-189.469376	21.840082	725.214661	
0.762049	-0.646932	-0.027626	-0.540249	-0.611706	-0.577881	0.356952	0.455301	-0.815652	-190.534210	28.129118	734.998047	
0.780165	-0.625574	0.000959	-0.529665	-0.661371	-0.531077	0.332864	0.413822	-0.847322	-194.654114	35.506737	751.516663	
0.803165	-0.593328	0.053760	-0.491428	-0.710824	-0.503218	0.336788	0.377750	-0.862485	-194.803360	37.498497	765.259521	
0.824486	-0.552576	0.122003	-0.410622	-0.732551	-0.542916	0.389377	0.397532	-0.830876	-195.950653	39.491646	779.695251	
0.839600	-0.504176	0.202186	-0.327445	-0.766731	-0.552180	0.433420	0.397408	-0.808836	-193.881531	41.578392	803.346619	
0.849025	-0.469225	0.242871	-0.272793	-0.782968	-0.559057	0.452485	0.408402	-0.792759	-188.083481	42.808540	807.161804	
0.864243	-0.425754	0.267990	-0.225533	-0.804071	-0.550095	0.449689	0.414977	-0.790933	-182.384888	43.685516	824.188538	
0.886248	-0.354228	0.298476	-0.209199	-0.880988	-0.424378	0.413282	0.313665	-0.854876	-175.782639	43.284473	830.265747	
0.920281	-0.226483	0.319044	-0.141574	-0.952934	-0.268096	0.364748	0.201557	-0.909029	-161.334045	41.197525	814.811890	
0.905513	-0.257644	0.337145	-0.128847	-0.923994	-0.360047	0.404286	0.282589	-0.869883	-158.717010	38.827820	851.460083	
0.920150	-0.211063	0.329812	-0.098682	-0.940102	-0.326298	0.378928	0.267699	-0.885862	-144.830139	36.850250	871.017944	
0.936281	-0.137501	0.323220	-0.018649	-0.938358	-0.345162	0.350758	0.317143	-0.881130	-136.660233	31.681507	887.133728	
0.940436	-0.115470	0.319763	-0.029056	-0.964413	-0.262803	0.338730	0.237860	-0.910321	-118.464325	25.254847	889.714294	
0.948327	-0.093808	0.303112	-0.020625	-0.971503	-0.236133	0.316626	0.217681	-0.923234	-100.403999	18.236092	898.416260	
0.961074	-0.081785	0.263910	-0.032343	-0.981922	-0.186508	0.274394	0.170714	-0.946342	-81.684830	14.776188	901.913513	
0.966935	-0.061688	0.247451	-0.002406	-0.972469	-0.233024	0.255014	0.224725	-0.940460	-64.573555	5.124527	935.692261	
0.972284	-0.048084	0.228808	-0.009309	-0.985811	-0.167607	0.233623	0.160833	-0.958933	-43.911457	0.142090	936.526123	
0.976043	-0.020721	0.216590	0.017939	-0.984404	-0.175014	0.216840	0.174709	-0.960445	-32.089661	-4.594358	937.190979	
0.969851	-0.058750	0.236515	-0.018996	-0.985781	-0.166966	0.242962	0.157441	-0.957173	-21.690531	-15.844639	947.295532	
0.970993	-0.062523	0.230789	-0.015966	-0.980009	-0.198317	0.238576	0.188881	-0.952578	-1.672160	-20.719372	942.694946	
0.962836	-0.104137	0.249204	-0.029545	-0.957753	-0.286072	0.268468	0.268080	-0.925234	17.136189	-27.472923	968.020508	
0.925511	-0.210742	0.314673	-0.107433	-0.942841	-0.315452	0.363167	0.258149	-0.895247	26.008514	-34.351326	960.389465	
0.902122	-0.246888	0.353868	-0.147560	-0.947203	-0.284667	0.405467	0.204589	-0.890920	34.398106	-47.538948	963.233704	
0.870266	-0.312730	0.380575	-0.212902	-0.935525	-0.281898	0.444197	0.164303	-0.880734	51.160851	-61.794693	985.180298	
0.837719	-0.357767	0.412590	-0.309716	-0.933516	-0.180628	0.449783	0.023531	-0.892827	63.519562	-66.632584	973.189880	
0.819003	-0.426615	0.383712	-0.352889	-0.901809	-0.249423	0.452444	0.068872	-0.889129	75.985703	-81.464409	976.137207	
0.750611	-0.531641	0.392355	-0.416051	-0.841595	-0.344412	0.513309	0.095281	-0.852898	85.675285	-87.982872	977.163208	
0.689923	-0.594795	0.412584	-0.447304	-0.798420	-0.403043	0.569146	0.093520	-0.816901	90.392265	-101.729866	978.476379	
0.672690	-0.651942	0.349946	-0.463800	-0.740021	-0.487092	0.576524	0.165358	-0.800173	93.569038	-109.191010	981.606506	
0.602587	-0.725485	0.332509	-0.532308	-0.675808	-0.509835	0.594591	0.130225	-0.793413	96.702492	-116.342003	988.395935	
0.590212	-0.757785	0.278233	-0.561939	-0.633128	-0.532328	0.579549	0.157838	-0.799506	98.280365	-129.560303	990.230408	
0.574476	-0.794755	0.195816	-0.567981	-0.559321	-0.603785	0.589387	0.235641	-0.772721	98.376259	-142.676483	993.631042	
0.574933	-0.809747	0.117319	-0.561625	-0.494837	-0.663108	0.595005	0.315355	-0.739272	98.441452	-149.854126	1001.592346	
0.517070	-0.845319	0.134452	-0.601533	-0.470620	-0.645503	0.608933	0.252895	-0.751829	97.090607	-161.582748	1004.073242	
0.481715	-0.867612	0.123301	-0.594134	-0.426771	-0.681813	0.644172	0.255183	-0.721058	89.746674	-171.746307	998.380676	
0.445262	-0.893545	0.057640	-0.577198	-0.335644	-0.744435	0.684534	0.298200	-0.665200	84.988152	-176.507736	996.997314	
0.508549	-0.861032	0.001897	-0.573330	-0.340266	-0.745325	0.642396	0.377949	-0.666697	75.272636	-183.097626	1004.682129	
0.572937	-0.818994	-0.031547	-0.545052	-0.351986	-0.760935	0.612099	0.453164	-0.648059	63.068447	-188.162857	1004.773376	
0.666365	-0.729840	-0.152619	-0.554379	-0.348078	-0.755978	0.498622	0.588369	-0.636554	55.472305	-190.494141	994.989807	
0.732296	-0.653223	-0.192469	-0.506575	-0.333645	-0.795022	0.455112	0.679693	-0.575233	47.645267	-197.252106	993.368774	
0.795027	-0.574607	-0.194320	-0.449845	-0.343627	-0.824352	0.406907	0.742799	-0.531677	38.918854	-200.361267	989.595032	
0.849785	-0.484363	-0.207990	-0.433773	-0.418353	-0.798009	0.299514	0.768359	-0.565614	30.391876	-206.882675	998.297852	
0.923858	-0.325621	-0.201148	-0.351607	-0.514436	-0.782129	0.151201	0.793303	-0.589756	11.135065	-204.504166	968.280273	
-0.959158	-0.255996	0.120341	0.258198	-0.618555	0.742108	-0.115539	0.742870	0.659389	2.237630	-215.102005	1006.260010	
-0.959158	-0.255996	0.120341	0.258198	-0.618555	0.742108	-0.115539	0.742870	0.659389	2.237630	-215.102005	1006.260010	
-0.959158	-0.255996	0.120341	0.258198	-0.618555	0.742108	-0.115539	0.742870	0.659389	2.237630	-215.102005	1006.260010	
-0.947661	-0.071315	0.311212	0.254331	-0.757874	0.600786	0.193014	0.648492	0.736344	-46.301277	-208.918259	967.108032	
-0.936892	0.038880	0.347451	0.152564	-0.848721	0.506357	0.314576	0.527410	0.789227	-57.062584	-211.590424	979.217224	
-0.906605	0.150045	0.394404	0.028432	-0.910805	0.411857	0.421022	0.384606	0.821473	-68.292000	-210.321823	983.944092	
-0.841772	0.251802	0.477510	-0.128509	-0.952591	0.275783	0.524314	0.170782	0.834222	-79.217407	-210.340515	982.603088	
-0.769650	0.306841	0.559899	-0.170752	-0.943924	0.282579	0.615209	0.121882	0.778885	-99.607971	-210.522018	1010.538818	
-0.702112	0.358944	0.614978	-0.348725	-0.926323	0.142532	0.620830	-0.114385	0.775555	-106.440254	-201.032745	974.924438	
-0.702114	0.410249	0.582006	-0.472573	-0.879866	0.050109	0.532645	-0.239859	0.811638	-114.789970	-195.828308	963.498291	
-0.633748	0.440179	0.636086	-0.630640	-0.770197	-0.095336	0.447947	-0.461561	0.765705	-132.016418	-189.846817	980.937317	
-0.581669	0.478049	0.658126	-0.752197	-0.624074	-0.211498	0.309613	-0.618063	0.722591	-132.634201	-175.903641	942.389526	
-0.513109	0.482042	0.710179	-0.852490	-0.382510	-0.356296	0.099901	-0.788240	0.607205	-135.254547	-163.618881	918.896606	
-0.420974	0.436073	0.795374	-0.906841	-0.182519	-0.379902	-0.020494	-0.881208	0.472286	-139.401276	-147.201401	886.881409	
-0.323538	0.360294	0.874934	-0.940207	-0.018372	-0.340109	-0.106465	-0.932658	0.344695	-142.444290	-135.475845	887.409790	
-0.214994	0.222302	0.950977	-0.953932	0.160851	-0.253262	-0.209267	-0.961618	0.177480	-141.819473	-120.113213	864.758606	
-0.049364	0.179448	0.982528	-0.928754	0.353612	-0.111245	-0.367396	-0.918018	0.149208	-146.973007	-109.889000	877.226990	
-0.049364	0.179448	0.982528	-0.928754	0.353612	-0.111245	-0.367396	-0.918018	0.149208	-146.973007	-109.889000	877.226990	
-0.049364	0.179448	0.982528	-0.928754	0.353612	-0.111245	-0.367396	-0.918018	0.149208	-146.973007	-109.889000	877.226990	
-0.049364	0.179448	0.982528	-0.928754	0.353612	-0.111245	-0.367396	-0.918018	0.149208	-146.973007	-109.889000	877.226990	
-0.009278	-0.097353	0.995207	-0.551118	0.830946	0.076146	-0.834375	-0.547770	-0.061362	-127.388931	-70.786156	814.357971	
-0.067639	-0.220333	0.973077	-0.378144	0.908206	0.179359	-0.923272	-0.355831	-0.144748	-117.665787	-64.413452	805.973389	
-0.117309	-0.281223	0.952446	-0.231797	0.940330	0.249096	-0.965665	-0.191553	-0.175496	-112.091087	-55.353943	800.465820	
-0.166725	-0.377224	0.910991	-0.140928	0.923554	0.356634	-0.975880	-0.068924	-0.207141	-104.864555	-41.148956	792.590393	
-0.217980	-0.403470	0.888649	-0.156489	0.913213	0.376237	-0.963325	-0.057051	-0.262201	-98.178589	-26.571411	787.940857	
-0.359180	-0.450302	0.817447	-0.133358	0.891672	0.432593	-0.923691	0.046366	-0.380322	-79.127274	-13.002561	754.745117	
-0.431043	-0.500342	0.750907	-0.044703	0.843004	0.536047	-0.901223	0.197492	-0.385737	-70.915268	-7.085484	755.618958	
-0.498252	-0.532918	0.683918	0.122009	0.737858	0.663837	-0.858404	0.414203	-0.302619	-63.397133	0.979334	758.285767	
-0.597117	-0.520558	0.610304	0.286976	0.571845	0.768530	-0.749063	0.634045	-0.192071	-52.965233	8.462708	731.911072	
-0.648933	-0.522161	0.553384	0.322928	0.469540	0.821735	-0.688914	0.711955	-0.136081	-33.595932	20.344807	712.557495	
-0.710164	-0.539495	0.452340	0.341771	0.297537	0.891440	-0.615515	0.787666	-0.026917	-23.171715	29.712524	700.294861	
-0.753764	-0.572078	0.323368	0.307685	0.127570	0.942898	-0.580663	0.810218	0.079862	-13.397281	34.850967	698.572571	
-0.823259	-0.513174	0.242686	0.305911	-0.040936	0.951180	-0.478186	0.857308	0.190686	-3.007196	42.886242	689.881958	
-0.838103	-0.503255	0.210516	0.325882	-0.152413	0.933044	-0.437474	0.850591	0.291739	7.694304	47.021339	683.010925	
-0.888326	-0.428787	0.164369	0.320326	-0.322131	0.890856	-0.329039	0.844022	0.423509	17.427353	50.600121	671.314941	
-0.938962	-0.343556	0.017871	0.192966	-0.482963	0.854114	-0.284806	0.805429	0.519779	35.868565	53.992813	658.959778	
-0.954918	-0.283956	-0.086606	0.101801	-0.587253	0.802976	-0.278869	0.757959	0.589685	51.456017	56.077072	648.027649	
-0.972763	-0.182593	-0.142792	0.023594	-0.690821	0.722641	-0.230594	0.699590	0.676314	58.820339	57.903397	643.955322	
-0.981892	-0.125251	-0.142123	-0.007289	-0.724701	0.689026	-0.189298	0.677585	0.710665	72.585770	59.147430	640.178101	
-0.988589	-0.078951	-0.128289	-0.018909	-0.779871	0.625655	-0.149445	0.620941	0.769479	83.715836	59.393330	632.741516	
-0.996223	0.008074	-0.086445	-0.049005	-0.874192	0.483103	-0.071669	0.485514	0.871286	93.296181	58.846603	627.664185	
-0.995934	0.052826	-0.072971	-0.077131	-0.918525	0.387767	-0.046542	0.391818	0.918865	96.975555	58.210506	617.249512	
-0.986495	0.158657	-0.040676	-0.161339	-0.898516	0.408215	0.028218	0.409264	0.911979	100.026352	54.401199	609.452759	
-0.967165	0.251598	0.035901	-0.213794	-0.881824	0.420333	0.137413	0.398855	0.906660	101.182487	52.073502	605.722717	
-0.951550	0.286457	0.111779	-0.227054	-0.899700	0.372810	0.207361	0.329366	0.921151	101.792030	45.996063	600.345337	
-0.935372	0.320493	0.149540	-0.244367	-0.891349	0.381814	0.255660	0.320595	0.912062	99.503044	38.598103	589.871643	
-0.934556	0.332820	0.125835	-0.261644	-0.882477	0.390868	0.241135	0.332364	0.911805	96.701050	29.949574	591.886230	
-0.910199	0.393322	0.129746	-0.302672	-0.845523	0.439865	0.282711	0.361094	0.888643	92.938431	20.763752	584.341003	
-0.905355	0.407591	0.119163	-0.260348	-0.754447	0.602520	0.335483	0.514470	0.789159	84.315910	14.231890	575.508667	
-0.915061	0.392765	0.091637	-0.241285	-0.715191	0.655961	0.323176	0.578133	0.749212	74.030045	7.600274	570.569641	
-0.920823	0.372377	0.115843	-0.214232	-0.731228	0.647620	0.325866	0.571526	0.753106	62.651863	1.127752	568.222900	
-0.928390	0.347310	0.132162	-0.204404	-0.774292	0.598909	0.310338	0.529006	0.789837	49.031582	-5.834879	567.891479	
-0.944062	0.319214	0.082763	-0.205877	-0.766577	0.608255	0.257607	0.557191	0.789415	33.762085	-18.905893	567.257568	
-0.972723	0.223312	0.062771	-0.146153	-0.800145	0.581728	0.180133	0.556686	0.810958	25.834391	-26.850975	566.542419	
-0.991015	0.130094	0.031033	-0.085746	-0.796090	0.599072	0.102640	0.591029	0.800094	8.420547	-34.955940	563.812500	
-0.999991	0.003277	0.002373	-0.001162	-0.794299	0.607526	0.003875	0.607518	0.794297	-0.887006	-43.013355	558.401428	
-0.993674	-0.056216	-0.097213	-0.011284	-0.811312	0.584505	-0.111728	0.581904	0.805546	-20.737904	-57.178230	560.532471	
-0.978836	-0.135008	-0.153790	-0.007013	-0.728934	0.684548	-0.204522	0.671139	0.712561	-36.566231	-63.587288	534.825806	
0.073499	-0.272293	-0.959403	-0.621062	-0.765193	0.169594	-0.780308	0.583384	-0.225352	-61.751598	-82.858101	575.432007	
0.073499	-0.272293	-0.959403	-0.621062	-0.765193	0.169594	-0.780308	0.583384	-0.225352	-61.751598	-82.858101	575.432007	
0.073499	-0.272293	-0.959403	-0.621062	-0.765193	0.169594	-0.780308	0.583384	-0.225352	-61.751598	-82.858101	575.432007	
-0.055475	-0.625685	-0.778101	-0.691577	-0.538016	0.481935	-0.720170	0.564852	-0.402863	-102.181854	-110.896713	576.526489	
-0.072071	-0.667019	-0.741546	-0.690755	-0.502939	0.519528	-0.719488	0.549670	-0.424500	-121.005913	-118.234550	578.987549	
-0.121203	-0.745993	-0.654831	-0.704087	-0.400402	0.586463	-0.699694	0.532140	-0.476714	-130.076263	-131.485703	584.964844	
-0.175341	-0.779501	-0.601360	-0.714053	-0.319826	0.622767	-0.677778	0.538601	-0.500527	-146.408417	-144.696289	591.760071	
-0.235052	-0.792246	-0.563113	-0.712113	-0.253947	0.654527	-0.661547	0.554849	-0.504479	-153.661072	-156.832245	594.114746	
-0.253579	-0.826577	-0.502463	-0.738867	-0.169743	0.652121	-0.624318	0.536618	-0.567688	-166.117172	-167.174042	598.811646	
-0.317632	-0.832668	-0.453623	-0.788911	-0.033338	0.613602	-0.526050	0.552769	-0.646312	-173.575562	-173.657883	609.380859	
-0.364241	-0.830668	-0.421093	-0.808505	0.057633	0.585660	-0.462220	0.553778	-0.692592	-183.778717	-183.445755	617.543030	
-0.410975	-0.809731	-0.418850	-0.842003	0.161021	0.514882	-0.349472	0.564277	-0.747972	-191.465652	-187.542923	624.310242	
-0.479714	-0.790728	-0.380294	-0.838686	0.285865	0.463558	-0.257836	0.541323	-0.800307	-199.003784	-193.704620	634.357178	
-0.562144	-0.712365	-0.420155	-0.810229	0.372452	0.452557	-0.165899	0.594825	-0.786551	-204.789673	-199.142776	654.699402	
-0.626854	-0.624604	-0.465751	-0.775338	0.441125	0.451951	-0.076836	0.644423	-0.760800	-206.279510	-206.168732	662.291565	
-0.682573	-0.520398	-0.513108	-0.730278	0.458747	0.506207	-0.028042	0.720236	-0.693163	-205.554947	-209.813889	675.990112	
-0.695636	-0.427064	-0.577673	-0.718373	0.407473	0.563832	-0.005407	0.807208	-0.590243	-200.012451	-207.078094	672.313354	
-0.715491	-0.350712	-0.604213	-0.698310	0.333204	0.633513	-0.020855	0.875202	-0.483309	-196.389603	-208.199661	679.161621	
-0.723248	-0.248312	-0.644401	-0.690562	0.252099	0.677916	-0.005882	0.935302	-0.353805	-186.505554	-205.392334	677.797668	
-0.692431	-0.162440	-0.702959	-0.720994	0.191638	0.665914	0.026542	0.967931	-0.249814	-182.036575	-204.105453	693.277161	
-0.674312	-0.120957	-0.728472	-0.737927	0.147328	0.658603	0.027662	0.981665	-0.188602	-174.658401	-199.387573	697.372681	
-0.693747	-0.062174	-0.717529	-0.720143	0.074216	0.689845	0.010361	0.995303	-0.096261	-161.252090	-197.339096	709.659546	
-0.699123	-0.019730	-0.714729	-0.714998	0.016656	0.698928	-0.001886	0.999667	-0.025751	-145.454742	-192.771744	724.420410	
-0.696522	0.010199	-0.717462	-0.717247	-0.038187	0.695772	-0.020302	0.999219	0.033913	-129.208618	-190.307343	735.437927	
-0.721905	0.037250	-0.690989	-0.686718	-0.161607	0.708732	-0.085269	0.986153	0.142246	-113.014297	-187.987350	753.886353	
-0.655919	0.017360	-0.754631	-0.735163	-0.241418	0.633445	-0.171185	0.970267	0.171114	-103.602303	-180.331177	767.706970	
-0.647748	0.012986	-0.761744	-0.732994	-0.283213	0.618474	-0.207704	0.958970	0.192970	-91.373001	-168.085114	768.947021	
0.463622	-0.035548	0.885320	0.787341	-0.441759	-0.430050	0.406385	0.896429	-0.176820	-77.000801	-167.643005	831.103027	
0.463622	-0.035548	0.885320	0.787341	-0.441759	-0.430050	0.406385	0.896429	-0.176820	-77.000801	-167.643005	831.103027	
0.463622	-0.035548	0.885320	0.787341	-0.441759	-0.430050	0.406385	0.896429	-0.176820	-77.000801	-167.643005	831.103027	
0.717183	-0.165964	0.676835	0.493301	-0.565122	-0.661280	0.492243	0.808141	-0.323426	-24.714247	-140.286209	844.346863	
0.662677	-0.238967	0.709757	0.496721	-0.569017	-0.655354	0.560472	0.786838	-0.258374	-7.141677	-132.902634	878.210510	
0.609731	-0.295318	0.735538	0.484269	-0.595841	-0.640669	0.627465	0.746834	-0.220289	3.127771	-117.602234	881.680847	
0.573425	-0.349025	0.741192	0.445647	-0.626264	-0.639682	0.687447	0.697119	-0.203573	12.543422	-111.189682	886.916077	
0.489706	-0.421375	0.763303	0.483495	-0.597278	-0.639915	0.725549	0.682423	-0.088758	20.719547	-96.517853	894.940491	
0.444795	-0.475035	0.759276	0.500327	-0.571352	-0.650561	0.742853	0.669253	-0.016462	29.420271	-81.335403	902.686340	
0.445144	-0.536084	0.717259	0.473106	-0.539273	-0.696674	0.760275	0.649460	0.013571	36.017380	-66.852295	913.668762	
0.486312	-0.582360	0.651427	0.429954	-0.489539	-0.758611	0.760684	0.649005	0.012319	41.845787	-52.573082	933.287048	
0.503573	-0.616600	0.605160	0.422464	-0.435257	-0.795031	0.753617	0.656015	0.041308	51.518761	-45.330723	939.908325	
0.529265	-0.650840	0.544322	0.402462	-0.372194	-0.836358	0.746929	0.661724	0.064949	59.994469	-31.436846	953.973389	
0.562290	-0.664857	0.491728	0.371788	-0.327895	-0.868481	0.738651	0.671156	0.062814	62.942486	-17.553909	959.420410	
0.598695	-0.688457	0.409379	0.330664	-0.253077	-0.909183	0.729539	0.679690	0.076132	64.551483	-3.315149	960.478149	
0.620696	-0.697336	0.358411	0.319583	-0.192412	-0.927817	0.715964	0.690434	0.103427	67.111488	9.670134	980.939880	
0.620710	-0.714513	0.322787	0.313658	-0.151019	-0.937449	0.718567	0.683129	0.130374	65.867783	21.617992	981.966248	
0.645637	-0.699743	0.305798	0.336236	-0.099050	-0.936555	0.685638	0.707494	0.171328	63.654236	27.026400	988.698303	
0.622014	-0.722755	0.301203	0.381620	-0.056066	-0.922617	0.683715	0.688826	0.240944	60.917545	38.061691	1008.628418	
0.696105	-0.648630	0.307762	0.411935	0.009759	-0.911161	0.588004	0.761041	0.273987	52.918938	48.423565	1008.628662	
0.724915	-0.624587	0.290499	0.408971	0.050895	-0.911127	0.554295	0.779295	0.292332	48.203812	59.379448	1015.916992	
0.301048	-0.548850	-0.779829	-0.897219	0.114019	-0.426613	0.323061	0.828108	-0.458113	38.029999	69.104202	1038.890015	
0.301048	-0.548850	-0.779829	-0.897219	0.114019	-0.426613	0.323061	0.828108	-0.458113	38.029999	69.104202	1038.890015	
0.301048	-0.548850	-0.779829	-0.897219	0.114019	-0.426613	0.323061	0.828108	-0.458113	38.029999	69.104202	1038.890015	
0.301048	-0.548850	-0.779829	-0.897219	0.114019	-0.426613	0.323061	0.828108	-0.458113	38.029999	69.104202	1038.890015	
0.118566	-0.316073	-0.941296	-0.883080	0.399873	-0.245504	0.453996	0.860349	-0.231706	-16.284328	88.974365	1033.737915	
0.038720	-0.289662	-0.956345	-0.882889	0.438309	-0.168502	0.467983	0.850871	-0.238768	-34.724770	93.229362	1065.326904	
0.028359	-0.140433	-0.989684	-0.893384	0.440569	-0.088115	0.448397	0.886667	-0.112966	-43.990410	91.927010	1039.033569	
-0.029308	-0.085248	-0.995928	-0.849599	0.527046	-0.020111	0.526614	0.845551	-0.087873	-55.721256	95.700874	1073.921265	
-0.025393	0.048534	-0.998498	-0.826795	0.560430	0.048267	0.561930	0.826780	0.025897	-66.564873	96.067604	1078.998047	
0.024627	0.162664	-0.986374	-0.830332	0.552801	0.070432	0.556725	0.817284	0.148678	-85.422890	94.765244	1067.862427	
0.093883	0.307140	-0.947022	-0.763402	0.632799	0.129550	0.639064	0.710797	0.293879	-100.225304	98.053879	1123.633301	
0.112381	0.429003	-0.896285	-0.738365	0.639682	0.213600	0.664971	0.637781	0.388649	-111.103371	95.147003	1124.715576	
0.201221	0.462798	-0.863324	-0.755171	0.634633	0.164190	0.623880	0.618919	0.477193	-118.409660	89.111443	1099.559082	
0.288030	0.531914	-0.796307	-0.728197	0.661689	0.178597	0.621906	0.528428	0.577924	-127.361206	83.555199	1095.359863	
0.302780	0.565467	-0.767184	-0.715794	0.666401	0.208684	0.629256	0.485960	0.606530	-135.759537	76.677216	1088.843262	
0.339486	0.585931	-0.735821	-0.720452	0.664915	0.197072	0.604729	0.463221	0.647865	-142.426620	68.583969	1077.207397	
0.388909	0.646662	-0.656184	-0.688606	0.677207	0.259254	0.612022	0.351026	0.708667	-146.858673	63.318245	1052.902466	
0.350027	0.642581	-0.681595	-0.716970	0.652054	0.246537	0.602856	0.402388	0.688947	-152.843079	53.955772	1052.932495	
0.370267	0.673486	-0.639781	-0.704128	0.652713	0.279590	0.605892	0.346965	0.715898	-167.953262	44.243198	1073.983887	
0.429427	0.749136	-0.504368	-0.681462	0.635277	0.363365	0.592623	0.187669	0.783312	-174.524338	31.675743	1053.071289	
0.411097	0.793531	-0.448672	-0.700208	0.590028	0.401965	0.583701	0.148917	0.798195	-178.000229	26.455055	1053.053101	
0.417088	0.838051	-0.351722	-0.726868	0.539900	0.424467	0.545619	0.078615	0.834337	-178.561783	19.858786	1029.394165	
0.436626	0.871746	-0.222300	-0.717855	0.486533	0.497967	0.542256	-0.057847	0.838219	-180.335526	13.370928	1019.729675	
0.427522	0.892666	-0.142729	-0.722682	0.432338	0.539272	0.543097	-0.127404	0.829947	-179.908676	6.361688	1018.097107	
0.468372	0.882943	0.032228	-0.733205	0.368072	0.571781	0.492988	-0.291437	0.819772	-179.562241	-0.077255	1014.103821	
0.502248	0.838371	0.211851	-0.752543	0.303095	0.584647	0.425941	-0.453066	0.783138	-176.298203	-13.676233	1006.681946	
0.516393	0.776795	0.360453	-0.783081	0.257987	0.565886	0.346586	-0.574485	0.741515	-172.613922	-21.039675	990.143433	
0.466193	0.759655	0.453418	-0.834896	0.208274	0.509480	0.292594	-0.616074	0.731328	-160.378220	-34.818573	965.222412	
0.434684	0.770677	0.465947	-0.852572	0.185478	0.488590	0.290122	-0.609636	0.737680	-150.949051	-42.214828	959.883423	
0.445922	0.740774	0.502401	-0.849953	0.174490	0.497124	0.280593	-0.648697	0.707431	-138.582657	-48.398418	943.723633	
0.426302	0.738509	0.522370	-0.856977	0.144859	0.494577	0.289580	-0.658499	0.694638	-133.994278	-63.679142	955.597168	
0.428318	0.676178	0.599438	-0.849930	0.076192	0.521357	0.306858	-0.732788	0.607338	-124.254585	-70.358070	940.813538	
0.423261	0.663377	0.617074	-0.847454	0.049003	0.528603	0.320425	-0.746680	0.582921	-117.954628	-84.942795	942.787048	
