0.997146	-0.038903	0.064698	0.038719	0.999241	0.004090	-0.064808	-0.001573	0.997897	18.818790	3.939675	544.071472	
0.971563	-0.125647	0.200692	0.127841	0.991792	0.002043	-0.199301	0.023671	0.979652	27.746723	7.503431	545.327820	
0.953134	-0.175211	0.246653	0.181711	0.983345	-0.003654	-0.241905	0.048302	0.969097	36.616989	15.585455	546.923218	
0.910376	-0.204309	0.359824	0.217812	0.975985	0.003091	-0.351815	0.075560	0.933015	45.153259	18.154411	546.378784	
0.850334	-0.266953	0.453508	0.302416	0.953157	-0.005968	-0.430671	0.142222	0.891233	53.049366	24.114700	549.765137	
0.804445	-0.338262	0.488310	0.385400	0.922739	0.004291	-0.452034	0.184742	0.872660	70.041519	25.822834	552.150635	
0.706509	-0.381829	0.595862	0.472374	0.881385	0.004703	-0.526980	0.278147	0.803073	77.218796	29.752991	556.139404	
0.606806	-0.360931	0.708177	0.527161	0.849559	-0.018712	-0.594885	0.384678	0.705787	84.510269	31.047197	561.760437	
0.547498	-0.364854	0.753079	0.574967	0.817887	-0.021756	-0.607996	0.444906	0.657571	89.951668	31.664425	562.815979	
0.463102	-0.331445	0.821998	0.617389	0.786052	-0.030877	-0.635900	0.521791	0.568653	100.196648	31.673065	572.132996	
0.380879	-0.330000	0.863731	0.698399	0.714860	-0.034850	-0.605947	0.616502	0.502747	103.658516	30.121294	578.805054	
0.261416	-0.291768	0.920072	0.769358	0.638615	-0.016079	-0.582881	0.712068	0.391419	106.925797	27.564524	582.730408	
0.195815	-0.262435	0.944872	0.836758	0.547153	-0.021439	-0.511364	0.794827	0.326736	108.537003	25.695944	589.509949	
0.112463	-0.188895	0.975536	0.867881	0.496758	-0.003864	-0.483877	0.847082	0.219805	110.194901	21.204218	602.357239	
0.071668	-0.142658	0.987174	0.915148	0.403036	-0.008196	-0.396698	0.903996	0.159438	110.862999	15.429009	608.134766	
0.029018	-0.090149	0.995505	0.937538	0.347860	0.004172	-0.346673	0.933201	0.094613	107.821815	8.192801	607.806152	
0.016834	-0.080399	0.996620	0.953786	0.300379	0.008121	-0.300017	0.950425	0.081740	105.798668	4.460687	621.003052	
-0.012732	-0.018571	0.999746	0.981431	0.191146	0.016049	-0.191396	0.981385	0.015793	102.248734	-4.125588	626.806519	
-0.017366	0.076263	0.996936	0.998391	0.055157	0.013172	-0.053983	0.995560	-0.077098	97.111717	-14.032434	631.019409	
-0.022635	0.105664	0.994144	0.998981	-0.036476	0.026621	0.039075	0.993732	-0.104731	87.668297	-25.910145	637.202515	
-0.009744	0.250710	0.968013	0.989343	-0.138230	0.045759	0.145281	0.958141	-0.246691	80.356201	-32.504284	646.334290	
0.007700	0.346042	0.938187	0.967236	-0.240670	0.080830	0.253765	0.906825	-0.336558	74.454910	-37.738373	655.726318	
0.022340	0.390188	0.920464	0.950248	-0.294414	0.101740	0.310696	0.872394	-0.377352	67.466209	-50.044556	670.343933	
0.062199	0.485227	0.872173	0.930055	-0.345237	0.125744	0.362121	0.803345	-0.472761	59.234913	-56.972885	681.713440	
0.115709	0.574159	0.810526	0.909963	-0.388423	0.145246	0.398222	0.720741	-0.567407	51.380997	-70.199631	699.617188	
0.198594	0.647794	0.735474	0.852155	-0.484823	0.196925	0.484143	0.587629	-0.648304	32.797157	-84.073845	712.543640	
0.262779	0.704986	0.658742	0.829824	-0.513472	0.218493	0.492281	0.489223	-0.719945	14.952755	-97.965363	724.662964	
0.318652	0.751783	0.577305	0.790338	-0.546965	0.276037	0.523287	0.368305	-0.768454	5.868228	-104.591682	738.485168	
0.371305	0.762248	0.530197	0.744602	-0.585579	0.320416	0.554710	0.275813	-0.785000	-3.103397	-111.696472	743.810791	
0.475793	0.766707	0.431023	0.666892	-0.633979	0.391568	0.573478	0.101139	-0.812954	-13.026693	-125.438835	746.553528	
0.538810	0.772248	0.336623	0.639965	-0.635074	0.432581	0.547842	-0.017653	-0.836396	-22.641647	-140.647797	756.165649	
0.630120	0.730511	0.263251	0.585869	-0.669771	0.456251	0.509615	-0.133263	-0.850020	-31.064133	-146.473953	769.107178	
0.691612	0.707794	0.143877	0.561884	-0.652414	0.508568	0.453829	-0.270889	-0.848916	-39.034927	-160.490448	780.948059	
0.765761	0.640774	0.054945	0.498328	-0.645188	0.579138	0.406547	-0.416101	-0.813375	-48.035667	-174.390106	791.270691	
0.798711	0.599162	-0.055366	0.498711	-0.607689	0.618063	0.336675	-0.521265	-0.784177	-55.932682	-180.338867	808.565125	
0.826633	0.552778	-0.105420	0.467252	-0.569811	0.676012	0.313616	-0.608071	-0.729311	-69.673981	-192.607956	820.078186	
0.843714	0.500744	-0.193395	0.479757	-0.541814	0.690124	0.240792	-0.675050	-0.697371	-82.488731	-203.301422	825.301331	
0.861872	0.455623	-0.222677	0.464367	-0.532572	0.707623	0.203818	-0.713284	-0.670585	-93.037277	-212.454407	831.489868	
0.871555	0.389101	-0.298319	0.473152	-0.507964	0.719791	0.128537	-0.768486	-0.626823	-102.590752	-217.567856	849.055542	
0.877492	0.277493	-0.391160	0.479579	-0.501428	0.720120	0.003690	-0.819491	-0.573080	-110.243958	-222.837875	869.102417	
0.889564	0.184113	-0.418066	0.450767	-0.502172	0.737992	-0.074067	-0.844940	-0.529707	-113.453552	-232.145554	890.218872	
0.847861	0.120523	-0.516340	0.506784	-0.470534	0.722335	-0.155898	-0.874111	-0.460027	-114.007042	-234.555298	888.794189	
0.826766	0.065797	-0.558685	0.521765	-0.460939	0.717842	-0.210287	-0.884989	-0.415420	-115.487442	-238.119568	902.827148	
0.788994	0.025234	-0.613883	0.562069	-0.433157	0.704594	-0.248128	-0.900964	-0.355943	-114.497261	-243.184021	917.743469	
0.737910	0.004902	-0.674882	0.618161	-0.406236	0.672941	-0.270863	-0.913754	-0.302797	-113.936806	-247.760849	925.099670	
0.706504	-0.034387	-0.706873	0.647433	-0.371962	0.665189	-0.285804	-0.927610	-0.240530	-110.888031	-249.325775	932.798706	
0.635132	-0.071284	-0.769108	0.691033	-0.392415	0.607029	-0.345081	-0.917021	-0.199977	-106.960846	-251.542847	943.240784	
0.582524	-0.134169	-0.801665	0.708983	-0.398469	0.581865	-0.397506	-0.907315	-0.136995	-96.259964	-249.545868	948.364075	
0.553508	-0.153305	-0.818613	0.702222	-0.442568	0.557691	-0.447789	-0.883532	-0.137311	-89.905975	-245.044952	938.954163	
0.485101	-0.198307	-0.851676	0.718141	-0.465373	0.517400	-0.498951	-0.862613	-0.083342	-79.143829	-245.245758	955.821838	
0.436025	-0.237634	-0.867994	0.709085	-0.503191	0.493960	-0.554149	-0.830859	-0.050902	-73.011894	-243.805939	967.119446	
0.371644	-0.282957	-0.884204	0.689716	-0.553370	0.466984	-0.621428	-0.783400	-0.010497	-57.062500	-237.390915	973.244629	
0.294145	-0.232223	-0.927121	0.731912	-0.569090	0.374755	-0.614642	-0.788801	0.002571	-48.243176	-229.661667	974.240845	
0.238751	-0.197113	-0.950866	0.778967	-0.545798	0.308732	-0.579836	-0.814402	0.023234	-38.888256	-221.854782	978.668823	
0.170351	-0.202072	-0.964442	0.752435	-0.605297	0.259727	-0.636257	-0.769923	0.048933	-29.410141	-215.518311	988.882324	
0.116430	-0.159955	-0.980234	0.724127	-0.661817	0.194006	-0.679769	-0.732401	0.038772	-19.926727	-206.911484	993.620605	
0.099520	-0.120987	-0.987653	0.747577	-0.645965	0.154459	-0.656677	-0.753717	0.026160	-9.881449	-193.937515	988.425842	
-0.050041	-0.164506	-0.985106	0.628422	-0.771806	0.096963	-0.776262	-0.614209	0.142001	8.083885	-190.915680	1029.936035	
-0.360000	-0.157058	-0.919638	0.534587	-0.842582	-0.065370	-0.764604	-0.515158	0.387290	16.788919	-180.047745	1034.835938	
-0.649124	-0.169686	-0.741516	0.385163	-0.913924	-0.128031	-0.655964	-0.368711	0.658607	25.410408	-170.647079	1050.328003	
-0.747927	-0.124826	-0.651938	0.232076	-0.969348	-0.080645	-0.621889	-0.211615	0.753972	42.028408	-155.676575	1033.359009	
-0.772003	-0.021043	-0.635271	0.114999	-0.987581	-0.107038	-0.625129	-0.155688	0.764836	52.323292	-143.237915	1049.303223	
-0.827437	0.007966	-0.561503	0.024827	-0.998402	-0.050749	-0.561010	-0.055932	0.825918	68.953911	-129.105042	1059.251465	
-0.765777	0.118463	-0.632103	-0.019602	-0.986730	-0.161176	-0.642809	-0.111034	0.757937	75.823471	-118.352875	1037.358154	
-0.753371	0.152697	-0.639622	-0.053868	-0.983728	-0.171398	-0.655386	-0.094670	0.749338	89.726357	-110.331596	1041.079468	
-0.701838	0.221034	-0.677177	-0.134696	-0.974670	-0.178536	-0.699487	-0.034089	0.713833	102.862206	-103.156021	1053.924438	
-0.696347	0.225250	-0.681443	-0.113183	-0.972057	-0.205655	-0.708726	-0.066078	0.702383	112.494057	-86.245476	1043.157715	
-0.708039	0.176988	-0.683635	-0.068397	-0.980719	-0.183063	-0.702854	-0.082856	0.706492	114.454239	-68.755951	1024.230347	
-0.695343	0.207734	-0.688001	-0.172973	-0.977547	-0.120340	-0.697553	0.035329	0.715663	117.852295	-54.192318	1025.942139	
-0.669040	0.214826	-0.711503	-0.200913	-0.973949	-0.105145	-0.715556	0.072605	0.694772	120.840813	-45.846447	1015.070068	
-0.728510	0.155253	-0.667210	-0.181010	-0.982989	-0.031092	-0.660689	0.098121	0.744220	124.590294	-31.521917	1023.067871	
-0.689546	0.163595	-0.705524	-0.220318	-0.975367	-0.010837	-0.689919	0.147968	0.708603	125.124413	-17.165800	1019.663208	
-0.760309	0.062425	-0.646556	-0.194720	-0.971498	0.135179	-0.619691	0.228676	0.750794	122.490784	-3.510243	1012.546936	
-0.743775	0.064323	-0.665329	-0.229262	-0.959529	0.163528	-0.627885	0.274164	0.728420	117.730591	3.496865	1002.254578	
-0.702114	0.005516	-0.712044	-0.163909	-0.974368	0.154075	-0.692944	0.224889	0.685022	115.013168	8.978971	1002.531311	
-0.743550	-0.055451	-0.666378	-0.131893	-0.964815	0.227452	-0.655545	0.257013	0.710075	107.492439	21.071440	997.695129	
-0.661354	-0.061688	-0.747534	-0.106712	-0.978736	0.175177	-0.742445	0.195625	0.640708	97.647774	26.471981	992.181519	
-0.577249	-0.109301	-0.809220	-0.113048	-0.970760	0.211762	-0.808706	0.213721	0.548014	91.019409	31.617764	977.130249	
-0.519318	-0.146051	-0.842009	-0.138139	-0.957983	0.251366	-0.843343	0.246853	0.477323	77.173897	39.501740	965.901672	
-0.477597	-0.184371	-0.859016	-0.207155	-0.926534	0.314037	-0.853809	0.327933	0.404317	69.002617	46.037067	963.415894	
-0.379729	-0.201221	-0.902949	-0.292485	-0.899874	0.323538	-0.877644	0.386956	0.282855	51.691078	47.390869	934.179077	
-0.300219	-0.234973	-0.924477	-0.341440	-0.878493	0.334166	-0.890668	0.415976	0.183511	33.608345	49.817696	906.231934	
-0.166643	-0.300676	-0.939055	-0.507767	-0.790212	0.343126	-0.845224	0.534001	-0.020990	16.473446	51.669598	873.107239	
0.781615	-0.458528	-0.422883	-0.242094	-0.847812	0.471811	-0.574864	-0.266398	-0.773669	5.751400	55.601700	899.926025	
0.781615	-0.458528	-0.422883	-0.242094	-0.847812	0.471811	-0.574864	-0.266398	-0.773669	5.751400	55.601700	899.926025	
0.781615	-0.458528	-0.422883	-0.242094	-0.847812	0.471811	-0.574864	-0.266398	-0.773669	5.751400	55.601700	899.926025	
0.555355	-0.758155	-0.341732	-0.436177	-0.615420	0.656511	-0.708047	-0.215541	-0.672467	-52.435585	52.722019	864.045166	
0.491707	-0.819802	-0.293508	-0.454291	-0.529082	0.716722	-0.742862	-0.219080	-0.632583	-70.847122	49.700443	860.528137	
0.392099	-0.878780	-0.272036	-0.494182	-0.450639	0.743443	-0.775914	-0.157068	-0.610973	-80.200119	44.510723	854.970398	
0.329286	-0.912507	-0.242697	-0.425878	-0.372932	0.824347	-0.842733	-0.168087	-0.511418	-89.688019	39.597721	844.068542	
0.252816	-0.948039	-0.193143	-0.403691	-0.284784	0.869442	-0.879271	-0.141840	-0.454714	-106.086319	35.413189	829.491211	
0.199310	-0.966371	-0.162485	-0.429819	-0.235222	0.871736	-0.880642	-0.103907	-0.462248	-119.575195	30.504246	802.208435	
0.208279	-0.969691	-0.127738	-0.501385	-0.217992	0.837311	-0.839781	-0.110348	-0.531593	-132.285675	25.167931	786.088745	
0.288202	-0.955003	-0.070057	-0.549343	-0.224819	0.804784	-0.784322	-0.193455	-0.589419	-144.348511	20.381653	768.369019	
0.340696	-0.940144	0.007334	-0.640394	-0.226345	0.733935	-0.688347	-0.254745	-0.679179	-150.613281	14.439404	762.374146	
0.453760	-0.886450	0.091142	-0.681605	-0.279370	0.676287	-0.574034	-0.368995	-0.730977	-159.659576	8.582928	765.022644	
0.481408	-0.861259	0.162720	-0.728632	-0.290051	0.620455	-0.487177	-0.417255	-0.767175	-164.816879	1.816059	761.127502	
0.581681	-0.765900	0.273942	-0.748313	-0.371846	0.549323	-0.318864	-0.524526	-0.789429	-172.411087	-11.899960	760.328552	
0.703364	-0.595140	0.388701	-0.682453	-0.412416	0.603465	-0.198841	-0.689725	-0.696233	-174.124725	-26.828053	740.640442	
0.778936	-0.408391	0.475895	-0.624063	-0.430166	0.652304	-0.061682	-0.805092	-0.589934	-172.558807	-35.070122	724.303650	
0.690486	-0.322918	0.647266	-0.707270	-0.488997	0.510538	0.151648	-0.810312	-0.566036	-174.232025	-42.902199	733.071777	
0.482487	-0.158992	0.861353	-0.761130	-0.562755	0.322470	0.433460	-0.811189	-0.392534	-169.651810	-49.274582	720.355835	
0.294103	-0.012037	0.955698	-0.771353	-0.593432	0.229897	0.564374	-0.804794	-0.183814	-163.587219	-64.299812	707.468445	
-0.100518	0.007346	0.994907	-0.761939	-0.643609	-0.072230	0.639801	-0.765319	0.070293	-160.854324	-72.619957	688.426819	
-0.395882	0.016858	0.918146	-0.770564	-0.549955	-0.322151	0.499509	-0.835023	0.230708	-148.210373	-80.806458	643.837402	
-0.980991	-0.193686	-0.011940	0.157503	-0.830650	0.534053	-0.113356	0.522021	0.845367	-144.119003	-97.375900	676.335022	
-0.980991	-0.193686	-0.011940	0.157503	-0.830650	0.534053	-0.113356	0.522021	0.845367	-144.119003	-97.375900	676.335022	
-0.980991	-0.193686	-0.011940	0.157503	-0.830650	0.534053	-0.113356	0.522021	0.845367	-144.119003	-97.375900	676.335022	
-0.989405	0.144989	0.007435	-0.140898	-0.971309	0.191586	0.035000	0.188509	0.981447	-106.663780	-125.196915	650.781921	
-0.976482	0.215479	0.007084	-0.211991	-0.965621	0.150448	0.039259	0.145408	0.988592	-88.706734	-130.245193	632.515442	
-0.942913	0.325460	0.070632	-0.318268	-0.943058	0.096675	0.098074	0.068677	0.992806	-79.984962	-135.439606	617.158264	
-0.909831	0.412294	0.047106	-0.412852	-0.910795	-0.002320	0.041947	-0.021558	0.998887	-71.221809	-144.493195	620.048828	
-0.881392	0.470285	0.044485	-0.472119	-0.873825	-0.116329	-0.015836	-0.123534	0.992214	-62.445206	-156.133911	611.591370	
-0.843741	0.533415	0.059731	-0.531157	-0.813740	-0.236006	-0.077284	-0.230855	0.969914	-52.493061	-160.813095	602.577881	
-0.760491	0.648079	0.040574	-0.634309	-0.728057	-0.259972	-0.138942	-0.223442	0.964763	-33.008259	-168.972046	593.413818	
-0.658021	0.752615	-0.024036	-0.694628	-0.619026	-0.366466	-0.290687	-0.224446	0.930121	-22.956160	-173.768234	591.610352	
-0.543500	0.838925	-0.028479	-0.726873	-0.487334	-0.483901	-0.419835	-0.242299	0.874659	-3.904623	-179.779709	581.463013	
-0.440260	0.897762	0.013880	-0.745905	-0.357098	-0.562233	-0.499796	-0.257882	0.826862	13.941332	-185.745270	579.689026	
-0.316639	0.947715	0.039675	-0.757976	-0.227656	-0.611265	-0.570273	-0.223623	0.790431	22.552561	-190.807877	573.623596	
-0.200031	0.978336	0.053329	-0.697680	-0.104010	-0.708819	-0.687917	-0.178992	0.703372	30.205269	-192.896149	572.297180	
-0.062738	0.997419	0.034906	-0.614971	-0.011088	-0.788472	-0.786050	-0.070934	0.614079	44.587154	-194.059677	570.017090	
0.104819	0.994420	-0.011799	-0.481714	0.040389	-0.875397	-0.870037	0.097441	0.483260	52.206181	-195.299881	568.825439	
0.178196	0.983807	-0.019156	-0.401946	0.055007	-0.914009	-0.898156	0.170572	0.405240	63.620659	-194.371078	563.427612	
0.259783	0.964896	-0.038545	-0.327719	0.050546	-0.943422	-0.908356	0.257717	0.329346	68.985191	-193.119385	560.134155	
0.338730	0.938567	-0.065972	-0.227742	0.013756	-0.973624	-0.912904	0.344820	0.218411	72.745079	-189.715393	554.550354	
0.448779	0.883019	-0.137381	-0.213676	-0.043242	-0.975947	-0.867720	0.467340	0.169274	75.925560	-182.278732	545.674194	
0.546369	0.827950	-0.126403	-0.115289	-0.075137	-0.990486	-0.829571	0.555743	0.054401	77.751823	-180.217743	547.532349	
0.575759	0.810449	-0.108036	0.002467	-0.133857	-0.990997	-0.817615	0.570309	-0.079069	79.002655	-175.714737	552.123230	
0.625279	0.773018	-0.107089	0.060491	-0.184819	-0.980909	-0.778053	0.606863	-0.162325	79.297218	-172.075516	554.586609	
0.668454	0.735244	-0.112176	0.106886	-0.244225	-0.963810	-0.736032	0.632272	-0.241841	76.185036	-163.932236	559.524658	
0.757749	0.643107	-0.110577	0.157544	-0.344739	-0.925383	-0.633241	0.683788	-0.362544	70.381149	-159.660477	563.537231	
0.808025	0.578933	-0.109231	0.203679	-0.448478	-0.870277	-0.552820	0.680956	-0.480299	66.858505	-155.318939	565.673584	
0.839501	0.522898	-0.147699	0.176736	-0.519825	-0.835791	-0.513811	0.675543	-0.528809	61.421139	-148.741486	564.411194	
0.855166	0.478335	-0.199710	0.163364	-0.614352	-0.771935	-0.491936	0.627507	-0.603517	55.239365	-135.814972	563.963867	
0.904459	0.354972	-0.236531	0.094577	-0.707591	-0.700264	-0.415941	0.610990	-0.673560	41.954826	-128.221085	563.884338	
0.923063	0.308838	-0.229288	0.105495	-0.776507	-0.621214	-0.369898	0.549230	-0.749347	27.503700	-121.696564	569.859070	
0.950199	0.214319	-0.226245	0.075697	-0.862965	-0.499561	-0.302307	0.457556	-0.836213	20.121021	-116.226410	583.616455	
0.969950	0.070753	-0.232784	-0.035526	-0.905339	-0.423199	-0.240691	0.418752	-0.875622	2.789315	-109.699585	593.896301	
0.966607	0.006084	-0.256187	-0.093605	-0.922253	-0.375082	-0.238551	0.386537	-0.890889	-15.383623	-95.671875	602.808838	
0.977788	-0.084299	-0.191892	-0.150357	-0.919973	-0.361996	-0.146020	0.382807	-0.912216	-34.028004	-87.144684	605.446228	
0.954075	-0.225254	-0.197484	-0.253646	-0.958182	-0.132476	-0.159385	0.176483	-0.971314	-44.818153	-74.717361	624.746216	
0.877515	-0.365565	-0.310368	-0.368079	-0.928299	0.052708	-0.307383	0.067988	-0.949154	-55.210278	-67.089005	632.067139	
0.867392	-0.438368	-0.235506	-0.432117	-0.898224	0.080417	-0.246790	0.032013	-0.968540	-76.117744	-52.615742	647.039490	
0.816329	-0.544782	-0.191881	-0.531133	-0.838571	0.121220	-0.226944	0.002959	-0.973904	-96.089394	-44.882607	648.685852	
0.733839	-0.648329	-0.202850	-0.625531	-0.761357	0.170426	-0.264933	0.001824	-0.964265	-116.089333	-38.549110	664.703125	
0.689032	-0.690656	-0.219609	-0.657444	-0.723181	0.211600	-0.304959	-0.001418	-0.952365	-135.952057	-32.291187	682.633179	
0.621015	-0.687302	-0.376769	-0.576941	-0.726220	0.373821	-0.530545	-0.014775	-0.847528	-143.599899	-19.876287	686.564575	
0.471452	-0.694793	-0.543135	-0.504262	-0.717643	0.480320	-0.723499	0.047434	-0.688693	-149.969147	-7.238564	688.446045	
0.340360	-0.717137	-0.608169	-0.540639	-0.678435	0.497427	-0.769327	0.159496	-0.618625	-154.751434	-1.667760	690.003479	
0.303539	-0.732195	-0.609717	-0.498718	-0.667340	0.553115	-0.811876	0.136185	-0.567723	-166.476471	2.990908	692.784302	
0.294009	-0.710264	-0.639596	-0.436541	-0.695084	0.571217	-0.850288	0.111267	-0.514421	-177.931717	7.580464	708.154297	
0.148078	-0.704824	-0.693755	-0.446608	-0.673543	0.588965	-0.882390	0.222624	-0.414517	-179.774231	16.412348	707.344604	
-0.017114	-0.688103	-0.725411	-0.412430	-0.656059	0.632050	-0.910828	0.309998	-0.272567	-186.996307	21.010447	719.516785	
-0.094728	-0.653435	-0.751032	-0.412347	-0.660908	0.627033	-0.906088	0.369083	-0.206835	-188.791626	27.608885	731.861755	
-0.114382	-0.626352	-0.771102	-0.398587	-0.682047	0.613140	-0.909969	0.377484	-0.171641	-190.530518	34.310371	739.161011	
-0.141285	-0.595016	-0.791197	-0.332054	-0.724431	0.604102	-0.932619	0.348071	-0.095226	-190.446533	36.256409	751.609863	
-0.209189	-0.535786	-0.818029	-0.296596	-0.762366	0.575176	-0.931810	0.362945	0.000567	-192.455292	38.496468	769.067322	
-0.232190	-0.484949	-0.843156	-0.293839	-0.791372	0.536085	-0.927225	0.372226	0.041252	-190.307983	40.015739	788.064148	
-0.261712	-0.453238	-0.852104	-0.289078	-0.805532	0.517254	-0.920836	0.381697	0.079797	-184.832687	41.636398	794.328247	
-0.248138	-0.382516	-0.890005	-0.291420	-0.846704	0.445157	-0.923851	0.369826	0.098627	-178.993210	42.181694	809.756958	
-0.332987	-0.285997	-0.898512	-0.271784	-0.883341	0.381892	-0.902913	0.371366	0.216413	-174.525879	43.263409	818.934509	
-0.316423	-0.292718	-0.902326	-0.358010	-0.844008	0.399346	-0.878467	0.449404	0.162268	-163.738373	40.460388	832.338379	
-0.276135	-0.237979	-0.931190	-0.258170	-0.914886	0.310371	-0.925795	0.326110	0.191194	-159.280914	38.601288	856.729004	
-0.287394	-0.187499	-0.939280	-0.268865	-0.925430	0.267001	-0.919301	0.329274	0.215552	-145.105225	36.141762	873.189575	
-0.267076	-0.126197	-0.955376	-0.348903	-0.911465	0.217934	-0.898296	0.391539	0.199401	-136.367157	31.181465	887.737305	
-0.245656	-0.101638	-0.964013	-0.301346	-0.937204	0.175604	-0.921326	0.333641	0.199602	-119.162735	24.921247	897.882568	
-0.271108	-0.082385	-0.959016	-0.252074	-0.955480	0.153342	-0.928955	0.283316	0.238272	-102.299774	18.335314	914.626587	
-0.228415	-0.053949	-0.972067	-0.268493	-0.956251	0.116162	-0.935808	0.287527	0.203939	-83.246231	13.848633	921.723022	
-0.235541	-0.038892	-0.971085	-0.311363	-0.943510	0.113311	-0.920637	0.329049	0.210127	-63.973675	3.912422	936.074585	
-0.162969	-0.027359	-0.986251	-0.299598	-0.951041	0.075889	-0.940043	0.307847	0.146795	-43.727936	-1.137405	945.393066	
0.004186	-0.011178	-0.999928	-0.242070	-0.970207	0.009833	-0.970249	0.242012	-0.006767	-31.961319	-5.230687	943.266541	
0.047508	-0.040984	-0.998029	-0.269826	-0.962538	0.026683	-0.961736	0.268028	-0.056786	-21.273300	-16.392822	948.435974	
0.082841	-0.063242	-0.994554	-0.328397	-0.943973	0.032672	-0.940899	0.323903	-0.098968	-2.116356	-22.596588	968.322693	
0.185534	-0.103704	-0.977150	-0.358140	-0.933151	0.031035	-0.915047	0.344199	-0.210271	17.775269	-28.796333	972.309631	
0.247136	-0.169613	-0.954020	-0.413951	-0.908676	0.054320	-0.876109	0.381494	-0.294778	26.366554	-35.683105	975.497498	
0.255316	-0.218924	-0.941746	-0.417366	-0.903557	0.096896	-0.872135	0.368314	-0.322063	34.801407	-49.760788	985.826050	
0.244874	-0.234577	-0.940750	-0.497998	-0.862947	0.085550	-0.831886	0.447543	-0.328131	50.474632	-61.467457	970.968079	
0.301688	-0.299202	-0.905242	-0.371908	-0.911193	0.177225	-0.877877	0.283201	-0.386171	65.009537	-69.314362	996.684326	
0.288738	-0.369380	-0.883283	-0.382716	-0.890189	0.247162	-0.877586	0.266682	-0.398399	77.744438	-83.806541	999.255188	
0.294082	-0.500871	-0.814029	-0.378459	-0.843100	0.382034	-0.877658	0.195728	-0.437499	88.555153	-92.209908	1015.296021	
0.275452	-0.581423	-0.765553	-0.375178	-0.798227	0.471247	-0.885080	0.157413	-0.438010	92.961227	-105.743576	1010.879089	
0.243594	-0.662604	-0.708249	-0.390169	-0.735498	0.553904	-0.887935	0.141411	-0.437690	96.793579	-114.431862	1023.193726	
0.208327	-0.725143	-0.656328	-0.419415	-0.672454	0.609832	-0.883566	0.148230	-0.444226	98.948334	-120.719643	1018.955994	
0.171504	-0.758788	-0.628352	-0.423188	-0.632702	0.648536	-0.889661	0.154685	-0.429620	100.891098	-134.526764	1025.050293	
0.024395	-0.777104	-0.628898	-0.436466	-0.574241	0.692636	-0.899389	0.257597	-0.353188	101.109894	-147.264587	1022.787109	
-0.109069	-0.778952	-0.617525	-0.465335	-0.508947	0.724180	-0.878388	0.366342	-0.306963	99.250641	-152.566498	1015.812988	
-0.192878	-0.780801	-0.594261	-0.393001	-0.493461	0.775916	-0.899081	0.383203	-0.211677	98.290535	-165.677414	1022.360046	
-0.215773	-0.790993	-0.572512	-0.395756	-0.465163	0.791833	-0.892646	0.397432	-0.212670	90.375000	-174.730499	1011.664917	
-0.341782	-0.807623	-0.480550	-0.346316	-0.367119	0.863301	-0.873641	0.461484	-0.154218	86.395454	-180.762131	1012.812012	
-0.326024	-0.774538	-0.542030	-0.437013	-0.384940	0.812922	-0.838288	0.501907	-0.212983	75.529556	-183.217834	1001.106445	
-0.523959	-0.768997	-0.366211	-0.089462	-0.377890	0.921518	-0.847032	0.515600	0.129203	64.140503	-193.557999	1028.989990	
-0.523959	-0.768997	-0.366211	-0.089462	-0.377890	0.921518	-0.847032	0.515600	0.129203	64.140503	-193.557999	1028.989990	
-0.523959	-0.768997	-0.366211	-0.089462	-0.377890	0.921518	-0.847032	0.515600	0.129203	64.140503	-193.557999	1028.989990	
-0.523959	-0.768997	-0.366211	-0.089462	-0.377890	0.921518	-0.847032	0.515600	0.129203	64.140503	-193.557999	1028.989990	
-0.523959	-0.768997	-0.366211	-0.089462	-0.377890	0.921518	-0.847032	0.515600	0.129203	64.140503	-193.557999	1028.989990	
-0.948019	-0.308744	0.077056	0.243856	-0.549299	0.799252	-0.204438	0.776497	0.596035	11.154612	-209.811005	989.960083	
-0.969014	-0.195363	0.151150	0.241036	-0.614130	0.751496	-0.053989	0.764642	0.642189	0.313331	-212.000916	992.344849	
-0.932462	-0.359451	0.036181	0.284972	-0.670284	0.685208	-0.222048	0.649241	0.727448	-14.496847	-207.804642	973.469604	
-0.941421	-0.337049	0.011140	0.307540	-0.844507	0.438436	-0.138367	0.416179	0.898693	-25.817219	-215.977982	1013.598816	
-0.847524	-0.519371	-0.109350	0.411580	-0.773204	0.482448	-0.335120	0.363880	0.869071	-42.221870	-215.767578	1007.739563	
-0.785863	-0.606108	-0.122687	0.507254	-0.745283	0.432720	-0.353712	0.277825	0.893141	-47.334396	-211.092468	985.530518	
-0.625158	-0.770873	-0.122195	0.721128	-0.630375	0.287405	-0.298582	0.091555	0.949982	-50.558762	-207.640442	969.891724	
-0.382649	-0.913813	-0.136108	0.922557	-0.370003	-0.109486	0.049689	-0.167462	0.984625	-55.539581	-207.402435	946.249817	
-0.020224	-0.990162	-0.138458	0.974995	0.011122	-0.221949	0.221305	-0.139485	0.965177	-75.417999	-218.090881	987.383179	
-0.669607	0.364885	0.646905	-0.388956	-0.914288	0.113095	0.632724	-0.175888	0.754137	-103.285004	-198.449005	951.872009	
-0.669607	0.364885	0.646905	-0.388956	-0.914288	0.113095	0.632724	-0.175888	0.754137	-103.285004	-198.449005	951.872009	
-0.669607	0.364885	0.646905	-0.388956	-0.914288	0.113095	0.632724	-0.175888	0.754137	-103.285004	-198.449005	951.872009	
-0.669607	0.364885	0.646905	-0.388956	-0.914288	0.113095	0.632724	-0.175888	0.754137	-103.285004	-198.449005	951.872009	
-0.306705	0.471320	0.826915	-0.917057	-0.378936	-0.124156	0.254830	-0.796407	0.548449	-133.095673	-160.295120	904.345886	
-0.238189	0.438971	0.866355	-0.963272	-0.220655	-0.153032	0.123988	-0.870986	0.475406	-141.710892	-149.803345	902.836304	
-0.206736	0.387521	0.898381	-0.977218	-0.126833	-0.170169	0.048000	-0.913094	0.404914	-145.008072	-135.009384	900.090454	
-0.132365	0.435740	0.890287	-0.987514	-0.135370	-0.080565	0.085413	-0.889835	0.448217	-149.657883	-116.597252	889.620911	
-0.046328	0.458561	0.887455	-0.992227	-0.123843	0.012194	0.115497	-0.879992	0.460734	-153.192856	-99.411842	877.470520	
0.043187	0.461195	0.886248	-0.992986	-0.077905	0.088930	0.110056	-0.883872	0.454596	-150.340195	-89.500061	859.050171	
0.110281	0.425769	0.898086	-0.992800	0.004673	0.119696	0.046765	-0.904820	0.423219	-144.731659	-82.179428	842.626770	
0.118146	0.395183	0.910974	-0.992724	0.025519	0.117678	0.023256	-0.918248	0.395322	-135.048874	-66.165535	802.320068	
-0.009987	-0.106664	0.994245	-0.518234	0.850896	0.086079	-0.855180	-0.514392	-0.063775	-130.496002	-72.288399	833.395996	
-0.009987	-0.106664	0.994245	-0.518234	0.850896	0.086079	-0.855180	-0.514392	-0.063775	-130.496002	-72.288399	833.395996	
-0.009987	-0.106664	0.994245	-0.518234	0.850896	0.086079	-0.855180	-0.514392	-0.063775	-130.496002	-72.288399	833.395996	
-0.009987	-0.106664	0.994245	-0.518234	0.850896	0.086079	-0.855180	-0.514392	-0.063775	-130.496002	-72.288399	833.395996	
-0.159447	-0.426387	0.890377	-0.041526	0.904015	0.425481	-0.986333	0.030868	-0.161848	-98.134338	-26.867325	784.178223	
-0.218101	-0.471789	0.854311	0.092315	0.861487	0.499319	-0.971550	0.187768	-0.144337	-81.817764	-12.329332	769.963928	
-0.281726	-0.485914	0.827356	0.305870	0.771815	0.557446	-0.909436	0.410110	-0.068813	-72.786316	-5.549110	764.828613	
-0.334005	-0.514819	0.789558	0.376831	0.694876	0.612492	-0.863967	0.502105	-0.038093	-63.339840	1.679968	750.325073	
-0.382416	-0.539120	0.750405	0.478083	0.579525	0.659990	-0.790692	0.611147	0.036125	-52.798553	8.209389	732.293030	
-0.452905	-0.537788	0.711099	0.515164	0.493107	0.701036	-0.727656	0.683835	0.053718	-33.021019	19.208733	710.188110	
-0.524146	-0.568106	0.634450	0.575278	0.313132	0.755648	-0.627955	0.761055	0.162692	-23.481632	29.916330	707.849182	
-0.609785	-0.586330	0.533273	0.579275	0.129508	0.804778	-0.540928	0.799654	0.260674	-13.516225	34.621460	698.168030	
-0.705272	-0.528878	0.472101	0.581158	-0.049929	0.812258	-0.406013	0.847228	0.342575	-2.849734	42.458839	691.604736	
-0.760368	-0.503720	0.410009	0.547035	-0.156368	0.822375	-0.350134	0.849597	0.394450	7.504477	46.433559	677.813965	
-0.830101	-0.431924	0.352668	0.509089	-0.328987	0.795358	-0.227511	0.839768	0.492980	17.368690	50.374008	670.246033	
-0.886578	-0.340272	0.313359	0.452154	-0.494463	0.742336	-0.097651	0.799826	0.592236	35.405762	53.326073	654.144043	
-0.936621	-0.296643	0.186396	0.340108	-0.642221	0.686934	-0.084067	0.706793	0.702408	51.216328	56.121231	648.513916	
-0.979003	-0.200406	0.037300	0.175051	-0.732747	0.657601	-0.104455	0.650323	0.752442	58.557411	57.943985	645.558044	
-0.989410	-0.143497	-0.021838	0.100597	-0.786377	0.609501	-0.104634	0.600850	0.792484	72.253181	59.336582	640.583069	
-0.991651	-0.096059	-0.086031	0.031209	-0.826101	0.562657	-0.125117	0.555275	0.822202	83.453285	59.637844	632.494324	
-0.989062	0.015733	-0.146660	-0.084613	-0.874953	0.476758	-0.120819	0.483953	0.866713	92.685745	58.528713	624.410461	
-0.971364	0.065835	-0.228295	-0.163736	-0.881746	0.442396	-0.172172	0.467107	0.867275	96.879051	57.305897	617.241455	
-0.939107	0.164360	-0.301767	-0.275841	-0.884272	0.376796	-0.204913	0.437091	0.875763	99.119164	53.460499	604.902771	
-0.894111	0.256686	-0.366985	-0.385984	-0.857247	0.340799	-0.227118	0.446363	0.865550	101.258736	51.413029	605.344299	
-0.862857	0.296374	-0.409439	-0.416630	-0.875679	0.244146	-0.286178	0.381247	0.879063	102.091240	45.548195	601.557007	
-0.806383	0.322287	-0.495861	-0.470015	-0.858139	0.206600	-0.358933	0.399661	0.843468	99.877075	38.019852	591.379883	
-0.718349	0.332364	-0.611154	-0.492312	-0.863564	0.109030	-0.491532	0.379199	0.783967	96.049530	29.204103	588.401672	
-0.650550	0.390240	-0.651534	-0.568059	-0.819435	0.076395	-0.504077	0.419809	0.754763	93.412041	20.015911	587.122864	
-0.539811	0.399028	-0.741202	-0.643158	-0.763585	0.057328	-0.543095	0.507656	0.668829	84.961105	14.129838	580.968567	
-0.431068	0.375177	-0.820623	-0.700707	-0.712184	0.042476	-0.568499	0.593326	0.569889	73.987404	7.941583	571.425720	
-0.365615	0.364827	-0.856287	-0.657111	-0.752725	-0.040133	-0.659190	0.548002	0.514938	63.182053	1.108141	574.486877	
-0.295728	0.345707	-0.890523	-0.630331	-0.771090	-0.090020	-0.717794	0.534702	0.445943	49.575356	-6.302959	574.198792	
-0.197580	0.316267	-0.927867	-0.649175	-0.751447	-0.117899	-0.734530	0.579053	0.353783	33.985828	-19.525818	568.883789	
-0.127349	0.215908	-0.968073	-0.614651	-0.783200	-0.093819	-0.778452	0.583079	0.232447	25.800173	-27.229937	567.275269	
-0.037081	0.105213	-0.993758	-0.614502	-0.786603	-0.060352	-0.788043	0.608429	0.093821	7.995329	-35.273815	561.673645	
0.013413	-0.005595	-0.999894	-0.592677	-0.805432	-0.003444	-0.805328	0.592661	-0.014119	-1.043002	-43.470661	562.055542	
0.146604	-0.022970	-0.988928	-0.650334	-0.755543	-0.078860	-0.745367	0.654696	-0.125704	-19.764826	-55.057163	543.793152	
0.076296	-0.201475	-0.976518	-0.571984	-0.811044	0.122645	-0.816709	0.549195	-0.177120	-40.778900	-67.055496	573.033997	
0.076296	-0.201475	-0.976518	-0.571984	-0.811044	0.122645	-0.816709	0.549195	-0.177120	-40.778900	-67.055496	573.033997	
0.067774	-0.402779	-0.912785	-0.668731	-0.697291	0.258037	-0.740409	0.592919	-0.316609	-81.802841	-96.687241	572.774170	
0.041608	-0.533556	-0.844741	-0.683061	-0.632223	0.365681	-0.729176	0.561793	-0.390757	-92.279213	-104.369141	577.469727	
-0.009291	-0.629722	-0.776765	-0.713918	-0.539736	0.446102	-0.700168	0.558690	-0.444555	-102.770157	-111.850029	581.846008	
-0.044721	-0.685282	-0.726903	-0.674982	-0.515693	0.527693	-0.736478	0.514245	-0.439491	-120.853210	-118.368652	580.793030	
-0.145327	-0.759479	-0.634090	-0.649174	-0.410447	0.640396	-0.746628	0.504702	-0.433386	-130.118607	-131.822968	586.463379	
-0.226211	-0.794161	-0.564036	-0.627018	-0.324411	0.708242	-0.745438	0.513872	-0.424568	-147.709335	-146.384460	598.863586	
-0.322726	-0.801665	-0.503171	-0.572086	-0.258301	0.778459	-0.754033	0.539085	-0.375262	-153.387009	-157.073608	594.801880	
-0.380412	-0.841895	-0.382753	-0.482716	-0.172263	0.858668	-0.788842	0.511408	-0.340866	-167.967361	-169.285873	606.319031	
-0.464986	-0.848789	-0.251685	-0.432607	-0.030198	0.901077	-0.772425	0.527868	-0.353150	-174.796753	-175.171738	614.854797	
-0.510602	-0.851278	-0.120873	-0.351221	0.078184	0.933023	-0.784812	0.518856	-0.338908	-185.042679	-185.029510	623.204163	
-0.556636	-0.830444	0.022802	-0.221124	0.174562	0.959496	-0.800788	0.529047	-0.280799	-193.306900	-189.563858	630.572571	
-0.581549	-0.794760	0.173659	-0.086641	0.272762	0.958172	-0.808884	0.542178	-0.227484	-199.448212	-193.926682	635.321472	
-0.635518	-0.711609	0.299551	0.044108	0.353880	0.934250	-0.770826	0.606944	-0.193510	-203.713806	-197.480988	650.583557	
-0.648448	-0.623113	0.437317	0.246853	0.371311	0.895093	-0.720125	0.688374	-0.086958	-202.731781	-201.826935	650.019958	
-0.645904	-0.524199	0.554999	0.397272	0.390005	0.830705	-0.651907	0.757041	-0.043656	-201.260376	-204.972275	661.835754	
-0.617692	-0.439317	0.652271	0.513078	0.403454	0.757612	-0.595993	0.802636	-0.023807	-200.463776	-207.327774	673.781799	
-0.597328	-0.359557	0.716881	0.637417	0.329638	0.696447	-0.486723	0.872959	0.032285	-197.821976	-209.498672	683.840759	
-0.529971	-0.260620	0.806975	0.763902	0.266479	0.587745	-0.368219	0.927936	0.057862	-190.624054	-209.904984	692.135620	
-0.430223	-0.178752	0.884848	0.859135	0.219826	0.462129	-0.277119	0.959022	0.058998	-184.437408	-207.194336	702.521606	
-0.383665	-0.127423	0.914639	0.901669	0.162263	0.400830	-0.199486	0.978485	0.052638	-179.048035	-204.992706	714.254761	
-0.256000	-0.074139	0.963830	0.952355	0.151652	0.264617	-0.165784	0.985649	0.031783	-165.829880	-204.512390	729.038757	
-0.131748	-0.012738	0.991201	0.972441	0.192370	0.131726	-0.192355	0.981239	-0.012958	-150.406967	-202.567184	745.828552	
0.010290	0.064765	0.997847	0.995122	0.097249	-0.016574	-0.098112	0.993150	-0.063449	-135.018234	-200.142426	760.246948	
0.139466	0.162249	0.976844	0.987183	0.054512	-0.149996	-0.077585	0.985242	-0.152567	-118.596756	-196.179535	767.996338	
0.240645	0.198965	0.950001	0.962006	0.081166	-0.260684	-0.128974	0.976639	-0.171874	-109.225502	-190.362000	776.104492	
0.340064	0.263694	0.902675	0.929287	0.052917	-0.365548	-0.144159	0.963153	-0.227053	-99.973907	-181.302719	789.588379	
0.329023	0.330738	0.884509	0.927506	0.062797	-0.368498	-0.177420	0.941630	-0.286100	-83.674049	-173.385468	808.266052	
0.394489	0.374879	0.838954	0.896488	0.043409	-0.440938	-0.201716	0.926056	-0.318950	-74.325195	-167.002792	823.957092	
0.398532	0.398690	0.825965	0.895184	0.026845	-0.444888	-0.199545	0.916692	-0.346203	-56.113739	-155.235382	828.524414	
0.420641	0.417351	0.805530	0.880370	0.026670	-0.473538	-0.219115	0.908353	-0.356205	-36.394760	-146.575027	825.114258	
0.785486	-0.249371	0.566415	0.331265	-0.603663	-0.725159	0.522757	0.757235	-0.391560	-6.118460	-131.516998	882.953979	
0.785486	-0.249371	0.566415	0.331265	-0.603663	-0.725159	0.522757	0.757235	-0.391560	-6.118460	-131.516998	882.953979	
0.785486	-0.249371	0.566415	0.331265	-0.603663	-0.725159	0.522757	0.757235	-0.391560	-6.118460	-131.516998	882.953979	
0.881484	-0.416516	0.222487	-0.077646	-0.592589	-0.801754	0.465787	0.689458	-0.554698	21.441216	-95.124168	891.174316	
0.882218	-0.459662	0.101989	-0.188326	-0.543020	-0.818330	0.431537	0.702737	-0.565628	29.057758	-81.245865	905.340576	
0.853389	-0.519153	0.046976	-0.272093	-0.520502	-0.809347	0.444627	0.677905	-0.585449	36.199600	-66.971962	921.058411	
0.806819	-0.590646	-0.013418	-0.365462	-0.481117	-0.796846	0.464199	0.647814	-0.604033	42.437359	-52.818691	945.854248	
0.760321	-0.644838	-0.078077	-0.450372	-0.436740	-0.778732	0.468057	0.627249	-0.622480	52.487808	-46.350883	960.913574	
0.717434	-0.657766	-0.229414	-0.570632	-0.365996	-0.735137	0.399584	0.658323	-0.637921	60.601185	-31.862209	965.128784	
0.657798	-0.701903	-0.273190	-0.641905	-0.332679	-0.690857	0.394030	0.629806	-0.669390	63.917572	-18.213413	980.661621	
0.606555	-0.725916	-0.324249	-0.669211	-0.245975	-0.701180	0.429241	0.642294	-0.634988	65.758163	-3.439295	982.873413	
0.572434	-0.716850	-0.398050	-0.709223	-0.189252	-0.679107	0.411487	0.671051	-0.616741	67.520065	9.134235	995.583313	
0.537509	-0.695346	-0.477051	-0.752153	-0.139570	-0.644039	0.381248	0.704992	-0.598027	66.014122	21.751011	996.667114	
0.486603	-0.690689	-0.534944	-0.794533	-0.095294	-0.599697	0.363227	0.716845	-0.595146	63.743462	26.797359	997.838318	
0.429559	-0.688129	-0.584771	-0.834765	-0.055581	-0.547795	0.344452	0.723456	-0.598300	60.638779	38.326897	1016.457397	
0.367749	-0.610499	-0.701464	-0.874480	0.029536	-0.484161	0.316298	0.791466	-0.523008	52.780594	49.272934	1014.801086	
0.317534	-0.581296	-0.749178	-0.898517	0.068051	-0.433633	0.303051	0.810841	-0.500695	47.111687	58.930435	1008.097412	
0.308144	-0.519470	-0.796993	-0.899262	0.114330	-0.422204	0.310443	0.846805	-0.431909	36.921181	66.954643	1013.455627	
0.284485	-0.503712	-0.815685	-0.890385	0.176563	-0.419571	0.355363	0.845635	-0.398268	24.189747	73.768829	1004.445801	
0.214909	-0.466730	-0.857891	-0.899263	0.248091	-0.360246	0.380973	0.848889	-0.366396	16.123169	81.755150	1014.658997	
0.149437	-0.457614	-0.876503	-0.899677	0.304809	-0.312526	0.410183	0.835273	-0.366155	2.021603	85.893532	1027.124268	
0.028860	-0.405373	-0.913695	-0.896577	0.393643	-0.202964	0.441947	0.825056	-0.352087	-12.964903	87.651329	1024.365723	
0.029062	-0.340472	-0.939805	-0.895160	0.409511	-0.176039	0.444797	0.846392	-0.292876	-31.267408	89.440567	1024.331055	
-0.014695	-0.163854	-0.986375	-0.897180	0.437661	-0.059337	0.441421	0.884084	-0.153437	-44.467934	93.428207	1050.947388	
0.001079	-0.081888	-0.996641	-0.879205	0.474764	-0.039961	0.476442	0.876295	-0.071484	-53.491428	91.970772	1032.304443	
-0.008716	0.030113	-0.999508	-0.834219	0.550916	0.023872	0.551364	0.834018	0.020319	-64.018585	93.522583	1048.557617	
-0.014531	0.102760	-0.994600	-0.856211	0.512463	0.065456	0.516422	0.852539	0.080538	-83.015579	94.230919	1055.623291	
-0.006178	0.220426	-0.975384	-0.828285	0.545374	0.128495	0.560273	0.808690	0.179206	-94.691788	93.184769	1055.246460	
0.000357	0.356856	-0.934159	-0.781195	0.583283	0.222520	0.624287	0.729681	0.278982	-104.669006	90.272675	1057.632446	
0.006186	0.412965	-0.910725	-0.761270	0.592487	0.263490	0.648406	0.691679	0.318043	-114.074951	86.756203	1061.970581	
0.029293	0.458097	-0.888420	-0.726612	0.620115	0.295792	0.686423	0.636872	0.351024	-122.509354	81.695038	1060.964478	
0.053898	0.502452	-0.862924	-0.718513	0.619629	0.315910	0.693422	0.602995	0.394415	-131.845856	76.195732	1062.968140	
0.113998	0.564858	-0.817276	-0.675500	0.647290	0.353150	0.728494	0.511812	0.455352	-140.535690	68.658203	1066.906250	
0.142028	0.610916	-0.778852	-0.648799	0.651701	0.392869	0.747588	0.449520	0.488921	-147.707489	64.961143	1059.994507	
0.167671	0.643745	-0.746645	-0.621582	0.656888	0.426771	0.765194	0.392545	0.510281	-153.654831	55.168869	1057.613281	
0.205438	0.683719	-0.700231	-0.591134	0.656917	0.467996	0.779971	0.317787	0.539125	-164.763245	44.037220	1053.249878	
0.321830	0.758606	-0.566518	-0.559317	0.635115	0.532723	0.763930	0.145417	0.628700	-173.211578	32.444916	1048.118286	
0.336947	0.805220	-0.487941	-0.580721	0.585666	0.565472	0.741100	0.092823	0.664947	-176.181946	27.324345	1047.889526	
0.360424	0.828250	-0.429063	-0.652325	0.552601	0.518753	0.666758	0.092918	0.739459	-179.940445	22.076504	1042.816284	
0.365845	0.833893	-0.413254	-0.723886	0.534045	0.436791	0.584933	0.139351	0.799021	-181.250626	15.654940	1030.774292	
0.348035	0.857433	-0.379052	-0.763546	0.493856	0.416057	0.543938	0.144622	0.826569	-181.150620	8.932805	1033.212036	
0.340465	0.879658	-0.332093	-0.799379	0.456757	0.390341	0.495052	0.132572	0.858690	-179.897949	2.995748	1031.760010	
0.315488	0.889845	-0.329609	-0.839125	0.423805	0.340968	0.443099	0.169012	0.880397	-178.654541	-11.035778	1041.814331	
0.306822	0.899875	-0.309975	-0.851517	0.405030	0.332969	0.425180	0.161788	0.890531	-174.578156	-18.611057	1030.206177	
0.519349	0.817629	0.248515	-0.673662	0.212787	0.707743	0.525791	-0.534981	0.661317	-164.785004	-35.505001	995.190002	
0.519349	0.817629	0.248515	-0.673662	0.212787	0.707743	0.525791	-0.534981	0.661317	-164.785004	-35.505001	995.190002	
0.519349	0.817629	0.248515	-0.673662	0.212787	0.707743	0.525791	-0.534981	0.661317	-164.785004	-35.505001	995.190002	
0.556616	0.719419	0.415469	-0.706561	0.146895	0.692237	0.436978	-0.678865	0.590079	-133.496124	-63.456234	948.727905	
