0.993793	-0.043440	0.102414	0.042684	0.999042	0.009563	-0.102731	-0.005132	0.994696	18.772018	4.002746	543.053650	
0.971443	-0.127538	0.200079	0.128582	0.991668	0.007821	-0.199410	0.018129	0.979749	27.594172	7.574245	543.114136	
0.948873	-0.166296	0.268302	0.174721	0.984588	-0.007659	-0.262893	0.054145	0.963305	36.409298	15.470175	544.091248	
0.913086	-0.195177	0.358023	0.220726	0.974827	-0.031502	-0.342862	0.107789	0.933182	44.835777	18.145994	544.244507	
0.842875	-0.252576	0.475150	0.312300	0.948682	-0.049699	-0.438214	0.190279	0.878500	52.685081	24.019138	545.651001	
0.781176	-0.307025	0.543599	0.400534	0.914371	-0.059148	-0.478891	0.263934	0.837259	69.559074	25.737551	548.372437	
0.694309	-0.338623	0.635036	0.489745	0.868875	-0.072143	-0.527337	0.361095	0.769107	76.415329	29.386124	548.978027	
0.598360	-0.329092	0.730523	0.536110	0.842027	-0.059796	-0.595442	0.427420	0.680266	82.976105	30.388702	551.514648	
0.535750	-0.331449	0.776604	0.576803	0.815356	-0.049927	-0.616661	0.474696	0.628008	88.154083	30.991009	552.471313	
0.435054	-0.301303	0.848495	0.622240	0.781728	-0.041451	-0.650803	0.546002	0.527577	97.677467	30.569683	557.812561	
0.365050	-0.308151	0.878511	0.694164	0.718902	-0.036282	-0.620382	0.623076	0.476342	101.398483	29.200308	565.828003	
0.253173	-0.272942	0.928120	0.767520	0.640682	-0.020952	-0.588911	0.717655	0.371692	104.294365	26.479650	568.827881	
0.191878	-0.250768	0.948841	0.835049	0.549668	-0.023595	-0.515631	0.796856	0.314873	106.394936	24.769352	577.824829	
0.114445	-0.170414	0.978704	0.866987	0.498115	-0.014649	-0.485011	0.850200	0.204753	107.422508	20.027084	587.629456	
0.075996	-0.143494	0.986729	0.917581	0.397340	-0.012888	-0.390217	0.906383	0.161863	108.001511	14.772250	591.544373	
0.049437	-0.116290	0.991984	0.957448	0.288268	-0.013922	-0.284338	0.950462	0.125593	106.801170	9.550474	595.000488	
0.040803	-0.125202	0.991292	0.976228	0.216360	-0.012856	-0.212866	0.968252	0.131054	104.332565	6.423835	601.729858	
0.008325	-0.131824	0.991238	0.986168	0.165182	0.013685	-0.165538	0.977413	0.131375	102.977699	-3.761591	608.238647	
-0.007418	-0.107509	0.994176	0.998216	0.058093	0.013730	-0.059231	0.992505	0.106886	99.927261	-14.224551	613.156921	
-0.000820	-0.042574	0.999093	0.998986	-0.045009	-0.001098	0.045015	0.998079	0.042568	90.422585	-25.430511	621.168396	
0.016122	0.073499	0.997165	0.995322	-0.096189	-0.009002	0.095255	0.992645	-0.074706	84.510284	-32.642143	634.484985	
-0.036185	0.163769	0.985835	0.991242	-0.119486	0.056233	0.127003	0.979235	-0.158011	77.652519	-38.456013	639.802246	
-0.080251	0.220576	0.972063	0.979622	-0.162683	0.117790	0.184120	0.961707	-0.203025	68.692917	-48.991711	645.073242	
-0.152428	0.213571	0.964962	0.972002	-0.144263	0.185470	0.178819	0.966217	-0.185602	60.529274	-54.092770	639.511597	
0.104698	0.577357	0.809751	0.906255	-0.390707	0.161400	0.409561	0.716943	-0.564139	51.838100	-70.394997	704.843994	
0.104698	0.577357	0.809751	0.906255	-0.390707	0.161400	0.409561	0.716943	-0.564139	51.838100	-70.394997	704.843994	
0.250798	0.700697	0.667926	0.823152	-0.517466	0.233770	0.509431	0.491176	-0.706560	14.490026	-97.140617	721.954956	
0.312909	0.741565	0.593439	0.814588	-0.530828	0.233809	0.488399	0.410248	-0.770171	5.626427	-103.766777	731.583252	
0.364147	0.744880	0.559062	0.770998	-0.577838	0.267704	0.522455	0.333552	-0.784719	-3.252486	-111.106003	737.175598	
0.470910	0.758028	0.451262	0.705717	-0.630636	0.322894	0.529345	0.166409	-0.831927	-12.996217	-125.022896	744.399658	
0.536889	0.768373	0.348359	0.651221	-0.639954	0.407883	0.536340	0.007871	-0.843965	-22.700499	-138.520477	746.479614	
0.619809	0.734546	0.276189	0.557230	-0.659765	0.504186	0.552567	-0.158598	-0.818239	-30.833179	-143.462524	756.370728	
0.671794	0.719079	0.177813	0.520128	-0.628841	0.577949	0.527408	-0.295778	-0.796465	-38.799393	-156.883362	767.242065	
0.764843	0.644104	0.012046	0.496359	-0.601117	0.626327	0.410661	-0.473063	-0.779467	-47.870800	-171.523712	780.145081	
0.799328	0.593993	-0.090810	0.491388	-0.559172	0.667730	0.345849	-0.578360	-0.738843	-55.606861	-177.240753	796.102661	
0.827118	0.542433	-0.147113	0.477865	-0.540959	0.692104	0.295838	-0.642753	-0.706646	-69.433136	-188.322510	804.472900	
0.840261	0.502200	-0.204343	0.481833	-0.518864	0.706128	0.248591	-0.691792	-0.677958	-81.645325	-199.376129	809.307800	
0.857573	0.453237	-0.243196	0.471109	-0.502340	0.725058	0.206456	-0.736363	-0.644318	-92.378113	-209.040375	818.095093	
0.872664	0.397476	-0.283672	0.465650	-0.502394	0.728540	0.147062	-0.767863	-0.623506	-101.362320	-213.993073	834.713318	
0.883545	0.288739	-0.368751	0.467116	-0.486276	0.738469	0.033910	-0.824722	-0.564522	-108.182281	-218.307068	850.758789	
0.893247	0.192929	-0.406063	0.446904	-0.479185	0.755418	-0.048838	-0.856248	-0.514251	-110.534973	-225.723831	865.239502	
0.859355	0.128668	-0.494928	0.494676	-0.454500	0.740759	-0.129633	-0.881405	-0.454226	-111.689651	-228.975143	868.328003	
0.839096	0.085310	-0.537251	0.518206	-0.425769	0.741743	-0.165466	-0.900802	-0.401470	-113.003609	-232.444885	881.343445	
0.791136	0.036411	-0.610556	0.571029	-0.401643	0.715966	-0.219156	-0.915073	-0.338546	-111.721062	-237.160065	895.745239	
0.732784	-0.003929	-0.680450	0.627343	-0.383429	0.677806	-0.263567	-0.923563	-0.278505	-110.525757	-240.817169	899.886169	
0.698467	-0.043191	-0.714337	0.653320	-0.368920	0.661112	-0.292087	-0.928458	-0.229461	-107.843018	-243.366364	911.466370	
0.640856	-0.071627	-0.764312	0.687424	-0.389617	0.612900	-0.341689	-0.918188	-0.200450	-104.409966	-245.263046	921.010254	
0.587030	-0.136618	-0.797954	0.693356	-0.423974	0.582669	-0.417915	-0.895312	-0.154160	-94.615791	-244.176987	931.348328	
0.532119	-0.194246	-0.824086	0.680153	-0.481582	0.552693	-0.504223	-0.854604	-0.124142	-89.427254	-242.944824	933.692017	
0.474927	-0.209863	-0.854635	0.715767	-0.472873	0.513874	-0.511977	-0.855774	-0.074367	-77.036758	-239.734634	936.871155	
0.419914	-0.250708	-0.872248	0.704435	-0.515938	0.487420	-0.572226	-0.819118	-0.040042	-70.818283	-236.187897	942.132996	
0.360195	-0.275081	-0.891398	0.706990	-0.542914	0.453220	-0.608624	-0.793458	-0.001076	-56.118523	-231.292389	952.472168	
0.286864	-0.247280	-0.925506	0.723981	-0.576712	0.378488	-0.627343	-0.778625	0.013588	-47.602875	-225.806122	960.638916	
0.221362	-0.207244	-0.952916	0.752779	-0.584873	0.302070	-0.619937	-0.784203	0.026540	-38.820267	-218.691132	966.752258	
0.197825	-0.194399	-0.960767	0.748144	-0.603353	0.276126	-0.633360	-0.773418	0.026080	-29.742411	-210.275940	967.364075	
0.134588	-0.154871	-0.978724	0.732735	-0.649369	0.203515	-0.667071	-0.744537	0.026082	-20.259886	-201.561371	969.998779	
0.094882	-0.126543	-0.987413	0.740112	-0.654381	0.154981	-0.665756	-0.745502	0.031567	-10.671662	-190.971344	973.759338	
0.042002	-0.076206	-0.996207	0.752594	-0.653395	0.081712	-0.657143	-0.753172	0.029908	7.450836	-179.109482	971.876953	
0.021773	-0.006180	-0.999744	0.707607	-0.706329	0.019776	-0.706270	-0.707857	-0.011005	16.004606	-167.979126	976.166199	
0.010559	0.068776	-0.997576	0.677030	-0.734669	-0.043485	-0.735878	-0.674931	-0.054320	24.926334	-155.891754	979.144897	
0.026356	0.124444	-0.991876	0.634601	-0.768731	-0.079586	-0.772389	-0.627349	-0.099233	41.744587	-143.372452	980.788940	
0.001384	0.208018	-0.978124	0.619298	-0.768158	-0.162489	-0.785153	-0.605526	-0.129888	51.243511	-131.218277	992.264954	
0.007272	0.265108	-0.964191	0.607349	-0.767167	-0.206355	-0.794401	-0.584100	-0.166591	66.739243	-116.974426	987.597046	
0.017687	0.287139	-0.957725	0.587897	-0.777782	-0.222333	-0.808741	-0.559112	-0.182564	73.867905	-109.960815	989.250732	
0.077293	0.309690	-0.947690	0.554963	-0.803031	-0.217156	-0.828275	-0.509149	-0.233935	87.211319	-102.850906	992.361267	
0.121314	0.374606	-0.919213	0.566765	-0.786396	-0.245680	-0.814898	-0.491175	-0.307714	98.834900	-95.166489	992.593018	
0.193326	0.385404	-0.902268	0.500322	-0.829789	-0.247242	-0.843979	-0.403627	-0.353246	109.004211	-80.099007	992.400146	
0.285503	0.391529	-0.874753	0.431063	-0.867667	-0.247667	-0.855962	-0.306364	-0.416495	112.014893	-64.633224	984.690063	
0.349424	0.430921	-0.831992	0.373730	-0.878370	-0.297981	-0.859201	-0.206819	-0.467972	113.755997	-49.956779	964.000183	
0.412193	0.390178	-0.823321	0.380553	-0.894788	-0.233524	-0.827814	-0.217060	-0.517309	123.684998	-45.199200	1008.369995	
0.412193	0.390178	-0.823321	0.380553	-0.894788	-0.233524	-0.827814	-0.217060	-0.517309	123.684998	-45.199200	1008.369995	
0.412193	0.390178	-0.823321	0.380553	-0.894788	-0.233524	-0.827814	-0.217060	-0.517309	123.684998	-45.199200	1008.369995	
0.412193	0.390178	-0.823321	0.380553	-0.894788	-0.233524	-0.827814	-0.217060	-0.517309	123.684998	-45.199200	1008.369995	
0.614093	0.250293	-0.748493	0.222152	-0.964853	-0.140380	-0.757323	-0.080073	-0.648113	115.202682	4.084051	963.606567	
0.668925	0.162757	-0.725292	0.139025	-0.985910	-0.093018	-0.730214	-0.038612	-0.682127	111.627922	9.374712	960.554138	
0.686339	0.121850	-0.717001	0.114767	-0.991658	-0.058666	-0.718170	-0.042023	-0.694598	103.177727	20.183037	945.420166	
0.727974	0.081587	-0.680732	0.083092	-0.996074	-0.030522	-0.680551	-0.034344	-0.731896	92.342865	24.998709	932.785645	
0.782563	0.002051	-0.622569	0.013840	-0.999804	0.014104	-0.622419	-0.019654	-0.782438	86.666077	30.224937	932.657104	
0.810708	-0.049770	-0.583332	-0.033874	-0.998698	0.038132	-0.584471	-0.011154	-0.811339	73.285988	38.070099	926.393066	
0.801646	-0.095359	-0.590145	-0.066663	-0.995297	0.070273	-0.594071	-0.016993	-0.804234	64.970627	43.478283	912.665771	
0.801016	-0.138486	-0.582405	-0.095133	-0.989958	0.104555	-0.591037	-0.028345	-0.806147	48.646004	44.694328	891.179810	
0.834986	-0.229845	-0.499969	-0.060264	-0.941319	0.332095	-0.546961	-0.247164	-0.799840	32.887299	52.029900	924.633972	
0.834986	-0.229845	-0.499969	-0.060264	-0.941319	0.332095	-0.546961	-0.247164	-0.799840	32.887299	52.029900	924.633972	
0.834986	-0.229845	-0.499969	-0.060264	-0.941319	0.332095	-0.546961	-0.247164	-0.799840	32.887299	52.029900	924.633972	
0.747012	-0.565424	-0.349672	-0.337851	-0.775861	0.532819	-0.572564	-0.279885	-0.770607	-13.268656	55.587631	882.092773	
0.673801	-0.657520	-0.337135	-0.369302	-0.694850	0.617090	-0.640006	-0.291291	-0.711014	-32.668961	54.456684	871.037537	
0.581517	-0.746765	-0.322771	-0.400042	-0.607950	0.685830	-0.708382	-0.269700	-0.652271	-52.175545	53.128910	863.643127	
0.499821	-0.818211	-0.284096	-0.398709	-0.508541	0.763163	-0.768902	-0.268173	-0.580407	-70.851227	50.019524	863.520447	
0.435977	-0.862713	-0.256226	-0.432755	-0.450599	0.780823	-0.789080	-0.229538	-0.569794	-80.061440	45.273495	858.832153	
0.360358	-0.901415	-0.239988	-0.383745	-0.377749	0.842642	-0.850225	-0.211559	-0.482038	-88.407639	39.242943	837.320068	
0.283299	-0.941472	-0.182684	-0.371944	-0.283438	0.883924	-0.883968	-0.182466	-0.430472	-104.962936	35.322250	821.504944	
0.312731	-0.944129	-0.104020	-0.368526	-0.221539	0.902834	-0.875436	-0.244010	-0.417218	-119.749283	30.659052	787.707275	
0.461068	-0.886963	-0.026718	-0.276035	-0.171975	0.945637	-0.843339	-0.428628	-0.324125	-136.097260	26.123280	789.617737	
0.609777	-0.788922	-0.075992	-0.077414	-0.154706	0.984923	-0.788784	-0.594700	-0.155410	-150.278992	21.248678	785.531067	
0.716439	-0.691252	-0.094274	-0.007966	-0.143226	0.989658	-0.697605	-0.708278	-0.108119	-157.082199	15.303959	777.229004	
0.778101	-0.621036	-0.094205	-0.021385	-0.176077	0.984145	-0.627776	-0.763748	-0.150286	-166.324646	9.309958	771.462219	
0.836351	-0.543026	-0.075102	-0.039894	-0.196924	0.979607	-0.546741	-0.816298	-0.186361	-172.393692	2.739980	766.938293	
0.950442	-0.310160	-0.021481	-0.074471	-0.294194	0.952840	-0.301852	-0.904019	-0.302713	-182.083817	-9.726669	761.068481	
0.980919	-0.190083	0.040825	-0.104972	-0.341072	0.934158	-0.163642	-0.920619	-0.354518	-184.077774	-22.436077	745.987610	
0.989015	-0.083712	0.121828	-0.144957	-0.387934	0.910217	-0.028935	-0.917878	-0.395807	-185.366577	-31.036667	744.515686	
0.983248	-0.049790	0.175343	-0.179983	-0.417292	0.890772	0.028819	-0.907407	-0.419263	-182.924881	-38.468197	736.652100	
0.978905	0.002220	0.204303	-0.181943	-0.445481	0.876609	0.092960	-0.895289	-0.435680	-177.128143	-45.650482	717.757935	
0.951404	0.094369	0.293128	-0.217761	-0.466880	0.857090	0.217739	-0.879271	-0.423643	-170.802521	-61.084076	703.683594	
0.895300	0.205236	0.395367	-0.251332	-0.500059	0.828718	0.367790	-0.841320	-0.396122	-165.875046	-68.990150	682.833984	
0.672640	0.343279	0.655526	-0.362818	-0.619087	0.696487	0.644917	-0.706322	-0.291876	-157.263870	-81.768135	659.421021	
0.643909	0.289534	0.708203	-0.452863	-0.601841	0.657801	0.616681	-0.744283	-0.256413	-143.014755	-87.228714	638.108887	
0.499485	0.308520	0.809525	-0.436985	-0.717126	0.542930	0.748037	-0.624936	-0.223376	-128.080200	-100.576111	623.903503	
-0.999934	0.010617	0.004433	-0.008690	-0.949464	0.313754	0.007540	0.313695	0.949494	-116.258003	-119.597000	662.375977	
-0.999934	0.010617	0.004433	-0.008690	-0.949464	0.313754	0.007540	0.313695	0.949494	-116.258003	-119.597000	662.375977	
-0.999934	0.010617	0.004433	-0.008690	-0.949464	0.313754	0.007540	0.313695	0.949494	-116.258003	-119.597000	662.375977	
-0.960531	0.268622	-0.072259	-0.273930	-0.958604	0.077718	-0.048391	0.094444	0.994354	-80.501106	-138.543381	628.262634	
-0.913167	0.406617	-0.028070	-0.407190	-0.913147	0.018933	-0.017933	0.028719	0.999427	-71.316650	-144.097488	618.231018	
-0.882274	0.470734	0.001379	-0.468352	-0.877510	-0.103063	-0.047305	-0.091575	0.994674	-61.883949	-155.024078	606.659241	
-0.843749	0.531845	0.072301	-0.533022	-0.814456	-0.229235	-0.063031	-0.231955	0.970683	-52.066341	-159.443756	596.056030	
-0.788743	0.587200	0.181882	-0.601451	-0.798311	-0.030913	0.127046	-0.133776	0.982835	-34.017296	-165.373627	588.079285	
-0.668187	0.738299	0.091873	-0.743817	-0.665601	-0.060922	0.016172	-0.109044	0.993906	-23.481308	-172.229965	588.490601	
-0.605390	0.793216	0.065661	-0.761678	-0.601304	0.241411	0.230973	0.096135	0.968200	-6.652644	-176.943954	584.508057	
-0.660939	0.743841	-0.099298	-0.733172	-0.611831	0.296851	0.160056	0.269003	0.949748	8.247120	-182.472595	586.957764	
-0.571606	0.765809	-0.294624	-0.818189	-0.559054	0.134252	-0.061900	0.317797	0.946136	17.291267	-194.421448	596.297546	
-0.379324	0.874533	-0.302168	-0.924878	-0.367796	0.096563	-0.026689	0.316097	0.948352	27.395267	-204.172195	610.965576	
-0.219828	0.848589	-0.481219	-0.957157	-0.282923	-0.061668	-0.188479	0.447047	0.874429	42.784927	-202.546280	591.103394	
-0.058722	0.801512	-0.595089	-0.868697	-0.334735	-0.365127	-0.491850	0.495511	0.715928	48.724930	-193.399521	550.360962	
0.073762	0.851789	-0.518666	-0.784182	-0.271775	-0.557850	-0.616131	0.447877	0.647912	60.885315	-191.055573	541.884338	
0.190052	0.894212	-0.405296	-0.649105	-0.195270	-0.735209	-0.736574	0.402808	0.543327	66.774666	-189.368759	539.138977	
0.264091	0.938029	-0.224402	-0.410237	-0.101322	-0.906334	-0.872904	0.331413	0.358056	72.836792	-188.326035	546.436829	
0.354128	0.923962	-0.144520	-0.279762	-0.042794	-0.959116	-0.892371	0.380082	0.243335	78.045372	-184.752777	552.369263	
0.498228	0.862055	-0.092892	-0.108148	-0.044513	-0.993139	-0.860274	0.504856	0.071052	79.388062	-182.692780	555.169434	
0.559499	0.824902	-0.080608	0.033749	-0.119848	-0.992219	-0.828143	0.552425	-0.094894	79.436073	-176.467270	554.434875	
0.615580	0.783781	-0.082138	0.080503	-0.166222	-0.982798	-0.783951	0.598379	-0.165420	79.200462	-172.345413	554.078613	
0.670781	0.734736	-0.101065	0.107657	-0.231287	-0.966911	-0.733800	0.637706	-0.234243	75.358185	-163.355377	556.078857	
0.756732	0.651716	-0.051190	0.117825	-0.212995	-0.969924	-0.643018	0.727942	-0.237969	67.898621	-161.307831	553.939087	
0.835694	0.549107	0.009740	0.066490	-0.083555	-0.994283	-0.545154	0.831565	-0.106337	64.265930	-161.709488	548.577026	
0.872820	0.488016	0.004877	0.018669	-0.023403	-0.999553	-0.487683	0.872521	-0.029537	59.606617	-159.594528	548.754333	
0.861608	0.507479	0.009721	0.006582	0.007978	-0.999947	-0.507530	0.861627	0.003534	50.795082	-148.588959	544.631714	
0.838923	0.543804	0.022002	0.019701	0.010057	-0.999756	-0.543892	0.839152	-0.002277	34.533989	-142.296616	543.325317	
0.823915	0.566312	0.021283	0.018121	0.011208	-0.999774	-0.566423	0.824114	-0.001027	19.108242	-135.830307	545.030029	
0.793805	0.607786	0.021670	0.017731	0.012487	-0.999766	-0.607914	0.794003	-0.000864	9.378929	-128.333023	548.004333	
0.967483	0.074768	-0.241633	-0.035232	-0.906164	-0.421456	-0.250470	0.416265	-0.874064	2.610090	-111.343002	601.489990	
0.967483	0.074768	-0.241633	-0.035232	-0.906164	-0.421456	-0.250470	0.416265	-0.874064	2.610090	-111.343002	601.489990	
0.967483	0.074768	-0.241633	-0.035232	-0.906164	-0.421456	-0.250470	0.416265	-0.874064	2.610090	-111.343002	601.489990	
0.913317	-0.252403	-0.319599	-0.306266	-0.942957	-0.130513	-0.268427	0.217082	-0.938522	-44.515495	-73.897980	618.571045	
0.866603	-0.365570	-0.339643	-0.402555	-0.914389	-0.042933	-0.294871	0.173931	-0.939574	-54.408264	-66.350044	626.970703	
0.852865	-0.418519	-0.312190	-0.438039	-0.898917	0.008413	-0.284154	0.129576	-0.949983	-75.175102	-52.589191	646.906128	
0.787847	-0.503923	-0.354059	-0.531904	-0.846538	0.021268	-0.310442	0.171570	-0.934981	-95.206863	-45.511169	652.758057	
0.669279	-0.591689	-0.449409	-0.599457	-0.787365	0.143903	-0.438995	0.173090	-0.881660	-113.503532	-38.554203	660.747192	
0.591700	-0.629410	-0.503720	-0.554904	-0.771247	0.311866	-0.584784	0.094985	-0.805609	-131.561691	-32.315655	672.527954	
0.518179	-0.653173	-0.552136	-0.476567	-0.756570	0.447758	-0.710193	0.031111	-0.703320	-139.430954	-19.766811	673.486206	
0.416487	-0.699098	-0.581205	-0.517080	-0.707973	0.481044	-0.747774	0.100181	-0.656352	-147.651871	-7.028875	679.335632	
0.309352	-0.732561	-0.606346	-0.555363	-0.656764	0.510131	-0.771928	0.178932	-0.610009	-154.155289	-1.796806	687.337646	
0.212184	-0.755419	-0.619935	-0.532957	-0.621187	0.574529	-0.819105	0.208493	-0.534413	-166.975327	2.878357	691.829468	
0.164879	-0.737279	-0.655160	-0.455353	-0.646126	0.612516	-0.874910	0.197338	-0.442255	-177.540619	8.349497	701.040039	
0.067355	-0.712775	-0.698152	-0.488775	-0.633597	0.599712	-0.869805	0.300846	-0.391063	-182.298904	17.052299	707.371826	
-0.070332	-0.678098	-0.731599	-0.431981	-0.640373	0.635071	-0.899136	0.360702	-0.247888	-186.527466	21.309509	712.043274	
-0.107448	-0.633462	-0.766277	-0.417440	-0.670767	0.613039	-0.902329	0.385744	-0.192361	-188.876846	28.322636	727.453247	
-0.140755	-0.607440	-0.781796	-0.400558	-0.687202	0.606059	-0.905395	0.398460	-0.146588	-190.749451	34.753334	733.867249	
-0.178763	-0.577536	-0.796552	-0.327669	-0.728432	0.601681	-0.927726	0.368564	-0.059025	-191.525650	37.043045	750.424561	
-0.265143	-0.530208	-0.805344	-0.289585	-0.752891	0.591013	-0.919695	0.389919	0.046082	-191.507416	38.385929	760.573730	
-0.268686	-0.479727	-0.835267	-0.317275	-0.774685	0.546992	-0.909474	0.411978	0.055941	-188.287857	40.093151	777.104065	
-0.305228	-0.448202	-0.840209	-0.293440	-0.795113	0.530745	-0.905941	0.408548	0.111169	-183.171326	41.623344	784.203857	
-0.315615	-0.407073	-0.857135	-0.295572	-0.816189	0.496462	-0.901678	0.410035	0.137282	-176.943802	42.015076	797.516907	
-0.322542	-0.349178	-0.879797	-0.301637	-0.843100	0.445196	-0.897207	0.408973	0.166609	-173.227005	41.683678	817.361328	
-0.292295	-0.289101	-0.911584	-0.318497	-0.869368	0.377837	-0.901733	0.400776	0.162034	-161.578598	40.093224	821.254700	
-0.289568	-0.250707	-0.923741	-0.261322	-0.907716	0.328275	-0.920794	0.336451	0.197329	-154.382523	37.585037	830.035522	
-0.311867	-0.198789	-0.929098	-0.266168	-0.920435	0.286279	-0.912082	0.336576	0.234141	-141.234360	35.410286	851.011963	
-0.288733	-0.138749	-0.947303	-0.329451	-0.914620	0.234377	-0.898941	0.379762	0.218369	-133.158722	30.563118	867.474182	
-0.261779	-0.102145	-0.959708	-0.275773	-0.945010	0.175803	-0.924890	0.310683	0.219214	-116.202705	24.360138	877.814392	
-0.263181	-0.089894	-0.960550	-0.208909	-0.966716	0.147710	-0.941856	0.239541	0.235641	-98.207977	17.511375	889.714355	
-0.245877	-0.064699	-0.967140	-0.210824	-0.970314	0.118510	-0.946096	0.233035	0.224937	-79.434608	13.864771	893.456360	
-0.198890	-0.032273	-0.979491	-0.226438	-0.970900	0.077969	-0.953503	0.237301	0.185794	-60.209801	4.702591	905.680176	
-0.193926	-0.040385	-0.980185	-0.203525	-0.975758	0.080469	-0.959672	0.215097	0.181005	-39.988396	-0.428638	908.525574	
-0.103551	-0.029377	-0.994190	-0.240694	-0.969114	0.053706	-0.965061	0.244856	0.093282	-29.948009	-4.721287	917.955017	
-0.096984	-0.039742	-0.994492	-0.222048	-0.973154	0.060543	-0.970200	0.226697	0.085555	-19.560787	-15.551885	926.396790	
-0.083785	-0.068902	-0.994099	-0.303974	-0.948291	0.091347	-0.948988	0.309834	0.058507	-0.082802	-20.720787	943.120728	
-0.006088	-0.113052	-0.993571	-0.413127	-0.904547	0.105454	-0.910653	0.411112	-0.041199	18.627806	-26.622677	949.655334	
0.180287	-0.173524	-0.968187	-0.475766	-0.876895	0.068569	-0.860896	0.448268	-0.240650	26.522861	-33.724026	949.630127	
0.263522	-0.211121	-0.941267	-0.388445	-0.916375	0.096786	-0.882986	0.340125	-0.323495	34.373447	-46.770935	953.633057	
0.320311	-0.267825	-0.908664	-0.334891	-0.929279	0.155849	-0.886142	0.254383	-0.387351	49.968464	-60.220993	960.318787	
0.351695	-0.303230	-0.885642	-0.274297	-0.937938	0.212210	-0.895025	0.168296	-0.413045	63.060120	-66.647964	970.713196	
0.324760	-0.377215	-0.867318	-0.342281	-0.901741	0.264021	-0.881688	0.211123	-0.421964	75.930527	-81.513931	976.566101	
0.294407	-0.474751	-0.829419	-0.419579	-0.843977	0.334151	-0.858648	0.249630	-0.447669	85.541382	-88.366982	978.562500	
0.229887	-0.544859	-0.806400	-0.411971	-0.805173	0.426586	-0.881720	0.234147	-0.409566	90.151024	-101.698799	976.106506	
0.165409	-0.599284	-0.783261	-0.461990	-0.748756	0.475320	-0.871323	0.283236	-0.400715	92.967094	-109.039909	979.992126	
0.126109	-0.669303	-0.732209	-0.463906	-0.692211	0.552842	-0.876861	0.269958	-0.397789	96.151085	-115.809242	982.929871	
0.088031	-0.713080	-0.695534	-0.452385	-0.650704	0.609862	-0.887466	0.260963	-0.379869	97.951691	-129.354858	987.584839	
0.004629	-0.747615	-0.664116	-0.472322	-0.587008	0.657520	-0.881413	0.310633	-0.355834	98.097321	-142.375977	990.976013	
-0.127023	-0.769871	-0.625430	-0.477269	-0.505309	0.718941	-0.869527	0.389820	-0.303251	97.784378	-148.302399	991.911377	
-0.177200	-0.783729	-0.595288	-0.391095	-0.498976	0.773348	-0.903130	0.369852	-0.218095	96.678375	-160.756989	996.276550	
-0.239808	-0.802839	-0.545840	-0.349895	-0.452984	0.819986	-0.905574	0.387627	-0.172281	89.261841	-171.303345	992.476013	
-0.332936	-0.821247	-0.463365	-0.310972	-0.368281	0.876164	-0.890196	0.435801	-0.132772	84.588387	-176.259003	990.299072	
-0.385568	-0.807553	-0.446312	-0.236830	-0.380889	0.893775	-0.891766	0.450312	-0.044394	74.303970	-181.136230	991.253723	
-0.523959	-0.768997	-0.366211	-0.089462	-0.377890	0.921518	-0.847032	0.515600	0.129203	64.140503	-193.557999	1028.989990	
-0.523959	-0.768997	-0.366211	-0.089462	-0.377890	0.921518	-0.847032	0.515600	0.129203	64.140503	-193.557999	1028.989990	
-0.523959	-0.768997	-0.366211	-0.089462	-0.377890	0.921518	-0.847032	0.515600	0.129203	64.140503	-193.557999	1028.989990	
-0.523959	-0.768997	-0.366211	-0.089462	-0.377890	0.921518	-0.847032	0.515600	0.129203	64.140503	-193.557999	1028.989990	
-0.523959	-0.768997	-0.366211	-0.089462	-0.377890	0.921518	-0.847032	0.515600	0.129203	64.140503	-193.557999	1028.989990	
-0.943811	-0.321921	0.074754	0.252701	-0.557191	0.790999	-0.212987	0.765444	0.607233	11.884564	-210.319931	993.118591	
-0.959894	-0.242633	0.140472	0.263227	-0.607467	0.749463	-0.096513	0.756382	0.646972	1.972607	-210.613403	984.228882	
-0.966767	-0.190263	0.170770	0.254950	-0.667710	0.699403	-0.019045	0.719697	0.694027	-17.230831	-210.973358	980.225220	
-0.966209	-0.140810	0.215898	0.249007	-0.726307	0.640682	0.066593	0.672793	0.736828	-26.951120	-209.759781	973.992432	
-0.942953	-0.067104	0.326092	0.255105	-0.774985	0.578204	0.213917	0.628407	0.747893	-45.930229	-209.117096	967.978516	
-0.906952	0.050522	0.418193	0.166432	-0.869025	0.465936	0.386960	0.492183	0.779755	-55.101486	-206.352783	955.032104	
-0.856272	0.147635	0.494977	0.073915	-0.913397	0.400303	0.511209	0.379354	0.771204	-65.391548	-203.768158	952.349792	
-0.825442	0.244573	0.508752	-0.090677	-0.947011	0.308136	0.557156	0.208216	0.803880	-75.310890	-202.496460	944.666992	
-0.789151	0.348783	0.505561	-0.258662	-0.935294	0.241495	0.557077	0.059806	0.828304	-93.350204	-198.891327	956.544617	
-0.669697	0.360671	0.649171	-0.394073	-0.913513	0.101003	0.629455	-0.188180	0.753906	-99.599899	-191.170425	917.906677	
-0.571142	0.412981	0.709397	-0.546599	-0.836094	0.046667	0.612395	-0.361102	0.703262	-108.099739	-186.904236	912.173584	
-0.462939	0.430013	0.775097	-0.711734	-0.701532	-0.035894	0.528321	-0.568280	0.630821	-120.619537	-177.311996	905.375244	
-0.379446	0.458775	0.803459	-0.814232	-0.577976	-0.054509	0.439372	-0.674885	0.592859	-125.829918	-167.030243	896.344482	
-0.302159	0.474777	0.826611	-0.917309	-0.380706	-0.116648	0.259314	-0.793505	0.550551	-130.935913	-157.296097	886.930237	
-0.249910	0.455348	0.854519	-0.964324	-0.196631	-0.177244	0.087317	-0.868328	0.488244	-139.530182	-147.343399	886.791687	
-0.159865	0.478209	0.863573	-0.986814	-0.054973	-0.152237	-0.025328	-0.876523	0.480692	-143.856903	-133.192032	874.506836	
-0.111038	0.471793	0.874689	-0.980225	0.093072	-0.174637	-0.163801	-0.876783	0.452128	-147.922241	-118.041100	862.549316	
-0.111198	0.366258	0.923845	-0.956967	0.211272	-0.198943	-0.268047	-0.906211	0.327004	-150.015228	-104.720993	863.166870	
-0.124792	0.269975	0.954746	-0.944767	0.261585	-0.197457	-0.303056	-0.926653	0.222420	-147.596054	-97.027481	862.541748	
-0.035895	0.097452	0.994592	-0.852722	0.515994	-0.081333	-0.521131	-0.851030	0.064578	-139.144226	-92.850258	848.220093	
0.007785	-0.018745	0.999794	-0.725619	0.687846	0.018546	-0.688052	-0.725614	-0.008247	-132.310059	-79.075340	828.994141	
-0.007049	-0.095784	0.995377	-0.533907	0.842007	0.077244	-0.845514	-0.530894	-0.057075	-127.951874	-71.191231	818.392456	
-0.013634	-0.214991	0.976520	-0.385237	0.902349	0.193282	-0.922717	-0.373556	-0.095125	-117.343330	-63.455563	800.715820	
-0.043601	-0.267202	0.962653	-0.280140	0.928183	0.244946	-0.958969	-0.258997	-0.115324	-110.999214	-55.375935	794.071716	
-0.084026	-0.375579	0.922973	-0.169461	0.918142	0.358186	-0.981949	-0.126310	-0.140794	-103.578568	-40.877937	784.948853	
-0.006690	-0.367326	0.930067	-0.239156	0.903685	0.355186	-0.970959	-0.220054	-0.093894	-96.712463	-26.699032	775.899353	
0.274591	-0.319764	0.906835	-0.399745	0.819767	0.410105	-0.874531	-0.475114	0.097277	-83.151047	-11.658077	771.334351	
0.436866	-0.312369	0.843548	-0.470569	0.719855	0.510268	-0.766625	-0.619866	0.167488	-76.156525	-3.143661	769.569153	
0.477129	-0.325085	0.816497	-0.527684	0.636978	0.561968	-0.702779	-0.698983	0.132378	-67.854523	4.738284	763.882751	
0.499353	-0.348860	0.793059	-0.623651	0.490670	0.608525	-0.601421	-0.798460	0.027450	-58.206024	13.208483	755.231323	
0.534091	-0.390999	0.749577	-0.679871	0.328365	0.655706	-0.502516	-0.859823	-0.090453	-39.046192	27.618046	749.630432	
0.625969	-0.398626	0.670269	-0.710509	0.062776	0.700882	-0.321467	-0.914962	-0.243931	-29.758297	39.411530	750.112549	
0.684168	-0.452908	0.571654	-0.676621	-0.101612	0.729287	-0.272213	-0.885748	-0.375967	-19.210003	42.795345	735.315796	
0.710093	-0.446237	0.544648	-0.668593	-0.184756	0.720311	-0.220803	-0.875636	-0.429545	-7.093996	47.476501	724.025330	
0.769918	-0.385734	0.508365	-0.616432	-0.243522	0.748805	-0.165042	-0.889891	-0.425270	3.348024	49.725422	701.314880	
0.799700	-0.268677	0.536930	-0.564556	-0.032123	0.824769	-0.204349	-0.962694	-0.177372	12.799465	43.415691	678.086853	
0.784641	-0.319963	0.531002	-0.551148	0.032162	0.833787	-0.283860	-0.946884	-0.151111	31.318485	42.090439	654.628174	
0.811616	-0.321641	0.487675	-0.501968	0.043077	0.863812	-0.298846	-0.945881	-0.126491	46.129372	42.152184	638.226318	
0.847309	-0.340105	0.407917	-0.432720	0.003233	0.901522	-0.307931	-0.940382	-0.144431	54.489494	43.385941	625.353149	
0.860688	-0.352057	0.367795	-0.386735	0.017771	0.922019	-0.331140	-0.935810	-0.120857	67.317726	43.536842	618.686340	
0.870979	-0.377270	0.314743	-0.333810	0.015660	0.942510	-0.360510	-0.925971	-0.112297	77.348969	43.061970	604.959167	
0.867893	-0.417678	0.268901	-0.286085	0.022269	0.957945	-0.406101	-0.908322	-0.100165	88.666946	41.821045	600.386108	
0.887186	-0.426561	0.175916	-0.205680	-0.024320	0.978316	-0.413034	-0.904131	-0.109312	95.106194	41.712379	598.607788	
0.904272	-0.420530	0.073797	-0.101636	-0.044143	0.993841	-0.414684	-0.906204	-0.082659	97.860283	38.289047	585.487854	
0.904038	-0.425920	-0.036152	0.016025	-0.050746	0.998582	-0.427152	-0.903336	-0.039051	102.762421	35.815605	589.496460	
0.898086	-0.429922	-0.092788	0.071215	-0.066042	0.995272	-0.434018	-0.900447	-0.028695	106.357323	31.067675	593.360657	
0.887673	-0.420848	-0.186879	0.173528	-0.070192	0.982324	-0.426528	-0.904410	0.010721	107.608963	23.903904	595.962402	
0.876801	-0.408833	-0.253131	0.234709	-0.095577	0.967355	-0.419681	-0.907590	0.012154	108.703728	15.186748	615.824036	
0.825753	-0.388820	-0.408596	0.415976	-0.069417	0.906722	-0.380916	-0.918694	0.104418	108.571388	3.731490	620.907104	
0.609941	-0.334231	-0.718513	0.730197	-0.115213	0.673452	-0.307872	-0.935422	0.173781	103.877922	-1.422922	629.618835	
-0.413022	0.386775	-0.824511	-0.674607	-0.738130	-0.008324	-0.611816	0.552782	0.565785	75.962997	7.706150	583.494995	
-0.413022	0.386775	-0.824511	-0.674607	-0.738130	-0.008324	-0.611816	0.552782	0.565785	75.962997	7.706150	583.494995	
-0.413022	0.386775	-0.824511	-0.674607	-0.738130	-0.008324	-0.611816	0.552782	0.565785	75.962997	7.706150	583.494995	
-0.224394	0.317151	-0.921446	-0.646455	-0.755998	-0.102778	-0.729208	0.572611	0.374665	33.909344	-19.358389	570.354065	
-0.148804	0.215214	-0.965164	-0.619892	-0.780749	-0.078521	-0.770449	0.586613	0.249588	25.771702	-26.983150	566.972290	
-0.075340	0.108834	-0.991201	-0.625080	-0.779632	-0.038092	-0.776917	0.616709	0.126767	8.195024	-34.818474	564.073730	
0.001784	-0.009521	-0.999953	-0.590123	-0.807287	0.006634	-0.807312	0.590083	-0.007058	-0.860813	-42.927048	563.702759	
0.065177	-0.069851	-0.995426	-0.676933	-0.736009	0.007324	-0.733154	0.673359	-0.095256	-20.083103	-55.628059	554.017273	
-0.026684	-0.167223	-0.985558	-0.666815	-0.731535	0.142176	-0.744746	0.660979	-0.091987	-38.125576	-63.234528	551.561523	
0.073499	-0.272293	-0.959403	-0.621062	-0.765193	0.169594	-0.780308	0.583384	-0.225352	-61.751598	-82.858101	575.432007	
0.073499	-0.272293	-0.959403	-0.621062	-0.765193	0.169594	-0.780308	0.583384	-0.225352	-61.751598	-82.858101	575.432007	
0.073499	-0.272293	-0.959403	-0.621062	-0.765193	0.169594	-0.780308	0.583384	-0.225352	-61.751598	-82.858101	575.432007	
-0.015015	-0.642801	-0.765886	-0.689631	-0.547973	0.473429	-0.724005	0.535288	-0.435068	-102.865623	-111.765495	581.889221	
-0.041297	-0.690429	-0.722221	-0.664516	-0.520813	0.535885	-0.746132	0.502058	-0.437293	-122.239059	-119.510315	586.606323	
-0.134348	-0.771800	-0.621510	-0.640744	-0.410780	0.648619	-0.755908	0.485370	-0.439339	-131.141510	-132.675659	590.827515	
-0.218543	-0.795443	-0.565251	-0.630157	-0.327240	0.704142	-0.745078	0.510083	-0.429738	-146.344849	-144.738876	592.063782	
-0.310934	-0.803500	-0.507649	-0.587111	-0.257650	0.767410	-0.747409	0.536661	-0.391631	-153.337799	-156.714188	593.574768	
-0.372058	-0.845404	-0.383229	-0.501334	-0.164444	0.849484	-0.781177	0.508183	-0.362648	-166.681427	-167.906616	601.056335	
-0.470559	-0.844342	-0.256242	-0.432476	-0.032433	0.901062	-0.769115	0.534822	-0.349896	-172.548019	-173.116608	606.591736	
-0.519229	-0.847422	-0.110803	-0.306936	0.063903	0.949582	-0.797616	0.527061	-0.293285	-181.859131	-182.439636	612.716858	
-0.563792	-0.825481	0.026804	-0.196961	0.165897	0.966274	-0.802088	0.539499	-0.256119	-189.295395	-186.555527	618.695251	
-0.588585	-0.792313	0.160649	-0.092387	0.263335	0.960271	-0.803139	0.550359	-0.228195	-195.393570	-190.778198	624.101318	
-0.635841	-0.713377	0.294615	0.065213	0.330694	0.941482	-0.769060	0.617846	-0.163748	-198.210358	-192.911835	634.381897	
-0.655532	-0.620514	0.430395	0.241442	0.367802	0.898013	-0.715530	0.692592	-0.091288	-198.545486	-198.505844	638.503540	
-0.651367	-0.518613	0.553860	0.385338	0.402713	0.830263	-0.653633	0.754229	-0.062473	-197.926682	-202.545853	652.509216	
-0.601253	-0.440649	0.666576	0.529222	0.405412	0.745363	-0.598682	0.800918	-0.010554	-196.503006	-204.218826	662.079285	
-0.599539	-0.360042	0.714788	0.631253	0.336304	0.698871	-0.492009	0.870212	0.025649	-194.392136	-206.610687	673.077026	
-0.530488	-0.259589	0.806967	0.762846	0.268936	0.587996	-0.369660	0.927516	0.055359	-186.423401	-205.711777	677.602783	
-0.437639	-0.191404	0.878542	0.855860	0.210851	0.472278	-0.275638	0.958596	0.071538	-180.514313	-203.840881	689.850159	
-0.398388	-0.143414	0.905936	0.895009	0.155247	0.418159	-0.200614	0.977410	0.066508	-175.597900	-201.608337	701.215820	
-0.265772	-0.075961	0.961039	0.955873	0.108693	0.272935	-0.125191	0.991169	0.043721	-162.287491	-199.284012	712.080017	
-0.117812	-0.041101	0.992185	0.980376	0.154217	0.122799	-0.158060	0.987182	0.022125	-146.334656	-197.789902	726.275940	
0.016709	0.045473	0.998826	0.990850	0.133054	-0.022632	-0.133928	0.990065	-0.042834	-130.574554	-195.240692	732.684387	
0.154908	0.141528	0.977739	0.976485	0.128266	-0.173275	-0.149935	0.981589	-0.118331	-116.407608	-195.944702	749.203979	
0.210016	0.204235	0.956129	0.952591	0.177451	-0.247144	-0.220142	0.962704	-0.157285	-108.659302	-193.394379	764.070312	
0.312833	0.267929	0.911235	0.917696	0.162091	-0.362711	-0.244884	0.949706	-0.195170	-100.459038	-186.137558	782.781982	
0.397451	0.352913	0.847045	0.877456	0.123951	-0.463364	-0.268520	0.927410	-0.260402	-84.479355	-177.168793	802.720825	
0.493679	0.410796	0.766504	0.820449	0.072236	-0.567138	-0.288347	0.908862	-0.301376	-76.116341	-170.823166	821.142761	
0.531874	0.475090	0.700999	0.777432	0.054234	-0.626623	-0.335721	0.878265	-0.340505	-59.042149	-159.394135	825.634460	
0.514091	0.540073	0.666357	0.764325	0.064110	-0.641635	-0.389251	0.839173	-0.379833	-40.494053	-154.315735	840.253479	
0.540985	0.588408	0.600926	0.727283	0.031530	-0.685612	-0.422367	0.807949	-0.410883	-23.787405	-139.882812	848.661438	
0.568829	0.654816	0.497643	0.670016	-0.018037	-0.742126	-0.476981	0.755573	-0.448999	-15.367206	-125.642822	857.394775	
0.554798	0.688640	0.466876	0.660980	-0.024026	-0.750018	-0.505275	0.724705	-0.468508	-6.740034	-118.472519	861.326477	
0.559075	0.744557	0.364787	0.616045	-0.078573	-0.783782	-0.554908	0.662919	-0.502609	0.595085	-103.050919	872.778992	
0.553585	0.790014	0.263478	0.561352	-0.120281	-0.818789	-0.615164	0.601174	-0.510063	7.619815	-87.284081	874.142578	
0.538659	0.816015	0.209681	0.542766	-0.145745	-0.827141	-0.644400	0.559355	-0.521413	13.962525	-72.606140	892.340149	
0.542499	0.829958	0.129855	0.510128	-0.202662	-0.835881	-0.667430	0.519709	-0.533330	19.549448	-57.319599	909.889526	
0.758422	-0.646164	-0.085258	-0.453693	-0.429485	-0.780836	0.467931	0.630884	-0.618891	53.008499	-46.544201	965.359985	
0.758422	-0.646164	-0.085258	-0.453693	-0.429485	-0.780836	0.467931	0.630884	-0.618891	53.008499	-46.544201	965.359985	
0.758422	-0.646164	-0.085258	-0.453693	-0.429485	-0.780836	0.467931	0.630884	-0.618891	53.008499	-46.544201	965.359985	
0.758422	-0.646164	-0.085258	-0.453693	-0.429485	-0.780836	0.467931	0.630884	-0.618891	53.008499	-46.544201	965.359985	
0.588810	-0.687563	-0.424925	-0.715690	-0.199190	-0.669411	0.375622	0.698270	-0.609367	66.527817	9.094207	979.720459	
0.543484	-0.683144	-0.487791	-0.758937	-0.151604	-0.633269	0.358664	0.714375	-0.600858	65.473518	21.618820	978.693176	
0.507674	-0.667343	-0.544904	-0.788634	-0.105312	-0.605776	0.346876	0.737267	-0.579754	62.853508	26.696957	981.944824	
0.460733	-0.657883	-0.595749	-0.814997	-0.047816	-0.577489	0.351434	0.751601	-0.558203	59.996853	37.270901	990.171448	
0.393150	-0.596211	-0.699976	-0.860913	0.028649	-0.507945	0.322896	0.802317	-0.502022	52.353294	48.072914	990.528503	
0.333804	-0.574839	-0.747085	-0.893225	0.060354	-0.445540	0.301204	0.816038	-0.493314	47.680943	58.526882	999.813354	
0.311275	-0.532358	-0.787212	-0.896332	0.110761	-0.429325	0.315747	0.839242	-0.442693	36.876434	66.274384	998.706177	
0.265097	-0.495007	-0.827461	-0.904983	0.168427	-0.390689	0.332761	0.852409	-0.403323	23.666191	74.376991	1004.253967	
0.205415	-0.477050	-0.854534	-0.904537	0.240822	-0.351875	0.373653	0.845239	-0.382041	15.999443	82.059639	1009.695557	
0.162909	-0.428347	-0.888808	-0.897233	0.310399	-0.314045	0.410405	0.848629	-0.333761	1.106614	85.845108	1021.373657	
0.104851	-0.312958	-0.943962	-0.888792	0.396346	-0.230126	0.446155	0.863115	-0.236598	-16.515919	87.857147	1022.723877	
0.088884	-0.258847	-0.961820	-0.888412	0.416012	-0.194058	0.450360	0.871742	-0.192986	-33.800205	89.933914	1023.768799	
0.031842	-0.137331	-0.990013	-0.892100	0.442761	-0.090111	0.450714	0.886061	-0.108415	-44.173973	91.664482	1030.011353	
0.013469	-0.066584	-0.997690	-0.852892	0.520037	-0.046220	0.521913	0.851545	-0.049785	-53.856682	91.494995	1027.128662	
-0.011704	0.015307	-0.999814	-0.840839	0.540982	0.018125	0.541159	0.840895	0.006539	-63.412518	92.073471	1029.788574	
-0.012822	0.153147	-0.988120	-0.827791	0.552693	0.096403	0.560891	0.819193	0.119686	-82.716438	92.047592	1031.501221	
-0.018973	0.222111	-0.974837	-0.810390	0.567637	0.145106	0.585584	0.792752	0.169226	-93.051666	91.038574	1034.440796	
0.011020	0.338447	-0.940921	-0.790063	0.579732	0.199276	0.612926	0.741192	0.273782	-103.239212	88.946022	1040.000488	
0.014393	0.404360	-0.914487	-0.763343	0.595171	0.251154	0.645833	0.694453	0.317231	-112.226242	85.114212	1042.281860	
0.031323	0.445939	-0.894515	-0.739499	0.612428	0.279417	0.672429	0.652741	0.348954	-121.082733	80.370331	1042.524902	
0.080025	0.504907	-0.859456	-0.715711	0.629236	0.303019	0.693797	0.590874	0.411721	-129.652832	74.935455	1046.578613	
0.088857	0.543486	-0.834702	-0.686643	0.640491	0.343938	0.721545	0.542582	0.430092	-137.389343	67.138237	1043.305054	
0.146181	0.587731	-0.795742	-0.660064	0.657092	0.364069	0.736849	0.472021	0.483993	-144.306946	62.964764	1035.405396	
0.184667	0.617485	-0.764599	-0.629249	0.671896	0.390642	0.754947	0.408985	0.512628	-150.375534	53.076454	1032.783691	
0.222039	0.665124	-0.712958	-0.612539	0.664060	0.428743	0.758614	0.341517	0.554861	-161.957169	43.115955	1037.095093	
0.270191	0.762949	-0.587288	-0.538079	0.625482	0.565017	0.798416	0.163345	0.579525	-167.082352	30.860374	1013.638611	
0.303397	0.810009	-0.501834	-0.537969	0.580303	0.611423	0.786473	0.084468	0.611821	-169.817963	25.743214	1011.191040	
0.360252	0.847671	-0.389452	-0.571591	0.530514	0.625970	0.737226	-0.002899	0.675640	-176.938660	19.551161	1019.432678	
0.409123	0.876824	-0.252584	-0.596995	0.466556	0.652628	0.690084	-0.116214	0.714337	-179.398621	13.047916	1010.287170	
0.438364	0.887336	-0.143082	-0.602931	0.408373	0.685352	0.666567	-0.214164	0.714017	-177.730087	6.402699	1001.209229	
0.475783	0.879278	-0.022399	-0.615907	0.351234	0.705191	0.627925	-0.321722	0.708664	-176.234085	0.470374	992.941833	
0.512123	0.852715	0.102994	-0.644203	0.302020	0.702700	0.568096	-0.426217	0.703992	-172.674225	-12.860929	984.803772	
0.524186	0.836196	0.161266	-0.650234	0.270708	0.709869	0.549932	-0.476963	0.685623	-169.186569	-19.909010	975.147705	
0.520500	0.818217	0.244136	-0.657322	0.201473	0.726180	0.544985	-0.538452	0.642698	-160.135757	-34.154469	962.514099	
0.529135	0.786250	0.319105	-0.681007	0.169144	0.712476	0.506208	-0.594308	0.624940	-150.137222	-41.819118	949.989502	
0.547478	0.748491	0.374204	-0.695902	0.158879	0.700343	0.464746	-0.643831	0.607859	-138.404282	-48.173660	937.125610	
0.548414	0.732923	0.402574	-0.699128	0.137756	0.701602	0.458762	-0.666218	0.587954	-131.804153	-62.331306	933.879883	
