0.997592	-0.040918	0.056003	0.042424	0.998762	-0.025967	-0.054871	0.028280	0.998093	18.937935	3.595612	542.858765	
0.987616	-0.128739	0.089673	0.133505	0.989820	-0.049318	-0.082411	0.060679	0.994750	27.758747	7.074254	547.322815	
0.974198	-0.164382	0.154650	0.173015	0.983934	-0.044033	-0.144927	0.069653	0.986988	36.530712	15.569227	547.951599	
0.962035	-0.200700	0.184957	0.211909	0.976353	-0.042763	-0.172001	0.080334	0.981816	44.700363	18.356543	544.989929	
0.942649	-0.265201	0.202688	0.289399	0.951929	-0.100396	-0.166319	0.153296	0.974084	52.703583	23.973339	547.884460	
0.921809	-0.323456	0.213646	0.359722	0.919152	-0.160494	-0.144460	0.224798	0.963638	69.767921	26.150185	552.925476	
0.910100	-0.355165	0.213484	0.403219	0.877809	-0.258581	-0.095559	0.321415	0.942105	76.323936	29.532606	551.646057	
0.916894	-0.339962	0.209122	0.396110	0.839402	-0.372155	-0.049019	0.424062	0.904306	83.068542	30.656082	555.346313	
0.918530	-0.349253	0.185273	0.395328	0.816619	-0.420534	-0.004425	0.459516	0.888159	88.670189	31.426361	556.844116	
0.926798	-0.317768	0.200174	0.375517	0.775997	-0.506769	0.005700	0.544840	0.838521	98.397858	31.288500	562.730347	
0.923168	-0.330052	0.197043	0.381282	0.721114	-0.578462	0.048832	0.609146	0.791553	102.392746	29.864559	572.124756	
0.933491	-0.305039	0.188537	0.350376	0.663881	-0.660681	0.076368	0.682798	0.726605	105.859558	27.320141	578.364136	
0.942086	-0.293081	0.163025	0.312445	0.590369	-0.744206	0.121868	0.752042	0.647751	108.577393	25.768368	591.160278	
0.953271	-0.222074	0.204836	0.295860	0.548939	-0.781749	0.061164	0.805821	0.588991	110.307152	21.164698	605.816895	
0.957040	-0.175526	0.230795	0.286168	0.443512	-0.849355	0.046723	0.878912	0.474689	110.731125	15.219473	609.362244	
0.950445	-0.123339	0.285382	0.310895	0.375947	-0.872931	0.000377	0.918395	0.395662	109.229538	8.529974	615.001587	
0.931998	-0.065164	0.356558	0.358587	0.309242	-0.880786	-0.052868	0.948747	0.311579	104.671539	5.151406	620.197815	
0.923424	-0.000365	0.383782	0.376611	0.193275	-0.905985	-0.073845	0.981143	0.178612	100.478249	-3.437086	620.787720	
0.928963	0.067496	0.363967	0.360872	0.053897	-0.931057	-0.082460	0.996262	0.025710	94.958931	-13.541620	617.259949	
0.921221	0.077096	0.381323	0.382324	0.001925	-0.924027	-0.071973	0.997021	-0.027702	85.862701	-23.523123	635.241516	
0.941776	0.019573	0.335671	0.335220	0.023112	-0.941857	-0.026194	0.999540	0.015205	74.742775	-26.374876	632.955444	
0.965270	-0.044780	0.257388	0.259284	0.043432	-0.964824	0.032025	0.998051	0.053534	65.659012	-31.772501	638.461670	
0.983350	-0.090736	0.157447	0.160647	0.029069	-0.986584	0.084942	0.995449	0.043161	57.681904	-42.785110	659.741028	
0.992334	-0.110290	0.055760	0.057781	0.015206	-0.998213	0.109245	0.993782	0.021461	46.247845	-48.399624	675.485474	
0.990545	-0.119375	-0.067600	-0.070096	-0.016827	-0.997398	0.117927	0.992705	-0.025036	35.388283	-59.515182	684.309570	
0.937103	-0.318133	-0.143628	-0.150117	0.004163	-0.988660	0.315124	0.948035	-0.043856	22.175646	-75.608711	748.218262	
0.245381	0.705496	0.664879	0.812820	-0.523494	0.255493	0.528310	0.477734	-0.701897	14.759900	-97.991997	729.453003	
0.245381	0.705496	0.664879	0.812820	-0.523494	0.255493	0.528310	0.477734	-0.701897	14.759900	-97.991997	729.453003	
0.245381	0.705496	0.664879	0.812820	-0.523494	0.255493	0.528310	0.477734	-0.701897	14.759900	-97.991997	729.453003	
0.245381	0.705496	0.664879	0.812820	-0.523494	0.255493	0.528310	0.477734	-0.701897	14.759900	-97.991997	729.453003	
0.535456	0.777695	0.329360	0.615250	-0.626346	0.478705	0.578579	-0.053686	-0.813857	-22.470568	-138.160522	744.311890	
0.591630	0.736270	0.328452	0.542852	-0.665015	0.512901	0.596058	-0.125147	-0.793128	-31.660082	-145.625595	767.664673	
0.591418	0.717629	0.367742	0.514047	-0.686900	0.513737	0.621274	-0.114796	-0.775139	-40.067696	-157.658508	773.562805	
0.609525	0.645213	0.460631	0.460704	-0.761143	0.456524	0.645160	-0.066047	-0.761187	-47.341034	-167.056412	763.078247	
0.631410	0.609930	0.478860	0.442478	-0.790511	0.423446	0.636816	-0.055483	-0.769017	-54.060085	-171.263290	771.562500	
0.622083	0.555397	0.551858	0.407239	-0.831522	0.377795	0.668707	-0.010281	-0.743455	-67.573471	-185.073669	791.134705	
0.582647	0.491993	0.646890	0.413508	-0.864683	0.285194	0.699667	0.101327	-0.707247	-82.049484	-202.409882	819.325623	
0.588861	0.444549	0.674995	0.364257	-0.891495	0.269359	0.721497	0.087257	-0.686896	-93.867508	-215.155212	838.231018	
0.611848	0.377929	0.694847	0.323499	-0.921202	0.216188	0.721797	0.092508	-0.685894	-104.261841	-222.704391	865.035706	
0.533920	0.186024	0.824818	0.360056	-0.932655	-0.022725	0.765041	0.309115	-0.564942	-113.629662	-232.525772	899.279297	
0.443814	0.008359	0.896080	0.480542	-0.846245	-0.230109	0.756379	0.532730	-0.379592	-112.142403	-232.590149	882.137268	
0.416031	-0.065182	0.907012	0.487254	-0.826178	-0.282867	0.767790	0.559627	-0.311955	-114.592468	-237.505524	890.392639	
0.429920	-0.123098	0.894436	0.506822	-0.786949	-0.351913	0.747194	0.604615	-0.275936	-114.284073	-237.653732	892.051636	
0.403036	-0.177206	0.897864	0.504610	-0.775440	-0.379554	0.763499	0.606046	-0.223110	-113.902267	-242.927460	909.009766	
0.401456	-0.217198	0.889752	0.506842	-0.756475	-0.413349	0.762853	0.616905	-0.193606	-111.883392	-244.671341	905.373169	
0.396751	-0.247583	0.883907	0.504698	-0.745487	-0.435349	0.766726	0.618832	-0.170818	-109.236214	-246.441223	914.179199	
0.413440	-0.264899	0.871146	0.482842	-0.747364	-0.456411	0.771966	0.609325	-0.181086	-104.634872	-246.159378	915.872864	
0.404986	-0.296691	0.864848	0.453239	-0.756349	-0.471709	0.794078	0.583019	-0.171839	-95.125404	-245.146942	926.290344	
0.388816	-0.338130	0.857024	0.384061	-0.786055	-0.484370	0.837448	0.517481	-0.175768	-90.821220	-245.736984	936.526428	
0.418974	-0.340980	0.841542	0.367970	-0.783533	-0.500674	0.830095	0.519432	-0.202809	-79.162422	-243.828674	943.940369	
0.437481	-0.365923	0.821408	0.332272	-0.783030	-0.525793	0.835587	0.502956	-0.220974	-72.610924	-239.261261	946.447693	
0.505111	-0.341131	0.792775	0.334696	-0.769259	-0.544261	0.795513	0.540251	-0.274386	-57.805099	-232.552322	947.485535	
0.283928	-0.250824	-0.925458	0.712422	-0.590802	0.378692	-0.641747	-0.766838	0.010947	-49.918098	-234.992004	997.687988	
0.283928	-0.250824	-0.925458	0.712422	-0.590802	0.378692	-0.641747	-0.766838	0.010947	-49.918098	-234.992004	997.687988	
0.283928	-0.250824	-0.925458	0.712422	-0.590802	0.378692	-0.641747	-0.766838	0.010947	-49.918098	-234.992004	997.687988	
0.283928	-0.250824	-0.925458	0.712422	-0.590802	0.378692	-0.641747	-0.766838	0.010947	-49.918098	-234.992004	997.687988	
0.100627	-0.123315	-0.987252	0.779987	-0.606240	0.155225	-0.617653	-0.785663	0.035181	-10.784049	-193.375168	984.069519	
0.073181	-0.091863	-0.993079	0.826444	-0.551780	0.111943	-0.558244	-0.828915	0.035540	7.884962	-186.422195	1001.576538	
0.115078	-0.013004	-0.993271	0.636671	-0.766569	0.083799	-0.762501	-0.642030	-0.079936	16.544033	-171.144745	995.122253	
0.085762	-0.027252	-0.995942	0.599250	-0.797189	0.073416	-0.795955	-0.603115	-0.052037	26.929621	-154.264252	978.652649	
-0.025843	0.139531	-0.989880	0.639835	-0.758505	-0.123621	-0.768078	-0.636555	-0.069675	44.483299	-149.996002	1024.770020	
-0.025843	0.139531	-0.989880	0.639835	-0.758505	-0.123621	-0.768078	-0.636555	-0.069675	44.483299	-149.996002	1024.770020	
-0.025843	0.139531	-0.989880	0.639835	-0.758505	-0.123621	-0.768078	-0.636555	-0.069675	44.483299	-149.996002	1024.770020	
-0.025843	0.139531	-0.989880	0.639835	-0.758505	-0.123621	-0.768078	-0.636555	-0.069675	44.483299	-149.996002	1024.770020	
0.185461	0.326039	-0.926987	0.568827	-0.804849	-0.169276	-0.801274	-0.495901	-0.334727	89.000732	-104.667931	1005.789062	
0.189311	0.361500	-0.912951	0.579768	-0.791543	-0.193205	-0.792484	-0.492724	-0.359434	100.601578	-97.414185	1009.105103	
0.164944	0.380258	-0.910054	0.522481	-0.816279	-0.246377	-0.836545	-0.434847	-0.333318	111.097244	-82.468140	1013.664368	
0.193494	0.396026	-0.897622	0.431697	-0.855950	-0.284583	-0.881021	-0.332435	-0.336584	114.514389	-66.472412	1005.252869	
0.248448	0.404394	-0.880193	0.357859	-0.882717	-0.304543	-0.900117	-0.239322	-0.364025	116.704666	-51.529594	992.268677	
0.282900	0.403309	-0.870236	0.269201	-0.904217	-0.331544	-0.920597	-0.140474	-0.364374	119.710884	-44.189129	976.954407	
0.263817	0.362908	-0.893700	0.228281	-0.923693	-0.307699	-0.937170	-0.122839	-0.326532	121.239349	-29.718311	971.792419	
0.248513	0.342743	-0.905963	0.205609	-0.932656	-0.296441	-0.946555	-0.112605	-0.302249	121.728279	-15.928741	969.988708	
0.244564	0.290480	-0.925101	0.139910	-0.954659	-0.262774	-0.959486	-0.065167	-0.274117	119.889572	-2.727234	972.539612	
0.246889	0.261614	-0.933062	0.122424	-0.963574	-0.237775	-0.961280	-0.055525	-0.269924	115.795700	3.442228	966.826721	
0.252967	0.179904	-0.950602	0.081894	-0.983014	-0.164245	-0.964003	-0.036301	-0.263404	113.489594	9.490259	975.061646	
0.262394	0.138503	-0.954970	0.058196	-0.990115	-0.127609	-0.963204	-0.022092	-0.267861	105.543671	20.728239	965.591064	
0.289135	0.099471	-0.952107	0.039708	-0.994977	-0.091890	-0.956465	-0.011238	-0.291633	94.540535	25.545143	953.309570	
0.300948	-0.005062	-0.953628	0.006100	-0.999955	0.007233	-0.953621	-0.007994	-0.300905	87.702469	30.467659	938.629883	
0.335654	-0.042607	-0.941022	-0.011145	-0.999086	0.041262	-0.941920	-0.003363	-0.335823	74.623116	38.451359	935.178650	
0.367118	-0.098028	-0.924995	0.027740	-0.992835	0.116228	-0.929761	-0.068329	-0.361769	66.612762	44.815609	930.825928	
0.385441	-0.153230	-0.909921	0.075997	-0.977493	0.196802	-0.919598	-0.145007	-0.365122	50.820946	47.195976	927.404785	
0.428548	-0.207767	-0.879306	0.171447	-0.936820	0.304917	-0.887104	-0.281425	-0.365852	33.014439	51.743576	916.927856	
0.463248	-0.283690	-0.839596	0.283652	-0.850081	0.443740	-0.839609	-0.443714	-0.313329	15.287134	54.677261	902.734680	
0.440500	-0.397628	-0.804892	0.285346	-0.788056	0.545477	-0.851198	-0.469955	-0.233677	6.582314	55.580223	884.206482	
0.450088	-0.477956	-0.754307	0.299970	-0.714694	0.631847	-0.841094	-0.510656	-0.178303	-12.366127	55.866413	873.318054	
0.444516	-0.575792	-0.686198	0.260099	-0.650072	0.713972	-0.857178	-0.495851	-0.139205	-32.103897	55.083435	873.439087	
0.463081	-0.671376	-0.578627	0.140796	-0.588832	0.795899	-0.875062	-0.450033	-0.178150	-52.171677	54.738548	880.450378	
0.651697	-0.610263	-0.450410	0.192217	-0.441564	0.876399	-0.733719	-0.657722	-0.170463	-68.879974	50.375023	857.815186	
0.749252	-0.571576	-0.334547	0.130048	-0.368333	0.920554	-0.649392	-0.733233	-0.201642	-76.774551	44.905289	843.439331	
0.760557	-0.580976	-0.289861	0.126963	-0.304740	0.943936	-0.636737	-0.754718	-0.158010	-85.478050	38.934196	825.430603	
0.810028	-0.517263	-0.276212	0.186328	-0.219579	0.957637	-0.556001	-0.827178	-0.081484	-100.775047	35.003456	806.833374	
0.802730	-0.512931	-0.304180	0.244362	-0.182361	0.952383	-0.543978	-0.838836	-0.021045	-116.219177	30.964106	791.446533	
0.755113	-0.582352	-0.301115	0.257941	-0.158352	0.953096	-0.602720	-0.797364	0.030639	-129.211884	25.757734	778.622131	
0.616504	-0.734183	-0.284426	0.249378	-0.160566	0.955003	-0.746816	-0.659692	0.084100	-145.567139	21.315186	781.293213	
0.526556	-0.805840	-0.270849	0.252312	-0.156106	0.954972	-0.811836	-0.571184	0.121125	-150.756439	14.603144	763.775391	
0.557182	-0.775425	-0.297091	0.271024	-0.168364	0.947734	-0.784917	-0.608579	0.116349	-159.087982	8.109093	761.219055	
0.578598	-0.762864	-0.288551	0.237463	-0.180896	0.954405	-0.780280	-0.620737	0.076486	-163.219421	1.070981	749.325439	
0.665663	-0.674900	-0.318437	0.230857	-0.219546	0.947895	-0.709647	-0.704492	0.009662	-167.266541	-12.454247	735.683105	
0.733525	-0.605817	-0.308101	0.191887	-0.250280	0.948968	-0.652013	-0.755212	-0.067337	-169.683777	-25.805347	727.767944	
0.773900	-0.534632	-0.339481	0.203138	-0.298164	0.932649	-0.599846	-0.790738	-0.122145	-171.045685	-33.927395	728.720215	
0.832885	-0.460861	-0.306446	0.168355	-0.316490	0.933537	-0.527219	-0.829121	-0.186011	-169.474487	-40.802105	723.820190	
0.875149	-0.340123	-0.344136	0.195115	-0.402773	0.894262	-0.442770	-0.849758	-0.286123	-167.625214	-47.361286	715.443970	
0.932106	-0.172583	-0.318423	0.222231	-0.421694	0.879084	-0.285993	-0.890162	-0.354710	-162.203415	-62.688366	705.463745	
0.948311	-0.022232	-0.316563	0.271083	-0.461867	0.844508	-0.164986	-0.886670	-0.431966	-162.320984	-71.715500	696.846252	
0.973559	0.086927	-0.211250	0.224043	-0.543820	0.808743	-0.044581	-0.834687	-0.548916	-160.030029	-88.615105	698.183777	
0.978348	0.102028	-0.180073	0.203104	-0.640616	0.740514	-0.039806	-0.761052	-0.647467	-149.836395	-99.210297	696.188293	
0.985188	0.125390	-0.116972	0.170523	-0.644509	0.745340	0.018067	-0.754245	-0.656344	-134.443726	-113.053276	681.613586	
0.976996	0.206476	-0.053372	0.183283	-0.684987	0.705125	0.109031	-0.698685	-0.707072	-119.813217	-120.999222	672.622070	
0.958841	0.280833	0.041942	0.191615	-0.748961	0.634304	0.209545	-0.600158	-0.771946	-110.492058	-126.443382	662.583435	
0.929264	0.354128	0.105184	0.146732	-0.615129	0.774653	0.339027	-0.704421	-0.623578	-95.330078	-138.256073	663.806458	
0.908276	0.371041	0.193300	0.122207	-0.677171	0.725607	0.400126	-0.635427	-0.660402	-85.225632	-143.038071	646.332275	
0.864491	0.439010	0.244800	0.196670	-0.743615	0.639030	0.462576	-0.504289	-0.729188	-72.702591	-140.372269	611.733276	
0.832840	0.495731	0.246231	0.252632	-0.736250	0.627785	0.492499	-0.460637	-0.738416	-63.385704	-145.109695	583.061401	
0.771499	0.529311	0.353015	0.310585	-0.797576	0.517117	0.555272	-0.289312	-0.779725	-53.655064	-152.018936	580.167847	
0.764720	0.605650	0.219985	0.320018	-0.653292	0.686148	0.559279	-0.454310	-0.693404	-37.134773	-163.439941	589.287842	
0.632531	0.709440	0.310806	0.406080	-0.645463	0.646898	0.659549	-0.282969	-0.696364	-26.422606	-169.294495	586.766724	
0.708000	0.705702	0.026883	0.322223	-0.356678	0.876901	0.628418	-0.612181	-0.479920	-10.290424	-180.243561	596.177246	
0.758410	0.647676	-0.073022	0.199154	-0.123600	0.972143	0.620608	-0.751823	-0.222726	7.947294	-184.287552	582.166565	
0.738140	0.661139	-0.134336	0.182085	-0.003502	0.983277	0.649612	-0.750255	-0.122967	17.445137	-190.847641	576.671021	
0.715814	0.690550	-0.103692	0.075770	0.070806	0.994609	0.694169	-0.719810	-0.001638	25.282909	-192.483673	572.201050	
0.759496	0.637383	-0.130037	0.019380	0.177639	0.983905	0.650224	-0.749791	0.122565	42.918232	-195.051895	571.993591	
0.696957	0.707372	-0.117804	-0.099204	0.257799	0.961093	0.710219	-0.658152	0.249850	52.860428	-199.519424	579.601196	
0.668059	0.735836	-0.110656	-0.153652	0.281917	0.947056	0.728073	-0.615685	0.301401	64.941505	-198.980545	575.510803	
0.588752	0.804186	-0.081590	-0.254989	0.280561	0.925347	0.767041	-0.523994	0.370241	70.356934	-197.836426	573.298218	
0.589967	0.805235	-0.059475	-0.295362	0.283780	0.912267	0.751467	-0.520639	0.405257	73.976685	-193.878052	566.309021	
0.604614	0.793252	-0.072072	-0.285167	0.300057	0.910300	0.743722	-0.529827	0.407629	78.203323	-188.879059	565.124756	
0.689370	0.722980	-0.045503	-0.272931	0.317399	0.908167	0.671028	-0.613643	0.416130	79.007660	-186.813583	566.280579	
0.754348	0.656449	0.006061	-0.238929	0.265937	0.933912	0.611453	-0.705941	0.357454	78.616684	-180.034546	565.153809	
0.801903	0.596459	0.034511	-0.217807	0.238061	0.946513	0.556340	-0.766527	0.320816	77.808487	-175.635757	564.757202	
0.816517	0.575668	0.043692	-0.166518	0.162368	0.972579	0.552788	-0.801400	0.228436	74.475739	-167.525635	572.058533	
0.882381	0.465042	0.071711	-0.118577	0.072280	0.990311	0.455352	-0.882333	0.118923	67.673164	-161.438110	573.676086	
0.905406	0.409811	0.110892	-0.101687	-0.044266	0.993832	0.412191	-0.911096	0.001595	63.715355	-154.880997	573.136902	
0.911944	0.374334	0.168029	-0.121743	-0.144221	0.982029	0.391839	-0.916010	-0.085947	59.696461	-150.079178	579.989441	
0.913306	0.326845	0.242993	-0.139404	-0.309719	0.940555	0.382674	-0.892886	-0.237302	54.251507	-136.569244	579.937439	
0.931033	0.254923	0.261140	-0.118217	-0.466315	0.876685	0.345260	-0.847091	-0.404017	42.337532	-130.444809	588.093201	
0.931812	0.227122	0.283098	-0.101726	-0.585307	0.804406	0.348397	-0.778351	-0.522290	28.226059	-124.408867	595.041016	
0.911386	0.197019	0.361333	-0.075998	-0.782305	0.618244	0.404478	-0.590916	-0.698007	20.699537	-118.643753	603.022034	
0.912908	0.080886	0.400073	-0.151354	-0.843206	0.515846	0.379068	-0.531470	-0.757526	2.937336	-111.037064	605.919983	
0.898988	0.034292	0.436631	-0.180179	-0.879705	0.440063	0.399197	-0.474280	-0.784665	-15.419744	-96.004395	606.738464	
0.899523	-0.067618	0.431611	-0.239738	-0.902309	0.358281	0.365220	-0.425754	-0.827857	-33.769859	-88.573578	608.666443	
0.906252	-0.220655	0.360582	-0.328628	-0.904270	0.272581	0.265916	-0.365522	-0.892010	-44.329006	-74.163216	618.775879	
0.888779	-0.347699	0.298628	-0.413439	-0.889428	0.194899	0.197842	-0.296685	-0.934257	-54.297710	-67.155579	624.363403	
0.880405	-0.403605	0.248979	-0.434123	-0.897239	0.080622	0.190853	-0.179065	-0.965148	-73.869362	-53.016953	632.230835	
0.793603	-0.522606	0.311573	-0.508757	-0.850841	-0.131284	0.333709	-0.054325	-0.941110	-92.117226	-43.397171	632.806519	
0.693223	-0.611268	0.381830	-0.570033	-0.789203	-0.228519	0.441027	-0.059239	-0.895537	-109.997704	-36.917091	642.613831	
0.625925	-0.638796	0.447390	-0.586065	-0.763753	-0.270572	0.514536	-0.092840	-0.852428	-128.771744	-31.294155	658.406860	
0.573617	-0.655037	0.491824	-0.584900	-0.747895	-0.313917	0.573460	-0.107598	-0.812137	-137.608948	-19.164015	664.894287	
0.525273	-0.696424	0.488960	-0.594757	-0.711423	-0.374354	0.608567	-0.094173	-0.787895	-143.564590	-6.288193	662.652466	
0.521682	-0.747040	0.412042	-0.598111	-0.664653	-0.447771	0.608369	-0.012851	-0.793551	-151.502167	-0.984711	678.316101	
0.518458	-0.779417	0.351724	-0.562499	-0.620662	-0.546235	0.644047	0.085357	-0.760209	-167.461792	3.384135	695.510071	
0.538784	-0.760157	0.363143	-0.539858	-0.642458	-0.543876	0.646736	0.096988	-0.756523	-178.747894	8.759861	707.284424	
0.576181	-0.743403	0.339655	-0.504723	-0.650495	-0.567548	0.642862	0.155580	-0.750016	-183.942612	17.498825	714.499451	
0.616492	-0.713708	0.332503	-0.451867	-0.666539	-0.592909	0.644791	0.215277	-0.733417	-189.400208	21.784395	722.539734	
0.657927	-0.669436	0.344945	-0.394096	-0.696376	-0.599790	0.641733	0.258678	-0.721987	-192.837799	28.828728	742.445007	
0.644867	-0.638311	0.420364	-0.338953	-0.731802	-0.591249	0.685025	0.238794	-0.688272	-193.771988	35.696693	746.159607	
0.626895	-0.605562	0.490201	-0.288655	-0.764934	-0.575805	0.723659	0.219471	-0.654333	-194.940460	37.870262	763.987183	
0.648283	-0.561358	0.514399	-0.214125	-0.782743	-0.584347	0.730672	0.268677	-0.627641	-195.943237	39.436550	777.700806	
0.659116	-0.519135	0.544119	-0.175186	-0.809604	-0.560222	0.731353	0.273930	-0.624569	-193.356476	40.797703	798.329163	
0.613799	-0.440631	0.655055	-0.242226	-0.894837	-0.374955	0.751385	0.071477	-0.655982	-191.650299	40.884239	814.724487	
0.685188	-0.431969	0.586449	-0.102735	-0.854421	-0.509322	0.721086	0.288732	-0.629817	-182.075668	43.265732	819.245300	
0.717270	-0.363028	0.594757	-0.080886	-0.891167	-0.446404	0.692086	0.272085	-0.668571	-175.839859	43.084152	829.714172	
0.732654	-0.304210	0.608831	-0.017742	-0.902780	-0.429736	0.680371	0.304046	-0.666823	-166.256424	41.631989	842.969604	
0.736982	-0.269638	0.619802	-0.022412	-0.926227	-0.376297	0.675541	0.263434	-0.688656	-158.856949	38.258965	851.075623	
0.741420	-0.219746	0.634043	-0.000372	-0.944995	-0.327082	0.671043	0.242269	-0.700720	-144.316544	36.293056	866.601807	
0.773928	-0.140168	0.617568	0.097737	-0.937074	-0.335170	0.625687	0.319757	-0.711528	-136.403183	31.423309	884.368652	
0.766715	-0.122201	0.630252	0.071430	-0.959382	-0.272914	0.638002	0.254266	-0.726844	-118.739487	24.651083	888.655457	
0.768876	-0.101600	0.631276	0.050957	-0.974417	-0.218891	0.637365	0.200469	-0.744029	-101.309219	17.511599	900.932556	
0.774526	-0.088635	0.626303	0.031984	-0.983379	-0.178722	0.631734	0.158457	-0.758818	-82.253654	14.083591	904.606812	
0.781650	-0.066569	0.620156	0.067788	-0.979330	-0.190565	0.620024	0.190995	-0.760981	-64.369904	4.645863	928.438049	
0.791968	-0.057154	0.607883	0.066362	-0.981652	-0.178754	0.606947	0.181908	-0.773645	-43.844280	-0.690205	931.717224	
0.802049	-0.033376	0.596326	0.068432	-0.986726	-0.147266	0.593326	0.158923	-0.789119	-31.813318	-5.195123	930.960571	
0.808735	-0.044967	0.586453	0.048616	-0.988550	-0.142842	0.586161	0.144033	-0.797290	-21.129599	-16.296745	937.404968	
0.803287	-0.060486	0.592514	0.049290	-0.984665	-0.167342	0.593549	0.163630	-0.787988	-1.859924	-21.151730	943.001770	
0.806136	-0.115495	0.580351	0.023778	-0.973651	-0.226796	0.591253	0.196628	-0.782150	17.067940	-27.711113	954.856079	
0.768332	-0.203511	0.606836	0.025401	-0.937661	-0.346620	0.639548	0.281734	-0.715266	26.156364	-34.962505	966.393066	
0.720963	-0.242885	0.649015	-0.008936	-0.939744	-0.341760	0.692916	0.240597	-0.679692	34.200153	-47.888016	964.091980	
0.691047	-0.294448	0.660119	-0.073323	-0.937110	-0.341243	0.719082	0.187413	-0.669177	50.188686	-61.291512	970.935608	
0.625708	-0.350494	0.696882	-0.196215	-0.935365	-0.294264	0.754977	0.047385	-0.654038	63.154335	-66.906425	973.945374	
0.617738	-0.419949	0.664865	-0.193285	-0.900615	-0.389273	0.762261	0.111961	-0.637514	76.137444	-81.716324	981.694275	
0.551120	-0.524762	0.648763	-0.241036	-0.844468	-0.478304	0.798855	0.107228	-0.591890	85.445541	-88.526657	979.252014	
0.502362	-0.593648	0.628662	-0.287753	-0.800402	-0.525883	0.815372	0.083285	-0.572916	90.466011	-102.689293	983.919006	
0.503257	-0.656214	0.562242	-0.291760	-0.741464	-0.604241	0.813393	0.140050	-0.564604	93.538544	-109.576950	985.343445	
0.455943	-0.725395	0.515673	-0.347968	-0.678572	-0.646884	0.819167	0.115505	-0.561805	95.558052	-115.995689	982.995789	
0.413324	-0.773402	0.480638	-0.394755	-0.627842	-0.670807	0.820568	0.087527	-0.564807	97.541870	-129.545898	987.703735	
0.452126	-0.802202	0.389941	-0.366697	-0.565693	-0.738597	0.813091	0.190949	-0.549930	98.587769	-143.595200	999.467102	
0.488203	-0.821384	0.294935	-0.351167	-0.494262	-0.795228	0.798962	0.284661	-0.529743	98.770226	-150.506607	1006.212219	
0.477578	-0.839540	0.259018	-0.409793	-0.473630	-0.779580	0.777167	0.266167	-0.570234	95.997063	-161.157684	999.625854	
0.462920	-0.859886	0.215174	-0.417315	-0.425586	-0.802948	0.782019	0.281906	-0.555855	89.325256	-171.987488	998.960876	
0.473241	-0.872824	0.119250	-0.405619	-0.336057	-0.850023	0.781995	0.353896	-0.513070	85.344917	-178.063187	1003.987488	
0.542934	-0.837758	0.058172	-0.440100	-0.342845	-0.829922	0.715217	0.424991	-0.554840	74.821686	-184.112808	1008.450378	
0.613069	-0.790010	0.005369	-0.442928	-0.349333	-0.825701	0.654187	0.503834	-0.564083	62.247494	-187.591522	1000.048035	
0.682188	-0.729592	-0.048106	-0.429965	-0.347070	-0.833471	0.591397	0.589267	-0.550467	55.578106	-191.405746	998.482971	
0.744668	-0.654208	-0.132215	-0.445290	-0.339407	-0.828565	0.497180	0.675879	-0.544059	47.387760	-197.279709	992.887390	
0.821380	-0.532625	-0.204071	-0.425827	-0.334584	-0.840670	0.379483	0.777407	-0.501628	38.234253	-201.816833	995.406555	
0.907522	-0.319328	-0.272825	-0.385588	-0.375916	-0.842621	0.166513	0.869893	-0.464283	25.329987	-207.317108	990.135620	
-0.945336	-0.318582	0.069609	0.248306	-0.564861	0.786941	-0.211386	0.761208	0.613089	12.010900	-214.263000	1011.390015	
-0.945336	-0.318582	0.069609	0.248306	-0.564861	0.786941	-0.211386	0.761208	0.613089	12.010900	-214.263000	1011.390015	
-0.945336	-0.318582	0.069609	0.248306	-0.564861	0.786941	-0.211386	0.761208	0.613089	12.010900	-214.263000	1011.390015	
-0.945336	-0.318582	0.069609	0.248306	-0.564861	0.786941	-0.211386	0.761208	0.613089	12.010900	-214.263000	1011.390015	
-0.900909	0.012298	0.433834	0.357966	-0.544158	0.758784	0.245406	0.838893	0.485834	-37.640720	-171.133224	782.978333	
-0.905608	0.052340	0.420873	0.160765	-0.875935	0.454855	0.392465	0.479582	0.784839	-57.248001	-213.037003	987.377014	
-0.905608	0.052340	0.420873	0.160765	-0.875935	0.454855	0.392465	0.479582	0.784839	-57.248001	-213.037003	987.377014	
-0.905608	0.052340	0.420873	0.160765	-0.875935	0.454855	0.392465	0.479582	0.784839	-57.248001	-213.037003	987.377014	
-0.905608	0.052340	0.420873	0.160765	-0.875935	0.454855	0.392465	0.479582	0.784839	-57.248001	-213.037003	987.377014	
-0.649331	0.362004	0.668822	-0.392488	-0.912789	0.113001	0.651400	-0.189129	0.734784	-101.167496	-194.412384	931.485535	
-0.693102	0.410163	0.592771	-0.453879	-0.887173	0.083170	0.560004	-0.211400	0.801065	-110.461868	-189.887650	929.634399	
-0.599172	0.438582	0.669806	-0.660111	-0.744029	-0.103318	0.453041	-0.504051	0.735313	-125.122032	-183.935913	939.375000	
-0.547350	0.468240	0.693657	-0.785033	-0.574514	-0.231638	0.290053	-0.671331	0.682043	-129.439880	-171.667084	922.368591	
-0.466444	0.467449	0.750948	-0.876707	-0.357123	-0.322256	0.117542	-0.808675	0.576392	-132.608505	-159.385071	898.521484	
-0.388388	0.428653	0.815728	-0.921477	-0.186307	-0.340836	0.005876	-0.884051	0.467353	-139.386780	-146.946793	885.987305	
-0.302486	0.361527	0.881930	-0.947820	-0.016341	-0.318386	-0.100694	-0.932218	0.347605	-142.547791	-135.159378	885.588196	
-0.290707	0.227274	0.929428	-0.931320	0.155518	-0.329328	-0.219390	-0.961333	0.166453	-139.722076	-118.125710	849.425110	
-0.049364	0.179448	0.982528	-0.928754	0.353612	-0.111245	-0.367396	-0.918018	0.149208	-146.973007	-109.889000	877.226990	
-0.049364	0.179448	0.982528	-0.928754	0.353612	-0.111245	-0.367396	-0.918018	0.149208	-146.973007	-109.889000	877.226990	
-0.049364	0.179448	0.982528	-0.928754	0.353612	-0.111245	-0.367396	-0.918018	0.149208	-146.973007	-109.889000	877.226990	
-0.049364	0.179448	0.982528	-0.928754	0.353612	-0.111245	-0.367396	-0.918018	0.149208	-146.973007	-109.889000	877.226990	
-0.017597	-0.096532	0.995174	-0.550256	0.831975	0.070972	-0.834810	-0.546352	-0.067757	-127.482727	-70.772392	814.318970	
-0.074446	-0.210751	0.974701	-0.399390	0.901901	0.164505	-0.913753	-0.377039	-0.151315	-118.231949	-64.324265	809.762878	
-0.144952	-0.282831	0.948154	-0.249301	0.937798	0.241628	-0.957516	-0.201351	-0.206446	-111.805244	-55.148087	799.975891	
-0.233210	-0.384333	0.893254	-0.163507	0.921002	0.353583	-0.958581	-0.063594	-0.277629	-105.111824	-41.096489	795.794739	
-0.258059	-0.401303	0.878841	-0.166675	0.914505	0.368646	-0.951643	-0.051348	-0.302884	-97.977837	-26.400965	788.142639	
-0.392626	-0.456924	0.798164	-0.142778	0.887615	0.437897	-0.908547	0.057970	-0.413739	-79.058693	-12.806181	752.091370	
-0.460338	-0.496849	0.735683	-0.012679	0.832306	0.554171	-0.887653	0.245779	-0.389442	-71.253838	-6.860821	760.100098	
-0.574282	-0.506255	0.643355	0.132618	0.717956	0.683339	-0.807844	0.477750	-0.345171	-63.414680	1.484965	757.060120	
-0.641626	-0.515454	0.567998	0.234481	0.573260	0.785106	-0.730297	0.636930	-0.246955	-52.979218	8.901068	734.255493	
-0.707923	-0.515366	0.482951	0.230558	0.477704	0.847727	-0.667598	0.711475	-0.219356	-33.762566	20.898060	713.791809	
-0.746530	-0.542371	0.385390	0.246466	0.312598	0.917353	-0.618018	0.779818	-0.099689	-23.492950	30.490105	706.580017	
-0.782389	-0.566164	0.259472	0.221806	0.135997	0.965560	-0.581953	0.812997	0.019175	-13.599864	35.228603	698.457947	
-0.835120	-0.513365	0.197562	0.253650	-0.040706	0.966439	-0.488094	0.857205	0.164209	-2.830284	43.243828	692.055115	
-0.853372	-0.489435	0.179469	0.280931	-0.141771	0.949199	-0.439128	0.860439	0.258480	7.545846	46.896709	678.687988	
-0.895741	-0.425244	0.129672	0.281593	-0.316984	0.905664	-0.344024	0.847756	0.403681	17.449118	50.792412	671.830017	
-0.937309	-0.348430	-0.006809	0.178717	-0.497356	0.848939	-0.299182	0.794502	0.528447	35.634102	54.027161	660.157288	
-0.942747	-0.303340	-0.138603	0.081883	-0.613402	0.785514	-0.323297	0.729193	0.603122	51.156921	56.514355	650.020569	
-0.971642	-0.181250	-0.151853	0.016128	-0.691511	0.722186	-0.235905	0.699257	0.674824	58.255905	57.493355	640.909058	
-0.976739	-0.121882	-0.176422	-0.038133	-0.710906	0.702253	-0.211011	0.692645	0.689722	71.459930	58.381504	634.502930	
-0.983580	-0.077843	-0.162816	-0.042175	-0.778058	0.626775	-0.175471	0.623350	0.762000	82.951790	58.804504	629.241699	
-0.993615	0.023399	-0.110368	-0.080747	-0.830701	0.550832	-0.078794	0.556227	0.827286	92.522385	57.824982	624.146423	
-0.996753	0.056507	-0.057351	-0.075300	-0.906403	0.415648	-0.028496	0.418617	0.907715	96.915977	57.552204	617.840576	
-0.986051	0.165829	0.014228	-0.142329	-0.884449	0.444402	0.086279	0.436177	0.895714	99.428871	53.812885	607.648865	
-0.960649	0.255331	0.109358	-0.175012	-0.862123	0.475515	0.215693	0.437663	0.872884	100.738129	51.143539	602.770508	
-0.933376	0.292430	0.208068	-0.165183	-0.864718	0.474319	0.318625	0.408348	0.855411	101.571938	44.936287	598.057007	
-0.911936	0.329278	0.244841	-0.172983	-0.849585	0.498280	0.372086	0.412046	0.831727	99.518562	37.780174	588.712524	
-0.899905	0.337125	0.276618	-0.162218	-0.847588	0.505253	0.404791	0.409806	0.817437	95.793510	28.778929	584.938354	
-0.870572	0.389034	0.301259	-0.164018	-0.806693	0.567754	0.463899	0.444858	0.766093	92.547302	19.710453	579.554077	
-0.867151	0.400108	0.296586	-0.139648	-0.766941	0.626339	0.478066	0.501712	0.720928	84.526932	13.712770	574.773499	
-0.872711	0.389565	0.294304	-0.115293	-0.750176	0.651109	0.474428	0.534298	0.699601	74.545723	7.602611	573.995789	
-0.883567	0.366737	0.291227	-0.094411	-0.748603	0.656262	0.458688	0.552356	0.696065	62.809586	0.712814	568.656982	
-0.886499	0.340535	0.313296	-0.089202	-0.790127	0.606418	0.454050	0.509642	0.730823	49.317665	-6.302492	569.594177	
-0.905180	0.321489	0.278015	-0.100260	-0.797162	0.595382	0.413032	0.511054	0.753808	33.916332	-19.013489	569.229858	
-0.940324	0.243523	0.237671	-0.089972	-0.851529	0.516529	0.328170	0.464321	0.822624	26.600182	-26.677650	574.568115	
-0.963255	0.187539	0.192270	-0.069082	-0.864769	0.497394	0.259550	0.465835	0.845950	10.413092	-34.529129	584.116577	
-0.986415	0.029435	0.161611	0.055945	-0.864808	0.498976	0.154450	0.501238	0.851413	0.221279	-43.366661	577.893005	
-0.997640	-0.001497	0.068637	0.039255	-0.832646	0.552411	0.056323	0.553802	0.830741	-19.476803	-57.455048	583.048279	
-0.997792	-0.046429	0.047477	0.066381	-0.717257	0.693639	0.001848	0.695259	0.718756	-34.825542	-63.915565	553.305176	
0.073499	-0.272293	-0.959403	-0.621062	-0.765193	0.169594	-0.780308	0.583384	-0.225352	-61.751598	-82.858101	575.432007	
0.073499	-0.272293	-0.959403	-0.621062	-0.765193	0.169594	-0.780308	0.583384	-0.225352	-61.751598	-82.858101	575.432007	
0.073499	-0.272293	-0.959403	-0.621062	-0.765193	0.169594	-0.780308	0.583384	-0.225352	-61.751598	-82.858101	575.432007	
-0.022621	-0.641857	-0.766490	-0.682225	-0.550522	0.481140	-0.730792	0.533803	-0.425438	-102.732666	-111.393684	578.291504	
-0.070484	-0.692505	-0.717961	-0.631183	-0.526378	0.569679	-0.772425	0.493319	-0.399996	-123.183167	-120.131439	588.121643	
-0.233419	-0.716961	-0.656873	-0.613193	-0.415748	0.671676	-0.754658	0.559573	-0.342592	-129.286835	-130.608643	578.798828	
-0.273105	-0.782951	-0.558929	-0.595854	-0.318462	0.737252	-0.755230	0.534388	-0.379551	-147.881592	-145.761169	597.076416	
-0.320271	-0.789995	-0.522813	-0.604924	-0.254167	0.754630	-0.729036	0.557949	-0.396485	-154.874725	-157.518524	596.800354	
-0.296904	-0.846271	-0.442349	-0.646328	-0.162903	0.745468	-0.702929	0.507235	-0.498602	-168.986221	-170.217484	608.610779	
-0.378193	-0.834912	-0.399864	-0.696131	-0.028236	0.717359	-0.610223	0.549658	-0.570530	-173.948105	-174.002914	610.051697	
-0.430244	-0.821346	-0.374539	-0.709883	0.051544	0.702430	-0.557634	0.568096	-0.605237	-182.827164	-182.041336	612.777466	
-0.482464	-0.808075	-0.337997	-0.730601	0.158399	0.664178	-0.483167	0.567384	-0.666802	-191.922058	-187.276901	623.629150	
-0.532571	-0.778901	-0.331180	-0.761502	0.270165	0.589173	-0.369435	0.565972	-0.737017	-197.546631	-191.900726	629.345825	
-0.612709	-0.711428	-0.344175	-0.743932	0.372201	0.555006	-0.266744	0.596101	-0.757305	-202.864746	-196.597366	648.145813	
-0.675777	-0.607982	-0.416750	-0.713254	0.396699	0.577839	-0.185992	0.687740	-0.701727	-201.815109	-201.055466	648.069946	
-0.749345	-0.500936	-0.433064	-0.648707	0.424088	0.631925	-0.132897	0.754462	-0.642749	-200.463211	-204.124557	660.505127	
-0.790419	-0.421824	-0.444186	-0.602714	0.406018	0.686939	-0.109420	0.810687	-0.575164	-198.001938	-204.867615	667.027222	
-0.818289	-0.344171	-0.460379	-0.563418	0.321611	0.761003	-0.113853	0.882107	-0.457083	-193.960571	-205.239624	672.268433	
-0.848344	-0.243206	-0.470279	-0.523108	0.248016	0.815381	-0.081669	0.937730	-0.337627	-185.463104	-203.926056	675.172424	
-0.820410	-0.153351	-0.550827	-0.571651	0.199858	0.795784	-0.011948	0.967750	-0.251630	-181.591553	-203.560318	693.399658	
-0.788458	-0.114768	-0.604286	-0.615085	0.143851	0.775227	-0.002045	0.982921	-0.184013	-175.292389	-200.067474	701.426025	
-0.792615	-0.059148	-0.606846	-0.609721	0.075152	0.789045	-0.001065	0.995416	-0.095631	-161.830551	-197.688660	712.763672	
-0.792650	-0.015122	-0.609489	-0.609669	0.014706	0.792520	-0.003022	0.999777	-0.020877	-145.882568	-192.864014	726.697510	
-0.786279	0.017995	-0.617609	-0.617727	-0.044528	0.785131	-0.013373	0.998846	0.046127	-129.608627	-190.647568	738.740540	
-0.809990	0.040518	-0.585042	-0.583338	-0.158193	0.796675	-0.060270	0.986576	0.151770	-113.388657	-188.683792	757.781128	
-0.724920	0.035672	-0.687908	-0.674674	-0.238204	0.698623	-0.138942	0.970559	0.196746	-104.290344	-182.085831	776.034363	
-0.727671	0.007996	-0.685879	-0.656631	-0.297223	0.693176	-0.198317	0.954774	0.221531	-90.534103	-167.514008	764.097229	
0.463622	-0.035548	0.885320	0.787341	-0.441759	-0.430050	0.406385	0.896429	-0.176820	-77.000801	-167.643005	831.103027	
0.463622	-0.035548	0.885320	0.787341	-0.441759	-0.430050	0.406385	0.896429	-0.176820	-77.000801	-167.643005	831.103027	
0.463622	-0.035548	0.885320	0.787341	-0.441759	-0.430050	0.406385	0.896429	-0.176820	-77.000801	-167.643005	831.103027	
0.728576	-0.164992	0.664797	0.482263	-0.565659	-0.668918	0.486415	0.807965	-0.332556	-24.812834	-140.129379	842.135315	
0.685751	-0.223008	0.692830	0.500124	-0.547206	-0.671149	0.528793	0.806742	-0.263716	-7.176891	-130.506683	860.492126	
0.609382	-0.277076	0.742889	0.514442	-0.574789	-0.636370	0.603327	0.769965	-0.207727	2.976212	-116.466393	868.074890	
0.578479	-0.319369	0.750577	0.495256	-0.593631	-0.634289	0.648138	0.738651	-0.185234	12.091975	-109.875259	871.691467	
0.505911	-0.402162	0.763099	0.508433	-0.575620	-0.640435	0.696814	0.711988	-0.086740	19.778601	-96.610214	888.509460	
0.501525	-0.450915	0.738343	0.500030	-0.545369	-0.672713	0.706005	0.706576	-0.048045	28.604050	-81.469559	895.537964	
0.518643	-0.522955	0.676409	0.422089	-0.531394	-0.734480	0.743540	0.666438	-0.054870	35.900517	-67.162605	914.093384	
0.550358	-0.569268	0.610770	0.382223	-0.478584	-0.790483	0.742302	0.668499	-0.045805	41.736866	-52.376167	925.674072	
0.570180	-0.604759	0.556023	0.354223	-0.429691	-0.830597	0.741229	0.670546	-0.030782	51.297264	-45.503757	937.316345	
0.610852	-0.616497	0.496782	0.342475	-0.359972	-0.867831	0.713844	0.700251	-0.008754	59.069511	-31.698463	942.720886	
0.639741	-0.633639	0.435010	0.294627	-0.320572	-0.900238	0.709879	0.704085	-0.018395	61.967396	-17.656794	944.217407	
0.632596	-0.677737	0.374827	0.273737	-0.257074	-0.926812	0.724494	0.688902	0.022898	64.536377	-3.689398	957.558716	
0.651657	-0.692121	0.310342	0.241039	-0.198980	-0.949899	0.719198	0.693812	0.037162	66.232208	9.104467	969.129944	
0.643379	-0.708609	0.289721	0.256811	-0.156743	-0.953667	0.721189	0.687972	0.081133	65.237015	21.199434	972.838989	
0.669962	-0.699470	0.248782	0.244322	-0.108703	-0.963582	0.701041	0.706346	0.098070	63.643562	26.410685	984.659424	
0.670277	-0.700517	0.244959	0.280047	-0.066915	-0.957652	0.687243	0.710492	0.151326	60.082970	37.223454	994.336670	
0.745851	-0.608689	0.270564	0.343863	0.003957	-0.939012	0.570496	0.793399	0.212257	52.470528	48.150227	993.915161	
0.762273	-0.585091	0.276783	0.378094	0.055436	-0.924106	0.525343	0.809071	0.263476	46.882832	57.731178	993.580688	
0.769221	-0.571176	0.286458	0.409304	0.096185	-0.907314	0.490684	0.815173	0.307772	36.072586	66.673721	1008.604187	
0.797759	-0.544631	0.258763	0.403951	0.164121	-0.899938	0.447667	0.822461	0.350934	23.687996	74.729530	1010.899231	
0.823339	-0.509714	0.249611	0.413516	0.237512	-0.878973	0.388740	0.826910	0.406328	15.719169	81.460098	1007.763123	
0.846122	-0.454857	0.277820	0.435228	0.288759	-0.852758	0.307662	0.842451	0.442291	1.113107	84.609840	1009.484619	
0.879470	-0.334732	0.338360	0.452431	0.367220	-0.812685	0.147781	0.867816	0.474402	-16.055565	87.995575	1020.093689	
0.898692	-0.300772	0.319201	0.421345	0.390064	-0.818730	0.121743	0.870280	0.477276	-34.056831	90.090523	1027.732178	
0.914038	-0.186581	0.360172	0.405614	0.412576	-0.815634	0.003585	0.891610	0.452790	-44.192955	91.020538	1026.368774	
0.917738	-0.119303	0.378846	0.389783	0.453832	-0.801316	-0.076331	0.883065	0.463000	-54.121529	92.041817	1031.993042	
0.939824	-0.005984	0.341610	0.298100	0.502903	-0.811311	-0.166940	0.864322	0.474424	-65.429329	94.039619	1048.498901	
0.924222	0.102209	0.367926	0.275986	0.487108	-0.828588	-0.263908	0.867340	0.421987	-82.796112	91.338417	1027.034912	
0.865849	0.176259	0.468231	0.328036	0.506635	-0.797317	-0.377755	0.843952	0.380849	-93.547455	91.106445	1037.309082	
0.791382	0.312676	0.525310	0.299308	0.551082	-0.778925	-0.533039	0.773655	0.342528	-104.832207	89.992584	1058.488647	
0.722606	0.388081	0.572046	0.284466	0.587278	-0.757750	-0.630017	0.710280	0.313974	-116.313911	87.479439	1077.821899	
0.676745	0.425874	0.600542	0.289831	0.595730	-0.749069	-0.676769	0.680982	0.279725	-124.389435	81.660385	1070.172119	
0.636410	0.478299	0.605157	0.253788	0.611023	-0.749829	-0.728406	0.630778	0.267473	-132.933228	75.479797	1068.440674	
0.500534	0.607160	0.617110	0.085613	0.674620	-0.733184	-0.861474	0.419814	0.285689	-142.172333	68.798698	1077.395874	
0.460116	0.654147	0.600323	-0.010175	0.679986	-0.733155	-0.887801	0.331227	0.319527	-147.738678	63.711731	1058.817993	
0.417479	0.680409	0.602293	-0.070641	0.685112	-0.725005	-0.905937	0.260126	0.334083	-152.487091	53.492661	1047.801880	
0.402395	0.701651	0.588018	-0.099180	0.671947	-0.733928	-0.910078	0.237008	0.339977	-164.013397	43.021706	1048.256836	
0.315518	0.755468	0.574210	-0.158255	0.638538	-0.753144	-0.935631	0.146757	0.321025	-172.689774	31.461464	1043.534912	
0.295969	0.790412	0.536333	-0.167475	0.595731	-0.785530	-0.940402	0.142668	0.308691	-176.736420	26.196997	1045.105957	
0.252728	0.831704	0.494367	-0.180107	0.542464	-0.820546	-0.950627	0.118334	0.286890	-179.696487	19.305054	1030.585693	
0.222764	0.862808	0.453807	-0.189747	0.494975	-0.847937	-0.956229	0.102779	0.273976	-180.842957	12.617067	1013.387451	
0.173962	0.894430	0.411989	-0.188072	0.440843	-0.877660	-0.966627	0.075193	0.244906	-179.824875	5.772574	1008.184082	
0.137406	0.916583	0.375494	-0.211281	0.397487	-0.892953	-0.967720	0.043360	0.248272	-180.093170	-0.410916	1009.295471	
-0.034300	0.928503	0.369740	-0.196375	0.356483	-0.913431	-0.979929	-0.103940	0.170107	-178.311218	-13.662147	1014.768188	
0.515024	0.846674	0.133768	-0.645864	0.280702	0.709976	0.563569	-0.452050	0.691405	-174.070999	-20.509399	1007.440002	
0.515024	0.846674	0.133768	-0.645864	0.280702	0.709976	0.563569	-0.452050	0.691405	-174.070999	-20.509399	1007.440002	
0.515024	0.846674	0.133768	-0.645864	0.280702	0.709976	0.563569	-0.452050	0.691405	-174.070999	-20.509399	1007.440002	
0.554330	0.732734	0.394740	-0.709532	0.168117	0.684324	0.435066	-0.659423	0.613091	-138.345062	-48.336601	940.095947	
0.529330	0.734603	0.424462	-0.730013	0.139435	0.669057	0.432307	-0.664016	0.610077	-133.447678	-63.150650	948.562805	
0.543619	0.674319	0.499772	-0.722344	0.072641	0.687707	0.427431	-0.734859	0.526580	-124.087494	-69.866119	937.049744	
0.529934	0.637653	0.559078	-0.756641	0.057805	0.651270	0.382967	-0.768152	0.513108	-116.299103	-83.191315	925.274658	
