0.997088	-0.042266	0.063473	0.043431	0.998910	-0.017090	-0.062681	0.019797	0.997837	18.942099	3.493927	545.497925	
0.973725	-0.126580	0.189304	0.132462	0.991011	-0.018694	-0.185236	0.043278	0.981741	27.909042	7.042335	545.355286	
0.952924	-0.167469	0.252765	0.180014	0.983288	-0.027176	-0.243990	0.071398	0.967146	36.536144	14.874825	545.009033	
0.907580	-0.201766	0.368223	0.224156	0.974376	-0.018587	-0.355037	0.099409	0.929552	44.876160	18.036636	545.771851	
0.834748	-0.266717	0.481723	0.312054	0.949949	-0.014778	-0.453671	0.162659	0.876199	52.984814	24.061392	548.572998	
0.776884	-0.328483	0.537169	0.399390	0.916621	-0.017101	-0.486763	0.227825	0.843302	69.948151	25.891521	551.658325	
0.679167	-0.364156	0.637278	0.483865	0.875002	-0.015673	-0.551911	0.319001	0.770476	76.997009	29.579248	553.350098	
0.589939	-0.353299	0.726052	0.530465	0.847502	-0.018621	-0.608752	0.396131	0.687388	84.100449	30.831484	558.846375	
0.534991	-0.355327	0.766504	0.574225	0.818418	-0.021395	-0.619718	0.451591	0.641884	89.516159	31.634745	560.763489	
0.440128	-0.322369	0.838073	0.622682	0.782035	-0.026199	-0.646957	0.533383	0.544931	99.395187	31.435354	567.601318	
0.370210	-0.328760	0.868828	0.696831	0.716774	-0.025698	-0.614305	0.614939	0.494448	103.284317	29.959145	576.362610	
0.265587	-0.285535	0.920834	0.770846	0.636532	-0.024950	-0.579016	0.716446	0.389158	106.035042	27.346317	579.023560	
0.203377	-0.265142	0.942517	0.835287	0.549210	-0.025739	-0.510816	0.792506	0.333167	108.623245	25.675247	590.643860	
0.126103	-0.182160	0.975150	0.866736	0.498405	-0.018980	-0.482562	0.847590	0.220735	109.736664	20.928432	600.344543	
0.080347	-0.144007	0.986310	0.914598	0.404066	-0.015510	-0.396301	0.903322	0.164175	109.870094	15.207046	603.118713	
0.049016	-0.097154	0.994063	0.941610	0.336431	-0.013549	-0.333117	0.936682	0.107972	107.833717	8.376564	606.766785	
0.020139	-0.044670	0.998800	0.960443	0.278390	-0.006915	-0.277747	0.959428	0.048509	103.898178	4.855531	614.599792	
-0.001226	0.009915	0.999951	0.985481	0.169782	-0.000476	-0.169779	0.985431	-0.009980	100.864861	-3.767593	623.902405	
-0.011456	0.069882	0.997490	0.998870	0.046802	0.008192	-0.046112	0.996456	-0.070340	96.500481	-13.870767	627.962524	
-0.011741	0.129215	0.991548	0.997776	-0.063540	0.020095	0.065600	0.989578	-0.128182	86.526489	-25.029873	633.743774	
-0.005054	0.236935	0.971513	0.981415	-0.185193	0.050271	0.191829	0.953711	-0.231597	80.701950	-31.218674	645.222412	
0.010013	0.344563	0.938711	0.967026	-0.242242	0.078603	0.254478	0.906970	-0.335628	74.500877	-37.641842	656.458069	
0.029712	0.392544	0.919254	0.949873	-0.297429	0.096308	0.311218	0.870313	-0.381706	67.650108	-49.810902	671.410461	
0.060344	0.486215	0.871754	0.929563	-0.345580	0.128399	0.363690	0.802601	-0.472823	59.357132	-56.578197	681.329590	
0.100636	0.575402	0.811656	0.905562	-0.390882	0.164826	0.412103	0.718417	-0.560400	51.612038	-70.001457	700.929443	
0.185785	0.644485	0.741703	0.848680	-0.485673	0.209433	0.495201	0.590559	-0.637194	33.061089	-83.518265	712.684631	
0.242918	0.703914	0.667455	0.813392	-0.522724	0.255247	0.528566	0.480898	-0.699539	14.752601	-97.218048	724.095642	
0.305200	0.752923	0.583061	0.784693	-0.545737	0.293983	0.539545	0.367801	-0.757374	5.977276	-103.817413	735.402649	
0.357982	0.762344	0.539148	0.741019	-0.583265	0.332704	0.568100	0.280418	-0.773711	-2.999945	-111.101974	741.035400	
0.463109	0.764625	0.448194	0.670189	-0.633026	0.387459	0.579979	0.120939	-0.805605	-12.847153	-125.281517	747.460022	
0.529189	0.772746	0.350461	0.634036	-0.634609	0.441894	0.563877	-0.011640	-0.825778	-22.732635	-139.808197	754.145996	
0.626751	0.736318	0.254986	0.570723	-0.656572	0.493140	0.530525	-0.163549	-0.831743	-31.350525	-146.411652	772.093445	
0.678588	0.716740	0.160628	0.551784	-0.641774	0.532598	0.484821	-0.272783	-0.830987	-39.515972	-160.034439	782.281128	
0.760034	0.647130	0.059740	0.503557	-0.644525	0.575341	0.410825	-0.407196	-0.815730	-48.014858	-173.300598	788.016418	
0.795376	0.604434	-0.045117	0.498000	-0.609259	0.617089	0.345502	-0.513286	-0.785599	-56.082657	-179.507202	806.747925	
0.822695	0.561280	-0.090206	0.477712	-0.596561	0.644908	0.308161	-0.573655	-0.758919	-70.084236	-191.653549	818.616943	
0.840283	0.510127	-0.183559	0.487800	-0.563644	0.666601	0.236590	-0.649673	-0.722462	-83.071320	-203.037140	825.586243	
0.857979	0.450906	-0.246078	0.477959	-0.525225	0.704056	0.188216	-0.721680	-0.666147	-94.074272	-213.476791	835.698120	
0.870346	0.395632	-0.293209	0.475067	-0.517834	0.711449	0.129639	-0.758500	-0.638648	-103.400398	-218.699158	853.518494	
0.878669	0.289441	-0.379689	0.477291	-0.513411	0.713164	0.011483	-0.807857	-0.589267	-110.702133	-223.235641	871.604736	
0.886748	0.184546	-0.423817	0.455390	-0.506153	0.732413	-0.079352	-0.842467	-0.532871	-113.123520	-231.209930	886.912598	
0.852799	0.129069	-0.506039	0.501424	-0.473198	0.724332	-0.145967	-0.871450	-0.468261	-114.727951	-235.416168	892.996521	
0.834497	0.078219	-0.545433	0.518883	-0.444622	0.730117	-0.185402	-0.892296	-0.411623	-115.365791	-237.685730	901.696899	
0.785175	0.029257	-0.618583	0.571798	-0.417813	0.706030	-0.237796	-0.908062	-0.344785	-114.415115	-243.122009	917.589966	
0.723970	-0.016639	-0.689631	0.627890	-0.398133	0.668762	-0.285692	-0.917176	-0.277790	-113.404358	-247.703064	924.255005	
0.689473	-0.055280	-0.722199	0.654619	-0.379189	0.653980	-0.310002	-0.923666	-0.225253	-110.473442	-249.026382	931.597778	
0.616957	-0.089533	-0.781888	0.696897	-0.399439	0.595635	-0.365646	-0.912377	-0.184042	-107.148407	-251.839752	944.328613	
0.573395	-0.148952	-0.805626	0.698298	-0.425428	0.575664	-0.428482	-0.892650	-0.139926	-97.266022	-251.005386	956.434509	
0.524426	-0.200530	-0.827506	0.679722	-0.486712	0.548715	-0.512791	-0.850234	-0.118939	-92.321342	-250.697723	962.102112	
0.479264	-0.217617	-0.850265	0.703186	-0.484508	0.520366	-0.525200	-0.847287	-0.079182	-79.993889	-248.498871	968.181091	
0.425055	-0.251446	-0.869542	0.696382	-0.522855	0.491604	-0.578256	-0.814492	-0.047139	-73.230240	-245.233215	975.027954	
0.362697	-0.268699	-0.892330	0.707355	-0.544014	0.451327	-0.606711	-0.794889	-0.007246	-57.990490	-237.057343	975.011230	
0.306307	-0.231732	-0.923297	0.724434	-0.572475	0.384015	-0.617552	-0.786494	-0.007478	-49.086109	-229.058487	975.532227	
0.262548	-0.183825	-0.947248	0.775902	-0.543371	0.320504	-0.573623	-0.819119	-0.000030	-39.988373	-216.282715	962.542908	
0.233937	-0.164123	-0.958300	0.771102	-0.569018	0.285692	-0.592178	-0.805780	-0.006559	-31.161484	-207.482056	962.824829	
0.196674	-0.130026	-0.971809	0.740059	-0.630472	0.234128	-0.643141	-0.765244	-0.027771	-21.507401	-198.771179	968.071716	
0.182732	-0.121889	-0.975578	0.710830	-0.669136	0.216744	-0.679213	-0.733076	-0.035630	-11.143509	-190.570755	985.875366	
0.150797	-0.119816	-0.981277	0.603170	-0.775295	0.187357	-0.783228	-0.620130	-0.044642	9.375560	-186.135040	1023.768494	
0.054871	-0.067274	-0.996225	0.538246	-0.838362	0.086260	-0.840999	-0.540947	-0.009791	18.731039	-177.521210	1036.549927	
-0.034440	0.050718	-0.998120	0.585980	-0.808005	-0.061277	-0.809593	-0.586988	-0.001892	27.469322	-164.671265	1033.631714	
-0.029342	0.145418	-0.988936	0.619143	-0.774071	-0.132194	-0.784729	-0.616171	-0.067321	44.380310	-148.431137	1019.420593	
-0.008891	0.224848	-0.974354	0.585192	-0.788943	-0.187402	-0.810845	-0.571850	-0.124565	53.115509	-134.346939	1020.144653	
-0.002974	0.296447	-0.955045	0.566249	-0.786683	-0.245951	-0.824229	-0.541524	-0.165523	68.746399	-118.517151	1011.498535	
-0.007320	0.311082	-0.950355	0.534985	-0.801712	-0.266548	-0.844829	-0.510377	-0.160556	76.216202	-111.051071	1009.572937	
-0.007534	0.310608	-0.950509	0.520520	-0.810387	-0.268946	-0.853816	-0.496785	-0.155572	90.125847	-102.527802	1002.297729	
0.042142	0.363338	-0.930705	0.543563	-0.789943	-0.283774	-0.838309	-0.493938	-0.230787	101.812218	-94.972717	1001.506714	
0.147555	0.379806	-0.913223	0.501310	-0.824657	-0.261973	-0.852593	-0.419152	-0.312082	111.942848	-81.379921	1007.682312	
0.233550	0.385724	-0.892565	0.428227	-0.864937	-0.261735	-0.872969	-0.321092	-0.367183	115.952972	-66.323181	1009.911743	
0.323938	0.397813	-0.858376	0.405265	-0.878189	-0.254056	-0.854882	-0.265571	-0.445699	118.924385	-51.770306	1008.390686	
0.405035	0.390069	-0.826918	0.380444	-0.894313	-0.235515	-0.831389	-0.219204	-0.510627	123.043884	-44.628971	1004.577087	
0.470452	0.348687	-0.810612	0.344254	-0.918352	-0.195240	-0.812504	-0.187205	-0.552078	124.626305	-29.895889	998.620728	
0.512513	0.331174	-0.792247	0.324997	-0.928809	-0.178017	-0.794800	-0.166241	-0.583658	124.673683	-15.506579	993.435730	
0.586384	0.284094	-0.758581	0.258408	-0.953157	-0.157215	-0.767710	-0.103835	-0.632328	121.833496	-2.145775	989.645508	
0.629455	0.254080	-0.734323	0.235228	-0.962994	-0.131566	-0.740576	-0.089918	-0.665929	117.352867	3.737245	982.100708	
0.676429	0.176153	-0.715133	0.149682	-0.983592	-0.100700	-0.721136	-0.038926	-0.691698	113.720901	9.217388	977.227234	
0.709745	0.134700	-0.691462	0.117196	-0.990448	-0.072650	-0.694641	-0.029474	-0.718752	105.408890	20.615839	966.804749	
0.752016	0.093813	-0.652436	0.087604	-0.995264	-0.042133	-0.653297	-0.025471	-0.756673	94.614220	25.365652	956.131042	
0.786873	-0.002344	-0.617112	0.023589	-0.999147	0.033873	-0.616664	-0.041211	-0.786147	88.455864	30.579657	949.438904	
0.813133	-0.053742	-0.579593	-0.010383	-0.996909	0.077870	-0.581985	-0.057300	-0.811178	74.914948	38.792835	943.447998	
0.819855	-0.110264	-0.561854	-0.021714	-0.986563	0.161927	-0.572159	-0.120557	-0.811234	66.862305	45.276615	939.595093	
0.838376	-0.169604	-0.518036	-0.044006	-0.968319	0.245808	-0.543313	-0.183282	-0.819279	51.083664	47.608364	932.570068	
0.837739	-0.224941	-0.497590	-0.062072	-0.944537	0.322485	-0.542531	-0.239272	-0.805238	32.802826	51.692089	915.945984	
0.818910	-0.343388	-0.459860	-0.169738	-0.910323	0.377493	-0.548247	-0.231077	-0.803759	15.018302	54.384693	909.221680	
0.783720	-0.457273	-0.420340	-0.243506	-0.848777	0.469342	-0.571391	-0.265478	-0.776552	6.039310	55.092030	894.307190	
0.727991	-0.566829	-0.385661	-0.339127	-0.786611	0.515980	-0.595837	-0.244840	-0.764874	-12.987030	55.192478	884.589661	
0.654100	-0.662312	-0.365371	-0.380828	-0.705700	0.597460	-0.653546	-0.251655	-0.713826	-32.839317	54.452465	878.227356	
0.564882	-0.747241	-0.350056	-0.400560	-0.619199	0.675385	-0.721428	-0.241294	-0.649090	-52.820915	53.285110	873.265625	
0.467964	-0.825522	-0.315473	-0.410260	-0.519104	0.749812	-0.782749	-0.221459	-0.581601	-71.545662	49.808472	868.269104	
0.416038	-0.865001	-0.280508	-0.411815	-0.454248	0.789980	-0.810752	-0.213144	-0.545205	-80.918869	44.892616	864.034668	
0.364943	-0.898515	-0.243899	-0.358992	-0.377512	0.853587	-0.859034	-0.223953	-0.460330	-89.525711	39.138573	846.591675	
0.272026	-0.940734	-0.202534	-0.365538	-0.295712	0.882574	-0.890158	-0.166050	-0.424316	-105.905396	34.985264	827.030273	
0.136901	-0.971664	-0.192679	-0.298744	-0.225952	0.927200	-0.944462	-0.069373	-0.321211	-121.588982	31.221582	813.152771	
0.011576	-0.983451	-0.180803	-0.212598	-0.179101	0.960587	-0.977071	0.027319	-0.211152	-135.720016	26.038435	803.655579	
-0.070844	-0.982924	-0.169823	-0.117408	-0.160850	0.979972	-0.990553	0.089364	-0.104007	-148.128113	21.200443	786.318054	
-0.215844	-0.965980	-0.142452	-0.027146	-0.139898	0.989795	-0.976050	0.217508	0.003975	-153.213806	14.870171	774.333313	
-0.286253	-0.949531	-0.128249	0.087925	-0.159317	0.983305	-0.954111	0.270197	0.129094	-161.639603	8.115453	767.326660	
-0.349518	-0.929939	-0.114224	0.134059	-0.170296	0.976232	-0.927289	0.325898	0.184189	-165.601151	0.977357	757.208496	
-0.469862	-0.876609	-0.103842	0.213985	-0.227237	0.950039	-0.856410	0.424166	0.294353	-169.538391	-12.973518	739.298218	
-0.527055	-0.844812	-0.092211	0.297803	-0.285228	0.911021	-0.795943	0.452697	0.401921	-171.533020	-26.588457	728.258911	
-0.637095	-0.767397	-0.072176	0.309127	-0.340167	0.888103	-0.706080	0.543494	0.453944	-171.820267	-34.639523	724.419678	
-0.686878	-0.724006	-0.063341	0.329487	-0.387899	0.860798	-0.647793	0.570392	0.504992	-170.701843	-41.849491	719.995117	
-0.779850	-0.624710	-0.039620	0.354135	-0.492501	0.795004	-0.516160	0.605952	0.605310	-168.867081	-49.062214	713.413269	
-0.827096	-0.552486	-0.103292	0.337521	-0.635167	0.694724	-0.449434	0.539740	0.711822	-157.149933	-58.920597	698.099426	
-0.880501	-0.437665	-0.182114	0.273768	-0.783111	0.558379	-0.386999	0.441796	0.809351	-157.832687	-64.889572	699.941833	
-0.909275	-0.331740	-0.251331	0.212067	-0.888898	0.406062	-0.358115	0.315922	0.878606	-148.221237	-75.184227	678.738892	
-0.925709	-0.268848	-0.266047	0.188655	-0.937844	0.291299	-0.327827	0.219467	0.918894	-133.709290	-81.639214	656.135986	
-0.937069	-0.229699	-0.262943	0.157901	-0.950500	0.267610	-0.311397	0.209250	0.926956	-119.693558	-97.567726	643.216064	
-0.948242	-0.103635	-0.300158	0.033967	-0.972923	0.228614	-0.315724	0.206586	0.926090	-108.437248	-106.555939	630.020264	
-0.927560	0.036284	-0.371906	-0.104350	-0.980830	0.164565	-0.358806	0.191452	0.913568	-102.930466	-114.154709	619.027893	
-0.906817	0.135628	-0.399106	-0.173806	-0.982894	0.060892	-0.384021	0.124585	0.914882	-89.389153	-123.159943	609.299194	
-0.838475	0.212982	-0.501595	-0.252377	-0.967564	0.011041	-0.482974	0.135849	0.865033	-81.647552	-129.538116	586.767578	
-0.911489	0.410492	0.026145	-0.410391	-0.911862	0.009352	0.027679	-0.002205	0.999614	-71.913803	-145.600006	623.674011	
-0.911489	0.410492	0.026145	-0.410391	-0.911862	0.009352	0.027679	-0.002205	0.999614	-71.913803	-145.600006	623.674011	
-0.911489	0.410492	0.026145	-0.410391	-0.911862	0.009352	0.027679	-0.002205	0.999614	-71.913803	-145.600006	623.674011	
-0.763917	0.645285	-0.006241	-0.624047	-0.741168	-0.247458	-0.164306	-0.185142	0.968879	-33.725807	-168.052399	593.228821	
-0.659741	0.751005	-0.027081	-0.689513	-0.619266	-0.375609	-0.298854	-0.229131	0.926383	-24.597141	-171.459641	588.867004	
-0.533025	0.841248	-0.090474	-0.716449	-0.505644	-0.480651	-0.450094	-0.191378	0.872233	-7.450563	-175.666534	574.980469	
-0.426182	0.900750	-0.083775	-0.739909	-0.400360	-0.540598	-0.520483	-0.168407	0.837100	9.742525	-180.191177	569.132263	
-0.315188	0.946946	-0.062850	-0.725089	-0.283013	-0.627814	-0.612292	-0.152307	0.775823	17.447775	-183.497482	556.497437	
-0.206304	0.975983	-0.069967	-0.695318	-0.196536	-0.691309	-0.688456	-0.093970	0.719165	22.374910	-180.697769	543.515015	
-0.039889	0.999158	0.009558	-0.581462	-0.015432	-0.813427	-0.812595	-0.038004	0.581588	45.679001	-194.960007	572.968994	
-0.039889	0.999158	0.009558	-0.581462	-0.015432	-0.813427	-0.812595	-0.038004	0.581588	45.679001	-194.960007	572.968994	
-0.039889	0.999158	0.009558	-0.581462	-0.015432	-0.813427	-0.812595	-0.038004	0.581588	45.679001	-194.960007	572.968994	
-0.039889	0.999158	0.009558	-0.581462	-0.015432	-0.813427	-0.812595	-0.038004	0.581588	45.679001	-194.960007	572.968994	
-0.039889	0.999158	0.009558	-0.581462	-0.015432	-0.813427	-0.812595	-0.038004	0.581588	45.679001	-194.960007	572.968994	
-0.039889	0.999158	0.009558	-0.581462	-0.015432	-0.813427	-0.812595	-0.038004	0.581588	45.679001	-194.960007	572.968994	
-0.039889	0.999158	0.009558	-0.581462	-0.015432	-0.813427	-0.812595	-0.038004	0.581588	45.679001	-194.960007	572.968994	
-0.039889	0.999158	0.009558	-0.581462	-0.015432	-0.813427	-0.812595	-0.038004	0.581588	45.679001	-194.960007	572.968994	
-0.039889	0.999158	0.009558	-0.581462	-0.015432	-0.813427	-0.812595	-0.038004	0.581588	45.679001	-194.960007	572.968994	
-0.039889	0.999158	0.009558	-0.581462	-0.015432	-0.813427	-0.812595	-0.038004	0.581588	45.679001	-194.960007	572.968994	
-0.039889	0.999158	0.009558	-0.581462	-0.015432	-0.813427	-0.812595	-0.038004	0.581588	45.679001	-194.960007	572.968994	
-0.039889	0.999158	0.009558	-0.581462	-0.015432	-0.813427	-0.812595	-0.038004	0.581588	45.679001	-194.960007	572.968994	
-0.039889	0.999158	0.009558	-0.581462	-0.015432	-0.813427	-0.812595	-0.038004	0.581588	45.679001	-194.960007	572.968994	
0.866909	0.469164	-0.168384	0.198570	-0.634888	-0.746650	-0.457207	0.613843	-0.643552	55.692097	-137.715424	570.606934	
0.920190	0.345412	-0.184231	0.148752	-0.743828	-0.651608	-0.362110	0.572199	-0.735844	42.879749	-131.147385	574.997131	
0.939860	0.278844	-0.197257	0.109147	-0.792424	-0.600126	-0.323653	0.542505	-0.775202	28.452129	-124.359970	579.455139	
0.954968	0.210848	-0.208756	0.084826	-0.868220	-0.488874	-0.284325	0.449152	-0.847008	20.214779	-117.266594	587.123169	
0.967810	0.075437	-0.240109	-0.034191	-0.905773	-0.422383	-0.249348	0.416997	-0.874036	2.613235	-110.446754	596.623169	
0.961928	0.007934	-0.273187	-0.093915	-0.929114	-0.357669	-0.256661	0.369709	-0.892996	-15.546398	-96.243317	604.277161	
0.949032	-0.124532	-0.289532	-0.195477	-0.953173	-0.230762	-0.247238	0.275598	-0.928935	-34.760509	-88.845955	611.597229	
0.911703	-0.251521	-0.324859	-0.297808	-0.949290	-0.100799	-0.283033	0.188644	-0.940375	-44.595345	-74.125328	618.956421	
0.856187	-0.370581	-0.360017	-0.386346	-0.921863	0.030109	-0.343045	0.113313	-0.932459	-54.428944	-66.596062	627.341187	
0.815133	-0.422185	-0.396633	-0.392889	-0.906083	0.157012	-0.425671	0.027847	-0.904450	-74.627022	-52.348415	641.695984	
0.734961	-0.522506	-0.432225	-0.479187	-0.851186	0.214159	-0.479803	0.049718	-0.875967	-94.390404	-45.029484	645.949280	
0.642601	-0.607021	-0.467534	-0.550251	-0.790241	0.269713	-0.533187	0.083944	-0.841823	-113.316910	-38.628056	659.716309	
0.585257	-0.634687	-0.504624	-0.515443	-0.771630	0.372702	-0.625933	0.041979	-0.778747	-132.019119	-32.578075	674.872437	
0.524503	-0.657349	-0.541098	-0.466539	-0.753527	0.463183	-0.712206	0.009503	-0.701907	-140.629211	-20.174971	680.158447	
0.415269	-0.702437	-0.578043	-0.507516	-0.706238	0.493615	-0.754970	0.088383	-0.649777	-148.735764	-7.315532	685.495056	
0.312265	-0.741020	-0.594458	-0.546744	-0.651912	0.525435	-0.776892	0.160942	-0.608718	-155.962463	-2.273959	696.287109	
0.208646	-0.762665	-0.612217	-0.514923	-0.617870	0.594215	-0.831457	0.191264	-0.521630	-169.247238	2.458800	702.487000	
0.153599	-0.741694	-0.652914	-0.420760	-0.646953	0.635935	-0.894074	0.177041	-0.411447	-180.992111	7.998264	715.498535	
0.044382	-0.721845	-0.690631	-0.435664	-0.636099	0.636849	-0.899015	0.272618	-0.342714	-185.912888	16.938385	722.740356	
-0.064698	-0.683353	-0.727216	-0.397022	-0.650958	0.647014	-0.915526	0.330582	-0.229191	-190.889999	21.678677	728.878296	
-0.120888	-0.633690	-0.764083	-0.399765	-0.673473	0.621789	-0.908611	0.380621	-0.171913	-192.562683	28.433842	741.328918	
-0.164926	-0.617129	-0.769384	-0.329736	-0.700685	0.632705	-0.929556	0.358044	-0.087930	-194.177429	36.094681	751.203918	
-0.201096	-0.580925	-0.788724	-0.285827	-0.735337	0.614478	-0.936943	0.349009	-0.018173	-195.198471	37.890480	767.075745	
-0.278806	-0.532772	-0.799013	-0.256838	-0.760332	0.596599	-0.925366	0.371552	0.075147	-195.014893	39.683537	777.022766	
-0.321348	-0.499366	-0.804592	-0.233930	-0.781463	0.578440	-0.917612	0.374100	0.134303	-190.731674	41.627285	792.782227	
-0.341909	-0.440907	-0.829879	-0.233789	-0.815428	0.529549	-0.910188	0.375075	0.175721	-185.156357	43.612141	794.534668	
-0.317704	-0.403431	-0.858084	-0.257792	-0.834132	0.487615	-0.912474	0.376125	0.161004	-180.298584	43.606262	815.021484	
-0.296931	-0.338468	-0.892901	-0.278377	-0.863776	0.420000	-0.913421	0.373275	0.162258	-175.809021	43.035072	832.169312	
-0.250521	-0.285589	-0.925029	-0.268799	-0.897412	0.349859	-0.930046	0.336294	0.148053	-162.672836	41.866352	834.042969	
-0.177472	-0.276475	-0.944492	-0.268240	-0.909800	0.316722	-0.946864	0.309560	0.087301	-154.818848	37.704994	846.001099	
-0.219932	-0.208974	-0.952869	-0.301654	-0.914345	0.270150	-0.927704	0.346852	0.138055	-142.129333	35.217400	865.230164	
-0.182608	-0.143883	-0.972601	-0.380120	-0.901979	0.204804	-0.906732	0.407104	0.110014	-133.223297	30.680595	879.093689	
-0.211684	-0.089482	-0.973233	-0.275638	-0.949911	0.147291	-0.937664	0.299440	0.176414	-119.198273	24.746166	901.204285	
-0.202641	-0.057808	-0.977546	-0.217524	-0.970660	0.102493	-0.954788	0.233409	0.184119	-101.048653	17.594172	913.018433	
-0.170725	-0.038456	-0.984568	-0.216377	-0.973385	0.075539	-0.961267	0.225934	0.157859	-82.013870	13.975082	918.937317	
-0.105017	-0.009347	-0.994427	-0.224064	-0.974023	0.032818	-0.968900	0.226262	0.100193	-62.258465	4.271556	934.381775	
-0.035442	0.000885	-0.999371	-0.213203	-0.976987	0.006696	-0.976365	0.213306	0.034813	-41.954716	-0.888196	940.145142	
0.024832	0.000231	-0.999691	-0.208171	-0.978079	-0.005396	-0.977777	0.208241	-0.024241	-31.567633	-5.812738	945.241699	
0.067981	-0.011296	-0.997622	-0.205068	-0.978745	-0.002891	-0.976384	0.204777	-0.068854	-21.120619	-16.672712	958.848572	
0.150668	-0.045988	-0.987514	-0.269144	-0.963094	0.003786	-0.951242	0.265213	-0.157486	-1.230383	-22.270468	972.973938	
0.237130	-0.105310	-0.965753	-0.342572	-0.939315	0.018312	-0.909073	0.326498	-0.258817	18.348320	-28.929502	978.572876	
0.275807	-0.172831	-0.945547	-0.412494	-0.909801	0.045977	-0.868205	0.377352	-0.322222	27.187555	-35.998344	980.951233	
0.295144	-0.212491	-0.931524	-0.364664	-0.926206	0.095737	-0.883126	0.311438	-0.350853	35.411457	-49.148674	981.796082	
0.342982	-0.278348	-0.897154	-0.304942	-0.936356	0.173930	-0.888468	0.213926	-0.406033	51.417820	-62.573685	987.777527	
0.341942	-0.323137	-0.882416	-0.258255	-0.935178	0.242382	-0.903538	0.145008	-0.403229	65.280701	-69.473015	1000.500305	
0.310481	-0.394661	-0.864780	-0.319096	-0.900225	0.296271	-0.895422	0.183962	-0.405438	77.933846	-84.244873	1002.025208	
0.287775	-0.490890	-0.822321	-0.392538	-0.843665	0.366260	-0.873556	0.217393	-0.435479	88.182121	-91.651627	1007.709595	
0.239053	-0.558086	-0.794603	-0.390625	-0.804465	0.447493	-0.888969	0.203418	-0.410313	93.094299	-105.610519	1007.603455	
0.166901	-0.616276	-0.769642	-0.434390	-0.746713	0.503714	-0.885127	0.250255	-0.392332	96.136169	-113.074860	1011.010620	
0.130593	-0.687539	-0.714308	-0.439872	-0.685867	0.579742	-0.888514	0.238495	-0.392000	98.942047	-119.972900	1013.050842	
0.082323	-0.724104	-0.684760	-0.436776	-0.643807	0.628284	-0.895796	0.247365	-0.369272	100.742249	-133.295792	1014.697754	
-0.015771	-0.756239	-0.654107	-0.480372	-0.568015	0.668283	-0.876923	0.324755	-0.354319	100.758659	-145.888855	1012.046509	
-0.117345	-0.776092	-0.619607	-0.488843	-0.497954	0.716292	-0.864444	0.386945	-0.320956	100.016121	-151.731033	1011.418579	
-0.183668	-0.786845	-0.589188	-0.422302	-0.478094	0.770122	-0.887653	0.390263	-0.244477	97.826668	-162.762421	1006.151672	
-0.220923	-0.810649	-0.542258	-0.360322	-0.448820	0.817759	-0.906290	0.376050	-0.192941	91.303200	-175.574738	1015.482239	
-0.324967	-0.826960	-0.458842	-0.304094	-0.368040	0.878677	-0.895502	0.425073	-0.131874	87.058914	-182.168427	1023.859924	
-0.398339	-0.817461	-0.416037	-0.187468	-0.371445	0.909332	-0.897876	0.440217	-0.005289	76.441963	-187.724274	1025.386719	
-0.502998	-0.780695	-0.370824	-0.082280	-0.383850	0.919723	-0.860362	0.493131	0.128838	63.863213	-192.422668	1023.588135	
-0.627361	-0.727042	-0.278983	0.034602	-0.383927	0.922715	-0.777960	0.569223	0.266015	56.613567	-197.000916	1025.648804	
-0.733053	-0.654043	-0.186720	0.101439	-0.376574	0.920816	-0.672565	0.656067	0.342392	48.637676	-203.119415	1021.737915	
-0.815372	-0.570806	-0.096696	0.161480	-0.384628	0.908838	-0.555961	0.725428	0.405787	40.512711	-206.284912	1020.202881	
-0.873799	-0.486174	-0.010548	0.250964	-0.469424	0.846558	-0.416524	0.737075	0.532192	32.401901	-211.791412	1024.007202	
-0.846983	-0.518422	-0.117729	0.289681	-0.635752	0.715477	-0.445764	0.571893	0.688646	18.703325	-220.412399	1058.357056	
-0.887293	-0.452277	-0.090323	0.265822	-0.661538	0.701220	-0.376896	0.598178	0.707200	8.935733	-221.270752	1045.383423	
-0.910018	-0.403907	-0.093420	0.200607	-0.626228	0.753391	-0.362801	0.666859	0.650903	-9.938709	-221.115082	1012.367920	
-0.954737	-0.294142	-0.044247	0.123882	-0.528440	0.839885	-0.270426	0.796389	0.540957	-19.026085	-213.298615	954.232117	
-0.971984	-0.234427	0.017073	0.132840	-0.487950	0.862706	-0.193910	0.840805	0.505418	-39.896923	-214.640854	947.406921	
-0.905608	0.052340	0.420873	0.160765	-0.875935	0.454855	0.392465	0.479582	0.784839	-57.248001	-213.037003	987.377014	
-0.905608	0.052340	0.420873	0.160765	-0.875935	0.454855	0.392465	0.479582	0.784839	-57.248001	-213.037003	987.377014	
-0.905608	0.052340	0.420873	0.160765	-0.875935	0.454855	0.392465	0.479582	0.784839	-57.248001	-213.037003	987.377014	
-0.905608	0.052340	0.420873	0.160765	-0.875935	0.454855	0.392465	0.479582	0.784839	-57.248001	-213.037003	987.377014	
-0.667676	0.359052	0.652143	-0.380490	-0.917530	0.115613	0.639871	-0.170942	0.749228	-102.501419	-196.807693	943.402161	
-0.592173	0.399678	0.699706	-0.473641	-0.875133	0.099033	0.651917	-0.272765	0.707533	-109.754860	-191.536896	925.598877	
-0.437295	0.422333	0.793983	-0.691937	-0.721952	0.002926	0.574453	-0.548106	0.607933	-124.505806	-184.075455	932.801819	
-0.362213	0.451081	0.815677	-0.818592	-0.572454	-0.046932	0.445767	-0.684706	0.576601	-129.672867	-172.431610	921.868958	
-0.289847	0.460195	0.839172	-0.920250	-0.374879	-0.112270	0.262922	-0.804790	0.532151	-134.041199	-161.449478	909.177490	
-0.238515	0.436522	0.867502	-0.964450	-0.211133	-0.158929	0.113782	-0.874570	0.471361	-141.272079	-149.122223	899.059387	
-0.168101	0.362259	0.916794	-0.984675	-0.017890	-0.173478	-0.046442	-0.931906	0.359714	-143.370697	-136.071152	891.776978	
-0.047473	0.335098	0.940987	-0.976373	0.183252	-0.114516	-0.210811	-0.924191	0.318480	-146.769363	-122.393051	873.235168	
-0.025795	0.237327	0.971087	-0.933313	0.342297	-0.108446	-0.358137	-0.909126	0.212670	-144.632843	-107.010483	842.634644	
-0.008897	0.166624	0.985981	-0.891349	0.445591	-0.083344	-0.453231	-0.879594	0.144555	-142.289871	-100.244797	842.030090	
0.003719	0.069025	0.997608	-0.814172	0.579441	-0.037056	-0.580612	-0.812087	0.058352	-139.920181	-95.368706	854.802551	
0.006813	-0.052874	0.998578	-0.697874	0.714952	0.042619	-0.716188	-0.697172	-0.032029	-133.633270	-80.320625	838.712524	
-0.010416	-0.109254	0.993959	-0.520540	0.849301	0.087900	-0.853773	-0.516480	-0.065717	-129.326385	-72.100327	827.454346	
-0.035130	-0.223417	0.974090	-0.370477	0.908157	0.194934	-0.928177	-0.354030	-0.114674	-118.686378	-63.916630	808.772461	
-0.069094	-0.279920	0.957534	-0.265217	0.930441	0.252863	-0.961710	-0.236483	-0.138527	-112.668465	-55.702751	804.009644	
-0.115573	-0.383088	0.916453	-0.173108	0.916285	0.361188	-0.978098	-0.116902	-0.172214	-105.830223	-41.283329	798.843689	
-0.146010	-0.428768	0.891538	-0.073155	0.903408	0.422496	-0.986575	-0.003532	-0.163272	-98.260498	-27.137302	789.106873	
-0.175205	-0.473173	0.863372	0.089935	0.865578	0.492633	-0.980416	0.163959	-0.109098	-81.798798	-12.403026	773.595886	
-0.267506	-0.491055	0.829039	0.286266	0.781045	0.554997	-0.920050	0.385791	-0.068361	-72.882843	-5.639368	767.853333	
-0.325671	-0.516260	0.792095	0.366162	0.703525	0.609081	-0.871702	0.488395	-0.040082	-63.573502	1.680182	756.205444	
-0.381292	-0.535408	0.753628	0.467492	0.591623	0.656837	-0.797539	0.602762	0.024719	-53.132893	8.569565	739.807373	
-0.443613	-0.546965	0.709955	0.510565	0.496815	0.701782	-0.736567	0.673799	0.058869	-33.633266	20.619547	723.638062	
-0.526680	-0.584185	0.617524	0.552717	0.316581	0.770896	-0.645842	0.747332	0.156153	-23.626970	30.808134	717.229309	
-0.608957	-0.605761	0.512080	0.557690	0.132105	0.819470	-0.564051	0.784604	0.257381	-13.853295	35.482513	707.924377	
-0.699124	-0.549703	0.457223	0.577443	-0.056983	0.814440	-0.421646	0.833415	0.357261	-2.979276	43.765545	701.028625	
-0.754106	-0.521141	0.399671	0.548930	-0.166052	0.819209	-0.360557	0.837162	0.411291	7.553012	47.298096	683.874756	
-0.828635	-0.444554	0.340200	0.506706	-0.337345	0.793377	-0.237934	0.829803	0.504794	17.416939	50.869629	673.499451	
-0.907442	-0.355475	0.224024	0.388853	-0.508475	0.768275	-0.159192	0.784278	0.599640	35.145729	53.592968	656.471924	
-0.944895	-0.314268	0.091703	0.282061	-0.639331	0.715330	-0.166177	0.701779	0.692744	51.378845	56.459404	648.530212	
-0.977639	-0.208684	0.025976	0.176010	-0.744391	0.644130	-0.115084	0.634299	0.764476	58.543488	58.136326	643.875488	
-0.987300	-0.154185	-0.038291	0.099779	-0.789362	0.605766	-0.123626	0.594253	0.794722	72.004189	59.459270	639.400269	
-0.989445	-0.099128	-0.105702	0.022867	-0.827097	0.561595	-0.143096	0.553251	0.820633	83.021500	59.478683	630.952454	
-0.985091	0.008841	-0.171807	-0.089758	-0.878390	0.469441	-0.146763	0.477864	0.866088	92.481392	58.549850	623.987366	
-0.969634	0.061488	-0.236705	-0.159312	-0.893155	0.420590	-0.185553	0.445529	0.875829	96.513344	57.195267	616.292419	
-0.940265	0.164017	-0.298330	-0.273142	-0.886512	0.373486	-0.203215	0.432663	0.878356	98.991875	53.469036	604.840881	
-0.896435	0.257774	-0.360495	-0.378566	-0.868325	0.320471	-0.230417	0.423753	0.875981	100.590897	51.041958	602.111694	
-0.857132	0.297741	-0.420327	-0.419216	-0.877381	0.233370	-0.299303	0.376237	0.876849	101.381432	45.189980	598.175110	
-0.812720	0.332481	-0.478479	-0.464456	-0.865526	0.187473	-0.351805	0.374596	0.857854	100.037903	38.012920	592.345764	
-0.730431	0.345040	-0.589422	-0.489179	-0.866555	0.098936	-0.476629	0.360599	0.801745	96.450859	29.203278	590.032288	
-0.656969	0.398163	-0.640201	-0.559213	-0.826880	0.059594	-0.505641	0.397161	0.765893	93.639153	19.984924	586.656677	
-0.539562	0.410315	-0.735197	-0.622780	-0.782128	0.020552	-0.566585	0.468955	0.677543	85.922066	13.949507	585.047546	
-0.417447	0.390433	-0.820549	-0.673709	-0.738944	-0.008860	-0.609799	0.549113	0.571509	75.646004	7.699027	581.186279	
-0.355073	0.368573	-0.859114	-0.655903	-0.753054	-0.051986	-0.666120	0.545037	0.509138	63.570312	0.927533	578.081421	
-0.296524	0.341513	-0.891876	-0.634177	-0.768668	-0.083488	-0.714068	0.540851	0.444510	49.518612	-6.368391	573.683594	
-0.222912	0.319504	-0.920993	-0.644811	-0.756886	-0.106506	-0.731115	0.570125	0.374740	33.874390	-19.652550	572.110474	
-0.151551	0.225280	-0.962435	-0.619005	-0.780745	-0.085279	-0.770627	0.582828	0.257773	25.886684	-27.211248	571.303833	
-0.069153	0.111990	-0.991301	-0.613620	-0.788247	-0.046244	-0.786568	0.605084	0.123230	8.206040	-35.414734	570.250000	
0.035776	-0.025033	-0.999047	-0.561609	-0.827404	0.000621	-0.826630	0.561051	-0.043659	-1.158535	-44.185684	568.889099	
0.132660	-0.119862	-0.983889	-0.514630	-0.856699	0.034978	-0.847088	0.501698	-0.175333	-21.531326	-59.205730	562.334167	
0.178838	-0.247187	-0.952322	-0.513961	-0.848833	0.123808	-0.838965	0.467315	-0.278847	-41.172619	-68.079834	561.192566	
0.264785	-0.332745	-0.905081	-0.478507	-0.860212	0.176260	-0.837210	0.386416	-0.386991	-60.680687	-85.535744	552.984192	
0.223652	-0.347862	-0.910480	-0.390150	-0.887990	0.243432	-0.893176	0.300780	-0.334318	-76.352364	-101.847321	550.172302	
0.153019	-0.379150	-0.912597	-0.315136	-0.893980	0.318576	-0.936630	0.238843	-0.256278	-84.005402	-111.337212	563.503540	
0.159342	-0.416209	-0.895200	-0.218984	-0.899096	0.379042	-0.962630	0.135637	-0.234406	-89.978615	-117.901634	569.513123	
0.124742	-0.480547	-0.868053	-0.314351	-0.848957	0.424802	-0.941076	0.219882	-0.256960	-100.448433	-120.407249	550.732483	
-0.133532	-0.776703	-0.615550	-0.632657	-0.411279	0.656197	-0.762833	0.477055	-0.436467	-132.975006	-134.408005	598.591003	
-0.133532	-0.776703	-0.615550	-0.632657	-0.411279	0.656197	-0.762833	0.477055	-0.436467	-132.975006	-134.408005	598.591003	
-0.133532	-0.776703	-0.615550	-0.632657	-0.411279	0.656197	-0.762833	0.477055	-0.436467	-132.975006	-134.408005	598.591003	
-0.363805	-0.852048	-0.376377	-0.502844	-0.160481	0.849348	-0.784087	0.498257	-0.370063	-169.890991	-170.631210	611.347961	
-0.456168	-0.855840	-0.243822	-0.434501	-0.024904	0.900326	-0.776608	0.516641	-0.360503	-176.721436	-176.234955	619.269714	
-0.511086	-0.852614	-0.108810	-0.314689	0.067810	0.946769	-0.799851	0.518122	-0.302964	-185.884354	-185.604416	624.720215	
-0.554022	-0.831964	0.029930	-0.208425	0.173422	0.962540	-0.805989	0.527030	-0.269481	-193.655823	-190.026657	631.582581	
-0.586953	-0.792416	0.166023	-0.098258	0.273268	0.956906	-0.803637	0.545346	-0.238256	-198.514404	-193.558777	633.092590	
-0.633258	-0.712070	0.303217	0.062429	0.343510	0.937072	-0.771418	0.612338	-0.173076	-202.167633	-196.417236	646.047668	
-0.658896	-0.616469	0.431071	0.227447	0.382963	0.895325	-0.717025	0.687972	-0.112119	-202.178604	-201.744034	649.192200	
-0.656761	-0.514553	0.551272	0.374172	0.412340	0.830645	-0.654722	0.751805	-0.078277	-201.443146	-205.557495	663.264404	
-0.609903	-0.434190	0.662946	0.516438	0.416758	0.748068	-0.601091	0.798619	-0.029949	-200.238602	-207.459732	673.806702	
-0.603834	-0.354781	0.713803	0.624309	0.346276	0.700237	-0.495604	0.868460	0.012399	-197.323914	-209.265961	682.941223	
-0.536260	-0.253485	0.805090	0.758215	0.274424	0.591440	-0.370857	0.927597	0.045034	-189.111588	-208.409164	686.789490	
-0.446397	-0.165608	0.879377	0.854677	0.212188	0.473818	-0.265061	0.963094	0.046822	-184.536255	-207.165588	702.953247	
-0.388847	-0.131245	0.911906	0.899919	0.157905	0.406462	-0.197340	0.978693	0.056710	-179.223755	-204.919785	715.182739	
-0.265898	-0.079021	0.960756	0.958762	0.082089	0.272097	-0.100369	0.993487	0.053935	-165.574692	-202.402130	727.730286	
-0.132259	-0.038690	0.990459	0.990843	0.022209	0.133177	-0.027150	0.999004	0.035398	-149.642532	-198.214157	744.518982	
0.005688	-0.011235	0.999920	0.999010	-0.044061	-0.006178	0.044127	0.998966	0.010973	-132.212296	-195.103302	753.498352	
0.126084	0.022963	0.991753	0.978809	-0.165491	-0.120606	0.161357	0.985944	-0.043342	-115.680138	-191.500732	767.588196	
0.206484	0.003948	0.978441	0.941652	-0.272467	-0.197621	0.265813	0.962157	-0.059977	-105.083298	-184.534897	783.716309	
0.336838	0.001950	0.941560	0.880008	-0.356286	-0.314080	0.334852	0.934375	-0.121727	-94.898903	-175.839279	802.998230	
0.459826	-0.037913	0.887199	0.790742	-0.437153	-0.428514	0.404088	0.898588	-0.171034	-75.842987	-165.775421	821.591675	
0.575914	-0.071509	0.814376	0.698479	-0.474587	-0.535625	0.424795	0.877299	-0.223374	-64.552399	-159.690277	837.643860	
0.671760	-0.134134	0.728523	0.571247	-0.532324	-0.624747	0.471610	0.835846	-0.280969	-45.290710	-149.347534	850.983948	
0.714151	-0.171079	0.678764	0.484544	-0.578988	-0.655736	0.505179	0.797185	-0.330589	-24.909189	-143.475372	865.320251	
0.782960	-0.253764	0.567959	0.330878	-0.603262	-0.725668	0.526777	0.756094	-0.388364	-5.651845	-130.715134	878.692993	
0.838594	-0.308368	0.449076	0.188052	-0.609818	-0.769908	0.511270	0.730090	-0.453400	4.218876	-117.564484	887.077759	
0.854764	-0.348166	0.384915	0.095222	-0.623836	-0.775732	0.510208	0.699720	-0.500079	13.520201	-110.704941	893.338135	
0.868200	-0.428054	0.250997	-0.061734	-0.595068	-0.801300	0.492360	0.680194	-0.543063	21.781334	-96.602966	905.508240	
0.875458	-0.469508	0.114618	-0.189895	-0.552253	-0.811761	0.444426	0.688897	-0.572631	29.568651	-81.651283	908.465393	
0.844194	-0.533860	0.048277	-0.281303	-0.517881	-0.807878	0.456296	0.668425	-0.587368	36.367332	-67.386803	926.154175	
0.806055	-0.591559	-0.018244	-0.364142	-0.471405	-0.803229	0.466558	0.654090	-0.595390	42.383770	-53.145882	943.070190	
0.757197	-0.648002	-0.082142	-0.451236	-0.428012	-0.783066	0.472270	0.630000	-0.616491	52.642834	-46.348892	960.344543	
0.721463	-0.656563	-0.220039	-0.550658	-0.351325	-0.757196	0.419842	0.667455	-0.615009	60.540810	-32.318439	963.425232	
0.685698	-0.669745	-0.285063	-0.610705	-0.316262	-0.725960	0.396053	0.671879	-0.625876	63.525146	-18.565567	968.355103	
0.622308	-0.700843	-0.348644	-0.669637	-0.245992	-0.700767	0.405364	0.669557	-0.622393	65.115707	-4.062082	973.936279	
0.585207	-0.698076	-0.412582	-0.711624	-0.198197	-0.674024	0.388748	0.688047	-0.612753	66.920082	8.662977	987.333374	
0.543552	-0.691208	-0.476218	-0.753533	-0.151885	-0.639624	0.369783	0.706515	-0.603405	66.287857	21.044048	993.226379	
0.498971	-0.683239	-0.533116	-0.787750	-0.101174	-0.607630	0.361219	0.723152	-0.588704	64.326073	26.441801	1000.481445	
0.463453	-0.662665	-0.588291	-0.811793	-0.051351	-0.581683	0.355252	0.747153	-0.561746	61.466011	37.570213	1015.228821	
0.404766	-0.583139	-0.704353	-0.854770	0.032362	-0.517997	0.324858	0.811728	-0.485351	53.264210	48.491837	1012.534180	
0.361364	-0.552914	-0.750801	-0.875912	0.074770	-0.476643	0.319680	0.829877	-0.457284	48.271770	59.126053	1022.109619	
0.298826	-0.547437	-0.781675	-0.897485	0.117210	-0.425186	0.324383	0.828598	-0.456290	37.529202	67.948303	1026.782349	
0.244057	-0.509747	-0.824982	-0.903492	0.189559	-0.384409	0.352333	0.839182	-0.414289	24.626696	76.620644	1039.053467	
0.186279	-0.477647	-0.858576	-0.904913	0.256948	-0.339279	0.382665	0.840137	-0.384365	16.692232	83.902573	1039.337891	
0.129747	-0.443684	-0.886741	-0.899747	0.323131	-0.293329	0.416679	0.835901	-0.357278	1.610587	87.323120	1046.204834	
0.087822	-0.328382	-0.940453	-0.890636	0.396966	-0.221780	0.446156	0.857079	-0.257606	-17.283800	91.493599	1060.719971	
0.087822	-0.328382	-0.940453	-0.890636	0.396966	-0.221780	0.446156	0.857079	-0.257606	-17.283800	91.493599	1060.719971	
0.087822	-0.328382	-0.940453	-0.890636	0.396966	-0.221780	0.446156	0.857079	-0.257606	-17.283800	91.493599	1060.719971	
0.087822	-0.328382	-0.940453	-0.890636	0.396966	-0.221780	0.446156	0.857079	-0.257606	-17.283800	91.493599	1060.719971	
-0.005641	0.043539	-0.999036	-0.831970	0.554071	0.028845	0.554793	0.831330	0.033098	-65.519684	95.594498	1062.136719	
-0.013825	0.176619	-0.984183	-0.809393	0.575953	0.114729	0.587106	0.798175	0.134992	-85.978882	95.544540	1070.528931	
-0.008177	0.236704	-0.971548	-0.794790	0.588065	0.149963	0.606831	0.773402	0.183321	-96.228485	94.811852	1074.919556	
0.003216	0.353859	-0.935294	-0.767252	0.600719	0.224638	0.641339	0.716883	0.273431	-106.507904	91.376862	1074.032959	
0.018141	0.410390	-0.911730	-0.750930	0.607654	0.258577	0.660134	0.679954	0.319197	-116.516205	87.472054	1075.279663	
0.042793	0.467927	-0.882731	-0.725380	0.622116	0.294613	0.687018	0.627707	0.366047	-125.031326	82.379944	1073.463989	
0.072791	0.518787	-0.851800	-0.690838	0.642221	0.332108	0.719337	0.564280	0.405146	-133.920135	76.350029	1073.745117	
0.110600	0.564544	-0.817960	-0.663764	0.654512	0.361984	0.739720	0.502897	0.447113	-140.892334	68.117264	1064.802368	
0.149448	0.609790	-0.778346	-0.637231	0.661305	0.395743	0.756044	0.436843	0.487408	-147.533371	64.080185	1056.725830	
0.189846	0.648391	-0.737258	-0.606435	0.667987	0.431312	0.772137	0.365216	0.520022	-153.403305	54.183723	1054.224854	
0.220707	0.686660	-0.692667	-0.594989	0.657518	0.462233	0.772838	0.310111	0.553674	-163.691986	43.635201	1050.072021	
0.272957	0.749579	-0.603015	-0.583598	0.627326	0.515631	0.764793	0.211173	0.608686	-172.241364	32.405602	1046.047119	
0.323812	0.803402	-0.499692	-0.579699	0.585873	0.566306	0.747727	0.106295	0.655444	-175.749954	27.521994	1047.770142	
0.350307	0.845560	-0.402882	-0.593700	0.533143	0.602726	0.724434	0.028052	0.688773	-179.534317	20.831568	1038.473145	
0.386597	0.877681	-0.283232	-0.598143	0.472375	0.647369	0.701975	-0.080857	0.707597	-182.016403	14.035719	1030.012207	
0.411961	0.894977	-0.171186	-0.611997	0.410949	0.675707	0.675091	-0.173599	0.717019	-180.796875	7.141998	1024.295898	
0.453536	0.889461	-0.056268	-0.617093	0.358953	0.700250	0.643042	-0.282865	0.711678	-179.133545	0.920438	1015.489929	
0.500944	0.862190	0.075394	-0.634770	0.306795	0.709186	0.588322	-0.403120	0.700979	-176.628311	-12.875013	1010.004333	
0.518587	0.844317	0.134895	-0.636376	0.275770	0.720401	0.571046	-0.459434	0.680314	-173.086838	-20.169428	1001.395508	
0.523827	0.814006	0.250997	-0.666913	0.208595	0.715342	0.529936	-0.542109	0.652140	-164.248337	-35.253254	990.156799	
0.527662	0.793574	0.303007	-0.680664	0.181590	0.709734	0.508203	-0.580745	0.635976	-153.840866	-42.722507	975.460327	
0.546939	0.756215	0.359161	-0.692802	0.168003	0.701285	0.469981	-0.632387	0.615796	-141.688080	-49.417007	961.975952	
0.542634	0.730273	0.415031	-0.709775	0.134415	0.691486	0.449186	-0.669802	0.591268	-134.780746	-64.072067	957.030029	
