0.995760	-0.041722	0.081985	0.041961	0.999118	-0.001196	-0.081862	0.004632	0.996633	18.951792	3.804476	544.935852	
0.970145	-0.127709	0.206176	0.132040	0.991217	-0.007325	-0.203429	0.034330	0.978488	27.890026	7.425092	545.178406	
0.948994	-0.166113	0.267987	0.174031	0.984722	-0.005891	-0.262914	0.052229	0.963405	36.527111	15.419774	544.718689	
0.899807	-0.199667	0.387919	0.220302	0.975390	-0.008960	-0.376583	0.093522	0.921650	44.835556	18.131481	543.416138	
0.828152	-0.262246	0.495370	0.305893	0.952037	-0.007384	-0.469674	0.157645	0.868651	52.743477	23.878897	545.249451	
0.772746	-0.324985	0.545204	0.391988	0.919942	-0.007226	-0.499208	0.219297	0.838272	69.695518	25.720999	549.391907	
0.675714	-0.362217	0.642035	0.477923	0.878370	-0.007443	-0.561248	0.311872	0.766640	76.596725	29.293144	550.153748	
0.588691	-0.352310	0.727545	0.525851	0.850467	-0.013657	-0.613941	0.390620	0.685925	83.585098	30.358040	554.534119	
0.535775	-0.352043	0.767470	0.569619	0.821646	-0.020760	-0.623280	0.448288	0.640749	89.034874	31.255022	556.938782	
0.439716	-0.321154	0.838755	0.616801	0.786809	-0.022093	-0.652844	0.527059	0.544061	98.951935	31.085629	564.035706	
0.367775	-0.324957	0.871289	0.692761	0.720781	-0.023595	-0.620341	0.612273	0.490203	102.734413	29.730591	572.889465	
0.257163	-0.275617	0.926230	0.769740	0.637910	-0.023893	-0.584266	0.719101	0.376200	105.171494	26.978460	573.690979	
0.200192	-0.258360	0.945079	0.837592	0.545564	-0.028281	-0.508294	0.797251	0.325618	107.443680	25.412670	584.264465	
0.119229	-0.175227	0.977282	0.866596	0.498744	-0.016301	-0.484557	0.848852	0.211317	108.772339	20.735552	595.128662	
0.073860	-0.136386	0.987899	0.913776	0.406033	-0.012264	-0.399447	0.903624	0.154616	108.847458	15.128736	598.127136	
0.038705	-0.093841	0.994835	0.937844	0.347035	-0.003753	-0.344890	0.933145	0.101440	107.106400	8.304372	602.711853	
0.008200	-0.041266	0.999115	0.956295	0.292370	0.004227	-0.292285	0.955415	0.041861	102.797211	4.700607	610.095032	
-0.014038	0.012909	0.999818	0.982403	0.186423	0.011386	-0.186242	0.982385	-0.015298	99.544388	-3.990625	617.039368	
-0.022510	0.071435	0.997191	0.997346	0.070671	0.017451	-0.069226	0.994938	-0.072836	95.112213	-14.276207	619.886292	
-0.027430	0.111980	0.993332	0.998241	-0.049163	0.033107	0.052543	0.992494	-0.110435	85.737587	-24.958010	627.455688	
-0.006325	0.244276	0.969685	0.985181	-0.164687	0.047912	0.171398	0.955619	-0.239614	79.474571	-30.966417	637.531494	
0.008224	0.347629	0.937596	0.973624	-0.216578	0.071759	0.228008	0.912276	-0.340241	73.382996	-37.611004	648.534363	
0.025552	0.393686	0.918890	0.957354	-0.274251	0.090877	0.287784	0.877381	-0.383905	66.734360	-49.929512	665.241943	
0.058739	0.486122	0.871915	0.932395	-0.338747	0.126049	0.356634	0.805565	-0.473156	58.866386	-56.744595	678.306763	
0.098456	0.572501	0.813971	0.910176	-0.382511	0.158944	0.402348	0.725209	-0.558738	50.930908	-69.854538	694.883423	
0.187337	0.646441	0.739607	0.850026	-0.484036	0.207758	0.492300	0.589765	-0.640171	32.676540	-83.279449	708.344910	
0.243765	0.704690	0.666326	0.807028	-0.528413	0.263598	0.537850	0.473488	-0.697514	14.443361	-97.122894	721.883240	
0.306109	0.756154	0.578384	0.775139	-0.550680	0.309693	0.552680	0.353529	-0.754693	5.718531	-103.363251	731.921997	
0.356814	0.764134	0.537386	0.728048	-0.587911	0.352568	0.585344	0.265442	-0.766102	-3.004239	-110.780426	737.864990	
0.459753	0.765647	0.449902	0.658706	-0.633797	0.405471	0.595594	0.109937	-0.795727	-12.797864	-124.485092	742.031372	
0.523463	0.772943	0.358531	0.619284	-0.634149	0.462969	0.585211	-0.020314	-0.810627	-22.285311	-138.714600	748.149902	
0.619152	0.737663	0.269262	0.557372	-0.654362	0.511024	0.553158	-0.166322	-0.816305	-30.621429	-144.829208	764.455811	
0.669865	0.720910	0.177677	0.528269	-0.630912	0.568226	0.521739	-0.286774	-0.803461	-38.567070	-157.937363	772.605225	
0.751257	0.653915	0.089488	0.482153	-0.636334	0.602168	0.450711	-0.409235	-0.793339	-47.066139	-171.611191	780.797974	
0.793156	0.608280	-0.029966	0.482541	-0.597661	0.640277	0.371558	-0.522300	-0.767560	-55.245399	-178.040421	800.312439	
0.821450	0.564393	-0.081722	0.463591	-0.577428	0.672056	0.332116	-0.589947	-0.735977	-68.990059	-190.178986	812.364380	
0.841413	0.506448	-0.188505	0.481593	-0.544524	0.686702	0.245134	-0.668584	-0.702072	-82.078423	-201.630081	820.158630	
0.857572	0.458865	-0.232407	0.472477	-0.524150	0.708541	0.203308	-0.717433	-0.666301	-93.490875	-212.210373	831.601746	
0.870537	0.399917	-0.286760	0.472400	-0.515908	0.714616	0.137845	-0.757565	-0.638039	-102.967415	-217.849884	850.753296	
0.878437	0.288148	-0.381207	0.477666	-0.507015	0.717474	0.013461	-0.812346	-0.583021	-109.985107	-221.788071	866.130798	
0.886945	0.179378	-0.425618	0.454529	-0.502649	0.735354	-0.082030	-0.845675	-0.527356	-112.103142	-228.883804	878.810791	
0.851936	0.121906	-0.509257	0.501709	-0.468550	0.727150	-0.149968	-0.874985	-0.460337	-113.638260	-232.623230	883.331116	
0.836820	0.076031	-0.542173	0.515364	-0.443571	0.733241	-0.184743	-0.893008	-0.410373	-114.478363	-235.002350	892.416626	
0.787747	0.031955	-0.615169	0.570582	-0.414194	0.709138	-0.232139	-0.909627	-0.344514	-113.609550	-240.177856	907.484192	
0.730875	-0.004448	-0.682496	0.627952	-0.387376	0.674991	-0.267385	-0.921911	-0.280332	-112.605408	-244.451340	912.459412	
0.697478	-0.046140	-0.715119	0.652523	-0.371591	0.660403	-0.296203	-0.927249	-0.229070	-109.487579	-246.032928	920.930359	
0.628438	-0.079374	-0.773799	0.693548	-0.393257	0.603603	-0.352213	-0.915996	-0.192089	-105.728111	-247.524994	929.241882	
0.578501	-0.143953	-0.802879	0.693985	-0.430370	0.577204	-0.428625	-0.891100	-0.149069	-96.118263	-246.799881	941.214539	
0.522747	-0.200253	-0.828634	0.679881	-0.488469	0.546953	-0.514291	-0.849292	-0.119198	-90.963257	-246.121094	943.997375	
0.476830	-0.218566	-0.851388	0.708313	-0.478016	0.519414	-0.520503	-0.850723	-0.073120	-78.847038	-243.644470	948.682922	
0.410786	-0.259546	-0.874009	0.697990	-0.527212	0.484618	-0.586569	-0.809124	-0.035411	-72.133255	-240.349289	955.272400	
0.350308	-0.281731	-0.893260	0.695271	-0.560810	0.449541	-0.627598	-0.778536	-0.000578	-57.063225	-235.348648	965.986633	
0.282357	-0.250492	-0.926029	0.712203	-0.591963	0.377285	-0.642681	-0.766050	0.011257	-48.342388	-229.171463	972.774658	
0.215295	-0.210278	-0.953641	0.745186	-0.595764	0.299600	-0.631144	-0.775144	0.028431	-39.421230	-222.746780	981.591675	
0.178665	-0.192313	-0.964933	0.738414	-0.621925	0.260674	-0.650246	-0.759095	0.030891	-29.987816	-214.239075	983.569153	
0.107303	-0.156928	-0.981763	0.719145	-0.669604	0.185631	-0.686523	-0.725951	0.041004	-20.112061	-204.654236	983.157227	
0.079708	-0.129332	-0.988392	0.733632	-0.663675	0.146005	-0.674854	-0.736756	0.041982	-10.610401	-195.194992	992.118835	
0.036083	-0.068071	-0.997028	0.746860	-0.661054	0.072162	-0.664001	-0.747244	0.026987	7.857560	-188.190994	1018.549988	
0.036083	-0.068071	-0.997028	0.746860	-0.661054	0.072162	-0.664001	-0.747244	0.026987	7.857560	-188.190994	1018.549988	
0.036083	-0.068071	-0.997028	0.746860	-0.661054	0.072162	-0.664001	-0.747244	0.026987	7.857560	-188.190994	1018.549988	
-0.026311	0.144049	-0.989220	0.634689	-0.762118	-0.127859	-0.772320	-0.631211	-0.071374	43.675350	-147.255692	1007.344421	
-0.012320	0.210470	-0.977522	0.609688	-0.773269	-0.174176	-0.792546	-0.598129	-0.118795	52.680885	-133.948029	1013.144165	
-0.002532	0.278043	-0.960565	0.589881	-0.775233	-0.225952	-0.807487	-0.567191	-0.162049	68.596237	-119.421684	1009.703613	
0.045522	0.314885	-0.948037	0.546875	-0.802038	-0.240132	-0.835976	-0.507527	-0.208713	75.281036	-111.071777	1003.435669	
0.090797	0.341594	-0.935451	0.513864	-0.820694	-0.249812	-0.853054	-0.458013	-0.250049	88.431000	-103.135681	998.916077	
0.125673	0.389370	-0.912468	0.554841	-0.790052	-0.260714	-0.822410	-0.473509	-0.315326	99.975700	-95.805321	999.214172	
0.185982	0.403113	-0.896052	0.480417	-0.832826	-0.274955	-0.857094	-0.379342	-0.348554	108.564743	-79.752251	989.380981	
0.258591	0.405288	-0.876854	0.427056	-0.862169	-0.272559	-0.866461	-0.303984	-0.396029	112.520103	-64.759399	989.218567	
0.334921	0.404401	-0.851051	0.387962	-0.882287	-0.266565	-0.858670	-0.240896	-0.452388	116.604279	-50.997383	991.786743	
0.417777	0.391698	-0.819777	0.366735	-0.898223	-0.242284	-0.831245	-0.199420	-0.518906	120.590569	-44.062962	987.495850	
0.481143	0.356791	-0.800750	0.340673	-0.917735	-0.204217	-0.807740	-0.174536	-0.563110	122.403984	-29.505720	983.052002	
0.522321	0.333638	-0.784772	0.322470	-0.929226	-0.180424	-0.789427	-0.158826	-0.592942	122.632927	-15.638718	979.968506	
0.588893	0.283921	-0.756699	0.246833	-0.954713	-0.166123	-0.769596	-0.088949	-0.632305	119.388062	-2.148977	972.671143	
0.626404	0.256833	-0.735972	0.216840	-0.964308	-0.151958	-0.748732	-0.064401	-0.659737	114.972794	3.457767	964.814148	
0.668511	0.174095	-0.723038	0.135828	-0.984444	-0.111453	-0.731193	-0.023701	-0.681758	111.666046	9.379436	961.718201	
0.694408	0.138833	-0.706062	0.101019	-0.990303	-0.095372	-0.712456	-0.005098	-0.701699	104.031837	20.542793	954.023560	
0.731570	0.091435	-0.675607	0.078561	-0.995671	-0.049683	-0.677225	-0.016730	-0.735585	93.284912	25.361912	947.952576	
0.770668	-0.002343	-0.637232	0.014516	-0.999669	0.021231	-0.637071	-0.025612	-0.770379	86.940468	30.333237	938.683105	
0.795941	-0.055409	-0.602834	-0.022987	-0.997851	0.061367	-0.604938	-0.034987	-0.795503	73.674072	38.675507	934.871399	
0.807105	-0.115287	-0.579043	-0.033170	-0.988056	0.150487	-0.589476	-0.102251	-0.801288	66.129410	44.791389	931.590149	
0.823748	-0.177404	-0.538487	-0.049913	-0.968789	0.242811	-0.564755	-0.173138	-0.806892	50.342926	47.380005	921.933228	
0.822270	-0.233507	-0.518986	-0.065017	-0.944520	0.321954	-0.565371	-0.230990	-0.791832	32.413376	51.352261	909.583679	
0.808314	-0.345165	-0.476959	-0.173889	-0.913942	0.366705	-0.562487	-0.213475	-0.798772	14.486965	53.913811	896.418762	
0.769794	-0.460020	-0.442492	-0.247000	-0.853922	0.458047	-0.588565	-0.243306	-0.770969	5.799271	54.715111	882.310364	
0.707090	-0.568054	-0.421116	-0.354761	-0.800139	0.483655	-0.611694	-0.192592	-0.767293	-12.625790	54.375664	864.752747	
0.640146	-0.662480	-0.389016	-0.396856	-0.718723	0.570913	-0.657813	-0.211084	-0.722997	-32.418110	53.731941	864.364258	
0.553734	-0.751910	-0.357784	-0.412621	-0.620978	0.666430	-0.723272	-0.221395	-0.654111	-51.728073	52.969723	860.646484	
0.460501	-0.827482	-0.321268	-0.417669	-0.521347	0.744143	-0.783257	-0.208495	-0.585694	-70.650215	49.711258	857.592224	
0.405794	-0.866203	-0.291590	-0.418529	-0.459734	0.783248	-0.812506	-0.195798	-0.549088	-79.680832	44.722351	851.977234	
0.348780	-0.901533	-0.256109	-0.358792	-0.380892	0.852167	-0.865807	-0.205328	-0.456310	-88.287086	39.105488	836.543457	
0.294466	-0.934332	-0.200784	-0.385962	-0.308473	0.869412	-0.874256	-0.178517	-0.451451	-106.419884	35.766888	829.681396	
0.156540	-0.968260	-0.194855	-0.339959	-0.238054	0.909812	-0.927321	-0.076179	-0.366433	-121.683548	32.086315	808.943054	
-0.002913	-0.983724	-0.179662	-0.226197	-0.174358	0.958350	-0.974078	0.043432	-0.222007	-134.647781	26.206352	797.275940	
-0.087145	-0.981619	-0.169794	-0.122824	-0.158555	0.979681	-0.988595	0.106230	-0.106749	-146.392471	21.018578	777.806274	
-0.222058	-0.964623	-0.142100	-0.026836	-0.139637	0.989839	-0.974665	0.223616	0.005121	-151.521454	14.730065	766.079163	
-0.289926	-0.948616	-0.126768	0.083307	-0.156968	0.984084	-0.953417	0.274752	0.124535	-159.835922	8.072844	759.592773	
-0.346344	-0.931183	-0.113767	0.132543	-0.168630	0.976727	-0.928697	0.323205	0.181826	-163.816666	0.905989	750.004822	
-0.472318	-0.875677	-0.100523	0.209207	-0.222160	0.952301	-0.856241	0.428759	0.288128	-167.942795	-12.894995	732.706848	
-0.527387	-0.845134	-0.087243	0.289423	-0.275246	0.916774	-0.798811	0.458245	0.389762	-169.220978	-26.377365	719.013367	
-0.638651	-0.766363	-0.069374	0.301206	-0.331932	0.893922	-0.708097	0.550008	0.442821	-169.664764	-34.372074	715.807251	
-0.685965	-0.725404	-0.056926	0.325275	-0.375689	0.867787	-0.650883	0.576755	0.493665	-167.904831	-41.472706	709.682068	
-0.777338	-0.627562	-0.043715	0.346238	-0.484818	0.803163	-0.525229	0.609194	0.594153	-166.927612	-48.738560	705.552979	
-0.856982	-0.514157	-0.034984	0.305845	-0.562061	0.768470	-0.414778	0.647865	0.638929	-161.159744	-64.476158	695.145264	
-0.917107	-0.397301	-0.032662	0.250287	-0.637639	0.728542	-0.310278	0.659976	0.684222	-158.178009	-72.421356	681.334839	
-0.966367	-0.257078	0.006727	0.194636	-0.714044	0.672501	-0.168083	0.651192	0.740065	-154.432098	-88.561554	678.424133	
-0.979872	-0.198865	-0.017408	0.157949	-0.825671	0.541590	-0.122077	0.527939	0.840463	-142.252808	-96.267014	668.718201	
-0.989909	-0.141386	-0.009483	0.118582	-0.863160	0.490808	-0.077579	0.484731	0.871216	-127.746117	-109.823677	657.806396	
-0.999776	0.014864	0.015062	-0.008871	-0.940612	0.339368	0.019212	0.339158	0.940533	-114.708893	-117.939758	654.333435	
-0.989612	0.143394	0.010321	-0.137876	-0.966968	0.214390	0.040722	0.210740	0.976693	-106.441566	-125.281044	650.585144	
-0.975832	0.216283	0.031199	-0.210148	-0.967971	0.137365	0.059910	0.127488	0.990029	-88.664406	-131.772537	637.299377	
-0.958746	0.282182	0.034355	-0.280949	-0.959022	0.036653	0.043290	0.025489	0.998737	-80.086578	-137.901047	625.316345	
-0.910714	0.410978	0.041204	-0.411449	-0.911427	-0.003324	0.036188	-0.019980	0.999145	-71.150902	-143.211685	615.926086	
-0.881249	0.470993	0.039589	-0.471889	-0.871974	-0.130316	-0.026857	-0.133522	0.990682	-61.925148	-154.579681	605.966736	
-0.845647	0.531339	0.050613	-0.526745	-0.815490	-0.239825	-0.086153	-0.229467	0.969496	-52.318176	-159.482254	598.597656	
-0.761409	0.627016	0.164648	-0.641559	-0.692358	-0.330214	-0.093054	-0.357060	0.929435	-33.383720	-166.566742	586.388916	
-0.670068	0.740107	0.057023	-0.692561	-0.595673	-0.406857	-0.267150	-0.312114	0.911710	-23.582384	-172.284241	588.738770	
-0.558528	0.829129	0.024349	-0.707090	-0.460561	-0.536569	-0.433671	-0.316905	0.843505	-4.612652	-179.099731	581.123108	
-0.436042	0.899800	0.015145	-0.723923	-0.340714	-0.599874	-0.534606	-0.272534	0.799951	13.356474	-184.598083	576.177917	
-0.312030	0.949716	0.026023	-0.721141	-0.218920	-0.657290	-0.618542	-0.223860	0.753189	21.596760	-188.244278	565.357849	
-0.182188	0.983017	0.022056	-0.657687	-0.105155	-0.745916	-0.730929	-0.150402	0.665675	29.514917	-191.091751	567.502991	
-0.043962	0.998948	0.013107	-0.574592	-0.014549	-0.818310	-0.817259	-0.043505	0.574627	44.504311	-192.955872	566.851624	
0.097295	0.995255	0.001034	-0.466137	0.046488	-0.883490	-0.879346	0.085478	0.468449	51.510075	-193.051239	561.831116	
0.160416	0.987049	0.000875	-0.401089	0.065996	-0.913659	-0.901884	0.146215	0.406481	62.918987	-192.883469	559.087830	
0.229986	0.973073	-0.015338	-0.337047	0.064857	-0.939251	-0.912965	0.221185	0.342888	67.948997	-191.854782	556.319458	
0.299316	0.953637	-0.031397	-0.215984	0.035666	-0.975745	-0.929388	0.298838	0.216646	72.433228	-189.757462	554.586182	
0.367286	0.929174	-0.041679	-0.158927	0.018543	-0.987116	-0.916430	0.369179	0.154482	77.329453	-184.976715	554.294312	
0.493611	0.868304	-0.048959	-0.043189	-0.031751	-0.998562	-0.868610	0.495016	0.021829	78.776955	-182.504761	554.530823	
0.554475	0.829743	-0.063912	0.046732	-0.107722	-0.993082	-0.830888	0.547653	-0.098504	80.016960	-177.693085	557.799194	
0.614399	0.785358	-0.075679	0.088830	-0.164162	-0.982426	-0.783980	0.596879	-0.170624	79.869492	-173.310638	557.164856	
0.667963	0.737834	-0.097084	0.112916	-0.229428	-0.966754	-0.735578	0.634794	-0.236562	76.098068	-164.197479	559.099426	
0.755438	0.646161	-0.108577	0.160029	-0.342647	-0.925734	-0.635378	0.681960	-0.362253	69.562561	-158.825806	559.466187	
0.796569	0.592386	-0.120649	0.204223	-0.451513	-0.868579	-0.569009	0.667244	-0.480640	66.248795	-154.375931	562.106934	
0.831502	0.536362	-0.144635	0.189405	-0.518481	-0.833849	-0.522236	0.665953	-0.532707	61.001358	-148.431564	562.415466	
0.863124	0.474949	-0.171581	0.197162	-0.629740	-0.751369	-0.464914	0.614696	-0.637185	55.278130	-136.393158	565.195068	
0.919184	0.346557	-0.187081	0.145704	-0.740573	-0.655990	-0.365886	0.575717	-0.731216	42.612335	-129.876328	570.643311	
0.937680	0.282079	-0.202950	0.107597	-0.790998	-0.602284	-0.330425	0.542913	-0.772053	28.316832	-122.827065	574.093201	
0.950225	0.217909	-0.222688	0.085301	-0.869375	-0.486736	-0.299664	0.443513	-0.844688	20.154219	-115.967361	582.480896	
0.963276	0.083314	-0.255262	-0.034404	-0.904514	-0.425054	-0.266301	0.418227	-0.868430	2.784372	-108.981537	591.107422	
0.958112	0.014649	-0.286022	-0.092598	-0.929205	-0.357776	-0.271014	0.369275	-0.888925	-15.277009	-95.063171	599.311523	
0.943407	-0.117402	-0.310165	-0.194617	-0.953259	-0.231130	-0.268532	0.278413	-0.922159	-34.429710	-87.690079	605.894897	
0.905417	-0.245525	-0.346322	-0.297901	-0.948662	-0.106275	-0.302449	0.199393	-0.932077	-44.241386	-72.886543	611.968750	
0.849746	-0.363452	-0.381886	-0.389777	-0.920864	0.009106	-0.354974	0.141113	-0.924165	-53.978897	-65.585182	618.249023	
0.810558	-0.422091	-0.406000	-0.394757	-0.905849	0.153639	-0.432624	0.035739	-0.900866	-74.132874	-51.457672	635.713440	
0.730881	-0.522417	-0.439198	-0.482177	-0.850668	0.209448	-0.483031	0.058690	-0.873634	-93.663162	-44.327282	639.700195	
0.637341	-0.609287	-0.471770	-0.552465	-0.788094	0.271461	-0.537196	0.087624	-0.838894	-112.171219	-37.959538	652.260681	
0.581805	-0.635942	-0.507033	-0.515671	-0.770513	0.374693	-0.628958	0.043465	-0.776223	-131.028549	-32.155640	668.315613	
0.528202	-0.656180	-0.538918	-0.464493	-0.754585	0.463517	-0.710810	0.005494	-0.703364	-139.678452	-19.887758	674.349304	
0.418227	-0.703681	-0.574387	-0.501445	-0.706119	0.499950	-0.757391	0.078932	-0.648174	-147.745544	-7.147829	680.166016	
0.314267	-0.739038	-0.595870	-0.535406	-0.656301	0.531611	-0.783951	0.151966	-0.601938	-154.931305	-2.031585	689.990295	
0.194525	-0.758523	-0.621935	-0.507126	-0.620504	0.598163	-0.839634	0.199043	-0.505370	-166.968384	2.562810	691.623230	
0.138806	-0.741521	-0.656416	-0.428415	-0.642561	0.635277	-0.892857	0.193039	-0.406869	-178.475876	7.813653	705.272278	
0.031276	-0.723402	-0.689719	-0.446054	-0.627632	0.638056	-0.894460	0.287697	-0.342305	-182.022827	16.581697	708.681763	
-0.067269	-0.684301	-0.726091	-0.410024	-0.644488	0.645381	-0.909591	0.341130	-0.237224	-186.771393	21.054945	714.520996	
-0.104270	-0.636827	-0.763924	-0.393620	-0.678967	0.619732	-0.913341	0.365316	-0.179871	-189.602448	28.115540	731.937195	
-0.149031	-0.607005	-0.780599	-0.377169	-0.694839	0.612325	-0.914075	0.385675	-0.125390	-192.282532	34.878155	741.904419	
-0.186246	-0.575487	-0.796321	-0.304248	-0.736882	0.603688	-0.934209	0.354714	-0.037849	-192.948990	36.925903	757.812927	
-0.249528	-0.525293	-0.813513	-0.285169	-0.762975	0.580129	-0.925427	0.376748	0.040587	-193.218674	38.532249	768.625183	
-0.272735	-0.489578	-0.828208	-0.287658	-0.779969	0.555789	-0.918079	0.389825	0.071895	-189.164551	39.946045	783.836182	
-0.290479	-0.445785	-0.846698	-0.289885	-0.802274	0.521847	-0.911915	0.397032	0.103818	-184.121078	41.729187	790.108887	
-0.300280	-0.409132	-0.861651	-0.292352	-0.820387	0.491422	-0.907944	0.399471	0.126736	-177.003189	42.201561	802.066345	
-0.294643	-0.345537	-0.890948	-0.302825	-0.850526	0.430006	-0.906357	0.396500	0.145965	-173.413330	41.978622	821.046936	
-0.282532	-0.283829	-0.916306	-0.308895	-0.877425	0.367029	-0.908163	0.386741	0.160228	-162.922607	40.753815	829.580750	
-0.271726	-0.245304	-0.930586	-0.247002	-0.916802	0.313793	-0.930138	0.315124	0.188529	-155.983307	37.994377	838.886597	
-0.273169	-0.191883	-0.942634	-0.263187	-0.927609	0.265095	-0.925263	0.320506	0.202894	-141.300385	35.997265	851.639038	
-0.247240	-0.116376	-0.961940	-0.332893	-0.922132	0.197121	-0.909976	0.368961	0.189248	-134.599976	31.521961	875.887390	
-0.220414	-0.091108	-0.971142	-0.276784	-0.948861	0.151837	-0.935312	0.302265	0.183925	-117.652512	25.001966	886.224976	
-0.197199	-0.063526	-0.978303	-0.220019	-0.969576	0.107309	-0.955356	0.236407	0.177223	-99.637016	18.064470	897.033386	
-0.170791	-0.044385	-0.984307	-0.205445	-0.975424	0.079632	-0.963651	0.215823	0.157475	-80.817307	14.367490	903.460327	
-0.208274	-0.036787	-0.977378	-0.149589	-0.986339	0.069001	-0.966564	0.160577	0.199926	-62.781719	4.892168	953.814026	
-0.176912	-0.056338	-0.982613	-0.077759	-0.994441	0.071016	-0.981151	0.088972	0.171548	-40.868919	-1.226902	950.267761	
-0.059935	-0.027644	-0.997819	-0.033879	-0.998985	0.029711	-0.997628	0.035587	0.058939	-30.165398	-7.729595	931.768738	
0.079726	-0.016449	-0.996681	-0.225671	-0.974203	-0.001974	-0.970936	0.225080	-0.081381	-20.971577	-15.838576	935.402344	
0.165499	0.010260	-0.986156	-0.239419	-0.969615	-0.050268	-0.956708	0.244425	-0.158013	-4.670174	-21.853134	956.819885	
0.260948	-0.082743	-0.961800	-0.264533	-0.964313	0.011188	-0.928401	0.251509	-0.273523	15.949871	-27.970280	958.582214	
0.263105	-0.169672	-0.949730	-0.410133	-0.910705	0.049080	-0.873251	0.376603	-0.309198	26.383160	-35.375267	968.355957	
0.280535	-0.210611	-0.936453	-0.353672	-0.929667	0.103134	-0.892310	0.302265	-0.335290	34.699333	-48.304031	972.314758	
0.324968	-0.275548	-0.904693	-0.295689	-0.938258	0.179558	-0.898312	0.209158	-0.386379	50.710171	-61.963600	979.275574	
0.337261	-0.320061	-0.885334	-0.240677	-0.938496	0.247594	-0.910127	0.129576	-0.393548	64.198494	-68.134529	986.345337	
0.306804	-0.395466	-0.865724	-0.310330	-0.901449	0.301806	-0.899760	0.176065	-0.399292	77.271240	-82.967293	990.334900	
0.287444	-0.493134	-0.821094	-0.384882	-0.844484	0.372443	-0.877065	0.208969	-0.432538	87.126442	-89.982948	993.942261	
0.233369	-0.559034	-0.795626	-0.388540	-0.803672	0.450721	-0.891390	0.203949	-0.404758	92.463455	-104.253357	997.329773	
0.171563	-0.618117	-0.767137	-0.435173	-0.746144	0.503879	-0.883851	0.247391	-0.396997	95.590515	-111.605339	1000.427551	
0.137314	-0.693465	-0.707285	-0.435287	-0.683653	0.585785	-0.889759	0.227436	-0.395730	98.535774	-118.517792	1003.741455	
0.092303	-0.727971	-0.679367	-0.420947	-0.646841	0.635924	-0.902377	0.227281	-0.366142	99.861763	-132.137344	1005.856201	
-0.000729	-0.764480	-0.644648	-0.433247	-0.580765	0.689209	-0.901276	0.279795	-0.330784	100.332108	-145.113556	1009.002625	
-0.102545	-0.786511	-0.609005	-0.450816	-0.509003	0.733268	-0.886708	0.349743	-0.302375	99.866882	-151.563324	1013.101624	
-0.162583	-0.805658	-0.569634	-0.354693	-0.491004	0.795681	-0.920740	0.331410	-0.205931	97.794113	-162.943802	1010.209717	
-0.219059	-0.816863	-0.533619	-0.317042	-0.457635	0.830695	-0.922767	0.351151	-0.158730	90.701019	-173.926971	1009.578796	
-0.342823	-0.823357	-0.452279	-0.287458	-0.366416	0.884933	-0.894339	0.433388	-0.111064	86.036423	-179.201797	1009.750793	
-0.402336	-0.819809	-0.407479	-0.175847	-0.367603	0.913206	-0.898446	0.439071	0.003739	75.574394	-184.827042	1011.734741	
-0.512567	-0.778213	-0.362852	-0.083758	-0.375255	0.923129	-0.854554	0.503558	0.127162	63.100510	-188.375748	1003.957886	
-0.651084	-0.706792	-0.276652	0.009735	-0.372240	0.928085	-0.758945	0.601569	0.249240	55.927971	-191.802216	1001.391052	
-0.746906	-0.640956	-0.176943	0.086503	-0.357511	0.929894	-0.659281	0.679238	0.322471	47.884838	-198.728485	999.920410	
-0.832406	-0.547768	-0.083975	0.146409	-0.363528	0.920006	-0.534479	0.753525	0.382800	39.314507	-203.143616	1002.195129	
-0.899257	-0.437125	0.016164	0.233490	-0.448432	0.862781	-0.369895	0.779636	0.505319	29.801809	-206.650177	996.247986	
-0.942836	-0.327400	0.062229	0.245734	-0.556850	0.793431	-0.225118	0.763367	0.605470	11.041770	-209.493042	988.229370	
-0.956203	-0.273171	0.105143	0.256087	-0.606766	0.752499	-0.141765	0.746468	0.650145	1.801139	-209.902710	981.240479	
-0.965046	-0.216240	0.148087	0.256549	-0.663864	0.702473	-0.053594	0.715910	0.696133	-17.296186	-208.987885	971.143250	
-0.967706	-0.145804	0.205644	0.246843	-0.713608	0.655617	0.051156	0.685206	0.726551	-27.415623	-210.221542	974.991089	
-0.954347	-0.130204	0.268832	0.277416	-0.720023	0.636088	0.110743	0.681627	0.723271	-44.418484	-207.618637	954.664307	
-0.902287	0.056824	0.427379	0.154745	-0.882544	0.444040	0.402412	0.466786	0.787512	-56.798500	-209.392639	969.763123	
-0.843169	0.154319	0.515028	0.055991	-0.927513	0.369576	0.534728	0.340451	0.773407	-66.492416	-205.822769	962.206421	
-0.772877	0.262551	0.577694	-0.124845	-0.955511	0.267235	0.622156	0.134417	0.771268	-75.959465	-203.059784	947.277832	
-0.716082	0.334442	0.612681	-0.308087	-0.939054	0.152515	0.626348	-0.079546	0.775475	-92.387886	-197.642776	944.268127	
-0.666257	0.366413	0.649496	-0.396380	-0.911742	0.107750	0.631654	-0.185658	0.752692	-101.163017	-195.477600	935.860901	
-0.586851	0.427350	0.687735	-0.530125	-0.844807	0.072593	0.612026	-0.321984	0.722323	-109.302322	-190.823044	926.852539	
-0.467097	0.439217	0.767404	-0.695399	-0.718524	-0.012028	0.546116	-0.539270	0.641050	-122.189224	-181.604736	921.392944	
-0.380927	0.459433	0.802382	-0.808836	-0.586037	-0.048433	0.447974	-0.667445	0.594842	-128.521347	-171.581436	918.067749	
-0.298241	0.464631	0.833770	-0.917098	-0.381597	-0.115396	0.264548	-0.799064	0.539919	-133.095352	-161.230927	906.553101	
-0.252322	0.438201	0.862737	-0.961178	-0.216402	-0.171197	0.111680	-0.872440	0.475791	-140.618301	-148.966003	896.871216	
-0.176254	0.366661	0.913507	-0.983489	-0.026875	-0.178968	-0.041070	-0.929967	0.365342	-143.100052	-136.346344	893.543152	
-0.120780	0.267232	0.956033	-0.974190	0.153114	-0.165871	-0.190708	-0.951390	0.241841	-144.118332	-122.173538	879.641541	
-0.052716	0.180837	0.982099	-0.935698	0.334611	-0.111837	-0.348846	-0.924843	0.151569	-143.974213	-107.743248	860.278259	
-0.026397	0.135799	0.990385	-0.887178	0.453382	-0.085811	-0.460676	-0.880911	0.108509	-142.995911	-100.561371	858.080811	
-0.007394	0.071253	0.997431	-0.819997	0.570452	-0.046829	-0.572323	-0.818235	0.054210	-139.300476	-93.952652	852.268066	
0.005934	-0.044499	0.998992	-0.704283	0.709020	0.035767	-0.709897	-0.703784	-0.027132	-132.965958	-79.180382	834.092651	
-0.009875	-0.109514	0.993936	-0.518205	0.850659	0.088579	-0.855202	-0.514186	-0.065150	-128.686920	-71.095886	821.606323	
-0.037091	-0.230468	0.972373	-0.353581	0.913126	0.202939	-0.934670	-0.336284	-0.115358	-117.969086	-63.035873	803.663086	
-0.062544	-0.283157	0.957032	-0.250560	0.932655	0.259570	-0.966081	-0.223558	-0.129279	-112.474342	-55.020393	800.894714	
-0.120777	-0.390150	0.912796	-0.162844	0.914858	0.369484	-0.979234	-0.104017	-0.174026	-105.982178	-40.922653	799.691284	
-0.155206	-0.429276	0.889738	-0.070525	0.903169	0.423454	-0.985363	0.002974	-0.170451	-98.191414	-26.618738	787.957153	
-0.204969	-0.471507	0.857712	0.089412	0.863633	0.496129	-0.974678	0.178382	-0.134858	-81.448257	-12.176633	769.683960	
-0.269658	-0.487536	0.830418	0.282094	0.784536	0.552202	-0.920713	0.383162	-0.074024	-72.969582	-5.852902	764.765564	
-0.324810	-0.515912	0.792675	0.356568	0.709475	0.607869	-0.875992	0.480085	-0.046486	-63.545631	1.284710	753.477905	
-0.391464	-0.528066	0.753593	0.477768	0.583279	0.656905	-0.786446	0.617197	0.023961	-52.775974	8.026061	733.048340	
-0.379159	-0.574134	0.725678	0.510423	0.524365	0.681551	-0.771823	0.628819	0.094234	-34.257111	19.874161	722.205078	
-0.531469	-0.577928	0.619307	0.553541	0.316467	0.770351	-0.641199	0.752230	0.151715	-22.966633	29.778374	708.472473	
-0.612534	-0.598566	0.516258	0.563128	0.127883	0.816415	-0.554700	0.790801	0.258737	-13.369551	34.656120	699.044189	
-0.701901	-0.541975	0.462169	0.574594	-0.047392	0.817066	-0.420927	0.839058	0.344680	-2.670448	42.587753	691.644226	
-0.756436	-0.517128	0.400480	0.543307	-0.155872	0.824937	-0.364176	0.841596	0.398866	7.791849	46.263294	677.714172	
-0.829377	-0.443392	0.339912	0.503166	-0.328372	0.799373	-0.242820	0.834013	0.495443	17.735542	50.099079	668.431763	
-0.906950	-0.362933	0.213830	0.385236	-0.509274	0.769567	-0.170405	0.780334	0.601700	35.729851	53.458778	655.106995	
-0.943565	-0.321199	0.080742	0.278576	-0.637862	0.718003	-0.179121	0.699974	0.691342	51.495972	55.991562	646.118042	
-0.975602	-0.219316	0.010181	0.174124	-0.744658	0.644334	-0.133733	0.630386	0.764677	58.820671	57.888893	643.533142	
-0.985231	-0.162266	-0.054713	0.096653	-0.790684	0.604547	-0.141360	0.590329	0.794689	72.436874	59.161076	638.948730	
-0.987207	-0.106305	-0.118848	0.020949	-0.825352	0.564230	-0.158073	0.554522	0.817019	83.291321	59.339436	629.410522	
-0.982379	0.004006	-0.186867	-0.094112	-0.874389	0.476012	-0.161489	0.485210	0.859357	92.300041	58.206276	620.312012	
-0.966795	0.057211	-0.249074	-0.162446	-0.889960	0.426127	-0.197288	0.452438	0.869701	96.188309	57.036457	612.295288	
-0.937891	0.158426	-0.308651	-0.271933	-0.888161	0.370436	-0.215446	0.431361	0.876078	98.782402	53.657642	602.423950	
-0.893772	0.251821	-0.371161	-0.376977	-0.870134	0.317420	-0.243028	0.423620	0.872631	99.922256	51.144920	598.578613	
-0.855913	0.293868	-0.425509	-0.414350	-0.882044	0.224304	-0.309403	0.368294	0.876716	100.844994	45.194725	596.258362	
-0.811739	0.327567	-0.483510	-0.458953	-0.869775	0.181259	-0.361172	0.369043	0.856367	99.340492	38.073315	590.020691	
-0.728530	0.341101	-0.594051	-0.482685	-0.870965	0.091848	-0.486069	0.353653	0.799167	95.725327	29.312031	587.705933	
-0.652522	0.393425	-0.647637	-0.554272	-0.830590	0.053888	-0.516722	0.394130	0.760041	92.726517	19.979649	583.832886	
-0.532390	0.403875	-0.743940	-0.617622	-0.786331	0.015104	-0.578885	0.467514	0.668076	84.918823	14.229733	581.412415	
-0.406585	0.382463	-0.829705	-0.673968	-0.738690	-0.010241	-0.616814	0.555031	0.558108	74.556801	7.899289	575.632263	
-0.351166	0.363574	-0.862842	-0.653867	-0.754825	-0.051943	-0.670182	0.545944	0.502798	63.099709	1.086430	573.964600	
-0.287244	0.302264	-0.908916	-0.628915	-0.775229	-0.059050	-0.722468	0.554669	0.412778	49.366451	-5.482739	560.447327	
-0.220743	0.302636	-0.927192	-0.640354	-0.762024	-0.096271	-0.735679	0.572479	0.362006	33.840355	-18.877352	566.112366	
-0.140114	0.216433	-0.966191	-0.614426	-0.784212	-0.086566	-0.776436	0.581524	0.242862	25.631319	-27.335949	568.710693	
-0.068986	0.182166	-0.980845	-0.632801	-0.768071	-0.098142	-0.771238	0.613909	0.168262	9.071403	-36.490608	583.971680	
-0.009859	0.005631	-0.999936	-0.615387	-0.788224	0.001629	-0.788166	0.615363	0.011237	-0.236709	-43.076298	568.984619	
0.031897	-0.073087	-0.996815	-0.560146	-0.827291	0.042734	-0.827780	0.556999	-0.067327	-21.044701	-58.705200	572.031982	
0.031897	-0.073087	-0.996815	-0.560146	-0.827291	0.042734	-0.827780	0.556999	-0.067327	-21.044701	-58.705200	572.031982	
0.031897	-0.073087	-0.996815	-0.560146	-0.827291	0.042734	-0.827780	0.556999	-0.067327	-21.044701	-58.705200	572.031982	
0.068415	-0.401907	-0.913121	-0.671557	-0.695410	0.255766	-0.737788	0.595714	-0.317480	-81.645432	-96.593956	572.183594	
0.035387	-0.526059	-0.849711	-0.682221	-0.634028	0.364118	-0.730289	0.566806	-0.381326	-92.039688	-103.504616	574.726929	
-0.017234	-0.642162	-0.766375	-0.684892	-0.550842	0.476965	-0.728440	0.533104	-0.430319	-102.715012	-111.686081	581.175232	
-0.050738	-0.692778	-0.719363	-0.654671	-0.520879	0.547805	-0.754209	0.498741	-0.427114	-121.731331	-119.061943	584.768250	
-0.129369	-0.779905	-0.612381	-0.626614	-0.414338	0.660060	-0.768517	0.469117	-0.435098	-131.139099	-132.859756	592.230591	
-0.212210	-0.801834	-0.558596	-0.625030	-0.328038	0.708328	-0.751202	0.499452	-0.431558	-147.131912	-145.636932	596.606079	
-0.298422	-0.812991	-0.499989	-0.585438	-0.257813	0.768632	-0.753794	0.522089	-0.399019	-154.747299	-158.158020	600.097168	
-0.362982	-0.850952	-0.379637	-0.501249	-0.165131	0.849400	-0.785489	0.498609	-0.366600	-168.113510	-169.053574	606.359802	
-0.460239	-0.852551	-0.247662	-0.429237	-0.030506	0.902677	-0.777133	0.521752	-0.351907	-174.079010	-174.213684	611.878052	
-0.511550	-0.852276	-0.109279	-0.310948	0.065058	0.948198	-0.801017	0.519029	-0.298294	-183.885880	-183.713272	618.838318	
-0.550106	-0.834373	0.034711	-0.206825	0.176395	0.962345	-0.809078	0.522211	-0.269606	-191.918869	-188.231262	626.327148	
-0.578532	-0.796936	0.173762	-0.090585	0.274489	0.957314	-0.810614	0.538096	-0.230991	-197.835495	-192.296967	630.702332	
-0.625283	-0.717141	0.307782	0.072654	0.339183	0.937911	-0.777009	0.608820	-0.159982	-201.080521	-194.795547	641.971802	
-0.650537	-0.622261	0.435423	0.240253	0.375266	0.895239	-0.720472	0.686997	-0.094624	-201.283539	-200.097809	645.034790	
-0.644838	-0.521983	0.558318	0.386711	0.407265	0.827399	-0.659271	0.749445	-0.060763	-199.972580	-203.447540	657.447388	
-0.596673	-0.443974	0.668482	0.528445	0.409523	0.743665	-0.603926	0.796980	-0.009735	-198.462158	-205.258163	666.888550	
-0.592653	-0.365724	0.717642	0.633716	0.338222	0.695709	-0.497159	0.867093	0.031317	-195.527481	-207.103592	675.866333	
-0.526640	-0.265049	0.807713	0.761251	0.275842	0.586863	-0.378348	0.923936	0.056500	-187.893921	-207.057251	682.169495	
-0.439869	-0.175401	0.880767	0.857063	0.210957	0.470043	-0.268249	0.961629	0.057536	-183.517746	-205.957092	698.772644	
-0.383427	-0.136609	0.913413	0.900603	0.163887	0.402561	-0.204689	0.976974	0.060192	-177.443604	-202.971725	707.308472	
-0.260614	-0.082748	0.961891	0.959466	0.088497	0.267570	-0.107265	0.992633	0.056330	-163.917786	-200.703644	719.987000	
-0.135955	-0.039375	0.989933	0.990172	0.027684	0.137089	-0.032803	0.998840	0.035225	-148.411957	-196.679565	736.807312	
-0.001539	0.002300	0.999997	0.999177	-0.040526	0.001631	0.040530	0.999175	-0.002236	-131.505859	-194.016510	747.899231	
0.137359	0.020098	0.990318	0.977950	-0.161529	-0.132366	0.157306	0.986663	-0.041843	-114.277367	-190.371094	762.867126	
0.205435	0.013127	0.978584	0.946287	-0.257757	-0.195198	0.249675	0.966120	-0.065375	-104.132530	-182.800751	773.905640	
0.345802	0.015986	0.938172	0.886578	-0.332965	-0.321113	0.307246	0.942803	-0.129313	-93.712463	-173.195831	788.202271	
0.470713	-0.018458	0.882093	0.801353	-0.409349	-0.436195	0.369136	0.912190	-0.177895	-74.344254	-162.964508	804.076233	
0.583210	-0.055454	0.810426	0.703171	-0.465048	-0.537848	0.406714	0.883546	-0.232228	-63.872398	-158.094086	827.433960	
0.681521	-0.120705	0.721775	0.574581	-0.522545	-0.629924	0.453195	0.844024	-0.286771	-44.429115	-147.241608	836.255554	
0.724521	-0.154970	0.671606	0.489463	-0.570357	-0.659635	0.485279	0.806645	-0.337384	-24.163284	-141.000458	847.626221	
0.800218	-0.221610	0.557262	0.344994	-0.589957	-0.730020	0.490541	0.776427	-0.395641	-5.726244	-128.254898	859.373657	
0.856502	-0.276552	0.435801	0.204725	-0.593054	-0.778701	0.473805	0.756178	-0.451336	3.874533	-115.691628	870.243835	
0.863888	-0.329318	0.381111	0.110901	-0.613714	-0.781700	0.491322	0.717568	-0.493660	13.166791	-108.607170	876.698059	
0.873869	-0.414973	0.253276	-0.043470	-0.585579	-0.809449	0.484213	0.696343	-0.529759	21.282482	-94.643867	887.869080	
0.879305	-0.460950	0.119777	-0.176261	-0.548605	-0.817292	0.442441	0.697536	-0.563639	29.248989	-80.417358	897.013123	
0.846532	-0.529423	0.055609	-0.273034	-0.521485	-0.808398	0.456984	0.669151	-0.586005	35.799393	-66.395058	917.860107	
0.808388	-0.588471	-0.014447	-0.363774	-0.480122	-0.798218	0.462793	0.650525	-0.602196	42.010647	-52.071556	934.854309	
0.762774	-0.640292	-0.090552	-0.457731	-0.435684	-0.775025	0.456790	0.632617	-0.625410	52.142448	-45.404598	951.931274	
0.719053	-0.659516	-0.219090	-0.556333	-0.357339	-0.750202	0.416480	0.661322	-0.623857	60.116982	-31.207478	954.577087	
0.685518	-0.668751	-0.287812	-0.615429	-0.321060	-0.719839	0.388989	0.670590	-0.631662	62.682625	-17.540489	958.750854	
0.623673	-0.700916	-0.346045	-0.663951	-0.241363	-0.707752	0.412553	0.671163	-0.615906	64.114334	-3.700546	960.355164	
0.587739	-0.695130	-0.413951	-0.706213	-0.191153	-0.681706	0.394747	0.693003	-0.603259	65.958252	9.192165	976.506104	
0.544915	-0.699824	-0.461857	-0.746149	-0.153423	-0.647861	0.382530	0.697643	-0.605776	65.184677	20.940851	978.483948	
0.501382	-0.684662	-0.529011	-0.784371	-0.101596	-0.611917	0.365211	0.721744	-0.587968	63.105400	26.119099	986.132629	
0.458512	-0.669489	-0.584423	-0.816982	-0.058755	-0.573662	0.349723	0.740494	-0.573901	60.147110	37.246609	1001.639893	
0.388995	-0.612249	-0.688355	-0.865396	0.013341	-0.500910	0.315866	0.790552	-0.524649	52.827923	48.099861	1003.117310	
0.344000	-0.579771	-0.738600	-0.889675	0.050264	-0.453819	0.300237	0.813227	-0.498517	47.663532	58.255909	1010.750732	
0.304115	-0.538517	-0.785820	-0.904916	0.094498	-0.414966	0.297725	0.837298	-0.458575	37.200066	66.828415	1015.488586	
0.246764	-0.512122	-0.822703	-0.910431	0.168331	-0.377862	0.331998	0.842256	-0.424714	24.064875	75.572357	1025.653687	
0.193136	-0.476947	-0.857450	-0.912648	0.233526	-0.335467	0.360237	0.847341	-0.390183	16.427383	82.834076	1024.755737	
0.153386	-0.422500	-0.893290	-0.907044	0.298501	-0.296932	0.392102	0.855798	-0.337440	1.098295	86.251564	1029.444092	
0.092334	-0.326195	-0.940783	-0.906153	0.364117	-0.215185	0.412748	0.872362	-0.261963	-16.083454	89.634865	1036.121704	
0.068331	-0.262571	-0.962491	-0.907195	0.385074	-0.169456	0.415124	0.884745	-0.211891	-33.375217	91.224686	1030.177856	
0.034049	-0.142521	-0.989207	-0.899526	0.426966	-0.092478	0.435538	0.892965	-0.113663	-43.203690	92.398865	1032.377319	
0.016889	-0.083431	-0.996371	-0.875249	0.480527	-0.055073	0.483378	0.873002	-0.064907	-52.730232	93.256195	1034.790039	
-0.003651	0.044452	-0.999006	-0.849746	0.526524	0.026534	0.527180	0.848997	0.035850	-63.691662	94.424660	1044.049194	
-0.009771	0.167539	-0.985817	-0.825227	0.555408	0.102571	0.564716	0.814525	0.132831	-83.531296	93.820168	1050.944458	
-0.009488	0.228149	-0.973580	-0.809884	0.569315	0.141307	0.586513	0.789827	0.179373	-94.139877	93.719025	1056.470703	
0.010218	0.368070	-0.929742	-0.763583	0.603202	0.230407	0.645629	0.707581	0.287216	-105.410980	91.031525	1067.049683	
0.015365	0.418663	-0.908012	-0.744847	0.610632	0.268944	0.667058	0.672198	0.321223	-115.017975	86.645569	1065.120483	
0.043295	0.472304	-0.880372	-0.709709	0.634746	0.305628	0.703163	0.611577	0.362680	-123.908501	81.453751	1063.543823	
0.077653	0.527775	-0.845827	-0.677968	0.649985	0.343333	0.730978	0.546783	0.408288	-132.405029	75.237465	1062.037842	
0.110592	0.572451	-0.812447	-0.657423	0.655200	0.372165	0.745362	0.492963	0.448803	-140.483795	67.890480	1062.181641	
0.148641	0.616423	-0.773259	-0.622408	0.665951	0.411237	0.768449	0.420156	0.482655	-147.566574	64.163864	1055.777832	
0.193331	0.664692	-0.721670	-0.581266	0.670161	0.461533	0.790413	0.330254	0.515927	-153.019287	54.175484	1047.536377	
0.225195	0.691712	-0.686164	-0.571750	0.664064	0.481788	0.788916	0.283819	0.545031	-164.106613	43.497837	1047.984863	
0.274087	0.755556	-0.594989	-0.558295	0.628763	0.541260	0.783059	0.183828	0.594160	-172.737411	31.908815	1043.980103	
0.313817	0.808614	-0.497658	-0.562523	0.580583	0.588634	0.764909	0.095221	0.637061	-174.453979	26.421471	1034.542114	
0.345929	0.846040	-0.405648	-0.575247	0.532793	0.620661	0.741231	0.018644	0.670991	-178.032440	19.598688	1024.241333	
0.385412	0.874099	-0.295652	-0.582714	0.478990	0.656514	0.715473	-0.080748	0.693959	-180.679733	13.121606	1016.754028	
0.420285	0.890270	-0.175445	-0.597031	0.416915	0.685372	0.683311	-0.183306	0.706742	-179.897156	6.367403	1013.752441	
0.462138	0.885303	-0.051663	-0.611626	0.360376	0.704302	0.642138	-0.293886	0.708018	-177.521408	0.064719	1002.471008	
0.496192	0.865198	0.072299	-0.638256	0.307049	0.705939	0.588577	-0.396427	0.704573	-173.723770	-13.444761	994.603760	
0.509138	0.851871	0.122869	-0.640095	0.279334	0.715716	0.575375	-0.443046	0.687498	-170.458893	-20.594103	985.716858	
0.516521	0.819963	0.246716	-0.670629	0.208228	0.711967	0.532412	-0.533200	0.657446	-161.787048	-35.185883	976.218811	
0.525775	0.793916	0.305384	-0.685508	0.182908	0.704715	0.503626	-0.579865	0.640405	-151.295410	-42.590534	963.221191	
0.540752	0.762166	0.355937	-0.692872	0.163632	0.702248	0.476985	-0.626361	0.616569	-139.356964	-49.068371	949.681702	
0.542680	0.734078	0.408202	-0.709222	0.140099	0.690923	0.450001	-0.664456	0.596655	-132.426361	-63.552643	945.100708	
