0.997592	-0.040918	0.056005	0.042424	0.998762	-0.025970	-0.054873	0.028283	0.998093	18.938339	3.595496	542.858704	
0.987682	-0.129704	0.087526	0.134409	0.989655	-0.050170	-0.080113	0.061316	0.994898	27.755709	7.060881	547.174011	
0.975220	-0.164781	0.147624	0.173106	0.983858	-0.045352	-0.137768	0.069783	0.988004	36.563721	15.585854	548.219482	
0.966208	-0.200372	0.162149	0.210269	0.976552	-0.046190	-0.149092	0.078725	0.985685	44.702148	18.421862	545.309570	
0.945169	-0.262801	0.193884	0.287172	0.951519	-0.110202	-0.155523	0.159838	0.974816	52.644905	24.013805	548.351440	
0.924993	-0.323562	0.199239	0.356643	0.920199	-0.161367	-0.131127	0.220320	0.966574	69.696793	26.053694	551.916443	
0.914653	-0.353512	0.196060	0.396505	0.878994	-0.264867	-0.078702	0.320000	0.944144	76.276756	29.410337	550.996338	
0.923533	-0.336527	0.183945	0.383059	0.832862	-0.399509	-0.018755	0.439421	0.898086	83.119400	30.657150	555.504883	
0.922589	-0.345600	0.171437	0.385569	0.811191	-0.439666	0.012881	0.471732	0.881649	88.712425	31.433598	557.124207	
0.932058	-0.316822	0.175760	0.361247	0.775531	-0.517738	0.027723	0.546054	0.837291	98.545052	31.432423	563.965942	
0.924855	-0.335072	0.179919	0.375387	0.728302	-0.573291	0.061058	0.597750	0.799355	102.603729	29.930342	573.313721	
0.932651	-0.309412	0.185541	0.352251	0.669799	-0.653674	0.077980	0.675007	0.733680	106.095016	27.477175	579.890503	
0.939050	-0.289067	0.186079	0.326869	0.583080	-0.743758	0.106497	0.759249	0.642028	108.557747	25.715714	590.678772	
0.953283	-0.216595	0.210567	0.296854	0.542607	-0.785784	0.055942	0.811582	0.581555	110.282410	21.090878	604.813171	
0.955002	-0.173347	0.240670	0.293830	0.442308	-0.847365	0.040438	0.879951	0.473340	110.802299	15.337227	609.383728	
0.945394	-0.126963	0.300182	0.325909	0.378121	-0.866492	-0.003492	0.917009	0.398852	109.295280	8.543207	615.332703	
0.936122	-0.064222	0.345761	0.348253	0.306108	-0.886013	-0.048939	0.949828	0.308920	104.471565	5.074849	619.374634	
0.920606	0.001310	0.390489	0.383081	0.190859	-0.903782	-0.075712	0.981617	0.175204	100.453400	-3.448467	620.374939	
0.923071	0.066042	0.378916	0.375837	0.054538	-0.925080	-0.081759	0.996326	0.025521	95.039993	-13.534254	618.098022	
0.916257	0.074155	0.393667	0.394910	-0.002301	-0.918718	-0.067221	0.997244	-0.031393	85.809715	-23.605640	635.593872	
0.940230	0.023562	0.339723	0.339352	0.018402	-0.940480	-0.028411	0.999553	0.009307	74.822037	-26.281590	635.205139	
0.966101	-0.048380	0.253588	0.255594	0.041068	-0.965912	0.036317	0.997985	0.052042	66.084663	-31.889845	645.606140	
0.981744	-0.090246	0.167432	0.170780	0.030691	-0.984832	0.083738	0.995447	0.045543	57.713955	-42.900585	659.919250	
0.993633	-0.105131	0.040499	0.042744	0.019183	-0.998903	0.104239	0.994273	0.023554	46.066319	-48.147560	671.554016	
0.990636	-0.115204	-0.073258	-0.075694	-0.016905	-0.996988	0.113618	0.993198	-0.025467	35.287933	-59.364822	683.872375	
0.939465	-0.322329	-0.116229	-0.120409	0.007011	-0.992700	0.320791	0.946602	-0.032225	22.334629	-75.743156	751.655212	
0.245381	0.705496	0.664879	0.812820	-0.523494	0.255493	0.528310	0.477734	-0.701897	14.759900	-97.991997	729.453003	
0.245381	0.705496	0.664879	0.812820	-0.523494	0.255493	0.528310	0.477734	-0.701897	14.759900	-97.991997	729.453003	
0.245381	0.705496	0.664879	0.812820	-0.523494	0.255493	0.528310	0.477734	-0.701897	14.759900	-97.991997	729.453003	
0.245381	0.705496	0.664879	0.812820	-0.523494	0.255493	0.528310	0.477734	-0.701897	14.759900	-97.991997	729.453003	
0.535455	0.777695	0.329364	0.615246	-0.626347	0.478710	0.578585	-0.053687	-0.813853	-22.470644	-138.160553	744.311890	
0.591652	0.736275	0.328402	0.542761	-0.664981	0.513041	0.596120	-0.125298	-0.793058	-31.660341	-145.626282	767.660339	
0.588702	0.716356	0.374520	0.516269	-0.689708	0.507711	0.622010	-0.105537	-0.775864	-40.126953	-157.610168	773.680908	
0.599714	0.645136	0.473438	0.454701	-0.761576	0.461790	0.658475	-0.061669	-0.750071	-47.225315	-166.812607	761.653809	
0.621705	0.608391	0.493298	0.440141	-0.792330	0.422481	0.647888	-0.045538	-0.760373	-53.921730	-171.368408	771.664062	
0.593060	0.552101	0.586059	0.420571	-0.833107	0.359240	0.686586	0.033429	-0.726280	-68.212929	-186.683868	797.826843	
0.541243	0.489429	0.683751	0.412686	-0.863096	0.291130	0.732630	0.124603	-0.669124	-82.080292	-202.663559	820.083679	
0.538919	0.435621	0.720973	0.368871	-0.891515	0.262938	0.757298	0.124244	-0.641142	-94.339211	-216.631424	843.156555	
0.555572	0.371479	0.743870	0.325132	-0.920472	0.216842	0.765264	0.121385	-0.632169	-104.797348	-224.049103	869.257996	
0.472785	0.182980	0.861970	0.377873	-0.925796	-0.010732	0.796044	0.330790	-0.506845	-113.338867	-231.871429	896.446594	
0.384451	0.008059	0.923111	0.486960	-0.851293	-0.195373	0.784262	0.524630	-0.331205	-112.326363	-233.046677	883.934082	
0.372354	-0.069401	0.925493	0.522432	-0.808531	-0.270820	0.767084	0.584348	-0.264803	-113.558578	-235.164444	881.995667	
0.382821	-0.123930	0.915473	0.544479	-0.770289	-0.331959	0.746318	0.625537	-0.227405	-113.066704	-234.654114	880.825500	
0.353266	-0.169430	0.920053	0.535345	-0.769913	-0.347333	0.767208	0.615247	-0.181281	-112.621323	-240.122177	897.968140	
0.373431	-0.212140	0.903076	0.516933	-0.760757	-0.392465	0.770278	0.613389	-0.174428	-111.332947	-243.458939	900.345703	
0.393083	-0.245523	0.886118	0.511805	-0.742189	-0.432680	0.763899	0.623599	-0.166082	-108.352692	-244.831345	907.743652	
0.381711	-0.261678	0.886466	0.495900	-0.751377	-0.435334	0.779987	0.605770	-0.157042	-104.500748	-245.883835	914.769226	
0.387529	-0.294671	0.873494	0.469344	-0.752468	-0.462069	0.793434	0.589034	-0.153302	-94.793648	-244.266693	923.185120	
0.384343	-0.333992	0.860658	0.391425	-0.785365	-0.479572	0.836102	0.521202	-0.171117	-90.817413	-245.419556	935.381226	
0.416736	-0.342679	0.841964	0.366148	-0.784488	-0.500514	0.832025	0.516865	-0.201454	-79.130470	-243.812531	943.863525	
0.440083	-0.366541	0.819742	0.324457	-0.786311	-0.525779	0.837290	0.497357	-0.227115	-72.601814	-239.386658	946.752747	
0.510299	-0.349279	0.785876	0.294847	-0.787371	-0.541398	0.807874	0.507988	-0.298811	-58.142860	-235.055786	958.218201	
0.553086	-0.310000	0.773303	0.300966	-0.791169	-0.532421	0.776862	0.527213	-0.344285	-49.197651	-226.900345	956.867981	
0.570947	-0.266418	0.776559	0.317791	-0.800428	-0.508256	0.756986	0.536970	-0.372337	-40.068821	-219.481186	961.317932	
0.610936	-0.240929	0.754130	0.296484	-0.813619	-0.500122	0.734067	0.529130	-0.425638	-30.803911	-211.827560	966.585083	
0.655751	-0.232242	0.718371	0.160452	-0.886904	-0.433193	0.737730	0.399330	-0.544325	-21.232773	-210.171051	1004.757385	
0.747787	-0.189464	0.636333	0.173287	-0.869506	-0.462528	0.640926	0.456140	-0.617374	-11.468317	-198.362457	1002.002258	
0.866734	-0.094423	0.489753	0.237284	-0.785622	-0.571397	0.438713	0.611459	-0.658521	7.002831	-184.774429	986.706360	
0.916106	-0.014761	0.400665	0.137194	-0.927456	-0.347856	0.376733	0.373642	-0.847623	15.507619	-166.970917	977.538269	
-0.017013	0.068260	-0.997522	0.657409	-0.750929	-0.062599	-0.753342	-0.656845	-0.032099	26.560699	-163.503998	1023.919983	
-0.017013	0.068260	-0.997522	0.657409	-0.750929	-0.062599	-0.753342	-0.656845	-0.032099	26.560699	-163.503998	1023.919983	
-0.017013	0.068260	-0.997522	0.657409	-0.750929	-0.062599	-0.753342	-0.656845	-0.032099	26.560699	-163.503998	1023.919983	
0.075527	0.262357	-0.962011	0.638726	-0.753585	-0.155369	-0.765718	-0.602726	-0.224490	68.125038	-118.423111	1000.704590	
0.141880	0.305994	-0.941402	0.534054	-0.824403	-0.187476	-0.833460	-0.476160	-0.280384	76.648956	-114.194481	1017.479248	
0.180233	0.315519	-0.931646	0.568774	-0.806183	-0.162995	-0.802504	-0.500519	-0.324760	90.002342	-106.730614	1022.642883	
0.188257	0.376739	-0.906988	0.546892	-0.807286	-0.221810	-0.815762	-0.454267	-0.358013	100.827461	-97.428520	1010.170227	
0.155920	0.392006	-0.906654	0.485042	-0.829981	-0.275440	-0.860478	-0.396818	-0.319550	111.269684	-82.362526	1015.707397	
0.159150	0.398380	-0.903308	0.406348	-0.860307	-0.307822	-0.899751	-0.318066	-0.298799	114.994362	-66.790520	1009.380798	
0.205968	0.404479	-0.891052	0.359465	-0.878189	-0.315548	-0.910143	-0.255309	-0.326276	117.345139	-51.627159	997.557190	
0.271884	0.400189	-0.875173	0.266335	-0.905200	-0.331179	-0.924740	-0.143046	-0.352694	119.787766	-44.256378	978.355164	
0.268114	0.362444	-0.892609	0.225922	-0.924349	-0.307472	-0.936522	-0.119221	-0.329715	121.568642	-29.862476	973.720215	
0.260042	0.344793	-0.901940	0.204758	-0.932523	-0.297450	-0.943638	-0.107329	-0.313095	121.670769	-15.932478	969.407654	
0.260975	0.286116	-0.921971	0.150396	-0.955457	-0.253937	-0.953558	-0.072389	-0.292382	119.639458	-2.527838	970.633118	
0.255673	0.259838	-0.931191	0.132905	-0.963506	-0.232364	-0.957584	-0.064349	-0.280877	115.905014	3.580329	968.969727	
0.260539	0.176797	-0.949138	0.093394	-0.983096	-0.157486	-0.960935	-0.047611	-0.272647	113.322136	9.244007	972.383850	
0.255837	0.137329	-0.956917	0.069408	-0.989914	-0.123508	-0.964225	-0.034819	-0.262789	105.952690	20.707121	969.977112	
0.282451	0.099430	-0.954115	0.039950	-0.994971	-0.091862	-0.958450	-0.012170	-0.285003	94.488625	25.560490	953.077515	
0.290847	-0.007161	-0.956743	-0.010158	-0.999939	0.004396	-0.956716	0.008441	-0.290903	88.273193	30.554543	941.825073	
0.348474	-0.042401	-0.936359	-0.025515	-0.999036	0.035743	-0.936971	0.011437	-0.349221	74.928246	38.552971	938.450989	
0.387480	-0.099342	-0.916510	-0.008019	-0.994503	0.104405	-0.921843	-0.033105	-0.386147	66.604660	44.619877	930.726257	
0.407783	-0.153655	-0.900057	0.033888	-0.982514	0.183084	-0.912450	-0.105159	-0.395446	50.436852	46.853615	922.807312	
0.446790	-0.202887	-0.871330	0.152954	-0.942284	0.297837	-0.881467	-0.266343	-0.389972	33.087151	51.913223	918.323364	
0.481798	-0.276336	-0.831571	0.313973	-0.831532	0.458233	-0.818103	-0.481865	-0.313869	15.296923	54.667763	898.839172	
0.437635	-0.382709	-0.813640	0.331988	-0.772182	0.541775	-0.835620	-0.507217	-0.210880	6.631145	55.345207	880.565735	
0.424175	-0.472544	-0.772514	0.333885	-0.711355	0.618463	-0.841782	-0.520266	-0.143964	-12.105377	55.935818	873.828979	
0.395913	-0.584526	-0.708226	0.294213	-0.649846	0.700813	-0.869880	-0.485829	-0.085309	-32.342072	54.853340	874.304260	
0.420945	-0.670452	-0.610984	0.185132	-0.595889	0.781436	-0.887993	-0.442053	-0.126715	-52.178932	55.021832	882.357361	
0.641549	-0.610355	-0.464633	0.206315	-0.446099	0.870879	-0.738817	-0.654571	-0.160270	-69.843796	50.661190	863.344238	
0.738175	-0.579772	-0.344911	0.140356	-0.368096	0.919133	-0.659847	-0.726891	-0.190346	-77.624283	45.083012	848.122070	
0.755022	-0.587824	-0.290526	0.125979	-0.304778	0.944055	-0.643483	-0.749382	-0.156062	-85.692749	38.970047	826.913696	
0.815991	-0.515907	-0.260767	0.166610	-0.222065	0.960692	-0.553534	-0.827362	-0.095249	-100.826096	35.052738	807.319702	
0.810591	-0.510999	-0.286047	0.222550	-0.183013	0.957590	-0.541677	-0.839873	-0.034627	-116.246269	31.012049	791.848083	
0.754744	-0.599218	-0.267024	0.209454	-0.165623	0.963690	-0.621684	-0.783268	0.000505	-131.336853	25.972389	787.125916	
0.670009	-0.696456	-0.256980	0.202594	-0.161484	0.965857	-0.714173	-0.699194	0.032901	-144.655075	21.105240	777.415833	
0.552755	-0.798698	-0.237789	0.192831	-0.155012	0.968911	-0.810726	-0.581423	0.068329	-151.080139	14.633357	765.820068	
0.542519	-0.795417	-0.270161	0.222677	-0.173929	0.959252	-0.809992	-0.580570	0.082761	-159.614624	7.972112	760.479980	
0.585463	-0.763860	-0.271572	0.211995	-0.179077	0.960724	-0.782490	-0.620040	0.057091	-163.204163	1.153378	748.561401	
0.661064	-0.689188	-0.296674	0.200994	-0.218290	0.954962	-0.722908	-0.690919	-0.005782	-168.153000	-12.695484	738.608093	
0.738023	-0.605448	-0.297919	0.176745	-0.252644	0.951280	-0.651217	-0.754721	-0.079448	-169.406647	-25.723091	726.044800	
0.776804	-0.549192	-0.308163	0.158296	-0.303349	0.939640	-0.609522	-0.778696	-0.148709	-171.445953	-33.912663	728.548584	
0.832994	-0.462423	-0.303786	0.162906	-0.319737	0.933398	-0.528755	-0.827003	-0.191008	-169.433472	-40.856846	723.671997	
0.870043	-0.334595	-0.362040	0.215352	-0.402655	0.889659	-0.443451	-0.852006	-0.278272	-167.393478	-47.277954	715.204041	
0.915230	-0.165384	-0.367426	0.271336	-0.421163	0.865448	-0.297876	-0.891779	-0.340587	-162.498474	-62.797371	705.467468	
0.915538	-0.033294	-0.400851	0.341012	-0.464252	0.817424	-0.213310	-0.885077	-0.413688	-161.189484	-71.319901	693.500183	
0.941046	0.079463	-0.328813	0.313391	-0.570738	0.758977	-0.127354	-0.817278	-0.561994	-160.994598	-89.106232	702.778320	
0.965715	0.125805	-0.227082	0.254441	-0.632266	0.731779	-0.051515	-0.764469	-0.642600	-150.952942	-100.108803	700.286804	
0.984015	0.122785	-0.128985	0.178055	-0.691335	0.700252	-0.003191	-0.712025	-0.702147	-136.432739	-114.852646	691.042969	
0.971704	0.223377	-0.076770	0.212586	-0.685412	0.696433	0.102948	-0.693047	-0.713504	-122.444458	-123.954956	684.219849	
0.954944	0.293516	-0.043930	0.248870	-0.711301	0.657355	0.161696	-0.638671	-0.752300	-111.997643	-129.056885	671.156372	
0.932975	0.359913	0.004369	0.211737	-0.558602	0.801955	0.291075	-0.747280	-0.597369	-95.727234	-140.320343	666.974426	
0.930474	0.364671	0.035105	0.181715	-0.542598	0.820103	0.318116	-0.756705	-0.571140	-86.032074	-147.337234	655.313354	
0.871374	0.434799	0.227281	0.233735	-0.775201	0.586884	0.431364	-0.458273	-0.777118	-72.833824	-141.373703	615.067932	
0.847669	0.482773	0.219968	0.279606	-0.758907	0.588116	0.450862	-0.437025	-0.778289	-63.444489	-146.954987	589.605835	
0.770095	0.521008	0.368108	0.335488	-0.821562	0.460961	0.542587	-0.231489	-0.807473	-53.163582	-152.142853	578.629883	
0.698889	0.612630	0.369104	0.382252	-0.756116	0.531200	0.604513	-0.230161	-0.762620	-34.371544	-165.955215	586.775452	
0.593626	0.699459	0.397951	0.505213	-0.708835	0.492255	0.626392	-0.091167	-0.774159	-25.577898	-166.485550	575.677429	
0.490093	0.783162	0.382709	0.661155	-0.620111	0.422302	0.568051	0.046062	-0.821703	-7.074766	-176.547943	576.722351	
0.435642	0.876141	0.206381	0.799261	-0.481980	0.358997	0.414002	0.008557	-0.910236	10.848728	-183.326813	574.965149	
0.326823	0.944913	0.018071	0.869424	-0.308101	0.386235	0.370525	-0.110521	-0.922224	19.990204	-189.344162	569.651367	
0.184524	0.982093	-0.038000	0.931052	-0.162290	0.326810	0.314790	-0.095686	-0.944326	28.450089	-191.684586	567.783508	
0.054543	0.993465	-0.100266	0.960361	-0.024703	0.277665	0.273372	-0.111437	-0.955432	45.799149	-194.342041	569.303833	
-0.053701	0.998272	-0.023892	0.950177	0.058441	0.306183	0.307049	-0.006260	-0.951673	51.690582	-193.400238	560.768433	
-0.101250	0.994857	-0.002989	0.921481	0.094913	0.376649	0.374995	0.035380	-0.926352	62.095089	-192.010010	553.750366	
-0.132762	0.989674	0.054040	0.906362	0.099160	0.410703	0.401102	0.103505	-0.910167	67.293243	-191.588745	553.164124	
-0.132320	0.979279	0.153317	0.896106	0.052072	0.440777	0.423658	0.195710	-0.884427	72.427773	-191.103622	556.834473	
-0.141243	0.966066	0.216260	0.893640	0.030421	0.447755	0.425980	0.256499	-0.867611	77.870636	-187.325958	559.610474	
-0.157301	0.887314	0.433510	0.900938	-0.050835	0.430960	0.404433	0.458355	-0.791418	79.832603	-185.305664	561.746277	
-0.101388	0.799470	0.592089	0.915569	-0.157834	0.369896	0.389171	0.579601	-0.715966	79.513420	-175.673813	551.578735	
-0.057926	0.762758	0.644085	0.923762	-0.203694	0.324305	0.378561	0.613766	-0.692807	79.643753	-172.352890	553.531128	
0.003518	0.731114	0.682247	0.924664	-0.262159	0.276169	0.380766	0.629877	-0.676957	76.354195	-164.633255	559.514587	
0.049147	0.629491	0.775453	0.899558	-0.365281	0.239512	0.434027	0.685793	-0.584216	70.089424	-159.229538	560.152954	
0.058067	0.580772	0.811993	0.833899	-0.475392	0.280387	0.548854	0.660838	-0.511909	66.194023	-154.582474	562.351135	
0.030326	0.521999	0.852408	0.783469	-0.541983	0.304027	0.620691	0.658614	-0.425405	60.965958	-148.743546	563.369141	
0.057770	0.464274	0.883806	0.703625	-0.646961	0.293864	0.708219	0.604891	-0.364049	55.360378	-136.726822	566.065430	
0.144907	0.339752	0.929285	0.632176	-0.754292	0.177197	0.761154	0.561794	-0.324085	42.754250	-130.075912	570.937866	
0.183807	0.275840	0.943466	0.573497	-0.809619	0.124980	0.798321	0.518101	-0.307006	28.397818	-123.614342	576.257690	
0.203670	0.215277	0.955079	0.441065	-0.891099	0.106800	0.874059	0.399498	-0.276440	20.334707	-116.985909	587.403015	
0.165787	0.076166	0.983216	0.389272	-0.921106	0.005717	0.906080	0.381790	-0.182355	2.719395	-110.203583	596.271790	
0.148489	0.008086	0.988882	0.395198	-0.917133	-0.051843	0.906514	0.398501	-0.139379	-15.472624	-97.299896	604.327454	
0.093173	-0.115846	0.988888	0.407773	-0.901650	-0.144046	0.908316	0.416662	-0.036769	-34.362671	-89.847038	605.951843	
0.035615	-0.244466	0.969004	0.269188	-0.931436	-0.244881	0.962428	0.269564	0.032636	-44.531517	-74.941544	621.588928	
-0.085070	-0.368558	0.925704	0.152130	-0.922984	-0.353495	0.984692	0.110754	0.134589	-54.345730	-66.779945	628.264893	
-0.180084	-0.415774	0.891460	0.076472	-0.909452	-0.408718	0.980673	-0.005434	0.195574	-73.661240	-52.053814	636.193542	
-0.311929	-0.511851	0.800442	0.143807	-0.858207	-0.492749	0.939158	-0.038596	0.341309	-92.468781	-44.099258	634.051819	
-0.383269	-0.597748	0.704131	0.250792	-0.801056	-0.543519	0.888935	-0.031725	0.456933	-110.468628	-37.439625	645.139526	
-0.452032	-0.623758	0.637645	0.274194	-0.777404	-0.566094	0.848813	-0.081056	0.522444	-128.780212	-31.539158	659.505615	
-0.475803	-0.642979	0.600156	0.309833	-0.761135	-0.569807	0.823173	-0.085169	0.561368	-137.941650	-19.347837	667.614502	
-0.468615	-0.686496	0.555986	0.385403	-0.725192	-0.570580	0.794898	-0.053105	0.604416	-144.229950	-6.486907	666.169312	
-0.412260	-0.734364	0.539213	0.477466	-0.678214	-0.558618	0.775929	0.027159	0.630236	-152.126129	-1.308281	681.283752	
-0.329829	-0.766529	0.551040	0.585665	-0.623945	-0.517387	0.740410	0.152075	0.654726	-166.973618	3.023771	693.718750	
-0.315851	-0.747094	0.584883	0.594213	-0.636336	-0.491924	0.739695	0.192169	0.644921	-178.625198	8.247013	705.924744	
-0.267604	-0.726931	0.632423	0.611444	-0.635390	-0.471611	0.744663	0.260485	0.614513	-183.524017	17.043999	712.958923	
-0.249696	-0.695334	0.673916	0.622037	-0.648554	-0.438689	0.742105	0.309661	0.594467	-188.372437	21.355223	719.113342	
-0.231294	-0.647688	0.725950	0.626100	-0.670228	-0.398490	0.744648	0.362348	0.560538	-190.556000	28.248543	733.990479	
-0.280029	-0.621495	0.731661	0.622137	-0.697934	-0.354732	0.731113	0.355857	0.582099	-192.668579	34.979248	741.050842	
-0.354157	-0.589342	0.726119	0.625080	-0.726698	-0.284933	0.695590	0.352971	0.625752	-194.368759	36.813782	760.342163	
-0.371526	-0.546655	0.750424	0.623290	-0.745914	-0.234784	0.688096	0.380502	0.617853	-194.683624	38.441704	772.861633	
-0.406338	-0.509763	0.758307	0.649899	-0.744605	-0.152303	0.642277	0.430936	0.633857	-192.346237	39.277653	792.228088	
-0.409835	-0.459873	0.787750	0.694789	-0.716947	-0.057067	0.591017	0.523932	0.613347	-187.321213	40.318516	798.762451	
-0.520595	-0.416568	0.745285	0.553108	-0.829517	-0.077292	0.650424	0.371984	0.662251	-180.307480	42.069107	812.004456	
-0.581661	-0.345954	0.736196	0.496105	-0.868116	-0.015977	0.644630	0.355937	0.676581	-175.000305	42.592251	825.792969	
-0.583675	-0.284967	0.760339	0.496918	-0.865930	0.056918	0.642180	0.411047	0.647029	-164.263504	40.600712	834.021912	
-0.619075	-0.250499	0.744308	0.418524	-0.907198	0.042786	0.664516	0.337998	0.666465	-158.282272	37.714180	849.468140	
-0.619851	-0.202789	0.758063	0.368289	-0.928209	0.052836	0.692926	0.311936	0.650039	-143.452255	35.876156	863.329712	
-0.596815	-0.130472	0.791699	0.397560	-0.905145	0.150529	0.696962	0.404585	0.592077	-135.034531	30.957041	877.960510	
-0.586817	-0.108637	0.802398	0.358046	-0.923629	0.136799	0.726255	0.367571	0.580901	-118.874573	24.525034	892.041870	
-0.576573	-0.080952	0.813024	0.261099	-0.961158	0.089461	0.774202	0.263860	0.575317	-101.817879	17.822422	908.658997	
-0.549243	-0.068717	0.832832	0.210795	-0.975778	0.058505	0.808638	0.207690	0.550426	-82.547081	13.995874	909.809875	
-0.516791	-0.049411	0.854683	0.241587	-0.966176	0.090220	0.821316	0.253105	0.511251	-64.718063	4.509659	935.094482	
-0.497316	-0.042477	0.866528	0.210503	-0.974863	0.073023	0.841643	0.218721	0.493759	-44.086128	-0.753867	935.576782	
-0.481145	-0.021935	0.876366	0.148531	-0.987273	0.056835	0.863965	0.157513	0.478282	-31.535755	-5.194439	921.520630	
-0.464109	-0.026635	0.885377	0.149201	-0.987617	0.048499	0.873121	0.154607	0.462338	-20.987024	-16.207413	937.558533	
-0.450898	-0.039908	0.891682	0.199889	-0.978142	0.057300	0.869904	0.204073	0.449022	-1.656656	-21.289213	940.912537	
-0.432698	-0.082947	0.897714	0.290181	-0.955581	0.051573	0.853561	0.282815	0.437550	17.122997	-27.859871	955.114502	
-0.446060	-0.168393	0.879018	0.444749	-0.894000	0.054426	0.776677	0.415219	0.473672	26.218702	-34.985725	956.665527	
-0.474756	-0.195337	0.858165	0.463909	-0.884150	0.055393	0.747926	0.424408	0.510377	34.320404	-48.294910	962.395081	
-0.447834	-0.218964	0.866889	0.553531	-0.829310	0.076482	0.702173	0.514101	0.492599	49.932911	-61.856056	967.737854	
-0.442308	-0.264803	0.856879	0.513193	-0.858274	-0.000331	0.735524	0.439597	0.515518	64.841125	-69.483841	997.305115	
-0.419771	-0.300284	0.856516	0.591978	-0.805919	0.007578	0.688007	0.510219	0.516065	76.215973	-83.047089	985.174927	
-0.409502	-0.394263	0.822716	0.630227	-0.774289	-0.057363	0.659636	0.495008	0.565551	86.179657	-90.130997	989.507568	
-0.406872	-0.459041	0.789769	0.645281	-0.756387	-0.107203	0.646581	0.466004	0.603965	91.349075	-104.494156	994.596313	
-0.456455	-0.625296	0.632971	0.555219	-0.756078	-0.346523	0.695255	0.193264	0.692293	94.503288	-110.535156	991.927124	
-0.440345	-0.704884	0.556086	0.574184	-0.697247	-0.429138	0.690223	0.130326	0.711765	96.380264	-116.820007	987.728271	
-0.403801	-0.748032	0.526679	0.606440	-0.649908	-0.458095	0.684963	0.134419	0.716072	98.261734	-130.104248	990.876709	
-0.295497	-0.769751	0.565830	0.674817	-0.587426	-0.446713	0.676241	0.249828	0.693025	98.919655	-143.738358	998.751221	
-0.192274	-0.790383	0.581656	0.722146	-0.515297	-0.461492	0.664481	0.331307	0.669852	98.668243	-150.384842	1003.541870	
-0.155722	-0.806480	0.570384	0.704685	-0.495344	-0.507988	0.692219	0.322836	0.645453	96.491394	-161.790695	1001.532410	
-0.090411	-0.805284	0.585954	0.725952	-0.456074	-0.514771	0.681775	0.378833	0.625834	90.100540	-173.221817	1004.462769	
0.032516	-0.802930	0.595185	0.758460	-0.367999	-0.537880	0.650907	0.468912	0.597027	84.873917	-177.245895	997.811401	
0.071024	-0.804454	0.589754	0.715708	-0.370728	-0.591880	0.694778	0.464128	0.549426	74.339539	-182.133240	996.480408	
0.134751	-0.771879	0.621325	0.695810	-0.372724	-0.613941	0.705471	0.515052	0.486858	62.245171	-187.527206	998.080261	
0.220143	-0.734732	0.641644	0.659228	-0.372778	-0.653034	0.718995	0.566749	0.402294	55.397591	-190.872498	995.017578	
0.287879	-0.669581	0.684681	0.673884	-0.366353	-0.641611	0.680444	0.646101	0.345756	47.494125	-197.627335	994.167480	
0.423710	-0.538961	0.728006	0.665798	-0.359628	-0.653743	0.614152	0.761701	0.206462	37.796005	-201.916550	995.263733	
0.561676	-0.330991	0.758266	0.648898	-0.392338	-0.651921	0.513274	0.858205	-0.005586	25.318419	-208.661514	995.472778	
-0.945336	-0.318582	0.069609	0.248306	-0.564861	0.786941	-0.211386	0.761208	0.613089	12.010900	-214.263000	1011.390015	
-0.945336	-0.318582	0.069609	0.248306	-0.564861	0.786941	-0.211386	0.761208	0.613089	12.010900	-214.263000	1011.390015	
-0.945336	-0.318582	0.069609	0.248306	-0.564861	0.786941	-0.211386	0.761208	0.613089	12.010900	-214.263000	1011.390015	
-0.945336	-0.318582	0.069609	0.248306	-0.564861	0.786941	-0.211386	0.761208	0.613089	12.010900	-214.263000	1011.390015	
-0.906168	0.012391	0.422735	0.347932	-0.546395	0.761837	0.240420	0.837436	0.490815	-37.730522	-171.492752	784.640259	
-0.905608	0.052340	0.420873	0.160765	-0.875935	0.454855	0.392465	0.479582	0.784839	-57.248001	-213.037003	987.377014	
-0.905608	0.052340	0.420873	0.160765	-0.875935	0.454855	0.392465	0.479582	0.784839	-57.248001	-213.037003	987.377014	
-0.905608	0.052340	0.420873	0.160765	-0.875935	0.454855	0.392465	0.479582	0.784839	-57.248001	-213.037003	987.377014	
-0.905608	0.052340	0.420873	0.160765	-0.875935	0.454855	0.392465	0.479582	0.784839	-57.248001	-213.037003	987.377014	
-0.649331	0.362004	0.668822	-0.392488	-0.912789	0.113001	0.651400	-0.189129	0.734784	-101.167496	-194.412384	931.485535	
-0.693102	0.410163	0.592771	-0.453879	-0.887173	0.083170	0.560004	-0.211400	0.801065	-110.461868	-189.887650	929.634399	
-0.599172	0.438582	0.669806	-0.660111	-0.744029	-0.103318	0.453041	-0.504051	0.735313	-125.122032	-183.935913	939.375000	
-0.547350	0.468240	0.693657	-0.785033	-0.574514	-0.231638	0.290053	-0.671331	0.682043	-129.439880	-171.667084	922.368591	
-0.466444	0.467449	0.750948	-0.876707	-0.357123	-0.322256	0.117542	-0.808675	0.576392	-132.608505	-159.385071	898.521484	
-0.388388	0.428653	0.815728	-0.921477	-0.186307	-0.340836	0.005876	-0.884051	0.467353	-139.386780	-146.946793	885.987305	
-0.302486	0.361527	0.881930	-0.947820	-0.016341	-0.318386	-0.100694	-0.932218	0.347605	-142.547791	-135.159378	885.588196	
-0.290707	0.227274	0.929428	-0.931320	0.155518	-0.329328	-0.219390	-0.961333	0.166453	-139.722076	-118.125710	849.425110	
-0.049364	0.179448	0.982528	-0.928754	0.353612	-0.111245	-0.367396	-0.918018	0.149208	-146.973007	-109.889000	877.226990	
-0.049364	0.179448	0.982528	-0.928754	0.353612	-0.111245	-0.367396	-0.918018	0.149208	-146.973007	-109.889000	877.226990	
-0.049364	0.179448	0.982528	-0.928754	0.353612	-0.111245	-0.367396	-0.918018	0.149208	-146.973007	-109.889000	877.226990	
-0.049364	0.179448	0.982528	-0.928754	0.353612	-0.111245	-0.367396	-0.918018	0.149208	-146.973007	-109.889000	877.226990	
-0.017941	-0.095752	0.995244	-0.552709	0.830435	0.069932	-0.833180	-0.548826	-0.067822	-127.436295	-70.816086	814.564026	
-0.064248	-0.215552	0.974376	-0.391539	0.903548	0.174066	-0.917916	-0.370322	-0.142448	-118.509094	-64.361389	810.761841	
-0.130329	-0.283237	0.950154	-0.243268	0.938168	0.246295	-0.961163	-0.199042	-0.191173	-111.870628	-55.142380	799.916870	
-0.225200	-0.383258	0.895767	-0.160289	0.921430	0.353941	-0.961037	-0.063873	-0.268938	-104.927032	-41.208397	794.348389	
-0.250345	-0.406293	0.878780	-0.178726	0.911477	0.370495	-0.951516	-0.064309	-0.300799	-97.988121	-26.176270	787.317627	
-0.373216	-0.457588	0.807046	-0.122315	0.886577	0.446117	-0.919645	0.067785	-0.386855	-79.413040	-12.774848	755.746399	
-0.432979	-0.496509	0.752335	0.020177	0.829078	0.558769	-0.901178	0.257115	-0.348956	-71.465103	-6.682693	760.406738	
-0.550348	-0.503110	0.666331	0.188098	0.702837	0.686031	-0.813471	0.502892	-0.292171	-63.331600	1.527876	755.122864	
-0.618805	-0.517125	0.591321	0.264417	0.571709	0.776681	-0.739704	0.636970	-0.217040	-52.897209	8.890017	733.601196	
-0.691634	-0.512514	0.508892	0.263600	0.476866	0.838519	-0.672426	0.714093	-0.194719	-33.489998	20.746214	711.826233	
-0.703722	-0.543882	0.457129	0.336240	0.311844	0.888648	-0.625873	0.779067	-0.036577	-23.591780	30.501188	706.141541	
-0.747205	-0.563170	0.352879	0.339014	0.133704	0.931232	-0.571623	0.815452	0.091018	-13.618619	35.181297	696.718384	
-0.810661	-0.526074	0.257047	0.327511	-0.043506	0.943845	-0.485349	0.849325	0.207564	-3.021964	43.493843	696.778015	
-0.829076	-0.494807	0.260381	0.375042	-0.146737	0.915321	-0.414700	0.856525	0.307230	7.528667	47.012867	680.403381	
-0.882585	-0.419408	0.212461	0.360937	-0.314855	0.877833	-0.301276	0.851448	0.429266	17.373146	50.618874	668.945740	
-0.935896	-0.344729	0.072518	0.245242	-0.489808	0.836627	-0.252890	0.800781	0.542952	35.509995	53.944839	657.129395	
-0.952557	-0.300436	-0.048700	0.154142	-0.614177	0.773969	-0.262439	0.729743	0.631348	51.041275	56.410675	648.870605	
-0.979777	-0.183322	-0.080179	0.071604	-0.695422	0.715026	-0.186838	0.694825	0.694485	58.204575	57.402927	640.993896	
-0.984955	-0.122822	-0.121565	0.002299	-0.712711	0.701454	-0.172795	0.690622	0.702270	71.575874	58.302086	634.891296	
-0.989995	-0.076755	-0.118395	-0.015760	-0.773692	0.633366	-0.140215	0.628895	0.764742	82.986259	58.709846	629.932861	
-0.998581	0.028673	-0.044863	-0.049293	-0.816351	0.575449	-0.020124	0.576844	0.816606	92.237061	57.535206	622.045898	
-0.997807	0.065253	0.011029	-0.052565	-0.882718	0.466954	0.040205	0.465350	0.884213	96.594543	57.075027	616.287048	
-0.979840	0.167392	0.109054	-0.099756	-0.882882	0.458877	0.173094	0.438747	0.881781	99.412628	53.715393	607.240112	
-0.951113	0.255352	0.173723	-0.139028	-0.856275	0.497458	0.275781	0.448986	0.849915	100.735153	51.043182	603.220825	
-0.919749	0.294384	0.259614	-0.133670	-0.856811	0.498003	0.369044	0.423335	0.827401	101.397575	44.762844	596.725525	
-0.891145	0.323499	0.318134	-0.133733	-0.857298	0.497148	0.433562	0.400485	0.807239	99.536057	37.712967	589.003967	
-0.878045	0.335360	0.341424	-0.115577	-0.840889	0.528722	0.464412	0.424780	0.777099	95.629295	28.698332	584.114502	
-0.849014	0.388782	0.357803	-0.136145	-0.815288	0.562823	0.510528	0.429131	0.745122	92.630753	19.741568	580.201660	
-0.846796	0.397647	0.353289	-0.095686	-0.767223	0.634202	0.523239	0.503235	0.687731	84.442200	13.687374	574.472168	
-0.854683	0.385873	0.347300	-0.065502	-0.743788	0.665198	0.515000	0.545785	0.660978	74.307037	7.595658	572.156067	
-0.859043	0.363025	0.360911	-0.036893	-0.747113	0.663673	0.510571	0.556809	0.655195	62.719528	0.757080	568.394409	
-0.860411	0.340305	0.379321	-0.040052	-0.787208	0.615386	0.508023	0.514292	0.690952	49.154942	-6.229180	569.302185	
-0.877397	0.319084	0.358272	-0.039479	-0.792254	0.608913	0.478137	0.520115	0.707718	33.825878	-18.964439	568.285889	
-0.908598	0.241002	0.341124	-0.032742	-0.855319	0.517067	0.416384	0.458637	0.785032	26.693201	-26.693781	575.107361	
-0.930342	0.186530	0.315703	-0.002946	-0.864727	0.502234	0.366678	0.466319	0.805042	10.490072	-34.520729	584.181396	
-0.963830	0.062540	0.259072	0.075883	-0.867446	0.491711	0.255483	0.493585	0.831325	1.067914	-43.203186	584.684937	
-0.972936	0.002056	0.231061	0.122890	-0.842214	0.524952	0.195682	0.539140	0.819168	-19.499727	-57.692966	590.737000	
-0.973558	-0.016375	0.227849	0.165850	-0.736571	0.655712	0.157089	0.676162	0.719810	-34.951195	-64.453217	567.486206	
0.073499	-0.272293	-0.959403	-0.621062	-0.765193	0.169594	-0.780308	0.583384	-0.225352	-61.751598	-82.858101	575.432007	
0.073499	-0.272293	-0.959403	-0.621062	-0.765193	0.169594	-0.780308	0.583384	-0.225352	-61.751598	-82.858101	575.432007	
0.073499	-0.272293	-0.959403	-0.621062	-0.765193	0.169594	-0.780308	0.583384	-0.225352	-61.751598	-82.858101	575.432007	
-0.022592	-0.641857	-0.766491	-0.682255	-0.550513	0.481107	-0.730766	0.533812	-0.425473	-102.732460	-111.392998	578.290527	
-0.070384	-0.692460	-0.718014	-0.631299	-0.526390	0.569540	-0.772339	0.493369	-0.400101	-123.186684	-120.135445	588.149780	
-0.238434	-0.718266	-0.653639	-0.606656	-0.415419	0.677788	-0.758365	0.558142	-0.336691	-129.252930	-130.609955	578.825012	
-0.290317	-0.785926	-0.545927	-0.566037	-0.318951	0.760180	-0.771569	0.529708	-0.352266	-147.936661	-145.809174	597.141602	
-0.334328	-0.790650	-0.512930	-0.583349	-0.253857	0.771532	-0.740222	0.557162	-0.376354	-154.926270	-157.565506	596.827820	
-0.319280	-0.844212	-0.430541	-0.612737	-0.162673	0.773364	-0.722921	0.510728	-0.465342	-169.034424	-170.144211	608.944214	
-0.393514	-0.833547	-0.387745	-0.668575	-0.030011	0.743039	-0.630994	0.551634	-0.545479	-173.903137	-173.865280	609.940063	
-0.439385	-0.817945	-0.371357	-0.694240	0.046853	0.718217	-0.570063	0.573385	-0.588438	-182.614136	-181.748993	611.937500	
-0.491647	-0.806392	-0.328656	-0.710671	0.153461	0.686583	-0.503219	0.571124	-0.648529	-191.478256	-186.922470	622.405945	
-0.543889	-0.775300	-0.321083	-0.740579	0.263537	0.618134	-0.394623	0.573985	-0.717507	-197.338089	-191.536804	628.465088	
-0.614406	-0.704327	-0.355568	-0.739453	0.356872	0.570833	-0.275162	0.613650	-0.740082	-202.431839	-195.791321	645.881775	
-0.678948	-0.611928	-0.405677	-0.708866	0.402512	0.579217	-0.191151	0.680829	-0.707060	-202.653748	-201.878891	650.878296	
-0.747175	-0.501090	-0.436622	-0.649242	0.409752	0.640770	-0.142177	0.762241	-0.631486	-200.109085	-203.703842	659.382935	
-0.796079	-0.420572	-0.435175	-0.593288	0.400423	0.698333	-0.119446	0.814113	-0.568290	-197.592743	-204.403976	665.725525	
-0.825038	-0.343172	-0.448939	-0.551992	0.319459	0.770227	-0.120903	0.883277	-0.452995	-194.240738	-205.509827	672.947876	
-0.858003	-0.242777	-0.452650	-0.506249	0.250686	0.825147	-0.086854	0.937131	-0.337996	-185.494400	-204.073883	675.675903	
-0.846614	-0.154094	-0.509411	-0.531628	0.200219	0.822972	-0.024822	0.967557	-0.251430	-181.858368	-204.037994	694.619263	
-0.812556	-0.116052	-0.571214	-0.582750	0.140796	0.800361	-0.012459	0.983213	-0.182035	-174.473450	-199.066833	697.846619	
-0.817797	-0.062624	-0.572090	-0.575409	0.070720	0.814802	-0.010568	0.995528	-0.093870	-161.563095	-197.359863	711.774536	
-0.826337	-0.014613	-0.562987	-0.563162	0.014454	0.826219	-0.003936	0.999789	-0.020174	-146.075668	-193.262848	727.606384	
-0.843714	0.016413	-0.536543	-0.536712	-0.043169	0.842660	-0.009331	0.998933	0.045230	-129.403137	-190.527679	737.385864	
-0.845947	0.059637	-0.529923	-0.532574	-0.145141	0.833846	-0.027185	0.987612	0.154541	-115.559723	-192.309265	774.120728	
-0.766617	0.037239	-0.641025	-0.628836	-0.245440	0.737783	-0.129858	0.968696	0.211575	-104.325905	-182.487244	776.936707	
-0.745180	0.011508	-0.666765	-0.639042	-0.298107	0.709053	-0.190607	0.954463	0.229497	-90.825920	-168.001404	766.338379	
0.463622	-0.035548	0.885320	0.787341	-0.441759	-0.430050	0.406385	0.896429	-0.176820	-77.000801	-167.643005	831.103027	
0.463622	-0.035548	0.885320	0.787341	-0.441759	-0.430050	0.406385	0.896429	-0.176820	-77.000801	-167.643005	831.103027	
0.463622	-0.035548	0.885320	0.787341	-0.441759	-0.430050	0.406385	0.896429	-0.176820	-77.000801	-167.643005	831.103027	
0.728575	-0.164987	0.664800	0.482282	-0.565635	-0.668925	0.486398	0.807983	-0.332537	-24.812624	-140.127579	842.124756	
0.684939	-0.223282	0.693545	0.500391	-0.547732	-0.670521	0.529593	0.806309	-0.263435	-7.176898	-130.553497	860.864685	
0.611397	-0.276886	0.741302	0.512600	-0.575095	-0.637579	0.602856	0.769805	-0.209680	2.953229	-116.428902	867.848511	
0.580421	-0.318878	0.749285	0.494507	-0.593026	-0.635439	0.646973	0.739349	-0.186518	12.062240	-109.896164	871.727966	
0.512688	-0.400482	0.759451	0.503786	-0.575943	-0.643808	0.695235	0.712673	-0.093522	19.999952	-96.670685	889.254883	
0.500574	-0.452764	0.737855	0.497907	-0.546665	-0.673236	0.708177	0.704387	-0.048212	28.646187	-81.487282	896.578064	
0.501102	-0.526117	0.687094	0.436254	-0.532126	-0.725620	0.747382	0.663357	-0.037129	35.905937	-67.364113	916.218994	
0.524519	-0.575936	0.627039	0.401133	-0.482446	-0.778677	0.750981	0.659957	-0.022025	41.867317	-52.525761	927.509338	
0.546516	-0.604867	0.579187	0.384661	-0.433023	-0.815186	0.743880	0.668302	-0.003985	51.313450	-45.541397	937.954102	
0.584973	-0.624072	0.518016	0.371269	-0.361804	-0.855136	0.721087	0.692554	0.020053	59.384315	-31.778650	945.993774	
0.607140	-0.648274	0.459481	0.321096	-0.328774	-0.888147	0.726828	0.686766	0.008547	62.608372	-18.004070	952.122864	
0.616575	-0.682480	0.392500	0.306473	-0.251155	-0.918148	0.725196	0.686398	0.054306	64.383667	-3.803970	956.902527	
0.650966	-0.682814	0.331676	0.277182	-0.192953	-0.941243	0.706692	0.704651	0.063658	65.825172	9.148845	965.233459	
0.653169	-0.692278	0.306791	0.282690	-0.152928	-0.946942	0.702465	0.705240	0.095813	65.122543	21.167940	970.453491	
0.657591	-0.696753	0.286547	0.304099	-0.102501	-0.947110	0.689274	0.709949	0.144478	63.169735	26.348476	979.387207	
0.650497	-0.699435	0.296047	0.354013	-0.065635	-0.932934	0.671959	0.711675	0.204914	59.942551	37.187904	994.380676	
0.709178	-0.637321	0.301478	0.402114	0.014395	-0.915476	0.579112	0.770463	0.266485	52.441578	48.003929	996.793030	
0.745535	-0.583853	0.321395	0.428006	0.049783	-0.902403	0.510871	0.810331	0.287008	46.728432	57.728497	991.782349	
0.756787	-0.560875	0.335699	0.462007	0.095661	-0.881702	0.462411	0.822355	0.331523	36.525970	66.754379	1010.064209	
0.786690	-0.546033	0.288041	0.435846	0.160804	-0.885539	0.437216	0.822185	0.364489	23.706472	74.568344	1011.063293	
0.823753	-0.503892	0.259856	0.423639	0.242469	-0.872776	0.376778	0.829036	0.413203	15.903871	81.880211	1010.887451	
0.839003	-0.453039	0.301383	0.459369	0.292868	-0.838575	0.291642	0.842011	0.453829	0.915754	84.824074	1011.559937	
0.852331	-0.340404	0.397062	0.508597	0.362508	-0.780971	0.121908	0.867590	0.482105	-16.128468	88.587631	1024.918823	
0.881662	-0.295328	0.368041	0.462073	0.382121	-0.800295	0.095713	0.875650	0.473365	-33.807678	89.791809	1022.621155	
0.902125	-0.183654	0.390439	0.431256	0.412577	-0.802370	-0.013727	0.892217	0.451398	-44.146149	90.885246	1023.999573	
0.900991	-0.116826	0.417814	0.423789	0.443087	-0.789985	-0.092838	0.888833	0.448727	-54.178604	92.368164	1031.833984	
0.923234	-0.003522	0.384224	0.334635	0.498805	-0.799508	-0.188837	0.866706	0.461692	-65.520569	94.121803	1049.576050	
0.903324	0.106364	0.415563	0.317080	0.486902	-0.813872	-0.288905	0.866956	0.406104	-83.242599	92.009628	1032.416260	
0.835480	0.179579	0.519351	0.371625	0.511567	-0.774722	-0.404807	0.840267	0.360668	-94.000473	91.781662	1043.597046	
0.741271	0.305705	0.597547	0.374807	0.550000	-0.746337	-0.556811	0.777202	0.293118	-104.791588	89.957703	1057.620483	
0.671197	0.402114	0.622735	0.329029	0.591180	-0.736373	-0.664255	0.699149	0.264490	-116.937080	87.717697	1083.396240	
0.638909	0.424585	0.641501	0.335694	0.596431	-0.729094	-0.692174	0.681172	0.238534	-124.403839	81.799088	1070.495972	
0.602126	0.474733	0.641929	0.299552	0.610954	-0.732805	-0.740077	0.633532	0.225664	-133.305099	75.643303	1071.167236	
0.500750	0.578538	0.643851	0.175954	0.660263	-0.730132	-0.847521	0.478901	0.228830	-141.376617	68.549248	1072.804688	
0.431758	0.643714	0.631836	0.064145	0.676805	-0.733362	-0.899706	0.357164	0.250925	-147.196503	63.364365	1055.842651	
0.376391	0.684411	0.624428	-0.028112	0.682119	-0.730700	-0.926035	0.257475	0.275983	-152.971619	53.754028	1051.670410	
0.365215	0.705463	0.607404	-0.073711	0.672339	-0.736564	-0.928001	0.224232	0.297548	-164.193100	43.035934	1050.397339	
0.283300	0.759774	0.585221	-0.126953	0.634560	-0.762375	-0.950592	0.141685	0.276226	-172.928513	31.387924	1044.210205	
0.281824	0.792314	0.541122	-0.137852	0.591568	-0.794383	-0.949512	0.149282	0.275940	-176.703323	25.993458	1044.583008	
0.246558	0.828274	0.503161	-0.145152	0.544894	-0.825846	-0.958197	0.130585	0.254573	-178.674774	19.532215	1025.884155	
0.158538	0.872205	0.462734	-0.190002	0.486852	-0.852570	-0.968899	0.047245	0.242905	-179.902710	12.901628	1013.096741	
0.088428	0.901752	0.423111	-0.204562	0.432161	-0.878289	-0.974851	-0.008886	0.222679	-177.529938	6.477860	1001.713074	
0.021616	0.916277	0.399959	-0.263849	0.391098	-0.881718	-0.964322	-0.086469	0.250213	-177.385239	0.399754	1001.897034	
-0.031131	0.930926	0.363876	-0.240001	0.346440	-0.906851	-0.970273	-0.115561	0.212638	-176.660461	-13.308925	1008.718994	
0.176366	0.938484	0.296886	-0.111844	0.318767	-0.941212	-0.977950	0.132793	0.161183	-187.729340	-23.661734	1053.680298	
0.091573	0.953936	0.285691	-0.000032	0.286899	-0.957961	-0.995799	0.087714	0.026302	-174.279358	-37.447495	1031.402344	
-0.175357	0.959354	0.221107	0.003339	0.225166	-0.974315	-0.984500	-0.170114	-0.042689	-159.470215	-44.397747	1010.611633	
-0.563023	0.796963	0.218757	-0.123235	0.180778	-0.975773	-0.817202	-0.576340	-0.003568	-140.955688	-49.212883	958.550415	
-0.609293	0.761020	0.222733	-0.166664	0.151712	-0.974272	-0.775233	-0.630737	0.034397	-132.655899	-62.916718	944.962585	
-0.681479	0.701672	0.207950	-0.210629	0.084074	-0.973944	-0.700873	-0.707521	0.090498	-123.710220	-69.777321	935.543579	
-0.741020	0.645606	0.184613	-0.189060	0.063213	-0.979929	-0.644318	-0.761049	0.075216	-115.469414	-82.226868	915.988159	
-0.766198	0.621057	0.165011	-0.171368	0.050010	-0.983937	-0.619334	-0.782167	0.068111	-107.106644	-89.117004	904.717834	
