0.998787	-0.044647	0.020753	0.043612	0.997901	0.047870	-0.022846	-0.046907	0.998638	18.530067	4.367298	543.959412	
0.991079	-0.126099	0.043151	0.121729	0.988274	0.092179	-0.054269	-0.086104	0.994807	26.880545	8.344624	542.589050	
0.981001	-0.170478	0.092598	0.160563	0.981351	0.105685	-0.108888	-0.088809	0.990079	35.851048	16.127119	540.748169	
0.969031	-0.207072	0.134538	0.199844	0.977647	0.065326	-0.145058	-0.036416	0.988753	44.468166	18.844168	538.714905	
0.933289	-0.272958	0.233377	0.291979	0.955086	-0.050572	-0.209091	0.115340	0.971071	53.232460	24.487776	542.980103	
0.884185	-0.327692	0.332917	0.384496	0.915256	-0.120281	-0.265289	0.234356	0.935254	70.148407	26.459597	545.825073	
0.837620	-0.363110	0.408098	0.464324	0.866812	-0.181768	-0.287742	0.341742	0.894661	77.335815	30.274424	547.259338	
0.734470	-0.367800	0.570330	0.509464	0.854020	-0.105338	-0.448330	0.367930	0.814634	85.718826	31.404398	562.169800	
0.576033	-0.353038	0.737259	0.566575	0.822564	-0.048788	-0.589218	0.445815	0.673848	89.827606	31.614725	560.987854	
0.457410	-0.321188	0.829225	0.613720	0.788833	-0.032992	-0.643524	0.524003	0.557941	99.453331	31.115210	565.925537	
0.380374	-0.325542	0.865643	0.690992	0.722151	-0.032052	-0.614691	0.610344	0.499635	102.914513	29.730928	573.330444	
0.269454	-0.281879	0.920837	0.767685	0.640185	-0.028670	-0.581424	0.714637	0.388895	105.579407	27.034367	574.973083	
0.207973	-0.262119	0.942360	0.832120	0.553805	-0.029602	-0.514124	0.790312	0.333292	107.654953	25.315372	584.499634	
0.124291	-0.178310	0.976093	0.867428	0.497175	-0.019632	-0.481789	0.849130	0.216466	108.675400	20.649193	593.869629	
0.076471	-0.139990	0.987196	0.915284	0.402571	-0.013814	-0.395482	0.904621	0.158916	108.721344	14.752560	596.476135	
0.041272	-0.091931	0.994910	0.941270	0.337563	-0.007856	-0.335122	0.936803	0.100464	106.654938	8.215781	599.477173	
0.014977	-0.042376	0.998990	0.960416	0.278556	-0.002582	-0.278165	0.959484	0.044871	102.490456	4.781447	607.211731	
-0.008004	0.012962	0.999884	0.985986	0.166727	0.005731	-0.166634	0.985918	-0.014115	99.392944	-3.634761	613.473328	
-0.015835	0.066327	0.997672	0.998944	0.044081	0.012925	-0.043121	0.996824	-0.066954	94.958832	-13.833783	615.793518	
-0.013237	0.086382	0.996174	0.999166	0.039618	0.009841	-0.038616	0.995474	-0.086834	87.286194	-20.665459	634.825989	
-0.037052	0.035498	0.998683	0.995783	0.085241	0.033914	-0.083925	0.995728	-0.038506	76.506996	-22.921848	648.259155	
-0.052374	-0.093405	0.994250	0.992926	0.101368	0.061827	-0.106560	0.990454	0.087436	67.748932	-30.044512	645.580078	
-0.043848	-0.177667	0.983113	0.989439	0.128359	0.067327	-0.138153	0.975683	0.170163	60.961212	-43.135502	662.585571	
-0.020224	-0.318110	0.947838	0.980230	0.180323	0.081434	-0.196822	0.930746	0.308174	53.231339	-51.814411	677.863953	
0.025079	-0.446214	0.894575	0.974098	0.212073	0.078474	-0.224731	0.869435	0.439975	46.288536	-66.943611	700.235840	
0.083430	-0.551539	0.829967	0.955451	0.280892	0.090617	-0.283110	0.785433	0.550403	28.473362	-80.765320	703.494873	
0.168022	-0.650770	0.740451	0.938204	0.336104	0.082500	-0.302557	0.680832	0.667028	11.821157	-95.576607	717.018311	
0.269263	-0.728931	0.629411	0.919204	0.389507	0.057858	-0.287334	0.562978	0.774916	4.292291	-102.810364	729.831787	
0.345761	-0.754959	0.557213	0.898606	0.437360	0.034970	-0.270104	0.488623	0.829633	-3.777974	-110.270279	735.182739	
0.514781	-0.762481	0.391948	0.850695	0.511027	-0.123164	-0.106386	0.396830	0.911706	-12.126344	-124.605835	741.994141	
0.615130	-0.785934	0.062623	0.782345	0.598613	-0.172042	0.097727	0.154820	0.983097	-20.783657	-138.363708	740.834534	
0.678142	-0.734661	-0.019885	0.714715	0.665549	-0.215005	0.171190	0.131591	0.976410	-30.311022	-143.749115	755.698425	
0.700247	-0.713238	-0.030742	0.680321	0.679742	-0.274071	0.216374	0.171002	0.961218	-38.398918	-157.182053	764.230713	
0.758167	-0.650135	-0.050065	0.606038	0.730909	-0.313831	0.240626	0.207595	0.948158	-46.257835	-170.565430	769.607056	
0.780322	-0.624021	-0.041163	0.585355	0.751968	-0.303157	0.220129	0.212465	0.952051	-53.956520	-178.024536	793.555481	
0.814445	-0.576325	-0.067288	0.537517	0.793062	-0.286581	0.218528	0.197235	0.955690	-68.258408	-193.444702	817.460815	
0.836798	-0.543229	-0.068338	0.505230	0.814236	-0.285943	0.210976	0.204750	0.955807	-83.221954	-209.377106	841.336487	
0.863419	-0.503092	-0.037481	0.478742	0.840525	-0.253623	0.159099	0.201038	0.966576	-96.755203	-225.433167	870.905762	
0.892393	-0.451077	-0.012803	0.431705	0.861642	-0.266842	0.131398	0.232600	0.963655	-108.353447	-234.032028	898.968506	
0.879330	0.288091	-0.379186	0.475935	-0.504477	0.720408	0.016252	-0.813945	-0.580715	-111.650002	-225.925003	879.422974	
0.879330	0.288091	-0.379186	0.475935	-0.504477	0.720408	0.016252	-0.813945	-0.580715	-111.650002	-225.925003	879.422974	
0.879330	0.288091	-0.379186	0.475935	-0.504477	0.720408	0.016252	-0.813945	-0.580715	-111.650002	-225.925003	879.422974	
0.879330	0.288091	-0.379186	0.475935	-0.504477	0.720408	0.016252	-0.813945	-0.580715	-111.650002	-225.925003	879.422974	
0.787866	0.030828	-0.615074	0.568375	-0.420914	0.706952	-0.237099	-0.906577	-0.349146	-114.507294	-243.535675	917.879456	
0.732703	-0.016082	-0.680358	0.618583	-0.401053	0.675656	-0.283725	-0.915914	-0.283905	-112.983154	-246.891113	920.350037	
0.698022	-0.052450	-0.714153	0.648298	-0.377242	0.661361	-0.304097	-0.924628	-0.229320	-109.244064	-246.829300	922.749390	
0.631557	-0.082055	-0.770975	0.689358	-0.395683	0.606812	-0.354853	-0.914714	-0.193332	-105.558922	-248.958160	932.876953	
0.585470	-0.142414	-0.798087	0.694354	-0.420042	0.584327	-0.418446	-0.896261	-0.147037	-95.327972	-247.103622	942.269226	
0.542595	-0.174013	-0.821773	0.702716	-0.441938	0.557567	-0.460196	-0.880006	-0.117512	-90.088654	-245.318985	941.397827	
0.499668	-0.176765	-0.847990	0.749969	-0.401583	0.525622	-0.433449	-0.898602	-0.068090	-76.999176	-239.794128	935.613464	
0.417922	-0.254128	-0.872216	0.704827	-0.515059	0.487785	-0.573202	-0.818617	-0.036138	-74.011902	-246.143997	978.838989	
0.417922	-0.254128	-0.872216	0.704827	-0.515059	0.487785	-0.573202	-0.818617	-0.036138	-74.011902	-246.143997	978.838989	
0.417922	-0.254128	-0.872216	0.704827	-0.515059	0.487785	-0.573202	-0.818617	-0.036138	-74.011902	-246.143997	978.838989	
0.417922	-0.254128	-0.872216	0.704827	-0.515059	0.487785	-0.573202	-0.818617	-0.036138	-74.011902	-246.143997	978.838989	
0.189068	-0.189356	-0.963534	0.755364	-0.598925	0.265922	-0.627438	-0.778096	0.029795	-30.657469	-215.224411	989.335999	
0.120083	-0.151283	-0.981170	0.679129	-0.708372	0.192338	-0.724130	-0.689437	0.017677	-21.898792	-206.671387	990.092773	
0.073842	-0.139209	-0.987506	0.561146	-0.812781	0.156538	-0.824417	-0.565694	0.018099	-12.074965	-193.367996	975.466736	
0.036083	-0.068071	-0.997028	0.746860	-0.661054	0.072162	-0.664001	-0.747244	0.026987	7.857560	-188.190994	1018.549988	
0.036083	-0.068071	-0.997028	0.746860	-0.661054	0.072162	-0.664001	-0.747244	0.026987	7.857560	-188.190994	1018.549988	
0.036083	-0.068071	-0.997028	0.746860	-0.661054	0.072162	-0.664001	-0.747244	0.026987	7.857560	-188.190994	1018.549988	
-0.010801	0.145433	-0.989309	0.585725	-0.800947	-0.124137	-0.810438	-0.580804	-0.076533	43.574860	-147.369141	1003.387024	
0.008471	0.212701	-0.977080	0.555210	-0.813665	-0.172313	-0.831667	-0.541026	-0.124986	52.036015	-133.214554	999.030273	
0.030795	0.275364	-0.960846	0.517065	-0.827070	-0.220454	-0.855392	-0.490031	-0.167851	67.724800	-118.474174	995.243835	
0.070791	0.306207	-0.949329	0.509478	-0.829314	-0.229504	-0.857567	-0.467415	-0.214714	75.176918	-111.744766	996.852539	
0.103152	0.326485	-0.939557	0.487948	-0.839736	-0.238227	-0.866756	-0.433881	-0.245929	88.132515	-103.645836	990.754639	
0.131532	0.376302	-0.917113	0.556280	-0.793776	-0.245914	-0.820520	-0.477826	-0.313736	99.839546	-96.084320	994.203003	
0.207577	0.393037	-0.895787	0.491699	-0.833566	-0.251797	-0.845662	-0.388190	-0.366284	110.750488	-81.602966	1002.898987	
0.274968	0.394455	-0.876811	0.417117	-0.870614	-0.260858	-0.866260	-0.294005	-0.403924	114.201317	-65.747375	998.033081	
0.364595	0.401900	-0.839969	0.391922	-0.884502	-0.253090	-0.844670	-0.236927	-0.479998	117.475967	-51.566063	994.879700	
0.449985	0.391949	-0.802427	0.374067	-0.898640	-0.229175	-0.810918	-0.197036	-0.550989	121.293396	-44.421913	989.421143	
0.515449	0.350791	-0.781829	0.344744	-0.920171	-0.185577	-0.784515	-0.173875	-0.595234	122.741898	-29.728689	982.470581	
0.568149	0.331814	-0.753064	0.330536	-0.930059	-0.160428	-0.753627	-0.157767	-0.638088	123.360252	-15.738813	982.208374	
0.659452	0.277397	-0.698694	0.261017	-0.956096	-0.133235	-0.704978	-0.094509	-0.702904	121.286469	-1.823874	984.707397	
0.690746	0.247217	-0.679524	0.238712	-0.965018	-0.108428	-0.682559	-0.087314	-0.725596	116.850266	3.873306	975.433838	
0.730825	0.167738	-0.661634	0.152240	-0.984974	-0.081551	-0.665371	-0.041127	-0.745379	112.983170	9.236492	968.609985	
0.765824	0.128001	-0.630183	0.119467	-0.991249	-0.056158	-0.631856	-0.032278	-0.774413	105.063721	20.584015	961.808899	
0.845119	0.089543	-0.527025	0.094749	-0.995353	-0.017177	-0.526114	-0.035418	-0.849676	95.187241	25.641701	956.961670	
0.971269	-0.000068	-0.237987	0.014318	-0.998172	0.058719	-0.237555	-0.060439	-0.969492	88.078918	30.300102	941.426758	
0.991861	-0.045207	-0.119033	-0.043250	-0.998884	0.018965	-0.119757	-0.013663	-0.992709	74.028610	38.282585	936.578796	
0.987834	-0.089925	-0.126879	-0.084957	-0.995411	0.044046	-0.130257	-0.032731	-0.990940	65.867638	43.676472	925.795593	
0.984068	-0.140495	-0.108960	-0.136152	-0.989603	0.046363	-0.114341	-0.030789	-0.992964	49.869598	45.725967	916.485413	
0.971424	-0.200851	-0.126475	-0.184894	-0.974467	0.127394	-0.148832	-0.100369	-0.983756	32.481316	49.668209	907.450012	
0.935572	-0.316226	-0.157186	-0.280698	-0.936012	0.212346	-0.214277	-0.154543	-0.964470	14.876654	52.863697	907.120361	
0.802314	-0.453400	-0.388229	-0.266645	-0.854142	0.446477	-0.534035	-0.254695	-0.806186	5.355849	54.439705	889.344299	
0.738781	-0.566586	-0.364942	-0.358437	-0.788892	0.499173	-0.570724	-0.237970	-0.785903	-13.717098	54.425125	878.935120	
0.659174	-0.662021	-0.356677	-0.393655	-0.707912	0.586427	-0.640723	-0.246149	-0.727245	-33.162628	53.666153	871.785706	
0.565023	-0.750026	-0.343818	-0.422944	-0.621088	0.659824	-0.708427	-0.227400	-0.668147	-52.837326	52.802750	867.421509	
0.466583	-0.826627	-0.314623	-0.426422	-0.521881	0.738786	-0.774897	-0.210542	-0.595993	-71.514969	49.192883	860.341187	
0.403497	-0.869653	-0.284417	-0.431019	-0.454854	0.779314	-0.807102	-0.191861	-0.558369	-80.321152	44.271118	852.565918	
0.343548	-0.904980	-0.250970	-0.372673	-0.376664	0.848079	-0.862027	-0.197826	-0.466664	-88.613907	38.439972	832.881836	
0.239839	-0.947789	-0.210173	-0.376803	-0.290401	0.879594	-0.894705	-0.131767	-0.426780	-105.901604	35.278595	826.612793	
0.107571	-0.975220	-0.193321	-0.307179	-0.217537	0.926455	-0.945553	-0.040275	-0.322968	-120.814705	31.030563	808.306213	
0.009518	-0.984570	-0.174728	-0.215357	-0.172653	0.961151	-0.976489	0.028481	-0.213677	-133.497818	25.506172	790.184814	
0.045951	-0.985245	-0.164864	-0.072661	-0.167897	0.983123	-0.996298	-0.033196	-0.079305	-138.790497	19.930634	741.294067	
-0.217946	-0.965939	-0.139504	-0.021686	-0.138112	0.990179	-0.975720	0.218831	0.009153	-153.768005	14.951000	777.650024	
-0.217946	-0.965939	-0.139504	-0.021686	-0.138112	0.990179	-0.975720	0.218831	0.009153	-153.768005	14.951000	777.650024	
-0.217946	-0.965939	-0.139504	-0.021686	-0.138112	0.990179	-0.975720	0.218831	0.009153	-153.768005	14.951000	777.650024	
-0.217946	-0.965939	-0.139504	-0.021686	-0.138112	0.990179	-0.975720	0.218831	0.009153	-153.768005	14.951000	777.650024	
-0.528872	-0.843902	-0.090130	0.299025	-0.284673	0.910793	-0.794278	0.454742	0.402903	-170.996078	-26.466475	725.883850	
-0.636550	-0.768515	-0.064723	0.323149	-0.341974	0.882399	-0.700270	0.540776	0.466028	-170.940491	-34.292412	721.194275	
-0.688611	-0.723464	-0.049139	0.348957	-0.390024	0.852120	-0.635644	0.569632	0.521032	-169.745865	-41.551308	716.597839	
-0.785242	-0.618463	-0.029963	0.360737	-0.496273	0.789671	-0.503252	0.609275	0.612797	-167.724533	-48.626659	708.692749	
-0.858894	-0.511591	-0.023987	0.318470	-0.570176	0.757281	-0.401096	0.642786	0.652647	-161.582581	-63.811020	696.035767	
-0.923729	-0.382899	-0.010625	0.256403	-0.638692	0.725485	-0.284574	0.667428	0.688155	-157.486877	-71.637062	676.802002	
-0.967234	-0.253845	0.004387	0.198555	-0.745563	0.636168	-0.158218	0.616196	0.771537	-153.236465	-87.145348	671.702271	
-0.982992	-0.183586	0.004675	0.157146	-0.827703	0.538712	-0.095031	0.530285	0.842476	-141.431976	-95.342262	663.416687	
-0.991401	-0.130483	-0.009894	0.113338	-0.894001	0.433491	-0.065409	0.428643	0.901103	-129.274063	-110.595169	661.469116	
-0.999354	0.003321	-0.035767	-0.014756	-0.945770	0.324500	-0.032750	0.324819	0.945208	-114.121368	-116.996864	650.170776	
-0.990340	0.128627	-0.051780	-0.137280	-0.962076	0.235718	-0.019496	0.240550	0.970440	-105.751801	-124.152344	644.691589	
-0.977630	0.210331	0.000189	-0.208330	-0.968453	0.136733	0.028943	0.133635	0.990607	-89.011398	-131.344467	635.438843	
-0.960313	0.268188	-0.076634	-0.274611	-0.957203	0.091380	-0.048847	0.108798	0.992862	-79.514023	-136.882797	619.556519	
-0.914623	0.394884	-0.086778	-0.396335	-0.918105	-0.000556	-0.079891	0.033885	0.996226	-70.622330	-142.534012	611.972351	
-0.883549	0.461310	-0.080833	-0.449300	-0.883621	-0.131691	-0.132176	-0.080037	0.987988	-62.031235	-153.992905	602.776123	
-0.849887	0.524926	-0.046297	-0.502597	-0.833861	-0.228192	-0.158389	-0.170669	0.972514	-52.915276	-159.263275	597.316345	
-0.766705	0.641917	0.010235	-0.618316	-0.734039	-0.280839	-0.172762	-0.221650	0.959699	-32.833725	-168.589813	590.349304	
-0.664847	0.746504	0.026640	-0.716470	-0.627199	-0.305437	-0.211301	-0.222156	0.951838	-22.229010	-170.924240	583.210449	
-0.570039	0.758639	0.315470	-0.772762	-0.364619	-0.519510	-0.279095	-0.539924	0.794094	-5.896965	-173.891327	565.891602	
-0.460161	0.779839	0.424385	-0.834147	-0.216046	-0.507466	-0.304055	-0.587515	0.749916	10.346311	-178.011017	555.816223	
-0.324169	0.897194	0.299929	-0.868922	-0.157043	-0.469374	-0.374018	-0.412771	0.830499	20.678255	-188.962509	568.858765	
-0.174860	0.975384	0.134351	-0.888465	-0.097505	-0.448467	-0.424327	-0.197785	0.883643	29.943529	-192.926712	568.042297	
-0.036730	0.975230	0.218122	-0.940150	0.040272	-0.338371	-0.338774	-0.217495	0.915383	45.174934	-196.129135	569.774536	
0.094408	0.980429	0.172756	-0.966443	0.131903	-0.220432	-0.238905	-0.146148	0.959981	52.919914	-197.591446	566.295410	
0.159698	0.937127	0.310305	-0.964875	0.214602	-0.151530	-0.208595	-0.275206	0.938482	63.187973	-198.861847	563.997620	
0.296221	0.756769	0.582712	-0.951994	0.283247	0.116092	-0.077197	-0.589127	0.804343	62.696045	-190.800873	523.896179	
0.490086	0.749353	0.445292	-0.844941	0.282851	0.453947	0.214216	-0.598719	0.771781	69.069229	-189.372696	520.517944	
0.546373	0.795625	0.261642	-0.721221	0.288122	0.629940	0.425812	-0.532884	0.731244	76.057396	-189.973190	549.024841	
0.635930	0.745058	0.201199	-0.595924	0.308414	0.741454	0.490374	-0.591412	0.640128	76.800247	-188.282013	553.371460	
0.643294	0.731287	0.226695	-0.546061	0.230702	0.805353	0.536646	-0.641868	0.547736	78.118729	-184.805420	555.431824	
0.628902	0.760872	0.159860	-0.446223	0.184859	0.875620	0.636684	-0.622012	0.455776	78.888763	-180.758087	562.821838	
0.509734	0.854129	0.103118	-0.343584	0.092216	0.934583	0.788746	-0.511818	0.340470	75.378418	-167.711655	559.596863	
0.480884	0.864257	0.147679	-0.391802	0.061139	0.918015	0.784373	-0.499320	0.368018	71.306618	-165.193329	581.589111	
0.561309	0.785648	0.260170	-0.540773	0.110202	0.833918	0.626495	-0.608778	0.486714	67.079842	-163.613312	598.466064	
0.687749	0.606546	0.398877	-0.626043	0.217381	0.748875	0.367519	-0.764752	0.529227	57.857277	-154.120758	591.313660	
0.602973	0.542992	0.584451	-0.777825	0.237397	0.581920	0.177231	-0.805482	0.565496	49.155113	-134.794327	569.792664	
0.427697	0.501297	0.752181	-0.903791	0.223023	0.365269	0.015354	-0.836039	0.548454	34.690094	-121.677498	549.868530	
0.940611	0.277170	-0.196028	0.109861	-0.794874	-0.596746	-0.321218	0.539770	-0.778118	28.567801	-125.204002	583.866028	
0.940611	0.277170	-0.196028	0.109861	-0.794874	-0.596746	-0.321218	0.539770	-0.778118	28.567801	-125.204002	583.866028	
0.940611	0.277170	-0.196028	0.109861	-0.794874	-0.596746	-0.321218	0.539770	-0.778118	28.567801	-125.204002	583.866028	
0.967986	0.004178	-0.250972	-0.091129	-0.925789	-0.366891	-0.233880	0.378016	-0.895770	-15.339218	-96.123009	602.180054	
0.961606	-0.104646	-0.253700	-0.174494	-0.946656	-0.270915	-0.211816	0.304782	-0.928569	-33.837383	-88.708405	607.567322	
0.947256	-0.251793	-0.198261	-0.294516	-0.927867	-0.228744	-0.126363	0.275070	-0.953083	-43.439720	-73.741570	610.760437	
0.910891	-0.371456	-0.179715	-0.401465	-0.898445	-0.177826	-0.095409	0.234129	-0.967512	-53.452274	-66.808990	619.500000	
0.897488	-0.432005	-0.088808	-0.435422	-0.899943	-0.022589	-0.070163	0.058942	-0.995792	-73.832298	-53.096684	641.832031	
0.847723	-0.530153	-0.017432	-0.529696	-0.847817	0.025059	-0.028064	-0.012009	-0.999534	-93.830475	-45.681583	651.078369	
0.784623	-0.619766	-0.016009	-0.619297	-0.784711	0.026447	-0.028953	-0.010836	-0.999522	-113.656822	-39.704273	671.367798	
0.761618	-0.648013	-0.004075	-0.647718	-0.761435	0.026028	-0.019969	-0.017184	-0.999652	-136.204742	-34.481380	706.605652	
0.585050	-0.660290	-0.470886	-0.485200	-0.750227	0.449154	-0.649844	-0.034303	-0.759293	-146.083588	-19.263603	704.719910	
0.431154	-0.699897	-0.569429	-0.514548	-0.709147	0.482027	-0.741178	0.085171	-0.665883	-149.990189	-6.753719	691.987488	
0.317509	-0.740685	-0.592092	-0.550904	-0.652302	0.520584	-0.771811	0.160895	-0.615158	-155.898041	-1.527589	695.755798	
0.207865	-0.762590	-0.612574	-0.518453	-0.616944	0.592103	-0.829456	0.194513	-0.523609	-168.501892	3.073750	699.409363	
0.149474	-0.745589	-0.649426	-0.438715	-0.638623	0.632210	-0.886107	0.190414	-0.422558	-179.857697	8.284102	710.460388	
0.067573	-0.723398	-0.687116	-0.423962	-0.644238	0.636563	-0.903155	0.248297	-0.350226	-182.959991	16.731636	710.688660	
0.046269	-0.684250	-0.727778	-0.289182	-0.706536	0.645894	-0.956155	0.180575	-0.230564	-181.470078	21.390526	695.351379	
-0.104576	-0.637919	-0.762970	-0.399269	-0.675705	0.619683	-0.910850	0.369434	-0.184039	-194.233994	28.538300	747.955994	
-0.104576	-0.637919	-0.762970	-0.399269	-0.675705	0.619683	-0.910850	0.369434	-0.184039	-194.233994	28.538300	747.955994	
-0.104576	-0.637919	-0.762970	-0.399269	-0.675705	0.619683	-0.910850	0.369434	-0.184039	-194.233994	28.538300	747.955994	
-0.104576	-0.637919	-0.762970	-0.399269	-0.675705	0.619683	-0.910850	0.369434	-0.184039	-194.233994	28.538300	747.955994	
-0.270942	-0.487143	-0.830231	-0.273983	-0.787790	0.551653	-0.922780	0.376934	0.079977	-191.593765	40.395714	791.957520	
-0.298481	-0.445719	-0.843946	-0.277209	-0.805648	0.523533	-0.913271	0.390214	0.116914	-186.218658	41.845592	796.006287	
-0.312281	-0.407488	-0.858158	-0.278231	-0.824492	0.492749	-0.908332	0.392642	0.144098	-179.208496	42.236156	806.492065	
-0.311026	-0.343984	-0.885968	-0.296713	-0.850465	0.434362	-0.902897	0.397976	0.162452	-175.358917	41.876427	826.227112	
-0.294858	-0.280732	-0.913372	-0.310777	-0.875727	0.369487	-0.903590	0.392802	0.170970	-163.980759	40.417675	832.109558	
-0.298529	-0.238441	-0.924135	-0.258332	-0.911956	0.318749	-0.918773	0.333890	0.210649	-158.047211	37.727615	846.305786	
-0.297281	-0.184908	-0.936714	-0.254695	-0.930161	0.264446	-0.920192	0.317191	0.229424	-143.381104	36.009861	862.203430	
-0.263803	-0.116478	-0.957518	-0.334567	-0.920007	0.204090	-0.904695	0.374193	0.203731	-135.381805	31.088976	879.414612	
-0.239595	-0.083865	-0.967244	-0.278034	-0.948609	0.151121	-0.930210	0.305135	0.203965	-118.403778	24.678261	891.580139	
-0.247341	-0.057859	-0.967199	-0.228806	-0.966497	0.116329	-0.941525	0.250074	0.225816	-101.447746	18.043671	906.585449	
-0.230442	-0.043587	-0.972109	-0.235836	-0.966711	0.099250	-0.944075	0.252130	0.212492	-83.212662	14.205115	912.680115	
-0.218603	-0.009061	-0.975772	-0.222467	-0.973161	0.058876	-0.950116	0.229948	0.210720	-66.950203	6.875543	955.332397	
-0.156304	0.006839	-0.987686	-0.265421	-0.963485	0.035332	-0.951378	0.267674	0.152412	-47.430088	2.198080	976.869324	
0.006579	-0.001730	-0.999977	-0.210243	-0.977649	0.000308	-0.977627	0.210236	-0.006796	-30.100342	-3.730610	939.801880	
0.084030	-0.014427	-0.996359	-0.217697	-0.976007	-0.004227	-0.972392	0.217259	-0.085155	-21.166500	-16.744600	960.642029	
0.084030	-0.014427	-0.996359	-0.217697	-0.976007	-0.004227	-0.972392	0.217259	-0.085155	-21.166500	-16.744600	960.642029	
0.084030	-0.014427	-0.996359	-0.217697	-0.976007	-0.004227	-0.972392	0.217259	-0.085155	-21.166500	-16.744600	960.642029	
0.270410	-0.172193	-0.947221	-0.394099	-0.917464	0.054278	-0.878387	0.358622	-0.315952	26.840302	-35.068565	971.114441	
0.290501	-0.213257	-0.932808	-0.357759	-0.928356	0.100823	-0.887478	0.304431	-0.345982	34.725975	-48.435970	977.633484	
0.337758	-0.277634	-0.899355	-0.289127	-0.939914	0.181572	-0.895726	0.198700	-0.397735	51.053318	-61.761009	983.390991	
0.351832	-0.320394	-0.879524	-0.233014	-0.939999	0.249212	-0.906597	0.117261	-0.405377	64.256050	-68.133751	989.477661	
0.324590	-0.388834	-0.862235	-0.318337	-0.903323	0.287525	-0.890676	0.181153	-0.416989	76.883156	-82.525558	989.040894	
0.309369	-0.492136	-0.813691	-0.396823	-0.844418	0.359847	-0.864189	0.211566	-0.456528	86.796875	-89.653854	993.599976	
0.254862	-0.557002	-0.790439	-0.395139	-0.806060	0.440605	-0.882559	0.200039	-0.425527	91.446548	-103.483917	992.636658	
0.184171	-0.616801	-0.765270	-0.449162	-0.745352	0.492651	-0.874262	0.252998	-0.414315	94.595016	-110.743958	995.088440	
0.163396	-0.690888	-0.704256	-0.460053	-0.684842	0.565105	-0.872727	0.231659	-0.429745	97.745667	-117.829903	1000.355713	
0.114554	-0.728378	-0.675531	-0.441235	-0.646557	0.622315	-0.890050	0.226779	-0.395451	99.259262	-131.659470	1003.496521	
0.011670	-0.760806	-0.648874	-0.471741	-0.576354	0.667291	-0.881660	0.298313	-0.365629	99.452332	-144.490219	1004.908936	
-0.094928	-0.784192	-0.613214	-0.482344	-0.502624	0.717435	-0.870823	0.363884	-0.330537	99.124741	-151.066513	1008.941589	
-0.163823	-0.799489	-0.577910	-0.391480	-0.485033	0.781976	-0.905486	0.354346	-0.233524	97.649376	-163.422958	1010.665649	
-0.215197	-0.813801	-0.539833	-0.345435	-0.453615	0.821528	-0.913436	0.363267	-0.183498	90.420830	-173.799789	1007.486145	
-0.347380	-0.818988	-0.456712	-0.309349	-0.359691	0.880299	-0.885229	0.447082	-0.128403	85.757507	-179.135666	1005.619995	
-0.420617	-0.805207	-0.417999	-0.201244	-0.366451	0.908413	-0.884637	0.466214	-0.007907	75.360046	-184.063446	1004.837280	
-0.498572	-0.783117	-0.371690	-0.091183	-0.379026	0.920883	-0.862039	0.493019	0.117564	62.552708	-187.150543	994.545654	
-0.404965	-0.863429	-0.300823	-0.006200	-0.326408	0.945209	-0.914311	0.384641	0.126830	55.046604	-186.599701	979.708008	
-0.744460	-0.643256	-0.178889	0.088155	-0.360286	0.928667	-0.661822	0.675585	0.324925	49.048401	-203.804001	1023.390015	
-0.744460	-0.643256	-0.178889	0.088155	-0.360286	0.928667	-0.661822	0.675585	0.324925	49.048401	-203.804001	1023.390015	
-0.744460	-0.643256	-0.178889	0.088155	-0.360286	0.928667	-0.661822	0.675585	0.324925	49.048401	-203.804001	1023.390015	
-0.744460	-0.643256	-0.178889	0.088155	-0.360286	0.928667	-0.661822	0.675585	0.324925	49.048401	-203.804001	1023.390015	
-0.959422	-0.250297	0.129851	0.261838	-0.619928	0.739682	-0.104642	0.743667	0.660310	2.067931	-211.198380	988.673462	
-0.964005	-0.193349	0.182513	0.265746	-0.678551	0.684797	-0.008561	0.708649	0.705508	-17.278044	-211.314911	981.466064	
-0.965135	-0.134529	0.224535	0.249751	-0.730051	0.636121	0.078346	0.670020	0.738196	-26.973644	-209.867935	974.914246	
-0.949304	-0.072794	0.305815	0.245947	-0.777862	0.578309	0.195785	0.624205	0.756331	-46.545120	-209.422638	971.483032	
-0.907378	0.054997	0.416701	0.156656	-0.875718	0.456703	0.390030	0.479680	0.785992	-56.530804	-208.735504	966.571167	
-0.848306	0.157746	0.505464	0.069565	-0.913117	0.401719	0.524917	0.375943	0.763629	-65.974182	-204.156235	953.911865	
-0.808312	0.243511	0.536036	-0.088229	-0.950276	0.298650	0.582106	0.194109	0.789604	-75.996780	-203.336472	947.002869	
-0.751893	0.330625	0.570390	-0.295482	-0.942401	0.156755	0.589362	-0.050677	0.806278	-93.154465	-198.961304	951.410645	
-0.694486	0.360292	0.622799	-0.387547	-0.916615	0.098112	0.606215	-0.173227	0.776206	-101.565941	-194.981308	934.846985	
-0.613170	0.422691	0.667349	-0.523848	-0.849903	0.057000	0.591275	-0.314638	0.742561	-108.499374	-189.968689	920.513245	
-0.489211	0.437927	0.754249	-0.700385	-0.712615	-0.040520	0.519744	-0.548088	0.655337	-121.920631	-180.445663	916.280151	
-0.412721	0.470834	0.779728	-0.807531	-0.585153	-0.074096	0.421373	-0.660236	0.621718	-128.811096	-172.128265	918.501770	
-0.308947	0.478222	0.822104	-0.921505	-0.364396	-0.134330	0.235331	-0.799074	0.553263	-132.047379	-160.139374	897.896240	
-0.254098	0.453373	0.854334	-0.962729	-0.203201	-0.178503	0.092673	-0.867849	0.488108	-139.842758	-149.137115	892.320984	
-0.175848	0.371707	0.911543	-0.983225	-0.020757	-0.181212	-0.048437	-0.928118	0.369123	-141.112717	-135.431625	882.251770	
-0.133585	0.265686	0.954759	-0.986442	0.057022	-0.153885	-0.095328	-0.962372	0.254467	-143.220657	-118.665588	875.797485	
-0.109427	0.170826	0.979206	-0.992584	-0.071248	-0.098492	0.052940	-0.982722	0.177357	-146.104034	-103.268906	867.123535	
-0.026509	0.125781	0.991704	-0.880230	0.467269	-0.082795	-0.473806	-0.875122	0.098329	-145.270996	-102.653000	872.351990	
-0.026509	0.125781	0.991704	-0.880230	0.467269	-0.082795	-0.473806	-0.875122	0.098329	-145.270996	-102.653000	872.351990	
-0.026509	0.125781	0.991704	-0.880230	0.467269	-0.082795	-0.473806	-0.875122	0.098329	-145.270996	-102.653000	872.351990	
-0.020143	-0.109936	0.993735	-0.496614	0.863751	0.085490	-0.867737	-0.491781	-0.071994	-129.154388	-71.113640	824.509338	
-0.050727	-0.222415	0.973632	-0.351043	0.916650	0.191108	-0.934984	-0.332093	-0.124575	-119.342796	-63.249451	812.864319	
-0.076624	-0.275703	0.958184	-0.234920	0.938947	0.251381	-0.968989	-0.205834	-0.136714	-112.342377	-54.859123	802.388123	
-0.125088	-0.381900	0.915699	-0.141350	0.920394	0.364549	-0.982024	-0.083833	-0.169112	-105.440430	-40.902294	797.908142	
-0.166550	-0.425525	0.889488	-0.047317	0.904498	0.423845	-0.984896	0.028504	-0.170779	-97.953896	-27.402308	790.571960	
-0.198202	-0.466621	0.861963	0.090117	0.867010	0.490074	-0.976009	0.174811	-0.129793	-81.462891	-12.381405	773.052490	
-0.256888	-0.495381	0.829823	0.253774	0.793931	0.552514	-0.932527	0.352522	-0.078236	-72.005981	-5.884118	762.261902	
-0.306694	-0.524275	0.794402	0.321837	0.728342	0.604928	-0.895745	0.441197	-0.054647	-62.886589	1.188338	753.453857	
-0.240905	-0.607266	0.757094	0.311582	0.690386	0.652904	-0.919173	0.393186	0.022896	-51.052029	6.960101	727.756165	
-0.327553	-0.634260	0.700302	0.233090	0.664037	0.710438	-0.915629	0.395941	-0.069668	-30.023439	20.287617	718.644165	
-0.534312	-0.641401	0.550559	0.105924	0.595388	0.796424	-0.838623	0.483858	-0.250183	-19.975948	32.736282	738.133362	
-0.828416	-0.473009	0.299979	0.037225	0.487891	0.872109	-0.558873	0.733638	-0.386569	-11.974892	39.295849	715.281494	
-0.878822	-0.475324	0.041679	-0.231317	0.500815	0.834071	-0.417327	0.723361	-0.550078	-1.565163	49.356674	724.174744	
-0.866894	-0.471812	-0.160894	-0.402614	0.472372	0.784070	-0.293932	0.744485	-0.599455	8.021550	52.605946	697.131714	
-0.741209	-0.443398	-0.503990	-0.667589	0.408352	0.622553	-0.070233	0.797901	-0.598682	16.294008	53.961933	653.458313	
-0.906350	-0.360980	0.219598	0.389831	-0.513937	0.764134	-0.162977	0.778179	0.606527	35.853001	54.402599	664.072998	
-0.906350	-0.360980	0.219598	0.389831	-0.513937	0.764134	-0.162977	0.778179	0.606527	35.853001	54.402599	664.072998	
-0.906350	-0.360980	0.219598	0.389831	-0.513937	0.764134	-0.162977	0.778179	0.606527	35.853001	54.402599	664.072998	
-0.906350	-0.360980	0.219598	0.389831	-0.513937	0.764134	-0.162977	0.778179	0.606527	35.853001	54.402599	664.072998	
-0.992346	-0.098737	-0.074151	0.039397	-0.822293	0.567699	-0.117027	0.560434	0.819889	83.028503	59.156876	630.729065	
-0.994925	0.011910	-0.099901	-0.061255	-0.859422	0.507584	-0.079811	0.511129	0.855790	91.646042	57.695351	620.451172	
-0.980513	0.062904	-0.186107	-0.141115	-0.884608	0.444472	-0.136672	0.462075	0.876246	95.919014	56.659164	613.352600	
-0.957305	0.167414	-0.235667	-0.254179	-0.875783	0.410363	-0.137692	0.452746	0.880944	98.156082	52.899899	601.728943	
-0.916313	0.263145	-0.301869	-0.365660	-0.857146	0.362759	-0.163286	0.442783	0.881635	99.644119	50.709530	598.594238	
-0.910634	0.302276	-0.281734	-0.382933	-0.873530	0.300513	-0.155264	0.381544	0.911217	100.537590	44.912209	597.926392	
-0.831217	0.332182	-0.445793	-0.455281	-0.866913	0.202931	-0.319053	0.371642	0.871829	99.503975	37.943024	589.754395	
-0.740344	0.342312	-0.578542	-0.478670	-0.872712	0.096174	-0.471978	0.348134	0.809962	95.825882	29.246916	586.318481	
-0.663032	0.393670	-0.636719	-0.553012	-0.830851	0.062169	-0.504543	0.393334	0.768585	92.893654	20.026588	582.884399	
-0.543361	0.404152	-0.735812	-0.619052	-0.784919	0.026016	-0.567038	0.469643	0.676685	84.973969	14.219650	580.094238	
-0.419109	0.387972	-0.820868	-0.677032	-0.735951	-0.002166	-0.604958	0.554847	0.571113	74.776306	7.876705	575.805481	
-0.361218	0.365884	-0.857700	-0.657427	-0.752232	-0.044019	-0.661294	0.547976	0.512261	63.065525	1.145016	572.657471	
-0.305227	0.338466	-0.890099	-0.629861	-0.772794	-0.077872	-0.714219	0.536871	0.449064	49.239975	-6.073103	570.770508	
-0.238200	0.317404	-0.917886	-0.637352	-0.764205	-0.098863	-0.732831	0.561468	0.384332	33.724815	-19.151531	569.301086	
-0.149004	0.220920	-0.963842	-0.607657	-0.789420	-0.087002	-0.780095	0.572723	0.251871	25.490055	-26.963322	568.402161	
-0.076529	0.114731	-0.990444	-0.590320	-0.805757	-0.047725	-0.803532	0.581027	0.129392	8.323118	-34.872673	568.690857	
-0.010881	-0.003150	-0.999935	-0.498083	-0.867092	0.008150	-0.867060	0.498140	0.007866	-0.365169	-42.143085	565.223999	
0.010901	-0.054514	-0.998453	-0.273933	-0.960477	0.049449	-0.961686	0.272970	-0.025404	-19.081326	-52.634109	559.374390	
0.016019	-0.111575	-0.993626	-0.025425	-0.993479	0.111147	-0.999547	0.023482	-0.018751	-32.691372	-54.716179	528.693176	
0.020856	-0.171057	-0.985040	0.025249	-0.984851	0.171557	-0.999462	-0.028450	-0.016222	-53.162659	-69.742340	558.420898	
-0.002330	-0.249100	-0.968474	0.059205	-0.966814	0.248529	-0.998242	-0.056760	0.017000	-72.221024	-87.109940	591.570190	
-0.050380	-0.361238	-0.931111	0.032247	-0.932398	0.359991	-0.998208	-0.011890	0.058623	-80.266563	-98.942490	606.896851	
-0.168958	-0.438081	-0.882915	-0.125149	-0.879008	0.460089	-0.977644	0.188232	0.093690	-85.836922	-106.819305	622.849487	
-0.259561	-0.529152	-0.807853	-0.211435	-0.785090	0.582175	-0.942296	0.321918	0.091897	-92.043297	-103.605606	587.102722	
-0.133532	-0.776703	-0.615550	-0.632657	-0.411279	0.656197	-0.762833	0.477055	-0.436467	-132.975006	-134.408005	598.591003	
-0.133532	-0.776703	-0.615550	-0.632657	-0.411279	0.656197	-0.762833	0.477055	-0.436467	-132.975006	-134.408005	598.591003	
-0.133532	-0.776703	-0.615550	-0.632657	-0.411279	0.656197	-0.762833	0.477055	-0.436467	-132.975006	-134.408005	598.591003	
-0.364823	-0.850768	-0.378283	-0.510543	-0.156968	0.845403	-0.778621	0.501552	-0.377087	-169.183197	-170.224701	608.747009	
-0.458857	-0.855300	-0.240652	-0.433259	-0.021079	0.901022	-0.775717	0.517705	-0.360894	-175.255325	-175.494568	614.944519	
-0.509551	-0.854316	-0.102474	-0.317391	0.075924	0.945250	-0.799763	0.514178	-0.309839	-184.927704	-185.014099	621.670471	
-0.553015	-0.832370	0.036549	-0.214819	0.184832	0.959004	-0.805002	0.522492	-0.281024	-192.276367	-188.984360	627.368408	
-0.582399	-0.794395	0.172476	-0.108838	0.286464	0.951889	-0.805584	0.535607	-0.253296	-197.984375	-193.057098	631.604980	
-0.630555	-0.714345	0.303498	0.053255	0.350290	0.935126	-0.774315	0.605811	-0.182834	-201.205597	-195.600571	643.188721	
-0.654344	-0.619068	0.434268	0.226945	0.387041	0.893697	-0.721339	0.683341	-0.112764	-201.373764	-201.002975	646.582397	
-0.651852	-0.518909	0.553012	0.361667	0.428238	0.828136	-0.666548	0.739828	-0.091476	-201.610352	-205.884827	663.908630	
-0.604972	-0.437732	0.665130	0.518398	0.417518	0.746285	-0.604377	0.796285	-0.025667	-198.872772	-206.218155	669.213257	
-0.599600	-0.357849	0.715837	0.627465	0.344999	0.698043	-0.496757	0.867710	0.017677	-195.484909	-207.655655	676.841553	
-0.530421	-0.256725	0.807926	0.760797	0.276249	0.587260	-0.373953	0.926164	0.048787	-187.709839	-207.302246	682.400757	
-0.446466	-0.168479	0.878796	0.852144	0.219561	0.475019	-0.272980	0.960942	0.045543	-183.802277	-206.803360	700.711243	
-0.396430	-0.127498	0.909168	0.896898	0.157641	0.413186	-0.196002	0.979232	0.051859	-177.516556	-202.983887	708.086670	
-0.276005	-0.070589	0.958560	0.954161	0.099976	0.282101	-0.115746	0.992484	0.039760	-165.650421	-202.363861	727.617371	
-0.148285	-0.025402	0.988618	0.988027	0.039251	0.149205	-0.042594	0.998907	0.019278	-150.222534	-198.164734	745.105896	
-0.010259	0.008070	0.999914	0.999218	-0.038098	0.010559	0.038179	0.999242	-0.007672	-131.871658	-193.808838	749.020569	
0.134518	0.016622	0.990772	0.976210	-0.173812	-0.129625	0.170054	0.984639	-0.039608	-117.306000	-194.544998	781.635010	
0.134518	0.016622	0.990772	0.976210	-0.173812	-0.129625	0.170054	0.984639	-0.039608	-117.306000	-194.544998	781.635010	
0.134518	0.016622	0.990772	0.976210	-0.173812	-0.129625	0.170054	0.984639	-0.039608	-117.306000	-194.544998	781.635010	
0.460053	-0.029621	0.887397	0.795540	-0.430081	-0.426787	0.394293	0.902304	-0.174295	-75.184944	-163.867294	810.531311	
0.574532	-0.055811	0.816578	0.704878	-0.473342	-0.528293	0.416004	0.879109	-0.232609	-64.618721	-158.679886	831.781616	
0.674639	-0.118530	0.728570	0.578758	-0.527682	-0.621764	0.458150	0.841131	-0.287394	-45.113113	-147.437759	835.451660	
0.717917	-0.147795	0.680259	0.508232	-0.556501	-0.657273	0.475706	0.817596	-0.324407	-24.862638	-140.600983	841.344299	
0.789144	-0.201665	0.580159	0.394322	-0.557857	-0.730278	0.470916	0.805063	-0.360708	-6.346123	-126.307655	839.193359	
0.850094	-0.266341	0.454316	0.230060	-0.588196	-0.775305	0.473722	0.763602	-0.438747	3.321684	-114.686081	859.287903	
0.864788	-0.325545	0.382313	0.114302	-0.613760	-0.781175	0.488955	0.719249	-0.493561	12.774480	-108.701279	873.323303	
0.870750	-0.418015	0.258957	-0.045718	-0.593167	-0.803780	0.489596	0.688052	-0.535611	21.272434	-95.373062	891.498596	
0.874965	-0.468870	0.120818	-0.185484	-0.555074	-0.810856	0.447249	0.687061	-0.572638	29.291649	-81.202507	902.145203	
0.843548	-0.534616	0.051120	-0.282549	-0.522729	-0.804313	0.456720	0.664033	-0.592002	35.903450	-66.681961	916.712402	
0.801609	-0.597308	-0.025436	-0.384670	-0.482739	-0.786760	0.457659	0.640458	-0.616734	42.357769	-52.544563	937.523499	
0.755839	-0.649064	-0.086164	-0.462964	-0.436732	-0.771316	0.463002	0.622881	-0.630593	52.248611	-45.669388	950.025818	
0.721654	-0.655390	-0.222891	-0.555982	-0.356900	-0.750671	0.412432	0.665647	-0.621943	59.885521	-31.393230	951.042847	
0.680556	-0.671913	-0.292193	-0.624939	-0.324132	-0.710204	0.382485	0.665936	-0.640495	62.841331	-17.730236	957.447510	
0.614234	-0.704942	-0.354646	-0.685047	-0.253263	-0.683058	0.391697	0.662507	-0.638481	64.505501	-3.674068	963.705200	
0.575797	-0.708719	-0.407647	-0.719417	-0.202294	-0.664467	0.388455	0.675866	-0.626344	66.361031	9.228380	978.300476	
0.531904	-0.704952	-0.469170	-0.760511	-0.154008	-0.630796	0.372424	0.692332	-0.618041	65.623375	21.588587	981.322693	
0.487014	-0.696563	-0.526893	-0.797425	-0.108540	-0.593576	0.356274	0.709238	-0.608317	63.841763	26.780233	991.586365	
0.444091	-0.683332	-0.579517	-0.823821	-0.057107	-0.563966	0.352281	0.727871	-0.588303	60.887913	37.665443	1002.996826	
0.390096	-0.617966	-0.682599	-0.860633	0.018819	-0.508877	0.327314	0.785979	-0.524501	53.018005	48.652122	1001.575073	
0.341997	-0.593040	-0.728931	-0.882090	0.064828	-0.466598	0.323966	0.802559	-0.500944	47.955299	59.055794	1010.283508	
0.301780	-0.557117	-0.773659	-0.897803	0.106943	-0.427215	0.320745	0.823519	-0.467909	37.230267	67.081161	1009.192871	
0.238500	-0.529100	-0.814353	-0.905707	0.181415	-0.383123	0.350446	0.828940	-0.435942	23.945084	75.302979	1017.765625	
0.186997	-0.493282	-0.849532	-0.904682	0.250564	-0.344626	0.382860	0.833001	-0.399409	16.235256	82.863380	1020.435120	
0.145100	-0.448540	-0.881905	-0.898476	0.313545	-0.307296	0.414351	0.836959	-0.357507	1.261178	85.933189	1026.319458	
0.084755	-0.337138	-0.937632	-0.891945	0.393772	-0.222211	0.444129	0.855150	-0.267334	-15.813709	89.266075	1037.557007	
0.069993	-0.275521	-0.958743	-0.900661	0.395726	-0.179475	0.428848	0.876064	-0.220453	-33.413620	90.003990	1024.267700	
0.029613	-0.156750	-0.987194	-0.894413	0.436776	-0.096182	0.446258	0.885808	-0.127265	-43.446129	90.946190	1022.542908	
0.012658	-0.085203	-0.996283	-0.856415	0.513373	-0.054785	0.516133	0.853925	-0.066471	-55.403702	96.031197	1068.989990	
0.012658	-0.085203	-0.996283	-0.856415	0.513373	-0.054785	0.516133	0.853925	-0.066471	-55.403702	96.031197	1068.989990	
0.012658	-0.085203	-0.996283	-0.856415	0.513373	-0.054785	0.516133	0.853925	-0.066471	-55.403702	96.031197	1068.989990	
0.012658	-0.085203	-0.996283	-0.856415	0.513373	-0.054785	0.516133	0.853925	-0.066471	-55.403702	96.031197	1068.989990	
0.012026	0.354483	-0.934985	-0.777597	0.591177	0.214133	0.628648	0.724466	0.282755	-104.478325	90.020958	1057.334351	
0.029518	0.419585	-0.907236	-0.754136	0.605064	0.255298	0.656055	0.676643	0.334284	-114.593063	86.955215	1066.148193	
0.049977	0.473769	-0.879230	-0.728357	0.619635	0.292487	0.683373	0.625775	0.376040	-123.426590	81.457329	1063.698608	
0.085026	0.519235	-0.850391	-0.705367	0.634166	0.316686	0.703724	0.572911	0.420172	-131.713593	75.245117	1059.942139	
0.130664	0.575693	-0.807159	-0.666892	0.653461	0.358113	0.733609	0.491494	0.469308	-139.729492	67.828728	1058.126709	
0.169564	0.614444	-0.770524	-0.643533	0.661177	0.385629	0.746400	0.430468	0.507527	-146.476257	63.779457	1050.637939	
0.216141	0.656785	-0.722439	-0.603798	0.671388	0.429728	0.767276	0.343324	0.541679	-152.140869	53.929070	1045.289551	
0.237532	0.689653	-0.684075	-0.599609	0.658149	0.455313	0.764230	0.302025	0.569853	-162.693878	43.276394	1041.610229	
0.299019	0.746875	-0.593942	-0.599864	0.631182	0.491704	0.742127	0.209254	0.636758	-172.338516	31.900560	1042.915649	
0.326069	0.799572	-0.504345	-0.609975	0.585536	0.533928	0.722226	0.133540	0.678643	-175.076965	26.598083	1038.535889	
0.345932	0.838641	-0.420728	-0.612023	0.541573	0.576304	0.711168	0.058133	0.700615	-176.324860	20.449631	1022.151855	
0.385556	0.873470	-0.297315	-0.634209	0.484919	0.602190	0.670169	-0.043619	0.740926	-179.219589	14.225094	1016.670105	
0.428750	0.888942	-0.161104	-0.653079	0.428189	0.624614	0.624229	-0.162591	0.764135	-180.030228	7.362064	1020.166260	
0.463294	0.885722	-0.029247	-0.675760	0.374436	0.634939	0.573331	-0.274400	0.772008	-179.322006	1.118324	1015.227600	
0.497649	0.861435	0.101359	-0.687509	0.320501	0.651623	0.528846	-0.393965	0.751741	-175.505615	-12.706165	1002.753174	
0.504053	0.851005	0.147378	-0.683491	0.288727	0.670432	0.527989	-0.438665	0.727187	-171.560608	-20.102905	992.263123	
0.516393	0.814919	0.263141	-0.693915	0.218132	0.686223	0.501818	-0.536959	0.678127	-161.743118	-34.790131	976.343872	
0.516623	0.796891	0.313151	-0.706424	0.190050	0.681797	0.483805	-0.573450	0.661127	-151.287903	-42.057281	962.918945	
0.537255	0.760917	0.363816	-0.709499	0.174504	0.682760	0.456037	-0.624944	0.633622	-138.981598	-48.579361	947.039490	
0.543268	0.734265	0.407081	-0.716155	0.152243	0.681135	0.438159	-0.661572	0.608556	-132.018936	-62.979637	941.954773	
