0.997320	-0.048295	0.054958	0.044067	0.996156	0.075708	-0.058403	-0.073083	0.995615	18.775230	5.323706	543.912109	
0.977263	-0.134753	0.163704	0.115014	0.985514	0.124630	-0.178127	-0.102968	0.978606	27.469376	10.162419	545.177795	
0.952891	-0.175589	0.247320	0.149750	0.981437	0.119819	-0.263768	-0.077138	0.961497	36.187546	18.423193	549.792725	
0.887353	-0.209209	0.410898	0.185494	0.977819	0.097275	-0.422134	-0.010098	0.906478	44.710575	20.828918	552.740051	
0.797018	-0.273887	0.538284	0.273164	0.958365	0.083166	-0.538651	0.080755	0.838651	52.684299	26.505045	556.302246	
0.729587	-0.342594	0.591890	0.349387	0.930727	0.108050	-0.587905	0.127967	0.798744	69.791847	28.025965	559.561096	
0.649051	-0.370396	0.664486	0.477229	0.878464	0.023527	-0.592441	0.301841	0.746931	76.724884	31.347536	560.491638	
0.576756	-0.313325	0.754441	0.589777	0.798727	-0.119156	-0.565258	0.513675	0.645463	82.745636	34.092865	563.846252	
0.547708	-0.304780	0.779183	0.636391	0.756344	-0.151489	-0.543160	0.578836	0.608216	87.993576	35.358833	566.132996	
0.473493	-0.267184	0.839296	0.685347	0.710304	-0.160522	-0.553266	0.651215	0.519438	98.000122	35.942326	574.907837	
0.414101	-0.261726	0.871792	0.753695	0.635603	-0.167187	-0.510356	0.726297	0.460466	101.780411	35.882401	588.323853	
0.297674	-0.211444	0.930958	0.824181	0.549047	-0.138830	-0.481785	0.808603	0.337705	104.463257	34.153908	595.583313	
0.199270	-0.174235	0.964331	0.888854	0.446461	-0.103007	-0.412589	0.877676	0.243836	105.462448	33.006447	606.343445	
0.116747	-0.086774	0.989364	0.919496	0.385947	-0.074652	-0.375364	0.918431	0.124846	106.504913	29.104952	617.232605	
0.028962	-0.029252	0.999153	0.958376	0.284846	-0.019441	-0.284036	0.958127	0.036284	104.917068	23.318583	615.876282	
0.038638	0.005729	0.999237	0.975403	0.216957	-0.038960	-0.217016	0.976164	0.002794	103.917892	16.849293	622.590393	
-0.004735	0.023490	0.999713	0.983367	0.181627	0.000390	-0.181566	0.983087	-0.023960	102.265892	13.231303	636.710938	
-0.040914	0.046545	0.998078	0.992995	0.112713	0.035450	-0.110847	0.992537	-0.050830	104.411278	3.280657	672.814941	
0.014314	0.099214	0.994964	0.999818	0.011114	-0.015491	-0.012596	0.995004	-0.099037	98.920959	-10.568561	666.010437	
0.028460	0.093278	0.995234	0.999050	-0.035534	-0.025238	0.033010	0.995006	-0.094200	90.388145	-24.188374	686.228577	
-0.005726	0.237162	0.971453	0.981435	-0.184908	0.050927	0.191708	0.953710	-0.231700	81.315804	-31.451500	649.338013	
-0.005726	0.237162	0.971453	0.981435	-0.184908	0.050927	0.191708	0.953710	-0.231700	81.315804	-31.451500	649.338013	
-0.005726	0.237162	0.971453	0.981435	-0.184908	0.050927	0.191708	0.953710	-0.231700	81.315804	-31.451500	649.338013	
0.058804	0.483745	0.873232	0.932209	-0.339533	0.125315	0.357112	0.806665	-0.470917	59.483547	-56.601879	677.978271	
0.097958	0.562947	0.820667	0.910498	-0.383589	0.154447	0.401744	0.732086	-0.550137	52.942844	-70.795372	699.349121	
0.195847	0.597655	0.777466	0.875762	-0.463320	0.135555	0.441230	0.654327	-0.614143	37.022720	-86.390350	714.682739	
0.336031	0.628525	0.701456	0.867851	-0.495996	0.028683	0.365947	0.599120	-0.712136	20.969152	-100.198608	712.461609	
0.366556	0.735217	0.570170	0.830273	-0.535038	0.156142	0.419861	0.416162	-0.806552	11.113636	-106.050865	726.942566	
0.444730	0.755576	0.480959	0.795437	-0.580016	0.175673	0.411698	0.304444	-0.858963	0.236184	-111.403290	727.722168	
0.572665	0.788443	0.224528	0.682790	-0.610307	0.401651	0.453710	-0.076707	-0.887842	-11.643070	-122.436325	728.115723	
0.487149	0.777803	0.397124	0.558458	-0.627050	0.543078	0.671425	-0.042784	-0.739837	-22.345234	-139.989105	754.806641	
0.577427	0.737753	0.349713	0.487762	-0.655215	0.576873	0.654726	-0.162526	-0.738186	-31.186390	-147.447357	776.710022	
0.548943	0.724136	0.417480	0.398224	-0.665707	0.631073	0.734902	-0.180173	-0.653803	-38.950901	-159.223038	779.630127	
0.493900	0.666595	0.558315	0.181687	-0.707038	0.683438	0.850326	-0.236112	-0.470317	-45.388542	-169.293381	766.732422	
0.412265	0.638758	0.649636	0.075385	-0.734523	0.674384	0.907940	-0.229053	-0.350971	-52.209625	-174.466431	777.113342	
0.392259	0.600844	0.696506	0.020702	-0.762765	0.646344	0.919622	-0.239116	-0.311640	-66.180664	-188.729111	795.748535	
0.385709	0.560562	0.732802	-0.026854	-0.787104	0.616235	0.922230	-0.257367	-0.288540	-80.057076	-204.622803	818.321533	
0.382780	0.516731	0.765813	-0.052478	-0.815445	0.576451	0.922348	-0.260843	-0.285019	-92.830429	-218.470215	841.232483	
0.397268	0.463078	0.792299	-0.074477	-0.844233	0.530776	0.914676	-0.269869	-0.300898	-103.441841	-225.285782	865.170532	
0.412937	0.344402	0.843132	-0.100730	-0.902795	0.418107	0.905172	-0.257582	-0.338106	-111.646797	-230.731995	886.923889	
0.531793	0.207765	0.820994	-0.157984	-0.928083	0.337199	0.832009	-0.309024	-0.460724	-115.550415	-243.612503	919.796570	
0.853696	0.127297	-0.504973	0.500304	-0.469647	0.727412	-0.144562	-0.873629	-0.464623	-115.860001	-238.270996	901.768005	
0.853696	0.127297	-0.504973	0.500304	-0.469647	0.727412	-0.144562	-0.873629	-0.464623	-115.860001	-238.270996	901.768005	
0.853696	0.127297	-0.504973	0.500304	-0.469647	0.727412	-0.144562	-0.873629	-0.464623	-115.860001	-238.270996	901.768005	
0.853696	0.127297	-0.504973	0.500304	-0.469647	0.727412	-0.144562	-0.873629	-0.464623	-115.860001	-238.270996	901.768005	
0.853696	0.127297	-0.504973	0.500304	-0.469647	0.727412	-0.144562	-0.873629	-0.464623	-115.860001	-238.270996	901.768005	
0.652494	-0.074717	-0.754102	0.685834	-0.365028	0.629592	-0.322310	-0.927993	-0.186936	-104.989540	-246.805328	925.881775	
0.661156	-0.112553	-0.741758	0.676281	-0.338658	0.654182	-0.324832	-0.934153	-0.147789	-92.576431	-240.210907	916.390747	
0.522662	-0.202933	-0.828035	0.681231	-0.484557	0.548752	-0.512590	-0.850895	-0.115015	-93.022003	-252.479004	968.301025	
0.522662	-0.202933	-0.828035	0.681231	-0.484557	0.548752	-0.512590	-0.850895	-0.115015	-93.022003	-252.479004	968.301025	
0.522662	-0.202933	-0.828035	0.681231	-0.484557	0.548752	-0.512590	-0.850895	-0.115015	-93.022003	-252.479004	968.301025	
0.522662	-0.202933	-0.828035	0.681231	-0.484557	0.548752	-0.512590	-0.850895	-0.115015	-93.022003	-252.479004	968.301025	
0.222355	-0.238947	-0.945231	0.762149	-0.562012	0.321359	-0.608018	-0.791863	0.057147	-48.973167	-229.029572	974.904724	
0.147162	-0.204185	-0.967808	0.783221	-0.573516	0.240092	-0.604076	-0.793340	0.075522	-39.880604	-224.063400	987.679138	
0.157684	-0.174737	-0.971907	0.802546	-0.550792	0.229232	-0.575373	-0.816147	0.053383	-30.318737	-211.106934	970.539429	
0.085333	-0.153096	-0.984520	0.742854	-0.648733	0.165266	-0.663992	-0.745458	0.058369	-20.947662	-205.991119	987.958191	
0.039003	-0.131108	-0.990600	0.750417	-0.650764	0.115676	-0.659812	-0.747876	0.073004	-11.141963	-197.640976	1001.931152	
0.027620	-0.058603	-0.997899	0.766304	-0.639784	0.058781	-0.641884	-0.766318	0.027237	7.406557	-184.160202	996.228943	
0.108101	-0.006728	-0.994117	0.740725	-0.666402	0.085057	-0.663053	-0.745563	-0.067055	16.971518	-171.755051	994.325439	
0.113485	0.024580	-0.993235	0.744459	-0.664133	0.068624	-0.657953	-0.747211	-0.093668	26.989796	-156.220764	980.323608	
-0.025843	0.139531	-0.989880	0.639835	-0.758505	-0.123621	-0.768078	-0.636555	-0.069675	44.483299	-149.996002	1024.770020	
-0.025843	0.139531	-0.989880	0.639835	-0.758505	-0.123621	-0.768078	-0.636555	-0.069675	44.483299	-149.996002	1024.770020	
-0.025843	0.139531	-0.989880	0.639835	-0.758505	-0.123621	-0.768078	-0.636555	-0.069675	44.483299	-149.996002	1024.770020	
-0.025843	0.139531	-0.989880	0.639835	-0.758505	-0.123621	-0.768078	-0.636555	-0.069675	44.483299	-149.996002	1024.770020	
0.148563	0.301928	-0.941684	0.668189	-0.732637	-0.129486	-0.729008	-0.609986	-0.310588	86.802437	-102.296661	986.792114	
0.137765	0.354139	-0.924990	0.644531	-0.741164	-0.187765	-0.752064	-0.570317	-0.330360	100.446823	-97.380722	1001.672791	
0.158129	0.349934	-0.923332	0.597248	-0.778546	-0.192776	-0.786315	-0.520974	-0.332107	110.872894	-81.671021	1005.072144	
0.176449	0.344643	-0.922002	0.568792	-0.800176	-0.190251	-0.803332	-0.490857	-0.337220	115.820412	-66.195908	1014.193359	
0.138826	0.308932	-0.940898	0.648681	-0.746269	-0.149317	-0.748291	-0.589613	-0.304000	118.484016	-51.206062	1000.942505	
0.110704	0.262154	-0.958656	0.682226	-0.721473	-0.118511	-0.722712	-0.640900	-0.258718	120.804413	-43.798401	978.346497	
0.130926	0.205504	-0.969860	0.713746	-0.698498	-0.051653	-0.688059	-0.685470	-0.238129	120.380196	-28.835487	961.333252	
0.518555	0.330956	-0.788396	0.326615	-0.928802	-0.175070	-0.790204	-0.166718	-0.589731	125.502998	-15.991500	998.991028	
0.518555	0.330956	-0.788396	0.326615	-0.928802	-0.175070	-0.790204	-0.166718	-0.589731	125.502998	-15.991500	998.991028	
0.518555	0.330956	-0.788396	0.326615	-0.928802	-0.175070	-0.790204	-0.166718	-0.589731	125.502998	-15.991500	998.991028	
0.518555	0.330956	-0.788396	0.326615	-0.928802	-0.175070	-0.790204	-0.166718	-0.589731	125.502998	-15.991500	998.991028	
0.518555	0.330956	-0.788396	0.326615	-0.928802	-0.175070	-0.790204	-0.166718	-0.589731	125.502998	-15.991500	998.991028	
0.775944	0.088602	-0.624548	0.083489	-0.995802	-0.037542	-0.625253	-0.023013	-0.780083	94.211334	25.312107	951.770386	
0.811361	0.001191	-0.584544	0.017758	-0.999587	0.022612	-0.584276	-0.028727	-0.811046	88.608841	30.525967	952.926819	
0.804526	-0.059430	-0.590937	-0.034110	-0.997962	0.053925	-0.592938	-0.023228	-0.804913	75.178879	38.752869	950.274231	
0.826677	-0.103649	-0.553049	-0.089325	-0.994598	0.052881	-0.555542	0.005686	-0.831469	66.274513	44.145775	933.908203	
0.900703	-0.163738	-0.402400	-0.142164	-0.986346	0.083138	-0.410519	-0.017676	-0.911680	49.352333	45.613499	913.235718	
0.898857	-0.237616	-0.368233	-0.167340	-0.962677	0.212724	-0.405036	-0.129588	-0.905070	31.955524	50.169666	914.287476	
0.749037	-0.358381	-0.557232	-0.174323	-0.918041	0.356107	-0.639184	-0.169599	-0.750120	13.538630	53.482658	908.610779	
0.722530	-0.470605	-0.506441	-0.223298	-0.852146	0.473271	-0.654286	-0.228865	-0.720785	4.452515	54.497692	891.945984	
0.701961	-0.574806	-0.420537	-0.329457	-0.785555	0.523796	-0.631436	-0.229135	-0.740801	-14.077641	54.988205	883.598938	
0.583957	-0.685520	-0.434808	-0.388889	-0.706394	0.591417	-0.712574	-0.176270	-0.679093	-33.481880	53.455776	869.955261	
0.486142	-0.771017	-0.411339	-0.421228	-0.619159	0.662728	-0.765660	-0.148913	-0.625772	-53.223896	52.093014	864.727112	
0.422273	-0.834289	-0.354469	-0.390961	-0.520427	0.759148	-0.817824	-0.181984	-0.545936	-72.324722	48.974396	869.201172	
0.342544	-0.880318	-0.328184	-0.432303	-0.457828	0.776858	-0.834134	-0.124233	-0.537389	-81.345047	43.851334	858.090576	
0.312356	-0.914145	-0.258404	-0.441398	-0.380530	0.812628	-0.841191	-0.139770	-0.522362	-89.780937	38.399426	838.136658	
0.253428	-0.945861	-0.202785	-0.451240	-0.301013	0.840104	-0.855662	-0.121401	-0.503094	-105.636055	34.399036	822.146240	
0.193985	-0.966351	-0.168929	-0.438058	-0.239406	0.866481	-0.877767	-0.094083	-0.469758	-120.080307	29.199614	796.608032	
0.152418	-0.978643	-0.137942	-0.390385	-0.187838	0.901286	-0.907948	-0.083521	-0.410676	-132.287674	23.740908	781.158386	
0.101254	-0.984235	-0.145014	-0.269453	-0.167446	0.948344	-0.957676	-0.056949	-0.282159	-144.324097	19.763693	769.417664	
-0.035018	-0.986643	-0.159090	-0.192590	-0.149541	0.969818	-0.980655	0.064601	-0.184780	-151.053070	13.874404	766.817383	
-0.173743	-0.971934	-0.158616	0.006073	-0.162120	0.986752	-0.984773	0.170478	0.034071	-161.670319	7.719242	771.353699	
-0.369351	-0.923146	-0.106688	0.133005	-0.166138	0.977091	-0.919723	0.346700	0.184147	-164.566208	0.920052	750.858276	
-0.428700	-0.895231	-0.121566	0.184418	-0.218438	0.958266	-0.884425	0.388391	0.258742	-170.854553	-12.765844	744.870422	
-0.523362	-0.842849	-0.125289	0.225497	-0.278786	0.933504	-0.821732	0.460309	0.335966	-171.180771	-25.531155	723.808044	
-0.697464	-0.708938	-0.104650	0.172471	-0.307802	0.935688	-0.695557	0.634559	0.336952	-167.519440	-33.106850	697.168701	
-0.763654	-0.633027	-0.126928	0.110763	-0.322138	0.940190	-0.636055	0.703921	0.316118	-163.892700	-40.758919	678.152832	
-0.834584	-0.515618	-0.193929	0.032838	-0.397974	0.916808	-0.549902	0.758786	0.349075	-162.578720	-49.619675	668.603516	
-0.912388	-0.404109	-0.065144	0.191576	-0.562222	0.804490	-0.361728	0.721528	0.590383	-169.893585	-65.788567	702.275818	
-0.920830	-0.389137	-0.025402	0.252947	-0.645596	0.720571	-0.296801	0.657098	0.692915	-160.873993	-73.622200	691.382019	
-0.920830	-0.389137	-0.025402	0.252947	-0.645596	0.720571	-0.296801	0.657098	0.692915	-160.873993	-73.622200	691.382019	
-0.920830	-0.389137	-0.025402	0.252947	-0.645596	0.720571	-0.296801	0.657098	0.692915	-160.873993	-73.622200	691.382019	
-0.987636	-0.147931	-0.051883	0.100318	-0.850713	0.515968	-0.120465	0.504383	0.855035	-126.680405	-109.208725	648.682983	
-0.998919	-0.031505	-0.034176	0.011710	-0.882107	0.470904	-0.044983	0.469995	0.881522	-111.949928	-116.517609	638.221375	
-0.983928	0.175084	-0.035105	-0.178290	-0.974201	0.138365	-0.009974	0.142400	0.989759	-110.481750	-129.631836	667.100769	
-0.971251	0.235099	0.037424	-0.232086	-0.970102	0.070977	0.052992	0.060251	0.996776	-90.788719	-135.832657	649.541626	
-0.954207	0.297669	-0.029708	-0.296144	-0.953994	-0.046834	-0.042282	-0.035892	0.998461	-79.192947	-132.419312	609.014221	
-0.896292	0.431169	-0.103709	-0.433831	-0.900987	0.003482	-0.091939	0.048112	0.994602	-70.643105	-132.504959	585.790222	
-0.839602	0.523578	-0.144689	-0.526632	-0.849870	-0.019437	-0.133143	0.059878	0.989287	-64.133286	-142.105957	571.954224	
-0.796893	0.596788	-0.093845	-0.586594	-0.801526	-0.116032	-0.144466	-0.037416	0.988802	-56.187496	-148.453629	570.076599	
-0.756687	0.625311	-0.190819	-0.632494	-0.774044	-0.028393	-0.165457	0.099207	0.981215	-37.445442	-156.284424	569.000183	
-0.669968	0.706253	-0.228804	-0.713436	-0.697730	-0.064663	-0.205312	0.119915	0.971323	-28.064499	-157.395599	559.797424	
-0.560092	0.827966	0.027731	-0.709384	-0.462049	-0.532245	-0.427867	-0.317778	0.846136	-4.318360	-181.070007	586.504028	
-0.560092	0.827966	0.027731	-0.709384	-0.462049	-0.532245	-0.427867	-0.317778	0.846136	-4.318360	-181.070007	586.504028	
-0.560092	0.827966	0.027731	-0.709384	-0.462049	-0.532245	-0.427867	-0.317778	0.846136	-4.318360	-181.070007	586.504028	
-0.560092	0.827966	0.027731	-0.709384	-0.462049	-0.532245	-0.427867	-0.317778	0.846136	-4.318360	-181.070007	586.504028	
-0.044425	0.999012	0.001009	-0.391174	-0.016465	-0.920169	-0.919244	-0.041273	0.391519	45.785336	-191.928940	570.611816	
0.004098	0.997647	0.068434	-0.357178	0.065380	-0.931745	-0.934027	-0.020625	0.356605	53.375435	-192.602951	566.771790	
-0.037349	0.989890	0.136831	-0.294221	0.119964	-0.948178	-0.955007	-0.075672	0.286766	63.710011	-189.747330	556.016296	
-0.000025	0.987632	0.156789	-0.277460	0.150627	-0.948856	-0.960737	-0.043527	0.274024	67.911942	-188.799301	552.532959	
0.112222	0.988691	0.099475	-0.224378	0.122735	-0.966742	-0.968019	0.086170	0.235614	70.507156	-188.442078	551.708557	
0.213561	0.976289	0.035369	-0.247914	0.089179	-0.964669	-0.944950	0.197247	0.261081	78.064133	-187.883560	565.556946	
0.408584	0.906156	-0.109269	-0.301593	0.021045	-0.953204	-0.861453	0.422419	0.281889	81.544121	-187.364212	574.153748	
0.618729	0.723961	-0.305047	-0.297116	-0.143813	-0.943949	-0.727252	0.674683	0.126119	79.485397	-168.370468	535.176880	
0.674801	0.675456	-0.297325	-0.227044	-0.193332	-0.954502	-0.702207	0.711604	0.022897	78.320763	-164.399109	530.002075	
0.689889	0.636351	-0.345122	-0.248466	-0.239638	-0.938530	-0.679939	0.733232	-0.007212	74.499016	-156.490265	529.231995	
0.698082	0.645210	-0.310458	-0.103444	-0.338161	-0.935385	-0.708506	0.685091	-0.169321	72.657455	-163.970474	573.154480	
0.801977	0.585562	-0.118114	0.199312	-0.448699	-0.871173	-0.563124	0.675119	-0.476556	67.360420	-156.511993	569.478455	
0.837496	0.524279	-0.154049	0.170920	-0.519099	-0.837450	-0.519025	0.675031	-0.524353	62.372345	-150.602295	570.368713	
0.863568	0.458044	-0.210822	0.136516	-0.614876	-0.776718	-0.485401	0.641968	-0.593517	55.830658	-136.931122	565.660034	
0.938085	0.327442	-0.113040	0.165485	-0.710291	-0.684178	-0.304321	0.623111	-0.720500	43.978848	-132.954193	573.051697	
0.969768	0.244027	-0.000521	0.181214	-0.721575	-0.668199	-0.163435	0.647904	-0.743981	29.388130	-124.450806	563.192139	
0.980364	0.175271	0.090373	0.192134	-0.745772	-0.637893	-0.044407	0.642731	-0.764803	20.498672	-115.441742	552.871704	
0.995928	0.062015	0.065428	0.089472	-0.768678	-0.633346	0.011016	0.636621	-0.771097	2.682952	-111.006416	567.466492	
0.997993	-0.004218	0.063187	0.037316	-0.766986	-0.640577	0.051165	0.641648	-0.765290	-15.318844	-98.049911	573.536621	
0.987954	-0.088462	0.126963	-0.010346	-0.856406	-0.516199	0.154396	0.508667	-0.847005	-33.875122	-91.047592	598.127319	
0.963062	-0.213352	0.164295	-0.146018	-0.926395	-0.347086	0.226253	0.310275	-0.923330	-45.218681	-77.038986	627.846558	
0.868349	-0.343616	0.357627	-0.264524	-0.930846	-0.252093	0.419519	0.124304	-0.899195	-56.771641	-71.037262	648.574524	
0.683092	-0.384404	0.620982	-0.271834	-0.923003	-0.272342	0.677858	0.017230	-0.734990	-75.104141	-54.519089	650.646240	
0.567487	-0.482310	0.667334	-0.316695	-0.875986	-0.363801	0.760041	-0.004890	-0.649856	-93.212914	-45.790302	644.872559	
0.457500	-0.565719	0.686043	-0.373750	-0.822398	-0.428918	0.806849	-0.060179	-0.587685	-110.402435	-38.727715	649.887085	
0.330965	-0.591808	0.734999	-0.346206	-0.800733	-0.488842	0.877840	-0.092671	-0.469902	-127.695190	-33.157070	661.074402	
0.255841	-0.619714	0.741956	-0.327950	-0.777624	-0.536422	0.909392	-0.106086	-0.402183	-138.371994	-21.326473	672.973328	
0.223136	-0.661961	0.715554	-0.297175	-0.745313	-0.596821	0.928384	-0.079472	-0.363024	-146.096008	-7.341741	676.281189	
0.216117	-0.703233	0.677315	-0.299334	-0.708025	-0.639608	0.929351	-0.064513	-0.363518	-152.782425	-1.389932	686.099548	
0.175711	-0.722655	0.668501	-0.314392	-0.684698	-0.657530	0.932890	-0.094636	-0.347506	-164.030396	3.488064	682.348633	
0.210993	-0.701061	0.681171	-0.340019	-0.705979	-0.621274	0.916444	-0.100527	-0.387331	-173.726151	7.488283	691.999451	
0.297222	-0.689761	0.660218	-0.349826	-0.722053	-0.596876	0.888415	-0.053557	-0.455906	-179.632858	17.272692	706.133423	
0.558457	-0.673077	0.484863	-0.313361	-0.712364	-0.627966	0.768070	0.198754	-0.608741	-190.425385	21.606468	731.805664	
0.694742	-0.636540	0.334886	-0.354943	-0.708373	-0.610100	0.625579	0.304997	-0.718073	-195.007401	28.282108	752.722961	
0.749114	-0.612335	0.252731	-0.281986	-0.639984	-0.714775	0.599427	0.464181	-0.652091	-200.060394	31.218721	763.480103	
0.779985	-0.586879	0.217247	-0.332973	-0.683133	-0.649967	0.529862	0.434627	-0.728248	-201.265411	33.287098	782.139587	
0.808217	-0.565310	0.164950	-0.366568	-0.702180	-0.610385	0.460883	0.432858	-0.774739	-204.613113	34.663956	809.465515	
0.859114	-0.508887	-0.054381	-0.419858	-0.640049	-0.643472	0.292649	0.575648	-0.763535	-194.419724	33.372841	796.525696	
0.887285	-0.435306	-0.152425	-0.399752	-0.560983	-0.724910	0.230051	0.704134	-0.671767	-181.631500	31.317516	766.683777	
-0.304941	-0.404095	-0.862391	-0.287989	-0.824001	0.487939	-0.907785	0.397151	0.134897	-181.865997	43.062599	820.690002	
-0.304941	-0.404095	-0.862391	-0.287989	-0.824001	0.487939	-0.907785	0.397151	0.134897	-181.865997	43.062599	820.690002	
-0.304941	-0.404095	-0.862391	-0.287989	-0.824001	0.487939	-0.907785	0.397151	0.134897	-181.865997	43.062599	820.690002	
-0.304941	-0.404095	-0.862391	-0.287989	-0.824001	0.487939	-0.907785	0.397151	0.134897	-181.865997	43.062599	820.690002	
-0.329934	-0.153824	-0.931387	-0.070423	-0.979874	0.186779	-0.941374	0.127216	0.312461	-140.038239	35.745422	844.084900	
-0.372046	-0.070931	-0.925501	-0.086036	-0.990148	0.110472	-0.924219	0.120728	0.362278	-132.135757	30.842697	863.443604	
-0.430726	-0.049018	-0.901151	-0.061721	-0.994586	0.083602	-0.900370	0.091630	0.425368	-115.163826	23.982103	877.035095	
-0.533135	-0.038349	-0.845161	-0.057309	-0.995040	0.081301	-0.844088	0.091780	0.528293	-98.480927	16.757442	899.068848	
-0.595288	-0.022263	-0.803205	-0.070050	-0.994372	0.079479	-0.800454	0.103578	0.590378	-80.140022	13.065854	911.874451	
-0.683720	0.007828	-0.729703	-0.090387	-0.993151	0.074037	-0.724126	0.116577	0.679745	-61.717346	2.931969	938.464661	
-0.849771	0.020467	-0.526755	-0.077009	-0.993345	0.085637	-0.521497	0.113337	0.845693	-42.046852	-3.000923	951.279297	
-0.806913	0.021993	-0.590261	-0.095542	-0.991006	0.093686	-0.582892	0.131991	0.801758	-31.533062	-7.999714	955.684265	
-0.838041	0.002166	-0.545604	-0.112227	-0.979293	0.168492	-0.533942	0.202435	0.820931	-21.508522	-18.328323	969.740662	
-0.794577	-0.031355	-0.606354	-0.154603	-0.955299	0.251994	-0.587151	0.293973	0.754211	-1.165202	-24.341919	988.206360	
-0.747762	-0.094978	-0.657139	-0.105336	-0.960212	0.258644	-0.655559	0.262625	0.708005	18.068092	-30.469418	991.774658	
-0.646502	-0.133961	-0.751060	-0.353137	-0.820102	0.450252	-0.676262	0.556316	0.482890	25.491568	-35.815830	951.519836	
-0.642552	-0.159767	-0.749401	-0.347565	-0.810847	0.470877	-0.682881	0.563029	0.465482	33.165581	-50.211037	959.131470	
-0.656744	-0.214102	-0.723082	-0.264142	-0.832796	0.486497	-0.706340	0.510501	0.490381	49.333824	-65.206284	984.128601	
-0.658874	-0.261558	-0.705317	-0.156268	-0.869563	0.468445	-0.735844	0.418865	0.532059	63.949730	-71.527908	1004.217712	
-0.684004	-0.317052	-0.656976	-0.125456	-0.836063	0.534097	-0.718610	0.447746	0.532094	76.610168	-86.156898	1004.385437	
-0.739205	-0.384500	-0.552934	-0.076425	-0.767815	0.636097	-0.669131	0.512464	0.538187	85.705467	-93.319839	998.750793	
-0.732557	-0.458545	-0.503088	0.031881	-0.761368	0.647535	-0.679960	0.458317	0.572364	91.704865	-107.551292	1008.928345	
-0.747834	-0.509283	-0.425881	0.070255	-0.698605	0.712050	-0.660159	0.502575	0.558220	93.780083	-114.348099	1006.411072	
-0.758264	-0.554300	-0.343201	0.127957	-0.642717	0.755342	-0.639268	0.528834	0.558276	95.291534	-120.614006	1000.523987	
-0.705958	-0.631539	-0.320596	0.229470	-0.632191	0.740053	-0.670051	0.448879	0.591219	97.781250	-134.771286	1012.113586	
-0.480050	-0.795113	-0.370605	0.455759	-0.587030	0.669089	-0.749558	0.152290	0.644183	99.445343	-144.626389	1006.468933	
-0.381992	-0.858943	-0.341027	0.531283	-0.506040	0.679458	-0.756190	0.078366	0.649644	98.684601	-150.149353	1005.686829	
-0.388854	-0.868313	-0.307938	0.541904	-0.485876	0.685760	-0.745074	0.099788	0.659476	96.377861	-160.567398	999.574097	
-0.356577	-0.893186	-0.273993	0.575186	-0.440978	0.688986	-0.736217	0.088080	0.670990	88.915726	-170.856354	993.482849	
-0.261549	-0.939815	-0.219862	0.623324	-0.338389	0.704956	-0.736927	0.047336	0.674314	83.656563	-176.181351	992.551453	
-0.212574	-0.944830	-0.249216	0.652325	-0.327108	0.683721	-0.727520	-0.017228	0.685870	71.753143	-181.164337	987.486755	
-0.277209	-0.935782	-0.217870	0.678273	-0.351201	0.645450	-0.680516	0.031149	0.732071	61.780556	-191.758911	1010.881348	
-0.347855	-0.928736	-0.128243	0.804900	-0.365974	0.467120	-0.480764	0.059268	0.874845	57.496231	-206.061371	1062.086914	
-0.744460	-0.643256	-0.178889	0.088155	-0.360286	0.928667	-0.661822	0.675585	0.324925	49.048401	-203.804001	1023.390015	
-0.744460	-0.643256	-0.178889	0.088155	-0.360286	0.928667	-0.661822	0.675585	0.324925	49.048401	-203.804001	1023.390015	
-0.744460	-0.643256	-0.178889	0.088155	-0.360286	0.928667	-0.661822	0.675585	0.324925	49.048401	-203.804001	1023.390015	
-0.744460	-0.643256	-0.178889	0.088155	-0.360286	0.928667	-0.661822	0.675585	0.324925	49.048401	-203.804001	1023.390015	
-0.959723	-0.196164	0.201123	0.274260	-0.498916	0.822110	-0.060924	0.844158	0.532621	3.596062	-191.327087	883.204102	
-0.966220	-0.192613	0.171227	0.257080	-0.673633	0.692912	-0.018120	0.713525	0.700395	-17.657900	-215.533997	1000.650024	
-0.966220	-0.192613	0.171227	0.257080	-0.673633	0.692912	-0.018120	0.713525	0.700395	-17.657900	-215.533997	1000.650024	
-0.966220	-0.192613	0.171227	0.257080	-0.673633	0.692912	-0.018120	0.713525	0.700395	-17.657900	-215.533997	1000.650024	
-0.966220	-0.192613	0.171227	0.257080	-0.673633	0.692912	-0.018120	0.713525	0.700395	-17.657900	-215.533997	1000.650024	
-0.806159	0.118038	0.579805	0.268712	-0.799989	0.536481	0.527162	0.588291	0.613200	-62.668156	-193.086884	894.446289	
-0.788701	0.253060	0.560278	-0.112360	-0.955336	0.273327	0.604422	0.152620	0.781908	-77.584198	-207.570999	968.568970	
-0.788701	0.253060	0.560278	-0.112360	-0.955336	0.273327	0.604422	0.152620	0.781908	-77.584198	-207.570999	968.568970	
-0.788701	0.253060	0.560278	-0.112360	-0.955336	0.273327	0.604422	0.152620	0.781908	-77.584198	-207.570999	968.568970	
-0.788701	0.253060	0.560278	-0.112360	-0.955336	0.273327	0.604422	0.152620	0.781908	-77.584198	-207.570999	968.568970	
-0.338154	0.411240	0.846484	-0.806855	-0.589660	-0.035855	0.484392	-0.695114	0.531207	-119.290581	-174.930923	895.136841	
-0.251302	0.428363	0.867960	-0.876976	-0.480235	-0.016903	0.409584	-0.765428	0.496348	-125.109665	-165.782745	890.069031	
-0.301946	0.466372	0.831460	-0.917689	-0.378426	-0.120999	0.258215	-0.799557	0.542249	-135.354996	-163.128006	919.111023	
-0.301946	0.466372	0.831460	-0.917689	-0.378426	-0.120999	0.258215	-0.799557	0.542249	-135.354996	-163.128006	919.111023	
-0.301946	0.466372	0.831460	-0.917689	-0.378426	-0.120999	0.258215	-0.799557	0.542249	-135.354996	-163.128006	919.111023	
-0.301946	0.466372	0.831460	-0.917689	-0.378426	-0.120999	0.258215	-0.799557	0.542249	-135.354996	-163.128006	919.111023	
-0.049443	0.181120	0.982217	-0.931463	0.346559	-0.110793	-0.360462	-0.920376	0.151572	-144.007111	-107.467278	858.725037	
-0.079144	0.133359	0.987902	-0.883274	0.450036	-0.131513	-0.462130	-0.882996	0.082176	-142.369522	-100.285088	853.358765	
-0.106639	0.082029	0.990908	-0.835387	0.533071	-0.134031	-0.539218	-0.842085	0.011680	-136.941528	-92.475929	834.654480	
-0.102937	-0.016260	0.994555	-0.766742	0.638246	-0.068924	-0.633650	-0.769661	-0.078166	-129.123138	-77.663635	808.485779	
-0.153872	-0.066114	0.985877	-0.664674	0.745197	-0.053767	-0.731117	-0.663559	-0.158609	-124.293358	-68.840660	797.510010	
-0.156210	-0.146251	0.976837	-0.626733	0.779061	0.016417	-0.763416	-0.609651	-0.213356	-113.991280	-61.223885	782.362183	
-0.168049	-0.169854	0.971035	-0.624556	0.780463	0.028432	-0.762685	-0.601688	-0.237238	-107.565720	-54.287701	775.588989	
-0.115452	-0.218299	0.969029	-0.688626	0.720657	0.080302	-0.715867	-0.658027	-0.233527	-100.299210	-41.204052	772.850037	
-0.091863	-0.226406	0.969692	-0.722649	0.685132	0.091506	-0.685084	-0.692340	-0.226550	-92.773178	-26.280502	757.685974	
-0.077940	-0.277823	0.957465	-0.712164	0.687596	0.141544	-0.697673	-0.670840	-0.251446	-76.645889	-12.708475	737.601013	
-0.059511	-0.315087	0.947196	-0.740333	0.650429	0.169852	-0.669601	-0.691132	-0.271976	-66.962845	-7.337381	730.899353	
0.004156	-0.351930	0.936017	-0.782521	0.581640	0.222163	-0.622611	-0.733376	-0.272974	-57.942497	-0.569617	726.148560	
0.094545	-0.341274	0.935197	-0.857573	0.449179	0.250613	-0.505598	-0.825694	-0.250199	-47.328358	5.790485	705.817139	
-0.441973	-0.545335	0.712229	0.516831	0.494147	0.699074	-0.733175	0.677074	0.063446	-33.702099	20.680500	726.643005	
-0.441973	-0.545335	0.712229	0.516831	0.494147	0.699074	-0.733175	0.677074	0.063446	-33.702099	20.680500	726.643005	
-0.441973	-0.545335	0.712229	0.516831	0.494147	0.699074	-0.733175	0.677074	0.063446	-33.702099	20.680500	726.643005	
-0.441973	-0.545335	0.712229	0.516831	0.494147	0.699074	-0.733175	0.677074	0.063446	-33.702099	20.680500	726.643005	
-0.741243	-0.513625	0.432143	0.578158	-0.161467	0.799788	-0.341015	0.842685	0.416642	6.911775	46.856647	682.176147	
-0.828275	-0.443239	0.342782	0.508526	-0.337745	0.792041	-0.235290	0.830342	0.505144	17.675600	51.304699	679.377014	
-0.828275	-0.443239	0.342782	0.508526	-0.337745	0.792041	-0.235290	0.830342	0.505144	17.675600	51.304699	679.377014	
-0.828275	-0.443239	0.342782	0.508526	-0.337745	0.792041	-0.235290	0.830342	0.505144	17.675600	51.304699	679.377014	
-0.979237	-0.190319	0.069797	0.186648	-0.712155	0.676755	-0.079093	0.675732	0.732892	57.691040	56.998756	637.557556	
-0.991428	-0.121362	0.048389	0.121951	-0.726674	0.676071	-0.046886	0.676176	0.735246	70.166801	57.413616	628.059387	
-0.996525	-0.041822	0.072026	0.081028	-0.686895	0.722225	0.019270	0.725552	0.687897	78.694794	54.731686	605.660706	
-0.985854	0.007860	-0.167421	-0.086998	-0.877791	0.471079	-0.143258	0.478980	0.866057	93.267303	58.681702	628.536987	
-0.985854	0.007860	-0.167421	-0.086998	-0.877791	0.471079	-0.143258	0.478980	0.866057	93.267303	58.681702	628.536987	
-0.985854	0.007860	-0.167421	-0.086998	-0.877791	0.471079	-0.143258	0.478980	0.866057	93.267303	58.681702	628.536987	
-0.985854	0.007860	-0.167421	-0.086998	-0.877791	0.471079	-0.143258	0.478980	0.866057	93.267303	58.681702	628.536987	
-0.985854	0.007860	-0.167421	-0.086998	-0.877791	0.471079	-0.143258	0.478980	0.866057	93.267303	58.681702	628.536987	
-0.985854	0.007860	-0.167421	-0.086998	-0.877791	0.471079	-0.143258	0.478980	0.866057	93.267303	58.681702	628.536987	
-0.985854	0.007860	-0.167421	-0.086998	-0.877791	0.471079	-0.143258	0.478980	0.866057	93.267303	58.681702	628.536987	
-0.657739	0.396031	-0.640734	-0.560166	-0.825859	0.064579	-0.503581	0.401393	0.765042	93.595940	19.686996	585.464905	
-0.526018	0.403507	-0.748656	-0.638264	-0.769068	0.033946	-0.562071	0.495697	0.662088	86.065109	13.857624	583.310547	
-0.426298	0.389699	-0.816335	-0.677510	-0.735509	0.002688	-0.599375	0.554222	0.577571	76.032562	7.667735	581.462708	
-0.386496	0.362585	-0.848029	-0.681013	-0.732267	-0.002712	-0.621967	0.576470	0.529943	64.392944	0.445287	575.032593	
-0.397706	0.343172	-0.850918	-0.632978	-0.773998	-0.016306	-0.664206	0.532127	0.525044	51.917068	-6.094433	579.383606	
-0.385710	0.316642	-0.866582	-0.628255	-0.777994	-0.004640	-0.675665	0.542646	0.499011	37.205048	-18.951029	582.959778	
-0.377014	0.237079	-0.895351	-0.619698	-0.783008	0.053611	-0.688357	0.575059	0.442122	29.782398	-26.800514	582.272339	
-0.263341	0.172974	-0.949068	-0.602311	-0.797967	0.021690	-0.753573	0.577347	0.314321	13.546556	-33.246170	603.343506	
-0.131499	0.098750	-0.986385	-0.650058	-0.759811	0.010595	-0.748420	0.642601	0.164108	3.866291	-40.375553	604.299622	
0.009275	0.012337	-0.999880	-0.746157	-0.665598	-0.015133	-0.665706	0.746208	0.003032	-16.047844	-52.081211	592.292236	
0.162689	-0.036217	-0.986012	-0.737515	-0.668309	-0.097140	-0.655443	0.743002	-0.135437	-33.684055	-60.322601	602.165039	
0.073499	-0.272293	-0.959403	-0.621062	-0.765193	0.169594	-0.780308	0.583384	-0.225352	-61.751598	-82.858101	575.432007	
0.073499	-0.272293	-0.959403	-0.621062	-0.765193	0.169594	-0.780308	0.583384	-0.225352	-61.751598	-82.858101	575.432007	
0.073499	-0.272293	-0.959403	-0.621062	-0.765193	0.169594	-0.780308	0.583384	-0.225352	-61.751598	-82.858101	575.432007	
-0.045250	-0.641475	-0.765808	-0.674468	-0.545877	0.497104	-0.736917	0.539007	-0.407954	-102.953140	-111.883293	579.569763	
-0.057370	-0.693988	-0.717698	-0.597812	-0.551873	0.581428	-0.799581	0.462405	-0.383213	-121.282143	-120.099709	576.751099	
-0.174189	-0.718336	-0.673537	-0.596303	-0.467374	0.652675	-0.783633	0.515321	-0.346935	-124.456627	-128.936905	559.300903	
-0.262596	-0.740455	-0.618684	-0.612388	-0.367611	0.699888	-0.745671	0.562663	-0.356913	-141.974747	-141.904572	572.079224	
-0.320872	-0.802628	-0.502821	-0.573329	-0.257972	0.777654	-0.753880	0.537809	-0.377394	-155.249893	-158.248337	599.286621	
-0.228866	-0.887233	-0.400548	-0.647916	-0.168254	0.742897	-0.726516	0.429546	-0.536344	-175.916443	-181.265015	643.630249	
-0.244856	-0.842416	-0.479980	-0.848112	-0.053800	0.527079	-0.469842	0.536136	-0.701290	-175.838516	-178.205460	617.218018	
-0.264792	-0.798952	-0.539965	-0.895138	-0.004596	0.445766	-0.358627	0.601379	-0.713955	-180.154358	-179.417038	600.174133	
-0.365781	-0.783085	-0.502974	-0.867596	0.091290	0.488818	-0.336869	0.615179	-0.712794	-191.311020	-184.719147	615.832397	
-0.480184	-0.766063	-0.427284	-0.805920	0.192996	0.559683	-0.346288	0.613108	-0.710059	-198.026733	-189.608322	623.741028	
-0.616596	-0.704825	-0.350757	-0.691989	0.272735	0.668406	-0.375445	0.654857	-0.655899	-201.430023	-193.240005	637.555969	
-0.742919	-0.613383	-0.268017	-0.536377	0.305961	0.786568	-0.400464	0.728114	-0.556308	-200.442261	-197.646469	637.544128	
-0.841543	-0.515598	-0.161129	-0.364428	0.321707	0.873898	-0.398744	0.794144	-0.458629	-200.688995	-200.988190	651.885071	
-0.896017	-0.441530	-0.046945	-0.217910	0.345152	0.912899	-0.386869	0.828204	-0.405476	-202.106277	-205.404358	670.779175	
-0.930334	-0.366712	-0.001014	-0.105660	0.265404	0.958330	-0.351161	0.891675	-0.285661	-200.549408	-206.843658	683.888855	
-0.960749	-0.272548	0.051753	-0.023600	0.266172	0.963637	-0.276412	0.924592	-0.262157	-190.263657	-208.129181	687.257690	
-0.977786	-0.181182	0.105392	0.064612	0.217788	0.973855	-0.199398	0.959032	-0.201243	-185.156250	-207.487427	703.781921	
-0.972725	-0.145604	0.180570	0.156063	0.165110	0.973850	-0.171611	0.975469	-0.137883	-178.542740	-203.450851	710.392700	
-0.958616	-0.083953	0.272041	0.263960	0.095938	0.959751	-0.106673	0.991841	-0.069808	-165.085709	-200.932892	722.679443	
-0.923219	-0.036253	0.382561	0.381330	0.036568	0.923715	-0.047477	0.998674	-0.019936	-149.199295	-196.153214	737.369141	
-0.867532	-0.008753	0.497304	0.497316	-0.031393	0.867001	0.008023	0.999469	0.031587	-131.988754	-192.680023	745.135620	
-0.803663	0.015524	0.594882	0.585752	-0.155713	0.795392	0.104978	0.987681	0.116047	-115.568878	-190.561020	766.763000	
-0.770270	0.014787	0.637547	0.613470	-0.255872	0.747117	0.174178	0.966598	0.188019	-105.961899	-184.923065	783.352661	
-0.679573	0.000414	0.733608	0.692118	-0.331170	0.641326	0.243214	0.943572	0.224768	-94.309242	-175.396622	797.546326	
-0.661442	-0.022544	0.749658	0.684877	-0.425542	0.591488	0.305676	0.904659	0.296911	-76.487740	-166.849472	825.033386	
-0.480160	-0.052409	0.875614	0.774176	-0.494656	0.394927	0.412430	0.867508	0.278087	-66.797920	-163.859390	860.455933	
-0.320190	-0.118765	0.939880	0.810753	-0.547564	0.207009	0.490058	0.828293	0.271614	-46.442574	-151.197144	861.307861	
-0.259435	-0.153709	0.953450	0.797381	-0.591082	0.121678	0.544864	0.791831	0.275912	-26.029499	-143.930435	868.288879	
-0.108679	-0.236989	0.965415	0.795460	-0.603173	-0.058520	0.596180	0.761590	0.254068	-6.902401	-130.409180	876.008301	
-0.024224	-0.285619	0.958038	0.789715	-0.593084	-0.156848	0.612995	0.752778	0.239924	2.493325	-115.348518	870.317017	
0.050925	-0.316837	0.947113	0.766658	-0.595357	-0.240386	0.640033	0.738353	0.212587	12.274069	-107.306610	864.503845	
0.177157	-0.386325	0.905190	0.734449	-0.560341	-0.382888	0.655134	0.732647	0.184468	20.552475	-92.823799	868.401306	
0.874999	-0.469092	0.119706	-0.182764	-0.549034	-0.815573	0.448302	0.691747	-0.566137	29.662901	-82.327400	914.658997	
0.874999	-0.469092	0.119706	-0.182764	-0.549034	-0.815573	0.448302	0.691747	-0.566137	29.662901	-82.327400	914.658997	
0.874999	-0.469092	0.119706	-0.182764	-0.549034	-0.815573	0.448302	0.691747	-0.566137	29.662901	-82.327400	914.658997	
0.819819	-0.570462	-0.049708	-0.323748	-0.390155	-0.861955	0.472319	0.722739	-0.504542	49.299820	-45.002785	913.027832	
0.720113	-0.658095	-0.219884	-0.552450	-0.352067	-0.755545	0.419806	0.665552	-0.617092	61.192101	-32.365101	971.106995	
0.720113	-0.658095	-0.219884	-0.552450	-0.352067	-0.755545	0.419806	0.665552	-0.617092	61.192101	-32.365101	971.106995	
0.720113	-0.658095	-0.219884	-0.552450	-0.352067	-0.755545	0.419806	0.665552	-0.617092	61.192101	-32.365101	971.106995	
0.720113	-0.658095	-0.219884	-0.552450	-0.352067	-0.755545	0.419806	0.665552	-0.617092	61.192101	-32.365101	971.106995	
0.518311	-0.682519	-0.515286	-0.787451	-0.145865	-0.598869	0.333577	0.716163	-0.613055	65.222412	20.999216	983.044800	
0.487309	-0.706131	-0.513721	-0.784763	-0.096117	-0.612298	0.382985	0.701527	-0.600984	64.658775	26.362259	1009.348999	
0.453235	-0.687080	-0.567890	-0.808015	-0.047646	-0.587233	0.376418	0.725018	-0.576766	61.465462	37.712196	1017.895264	
0.423626	-0.610920	-0.668818	-0.831588	0.030471	-0.554557	0.359170	0.791106	-0.495126	52.336399	49.823769	1032.914795	
0.386802	-0.572942	-0.722579	-0.854164	0.072713	-0.514895	0.347546	0.816364	-0.461262	47.146294	60.139034	1034.627197	
0.324620	-0.525175	-0.786647	-0.889908	0.112186	-0.442129	0.320445	0.843567	-0.430941	34.666435	68.314522	1027.465576	
0.244481	-0.513190	-0.822718	-0.901417	0.192373	-0.387865	0.357317	0.836438	-0.415567	22.051058	77.894646	1044.882446	
0.208203	-0.457809	-0.864328	-0.904966	0.245084	-0.347806	0.371062	0.854602	-0.363275	13.977943	83.707916	1028.868286	
0.173158	-0.394597	-0.902391	-0.901034	0.306493	-0.306921	0.397686	0.866231	-0.302474	-0.922821	86.518448	1022.715210	
0.116094	-0.313089	-0.942601	-0.913183	0.339625	-0.225279	0.390663	0.886922	-0.246480	-15.569239	90.964607	1017.025818	
0.063949	-0.270275	-0.960657	-0.886414	0.426843	-0.179097	0.458455	0.862992	-0.212280	-35.323799	93.615799	1062.819946	
0.063949	-0.270275	-0.960657	-0.886414	0.426843	-0.179097	0.458455	0.862992	-0.212280	-35.323799	93.615799	1062.819946	
0.063949	-0.270275	-0.960657	-0.886414	0.426843	-0.179097	0.458455	0.862992	-0.212280	-35.323799	93.615799	1062.819946	
0.063949	-0.270275	-0.960657	-0.886414	0.426843	-0.179097	0.458455	0.862992	-0.212280	-35.323799	93.615799	1062.819946	
0.047238	0.159460	-0.986074	-0.838771	0.542406	0.047532	0.542432	0.824845	0.159372	-82.330727	93.814224	1040.621338	
0.058032	0.210804	-0.975805	-0.824266	0.561568	0.072297	0.563222	0.800127	0.206346	-93.336510	96.361214	1066.822876	
-0.069763	0.307286	-0.949057	-0.795469	0.556957	0.238805	0.601965	0.771606	0.205580	-102.844696	90.848747	1049.476196	
-0.102818	0.354578	-0.929357	-0.772279	0.560390	0.299246	0.626909	0.748491	0.216214	-110.862190	85.373001	1034.983521	
0.043299	0.468841	-0.882221	-0.722900	0.624220	0.296252	0.689595	0.624930	0.365953	-124.834000	82.265297	1074.770020	
0.043299	0.468841	-0.882221	-0.722900	0.624220	0.296252	0.689595	0.624930	0.365953	-124.834000	82.265297	1074.770020	
0.043299	0.468841	-0.882221	-0.722900	0.624220	0.296252	0.689595	0.624930	0.365953	-124.834000	82.265297	1074.770020	
0.043299	0.468841	-0.882221	-0.722900	0.624220	0.296252	0.689595	0.624930	0.365953	-124.834000	82.265297	1074.770020	
0.043299	0.468841	-0.882221	-0.722900	0.624220	0.296252	0.689595	0.624930	0.365953	-124.834000	82.265297	1074.770020	
0.217209	0.736878	-0.640180	-0.394543	0.666154	0.632910	0.892836	0.115105	0.435425	-156.639221	42.079693	1008.793274	
0.279139	0.747923	-0.602239	-0.574749	0.632553	0.519173	0.769249	0.201215	0.606438	-174.225006	32.471699	1058.540039	
0.279139	0.747923	-0.602239	-0.574749	0.632553	0.519173	0.769249	0.201215	0.606438	-174.225006	32.471699	1058.540039	
0.279139	0.747923	-0.602239	-0.574749	0.632553	0.519173	0.769249	0.201215	0.606438	-174.225006	32.471699	1058.540039	
0.279139	0.747923	-0.602239	-0.574749	0.632553	0.519173	0.769249	0.201215	0.606438	-174.225006	32.471699	1058.540039	
0.279139	0.747923	-0.602239	-0.574749	0.632553	0.519173	0.769249	0.201215	0.606438	-174.225006	32.471699	1058.540039	
0.279139	0.747923	-0.602239	-0.574749	0.632553	0.519173	0.769249	0.201215	0.606438	-174.225006	32.471699	1058.540039	
0.519547	0.849703	0.089860	-0.627038	0.307718	0.715635	0.580426	-0.428152	0.692670	-173.803635	-13.064425	995.000732	
0.563825	0.801140	0.200688	-0.630951	0.261035	0.730590	0.532918	-0.538549	0.652659	-172.281952	-20.372812	987.923523	
0.573443	0.744878	0.341057	-0.673870	0.192117	0.713435	0.465899	-0.638943	0.612119	-166.720184	-36.069916	982.321167	
0.557690	0.759986	0.333770	-0.670455	0.175375	0.720926	0.489359	-0.625831	0.607342	-153.299881	-42.499809	965.331177	
0.595182	0.722618	0.351543	-0.640094	0.161832	0.751059	0.485838	-0.672037	0.558863	-139.079468	-48.497341	942.495850	
0.617793	0.687868	0.381011	-0.624836	0.135260	0.768950	0.477401	-0.713121	0.513368	-130.791870	-62.224480	927.664246	
