0.997360	-0.045684	0.056442	0.043518	0.998290	0.039015	-0.058128	-0.036456	0.997644	18.864128	4.811823	545.535828	
0.979570	-0.132196	0.151548	0.117813	0.987959	0.100285	-0.162980	-0.080382	0.983350	27.471289	9.843052	544.280090	
0.955059	-0.173954	0.240006	0.160183	0.984165	0.075896	-0.249407	-0.034040	0.967801	36.261238	17.643562	548.234192	
0.897557	-0.214068	0.385442	0.196187	0.976818	0.085658	-0.394843	-0.001264	0.918748	44.757706	20.680859	550.527039	
0.820830	-0.272405	0.502029	0.296630	0.954426	0.032882	-0.488106	0.121926	0.864226	53.219322	26.185373	555.140503	
0.741316	-0.344204	0.576172	0.369178	0.926060	0.078234	-0.560498	0.154713	0.813576	70.234001	28.281416	559.219543	
0.657541	-0.376387	0.652666	0.478651	0.877679	0.023924	-0.581835	0.296668	0.757269	77.425743	31.928133	562.089233	
0.598409	-0.342995	0.724059	0.549845	0.833125	-0.059767	-0.582732	0.433885	0.687145	84.093712	33.541328	566.357483	
0.604197	-0.312631	0.732945	0.615035	0.767795	-0.179504	-0.506632	0.559242	0.656180	88.220314	35.073753	563.327820	
0.625857	-0.280893	0.727600	0.633771	0.726881	-0.264533	-0.454572	0.626691	0.632947	98.614342	35.181244	571.125305	
0.773287	-0.210395	0.598131	0.595132	0.566273	-0.570222	-0.218733	0.796911	0.563105	95.341339	32.652187	540.088562	
0.825896	-0.182217	0.533565	0.545324	0.498566	-0.673835	-0.143233	0.847483	0.511132	97.149818	29.395603	541.022217	
0.836650	-0.183288	0.516160	0.539058	0.442617	-0.716594	-0.097118	0.877778	0.469119	99.861107	26.851238	555.031921	
0.868343	-0.152533	0.471925	0.486927	0.443000	-0.752764	-0.094241	0.883450	0.458950	104.821251	21.722246	578.453308	
0.877710	-0.133030	0.460356	0.474841	0.370600	-0.798236	-0.064418	0.919216	0.388449	106.398720	15.789943	587.604126	
0.882454	-0.099507	0.459753	0.466091	0.316913	-0.826030	-0.063506	0.943220	0.326041	105.943504	9.041307	597.596497	
0.881369	-0.060125	0.468586	0.465663	0.277806	-0.840227	-0.079658	0.958753	0.272848	103.551308	5.822004	613.325195	
0.872019	-0.007103	0.489420	0.482922	0.175501	-0.857896	-0.079800	0.984453	0.156471	101.797722	-2.960710	628.041138	
0.854183	0.044646	0.518052	0.515873	0.052069	-0.855081	-0.065151	0.997644	0.021445	99.030815	-13.598780	639.772949	
0.859269	0.079117	0.505368	0.509785	-0.051070	-0.858785	-0.042136	0.995556	-0.084215	87.813133	-25.160091	648.759460	
0.853156	0.051231	0.519133	0.517447	0.043027	-0.854633	-0.066120	0.997759	0.010199	74.729591	-23.909576	653.481628	
0.837935	0.006013	0.545736	0.545678	0.008985	-0.837947	-0.009942	0.999941	0.004248	58.958042	-26.776903	625.927917	
0.836622	-0.004675	0.547760	0.547101	-0.042626	-0.835981	0.027257	0.999079	-0.033105	47.913944	-35.609001	637.843872	
0.063172	0.490709	0.869031	0.929206	-0.346622	0.128178	0.364123	0.799411	-0.477866	59.836300	-57.088799	687.330017	
0.063172	0.490709	0.869031	0.929206	-0.346622	0.128178	0.364123	0.799411	-0.477866	59.836300	-57.088799	687.330017	
0.063172	0.490709	0.869031	0.929206	-0.346622	0.128178	0.364123	0.799411	-0.477866	59.836300	-57.088799	687.330017	
0.221364	0.696643	0.682412	0.812711	-0.518545	0.265727	0.538979	0.495782	-0.680957	15.214138	-96.692963	718.025818	
0.225094	0.724218	0.651799	0.775658	-0.538040	0.329951	0.589650	0.431303	-0.682855	7.413971	-103.039024	725.610657	
0.312655	0.740800	0.594527	0.746510	-0.578659	0.328446	0.587341	0.341130	-0.733935	-1.831594	-111.011459	736.115601	
0.428512	0.755316	0.495860	0.657671	-0.637050	0.402037	0.619553	0.153835	-0.769733	-12.215057	-125.388847	745.868042	
0.499428	0.776159	0.384902	0.569065	-0.628890	0.529775	0.653251	-0.045550	-0.755771	-22.169809	-140.165710	753.538269	
0.593022	0.734795	0.329246	0.491641	-0.654270	0.574647	0.637663	-0.178907	-0.749252	-30.838224	-147.062698	773.159607	
0.553104	0.723259	0.413489	0.386601	-0.662466	0.641621	0.737980	-0.195027	-0.646026	-38.235802	-158.287628	772.213318	
0.520037	0.665577	0.535322	0.185110	-0.699662	0.690077	0.833844	-0.259772	-0.487056	-45.162216	-169.923309	767.594482	
0.408545	0.642161	0.648630	0.076183	-0.732154	0.676866	0.909553	-0.227115	-0.348041	-51.458378	-173.566147	772.694519	
0.395283	0.606925	0.689488	0.036648	-0.760442	0.648371	0.917828	-0.231021	-0.322833	-65.256454	-187.251984	789.935059	
0.402217	0.568782	0.717432	-0.024875	-0.776534	0.629584	0.915206	-0.271076	-0.298188	-79.332787	-203.835403	814.981262	
0.389969	0.520487	0.759617	-0.052154	-0.811120	0.582550	0.919349	-0.266794	-0.289167	-91.874420	-216.879517	835.067261	
0.395191	0.460953	0.794573	-0.070834	-0.847117	0.526665	0.915863	-0.264416	-0.302123	-102.123726	-222.987595	855.007141	
0.414311	0.342685	0.843157	-0.092471	-0.905765	0.413569	0.905425	-0.249314	-0.343581	-110.516174	-228.570435	878.843018	
0.441478	0.206654	0.873150	-0.193179	-0.928405	0.317406	0.876230	-0.308801	-0.369950	-115.448647	-242.188782	912.072144	
0.493289	0.125242	0.860802	-0.222211	-0.938605	0.263901	0.841004	-0.321459	-0.435174	-118.583702	-249.468445	928.830811	
0.835438	0.076547	-0.544228	0.517259	-0.444125	0.731571	-0.185705	-0.892689	-0.410634	-116.774002	-241.046005	912.617004	
0.835438	0.076547	-0.544228	0.517259	-0.444125	0.731571	-0.185705	-0.892689	-0.410634	-116.774002	-241.046005	912.617004	
0.835438	0.076547	-0.544228	0.517259	-0.444125	0.731571	-0.185705	-0.892689	-0.410634	-116.774002	-241.046005	912.617004	
0.835438	0.076547	-0.544228	0.517259	-0.444125	0.731571	-0.185705	-0.892689	-0.410634	-116.774002	-241.046005	912.617004	
0.835438	0.076547	-0.544228	0.517259	-0.444125	0.731571	-0.185705	-0.892689	-0.410634	-116.774002	-241.046005	912.617004	
0.654886	-0.121259	-0.745937	0.673960	-0.352855	0.649054	-0.341910	-0.927788	-0.149356	-92.658981	-240.019287	916.130981	
0.522662	-0.202933	-0.828035	0.681231	-0.484557	0.548752	-0.512590	-0.850895	-0.115015	-93.022003	-252.479004	968.301025	
0.522662	-0.202933	-0.828035	0.681231	-0.484557	0.548752	-0.512590	-0.850895	-0.115015	-93.022003	-252.479004	968.301025	
0.522662	-0.202933	-0.828035	0.681231	-0.484557	0.548752	-0.512590	-0.850895	-0.115015	-93.022003	-252.479004	968.301025	
0.522662	-0.202933	-0.828035	0.681231	-0.484557	0.548752	-0.512590	-0.850895	-0.115015	-93.022003	-252.479004	968.301025	
0.188022	-0.242469	-0.951765	0.766898	-0.569170	0.296501	-0.613608	-0.785655	0.078933	-48.943390	-229.480972	976.091064	
0.141173	-0.205861	-0.968345	0.779454	-0.579930	0.236922	-0.610345	-0.788228	0.078590	-39.941013	-223.294525	984.908081	
0.098392	-0.191259	-0.976596	0.773711	-0.602476	0.195942	-0.625851	-0.774882	0.088700	-30.524662	-213.940048	982.414612	
0.007906	-0.155616	-0.987786	0.756878	-0.644635	0.107613	-0.653507	-0.748485	0.112686	-20.888512	-204.435471	980.772339	
0.002863	-0.127122	-0.991883	0.765203	-0.638283	0.084012	-0.643782	-0.759233	0.095446	-11.094614	-193.823029	987.084900	
-0.001436	-0.070131	-0.997537	0.755538	-0.653567	0.044860	-0.655103	-0.753613	0.053926	7.813537	-184.205765	993.740234	
-0.025340	-0.005575	-0.999664	0.697153	-0.716792	-0.013674	-0.716474	-0.697265	0.022050	16.845034	-173.324493	998.763794	
-0.001427	0.065692	-0.997839	0.681221	-0.730432	-0.049062	-0.732076	-0.679820	-0.043708	26.043049	-159.651352	995.257751	
0.029683	0.128980	-0.991203	0.710846	-0.699877	-0.069785	-0.702721	-0.702522	-0.112459	42.926292	-144.490280	985.479919	
-0.012777	0.211166	-0.977367	0.606961	-0.775133	-0.175407	-0.794629	-0.595465	-0.118265	53.284901	-135.917007	1025.430054	
-0.012777	0.211166	-0.977367	0.606961	-0.775133	-0.175407	-0.794629	-0.595465	-0.118265	53.284901	-135.917007	1025.430054	
-0.012777	0.211166	-0.977367	0.606961	-0.775133	-0.175407	-0.794629	-0.595465	-0.118265	53.284901	-135.917007	1025.430054	
-0.012777	0.211166	-0.977367	0.606961	-0.775133	-0.175407	-0.794629	-0.595465	-0.118265	53.284901	-135.917007	1025.430054	
0.207516	0.397549	-0.893808	0.539523	-0.808678	-0.234424	-0.815997	-0.433583	-0.382300	100.518921	-97.338127	1000.107239	
0.297951	0.431861	-0.851306	0.332551	-0.882903	-0.331499	-0.894782	-0.184332	-0.406678	110.065392	-82.496895	987.759949	
0.302401	0.421096	-0.855121	0.299716	-0.893627	-0.334068	-0.904834	-0.155271	-0.396443	113.994011	-65.981712	991.421082	
0.299578	0.426455	-0.853457	0.278252	-0.894706	-0.349395	-0.912594	-0.132805	-0.386696	118.314117	-51.248573	989.198242	
0.302679	0.409314	-0.860726	0.249080	-0.905673	-0.343097	-0.919970	-0.110541	-0.376080	123.539490	-43.683773	989.842224	
0.306883	0.371183	-0.876383	0.206610	-0.924837	-0.319356	-0.929051	-0.083064	-0.360506	125.936798	-29.067175	984.768555	
0.297840	0.353632	-0.886700	0.200734	-0.931288	-0.303987	-0.933272	-0.087451	-0.348361	126.744812	-15.101315	981.605896	
0.304190	0.302552	-0.903289	0.153892	-0.951376	-0.266833	-0.940099	-0.057841	-0.335959	125.350784	-1.730064	983.910156	
0.315366	0.275703	-0.908038	0.121057	-0.960737	-0.249659	-0.941217	-0.031190	-0.336360	121.215469	4.082156	975.753052	
0.339280	0.202582	-0.918613	0.018251	-0.977770	-0.208886	-0.940508	0.054106	-0.335436	117.196159	9.367845	967.314941	
0.346538	0.163705	-0.923641	-0.007741	-0.984121	-0.177328	-0.938004	0.068601	-0.339768	109.665421	20.892094	963.862976	
0.337372	0.124817	-0.933060	-0.009941	-0.990643	-0.136114	-0.941318	0.055197	-0.332975	98.687706	25.519604	953.000427	
0.340587	0.018882	-0.940023	0.000491	-0.999802	-0.019904	-0.940213	0.006317	-0.340529	92.256897	29.649790	945.530518	
0.358508	-0.040665	-0.932640	-0.023302	-0.999129	0.034607	-0.933235	0.009326	-0.359144	78.416603	37.735844	941.047729	
0.375411	-0.090782	-0.922402	-0.038834	-0.995858	0.082207	-0.926044	0.004960	-0.377382	69.137085	42.497219	920.917603	
0.396699	-0.150040	-0.905603	-0.069059	-0.988634	0.133546	-0.915347	0.009563	-0.402552	51.724651	44.037186	898.938721	
0.420872	-0.216459	-0.880915	-0.083174	-0.976230	0.200143	-0.903298	-0.010965	-0.428872	34.115406	46.993904	887.349854	
0.430963	-0.337580	-0.836845	-0.140944	-0.941187	0.307087	-0.891294	-0.014395	-0.453197	16.276169	49.558128	880.404236	
0.425426	-0.466238	-0.775651	-0.203364	-0.884411	0.420073	-0.881848	-0.020970	-0.471067	6.964279	49.700825	864.288452	
0.411094	-0.579601	-0.703608	-0.258723	-0.814289	0.519612	-0.874107	-0.031570	-0.484706	-11.884638	50.126862	857.182373	
0.404577	-0.690688	-0.599389	-0.327596	-0.721388	0.610148	-0.853814	-0.050494	-0.518124	-31.466158	49.696308	852.368225	
0.390294	-0.776691	-0.494389	-0.377763	-0.624789	0.683326	-0.839622	-0.079935	-0.537257	-52.159088	49.776821	854.357544	
0.361148	-0.848786	-0.386178	-0.423342	-0.518228	0.743117	-0.830875	-0.104889	-0.546483	-71.742310	47.766693	853.835327	
0.320229	-0.886276	-0.334614	-0.450892	-0.453233	0.768945	-0.833156	-0.095363	-0.544753	-80.919495	43.624397	852.271729	
0.278846	-0.920426	-0.273971	-0.469463	-0.379525	0.797224	-0.837764	-0.093683	-0.537935	-89.341537	38.732029	834.085999	
0.258826	-0.946034	-0.195008	-0.478453	-0.300946	0.824933	-0.839101	-0.120211	-0.530526	-106.380226	34.955933	821.630615	
0.250346	-0.961071	-0.116918	-0.500961	-0.231931	0.833814	-0.828471	-0.150170	-0.539522	-122.316818	29.766851	798.476379	
0.263162	-0.964557	-0.019365	-0.595360	-0.178163	0.783457	-0.759139	-0.194646	-0.621144	-136.204208	24.908554	787.175598	
0.232757	-0.971956	0.033564	-0.751534	-0.157854	0.640530	-0.617268	-0.174311	-0.767199	-148.250671	20.241787	776.528564	
0.132251	-0.989414	-0.059744	-0.808157	-0.142530	0.571460	-0.573926	-0.027293	-0.818452	-153.579453	14.290762	774.588501	
0.003908	-0.962899	-0.269835	-0.842283	-0.148619	0.518143	-0.539021	0.225253	-0.811614	-163.375031	7.361761	771.969055	
-0.136285	-0.907784	-0.396679	-0.778098	-0.149754	0.610031	-0.613180	0.391794	-0.685936	-163.826401	0.053240	743.008118	
-0.199623	-0.856366	-0.476222	-0.731237	-0.193319	0.654155	-0.652259	0.478817	-0.587616	-167.434570	-13.463486	723.096924	
-0.225962	-0.816076	-0.531941	-0.696540	-0.246394	0.673885	-0.681008	0.522792	-0.512754	-167.855423	-25.689150	704.426819	
-0.300955	-0.730665	-0.612825	-0.670557	-0.294785	0.680775	-0.678070	0.615818	-0.401235	-166.421036	-33.670349	694.092224	
-0.318520	-0.685203	-0.655012	-0.685478	-0.310777	0.658435	-0.654724	0.658723	-0.370703	-162.510376	-40.011749	677.980713	
-0.368520	-0.613028	-0.698848	-0.569987	-0.444866	0.690803	-0.734375	0.652910	-0.185477	-165.167664	-48.531246	692.796387	
-0.490138	-0.499547	-0.714294	-0.488224	-0.521528	0.699746	-0.722081	0.691709	0.011729	-158.903671	-63.235741	679.746948	
-0.538022	-0.386644	-0.749025	-0.500482	-0.568489	0.652946	-0.678270	0.726173	0.112351	-153.276764	-70.548706	654.881470	
-0.452953	-0.282034	-0.845748	-0.438485	-0.755500	0.486776	-0.776250	0.591336	0.218538	-157.354874	-90.236511	691.383789	
-0.442009	-0.221266	-0.869292	-0.382452	-0.830115	0.405759	-0.811393	0.511812	0.282294	-144.225723	-97.918968	677.117188	
-0.454336	-0.166194	-0.875190	-0.336609	-0.877580	0.341392	-0.824787	0.449704	0.342773	-129.246078	-111.973930	664.660095	
-0.460677	-0.047427	-0.886299	-0.332401	-0.916681	0.221827	-0.822974	0.396797	0.406528	-114.115204	-119.220932	652.706848	
-0.475178	0.106557	-0.873414	-0.242610	-0.970028	0.013648	-0.845782	0.218384	0.486787	-107.197807	-127.114059	656.094604	
-0.463568	0.184414	-0.866658	-0.206873	-0.973596	-0.096514	-0.861573	0.134547	0.489478	-88.485298	-132.639587	637.906311	
-0.470090	0.258139	-0.844026	-0.138753	-0.965999	-0.218162	-0.871644	0.014555	0.489924	-79.909119	-137.292130	622.829285	
-0.463436	0.376747	-0.802053	-0.220252	-0.925688	-0.307557	-0.858322	0.034121	0.511976	-71.468048	-145.138153	621.317749	
-0.411820	0.448484	-0.793263	-0.106484	-0.888228	-0.446892	-0.905023	-0.099569	0.413546	-61.525047	-154.279953	604.111511	
-0.382131	0.504560	-0.774206	-0.105828	-0.856170	-0.505741	-0.918028	-0.111326	0.380565	-53.127228	-160.132095	602.487549	
-0.334297	0.617998	-0.711565	-0.155110	-0.780784	-0.605241	-0.929616	-0.091960	0.356871	-33.979694	-169.300583	599.522583	
-0.328531	0.734314	-0.594013	-0.151948	-0.661822	-0.734099	-0.932191	-0.150915	0.329006	-22.785343	-171.174454	589.465393	
-0.384373	0.830725	-0.402683	-0.156212	-0.488429	-0.858506	-0.909865	-0.267083	0.317508	-3.051680	-174.089264	568.770935	
-0.418459	0.883998	-0.208424	-0.234327	-0.326794	-0.915584	-0.877487	-0.334295	0.343895	13.509241	-180.521683	571.388855	
-0.320997	0.943844	-0.078224	-0.403533	-0.211025	-0.890296	-0.856809	-0.254217	0.448611	23.360722	-189.972900	575.815552	
-0.189735	0.980897	0.042927	-0.644515	-0.091447	-0.759102	-0.740676	-0.171695	0.649553	31.779461	-192.492920	570.694214	
-0.119928	0.987969	0.097648	-0.564286	0.013090	-0.825475	-0.816822	-0.154099	0.555927	47.816559	-193.634491	569.544312	
-0.058639	0.988596	0.138708	-0.476610	0.094365	-0.874035	-0.877157	-0.117362	0.465641	57.082012	-196.280411	574.851318	
-0.041795	0.987689	0.150742	-0.355814	0.126269	-0.925987	-0.933622	-0.092338	0.346156	66.924469	-193.932327	568.381104	
-0.067732	0.978259	0.196014	-0.304740	0.166792	-0.937717	-0.950024	-0.123247	0.286818	72.820175	-193.155441	567.509949	
-0.070363	0.977921	0.196776	-0.263401	0.172049	-0.949220	-0.962117	-0.118621	0.245479	77.728508	-193.042999	569.559143	
0.014648	0.987941	0.154139	-0.256952	0.152698	-0.954284	-0.966313	-0.025628	0.256090	80.237282	-188.348587	569.787231	
0.094056	0.987812	0.124023	-0.262450	0.144771	-0.954023	-0.960351	0.057182	0.272868	77.436844	-184.742249	567.402039	
0.162303	0.986741	0.000739	-0.455440	0.075577	-0.887052	-0.875347	0.143635	0.461667	80.341789	-184.897125	586.364136	
0.344675	0.854246	-0.389182	-0.630679	-0.096349	-0.770039	-0.695300	0.510863	0.505545	82.823174	-180.353653	584.928650	
0.258195	0.761048	-0.595098	-0.779043	-0.200273	-0.594123	-0.571338	0.617007	0.541179	77.978195	-168.231140	574.020081	
0.319646	0.650718	-0.688762	-0.702348	-0.325214	-0.633201	-0.636030	0.686151	0.353075	71.764336	-162.597855	572.825439	
0.304622	0.594611	-0.744072	-0.653026	-0.438307	-0.617612	-0.693371	0.674037	0.254778	67.734818	-158.073090	574.455750	
0.293081	0.535704	-0.791913	-0.640650	-0.504794	-0.578576	-0.709698	0.676909	0.195252	62.484684	-151.564789	573.168091	
0.253432	0.474717	-0.842862	-0.592160	-0.612852	-0.523220	-0.764931	0.631710	0.125791	56.374119	-138.910645	573.355896	
0.276637	0.361662	-0.890322	-0.497910	-0.738475	-0.454687	-0.821923	0.569084	-0.024214	44.289146	-133.924820	586.908020	
0.317532	0.285947	-0.904106	-0.461867	-0.786067	-0.410825	-0.828162	0.548027	-0.117532	29.256573	-126.291977	587.577393	
0.368776	0.214981	-0.904316	-0.382081	-0.851836	-0.358315	-0.847360	0.477660	-0.231997	20.966305	-118.443848	587.972961	
0.437636	0.099629	-0.893615	-0.410068	-0.862354	-0.296967	-0.800200	0.496407	-0.336542	4.378609	-110.114174	589.253113	
0.487662	0.023597	-0.872713	-0.471724	-0.834025	-0.286143	-0.734617	0.551223	-0.395591	-13.365544	-95.370140	581.733337	
0.560729	-0.078268	-0.824291	-0.470580	-0.849238	-0.239477	-0.681276	0.522178	-0.513024	-32.177124	-88.269531	588.128479	
0.599635	-0.229616	-0.766624	-0.471563	-0.875358	-0.106661	-0.646580	0.425471	-0.633174	-44.895500	-75.731773	612.448914	
0.746140	-0.368116	-0.554766	-0.434628	-0.900517	0.012982	-0.504355	0.231431	-0.831904	-55.819000	-68.716583	631.617676	
0.840814	-0.421382	-0.339806	-0.408424	-0.905813	0.112666	-0.355276	0.044055	-0.933722	-74.695068	-53.697319	641.939087	
0.825211	-0.516014	-0.229689	-0.497451	-0.856580	0.137167	-0.267526	0.001068	-0.963549	-92.837570	-45.436886	638.794495	
0.780667	-0.602352	-0.166527	-0.581252	-0.797720	0.160593	-0.229575	-0.028575	-0.972871	-110.953751	-38.729454	650.356323	
0.782792	-0.622001	-0.018752	-0.617665	-0.780294	0.098145	-0.075678	-0.065244	-0.994995	-128.620010	-33.200275	662.154480	
0.761969	-0.641513	0.088683	-0.645561	-0.763293	0.025210	0.051519	-0.076459	-0.995740	-137.735825	-21.239176	669.445740	
0.722068	-0.681625	0.118343	-0.684648	-0.728619	-0.019283	0.099371	-0.067099	-0.992785	-146.347885	-7.755953	676.907593	
0.684429	-0.718447	0.124061	-0.719995	-0.692822	-0.040057	0.114731	-0.061906	-0.991465	-154.563736	-1.869261	690.598145	
0.654434	-0.742513	0.142799	-0.740573	-0.667544	-0.077051	0.152537	-0.055328	-0.986747	-167.025955	3.879396	691.394409	
0.654437	-0.718894	0.234315	-0.711678	-0.690325	-0.130256	0.255394	-0.081512	-0.963394	-176.992752	9.139997	697.363037	
0.636547	-0.720194	0.275914	-0.604245	-0.688029	-0.401875	0.479265	0.089094	-0.873136	-187.338058	17.782631	726.903503	
0.670161	-0.678996	0.299748	-0.394191	-0.667797	-0.631394	0.628885	0.304979	-0.715185	-192.048996	21.256592	732.356812	
0.731213	-0.634257	0.251092	-0.379563	-0.684143	-0.622799	0.566798	0.360094	-0.740994	-194.010864	27.352152	744.814636	
0.767371	-0.607368	0.205538	-0.378161	-0.687557	-0.619886	0.517817	0.397957	-0.757294	-194.784058	34.172829	748.040405	
0.794406	-0.579575	0.181690	-0.401252	-0.725337	-0.559359	0.455977	0.371456	-0.808767	-194.693710	35.972782	761.119995	
0.851891	-0.522194	-0.039935	-0.428783	-0.651652	-0.625694	0.300710	0.550148	-0.779044	-187.831314	35.386200	743.657715	
0.873326	-0.477445	-0.096677	-0.425869	-0.651949	-0.627373	0.236507	0.589074	-0.772693	-183.324005	35.785530	755.787964	
0.894211	-0.439397	-0.085539	-0.387361	-0.663756	-0.639826	0.224361	0.605275	-0.763743	-178.258911	37.019783	762.377075	
0.912255	-0.404734	-0.063097	-0.350231	-0.690793	-0.632568	0.212434	0.599163	-0.771929	-172.872894	37.571579	779.708862	
0.935244	-0.352820	-0.028915	-0.288079	-0.711066	-0.641401	0.205738	0.608197	-0.766660	-168.959961	37.241467	798.685486	
-0.278917	-0.279606	-0.918709	-0.313508	-0.877746	0.362319	-0.907699	0.389079	0.157160	-166.296005	41.045399	845.341980	
-0.278917	-0.279606	-0.918709	-0.313508	-0.877746	0.362319	-0.907699	0.389079	0.157160	-166.296005	41.045399	845.341980	
-0.278917	-0.279606	-0.918709	-0.313508	-0.877746	0.362319	-0.907699	0.389079	0.157160	-166.296005	41.045399	845.341980	
-0.343208	-0.140170	-0.928741	-0.531011	-0.786657	0.314956	-0.774749	0.601268	0.195555	-132.404114	27.916513	861.275757	
-0.393167	-0.113216	-0.912470	-0.560912	-0.756807	0.335589	-0.728558	0.643758	0.234047	-113.760857	21.029844	860.930908	
-0.194802	-0.061669	-0.978902	-0.215968	-0.970831	0.104138	-0.956771	0.231698	0.175801	-101.389999	17.779900	915.307007	
-0.194802	-0.061669	-0.978902	-0.215968	-0.970831	0.104138	-0.956771	0.231698	0.175801	-101.389999	17.779900	915.307007	
-0.194802	-0.061669	-0.978902	-0.215968	-0.970831	0.104138	-0.956771	0.231698	0.175801	-101.389999	17.779900	915.307007	
0.004340	0.000651	-0.999991	-0.167915	-0.985800	-0.001371	-0.985792	0.167920	-0.004169	-41.095276	-0.946310	926.148010	
0.043390	-0.000121	-0.999058	-0.177182	-0.984149	-0.007576	-0.983222	0.177344	-0.042723	-31.225731	-6.188007	937.548035	
-0.010878	-0.008113	-0.999908	-0.189242	-0.981879	0.010025	-0.981871	0.189334	0.009146	-21.196896	-17.389315	954.583130	
0.074018	-0.030646	-0.996786	-0.238098	-0.971165	0.012178	-0.968417	0.236432	-0.079180	-1.612640	-23.734285	976.434753	
0.107420	-0.085279	-0.990550	-0.287505	-0.956411	0.051162	-0.951737	0.279292	-0.127256	17.585756	-31.283775	997.533569	
0.312698	-0.136160	-0.940043	-0.612598	-0.785249	-0.090037	-0.725910	0.604023	-0.328957	25.120358	-36.849030	944.302551	
0.280159	-0.210069	-0.936687	-0.356491	-0.928751	0.101665	-0.891305	0.305438	-0.335086	35.376400	-49.282600	989.918030	
0.280159	-0.210069	-0.936687	-0.356491	-0.928751	0.101665	-0.891305	0.305438	-0.335086	35.376400	-49.282600	989.918030	
0.280159	-0.210069	-0.936687	-0.356491	-0.928751	0.101665	-0.891305	0.305438	-0.335086	35.376400	-49.282600	989.918030	
0.328440	-0.411268	-0.850286	-0.205110	-0.909799	0.360826	-0.921986	0.055893	-0.383170	76.610428	-82.586983	983.986450	
0.311153	-0.519994	-0.795481	-0.169833	-0.853982	0.491805	-0.935062	-0.017928	-0.354031	86.612350	-91.719978	991.749023	
0.308403	-0.597260	-0.740384	-0.157396	-0.799634	0.579493	-0.938144	-0.062184	-0.340616	90.350464	-105.754288	989.767029	
0.269866	-0.669092	-0.692451	-0.189300	-0.741964	0.643160	-0.944107	-0.042486	-0.326890	93.367302	-112.839630	991.002808	
0.247286	-0.735384	-0.630920	-0.229689	-0.677073	0.699153	-0.941325	-0.027975	-0.336340	95.658722	-119.532104	990.977600	
0.228031	-0.775849	-0.588268	-0.215211	-0.629405	0.746681	-0.949572	-0.043665	-0.310496	96.856796	-133.177963	995.777344	
0.194726	-0.831986	-0.519501	-0.235426	-0.553802	0.798673	-0.952185	-0.033218	-0.303711	97.457001	-145.766647	1000.309631	
0.155112	-0.876061	-0.456571	-0.260388	-0.482077	0.836541	-0.952963	-0.010871	-0.302892	97.384308	-151.880325	1005.602173	
0.088056	-0.885793	-0.455650	-0.283139	-0.460816	0.841119	-0.955028	0.054947	-0.291380	95.754333	-161.352722	997.738464	
0.051460	-0.903923	-0.424588	-0.291532	-0.420230	0.859312	-0.955176	0.079560	-0.285148	88.704056	-171.570572	993.149658	
0.013321	-0.945643	-0.324932	-0.284632	-0.315103	0.905370	-0.958545	0.080426	-0.273358	84.123299	-176.569077	990.230957	
0.037630	-0.953242	-0.299857	-0.269845	-0.298615	0.915431	-0.962168	0.046467	-0.268464	73.596924	-180.844025	982.522827	
0.024142	-0.949608	-0.312508	-0.268057	-0.307301	0.913078	-0.963101	0.061727	-0.261968	63.153057	-185.990341	982.131958	
0.016089	-0.939373	-0.342519	-0.245538	-0.335785	0.909373	-0.969254	0.069471	-0.236054	58.215191	-193.150635	996.030396	
0.026262	-0.939084	-0.342684	-0.238363	-0.338797	0.910165	-0.970821	0.057780	-0.232741	52.756733	-203.682037	1015.568726	
0.071813	-0.938630	-0.337368	-0.252267	-0.344336	0.904320	-0.964989	0.020165	-0.261513	45.824833	-216.469269	1061.181274	
-0.898587	-0.438376	0.019176	0.237317	-0.448768	0.861562	-0.369082	0.778739	0.507291	31.439800	-211.350998	1017.929993	
-0.898587	-0.438376	0.019176	0.237317	-0.448768	0.861562	-0.369082	0.778739	0.507291	31.439800	-211.350998	1017.929993	
-0.898587	-0.438376	0.019176	0.237317	-0.448768	0.861562	-0.369082	0.778739	0.507291	31.439800	-211.350998	1017.929993	
-0.951012	-0.167141	0.260075	0.305559	-0.636070	0.708553	0.046998	0.753311	0.655982	-17.163551	-207.062973	956.323181	
-0.967967	-0.126804	0.216701	0.242460	-0.696239	0.675620	0.065204	0.706520	0.704682	-27.683800	-211.649063	974.735779	
-0.969633	-0.082063	0.230383	0.214407	-0.738395	0.639376	0.117644	0.669356	0.733568	-46.962868	-211.014435	970.254517	
-0.956766	0.031628	0.289131	0.152012	-0.793122	0.589786	0.247971	0.608240	0.754026	-54.768597	-210.265915	955.220520	
-0.902018	0.126144	0.412856	0.108028	-0.859970	0.498777	0.417962	0.494507	0.762082	-65.736343	-210.726013	966.843323	
-0.807994	0.154544	0.568560	0.214942	-0.821165	0.528665	0.548584	0.549367	0.630279	-72.291687	-204.145447	924.018921	
-0.722126	0.336663	0.604312	-0.298385	-0.939728	0.166966	0.624100	-0.059747	0.779057	-94.482300	-201.615997	964.468994	
-0.722126	0.336663	0.604312	-0.298385	-0.939728	0.166966	0.624100	-0.059747	0.779057	-94.482300	-201.615997	964.468994	
-0.722126	0.336663	0.604312	-0.298385	-0.939728	0.166966	0.624100	-0.059747	0.779057	-94.482300	-201.615997	964.468994	
-0.722126	0.336663	0.604312	-0.298385	-0.939728	0.166966	0.624100	-0.059747	0.779057	-94.482300	-201.615997	964.468994	
-0.265691	0.430060	0.862819	-0.871758	-0.489323	-0.024548	0.411640	-0.758691	0.504916	-124.708862	-164.967422	886.746338	
-0.301946	0.466372	0.831460	-0.917689	-0.378426	-0.120999	0.258215	-0.799557	0.542249	-135.354996	-163.128006	919.111023	
-0.301946	0.466372	0.831460	-0.917689	-0.378426	-0.120999	0.258215	-0.799557	0.542249	-135.354996	-163.128006	919.111023	
-0.301946	0.466372	0.831460	-0.917689	-0.378426	-0.120999	0.258215	-0.799557	0.542249	-135.354996	-163.128006	919.111023	
-0.301946	0.466372	0.831460	-0.917689	-0.378426	-0.120999	0.258215	-0.799557	0.542249	-135.354996	-163.128006	919.111023	
-0.047085	0.181108	0.982335	-0.932518	0.344530	-0.108216	-0.358042	-0.921140	0.152664	-143.666672	-107.292419	856.881104	
-0.093898	0.138177	0.985946	-0.890674	0.430832	-0.145204	-0.444841	-0.891791	0.082617	-140.937164	-98.460670	843.160522	
-0.135240	0.088901	0.986816	-0.842466	0.513894	-0.161754	-0.521499	-0.853235	0.005398	-135.978622	-90.620590	825.810364	
-0.117990	-0.006296	0.992995	-0.765959	0.636979	-0.086974	-0.631969	-0.770855	-0.079979	-131.689560	-77.090988	817.478088	
-0.159474	-0.031607	0.986696	-0.686874	0.721441	-0.087905	-0.709065	-0.691754	-0.136760	-124.506149	-68.033714	789.124756	
-0.133825	-0.108966	0.984996	-0.636083	0.771620	-0.001059	-0.759928	-0.626680	-0.172573	-115.393845	-61.264824	777.908386	
-0.125423	-0.134535	0.982939	-0.645624	0.763336	0.022096	-0.753286	-0.631837	-0.182599	-108.056961	-53.730583	766.736328	
-0.072728	-0.182502	0.980512	-0.687581	0.721320	0.083258	-0.722457	-0.668125	-0.177944	-101.679802	-41.428856	766.788879	
-0.054055	-0.193055	0.979698	-0.724837	0.682412	0.094480	-0.686797	-0.705014	-0.176820	-94.528107	-27.345650	753.925110	
-0.036054	-0.227005	0.973226	-0.734466	0.666421	0.128234	-0.677688	-0.710177	-0.190754	-78.455780	-13.129164	732.208862	
-0.045858	-0.250653	0.966990	-0.756754	0.640611	0.130164	-0.652090	-0.725804	-0.219059	-69.516106	-7.820547	727.297668	
-0.008086	-0.270571	0.962666	-0.794382	0.586466	0.158162	-0.607365	-0.763445	-0.219679	-60.668610	-1.677542	719.049011	
0.111410	-0.296779	0.948425	-0.834516	0.490267	0.251442	-0.539604	-0.819489	-0.193045	-48.690544	2.826369	695.672791	
-0.441973	-0.545335	0.712229	0.516831	0.494147	0.699074	-0.733175	0.677074	0.063446	-33.702099	20.680500	726.643005	
-0.441973	-0.545335	0.712229	0.516831	0.494147	0.699074	-0.733175	0.677074	0.063446	-33.702099	20.680500	726.643005	
-0.441973	-0.545335	0.712229	0.516831	0.494147	0.699074	-0.733175	0.677074	0.063446	-33.702099	20.680500	726.643005	
-0.441973	-0.545335	0.712229	0.516831	0.494147	0.699074	-0.733175	0.677074	0.063446	-33.702099	20.680500	726.643005	
-0.747212	-0.511928	0.423795	0.568997	-0.163302	0.805962	-0.343389	0.843363	0.413307	6.931854	46.833420	681.484192	
-0.738760	-0.373287	0.561151	0.666802	-0.283728	0.689111	-0.098022	0.883264	0.458515	14.623089	47.987961	640.858765	
-0.832233	-0.268944	0.484826	0.554425	-0.403782	0.727718	0.000048	0.874431	0.485149	31.322697	48.786419	615.551147	
-0.944202	-0.316182	0.092257	0.284378	-0.641286	0.712657	-0.166167	0.699128	0.695419	51.834499	56.799801	654.552979	
-0.944202	-0.316182	0.092257	0.284378	-0.641286	0.712657	-0.166167	0.699128	0.695419	51.834499	56.799801	654.552979	
-0.944202	-0.316182	0.092257	0.284378	-0.641286	0.712657	-0.166167	0.699128	0.695419	51.834499	56.799801	654.552979	
-0.944202	-0.316182	0.092257	0.284378	-0.641286	0.712657	-0.166167	0.699128	0.695419	51.834499	56.799801	654.552979	
-0.944202	-0.316182	0.092257	0.284378	-0.641286	0.712657	-0.166167	0.699128	0.695419	51.834499	56.799801	654.552979	
-0.970923	0.064678	-0.230487	-0.164461	-0.879850	0.445890	-0.173956	0.470831	0.864904	96.361206	56.490635	614.191406	
-0.946567	0.167196	-0.275784	-0.274202	-0.867385	0.415281	-0.169778	0.468711	0.866883	98.681236	53.018764	601.757080	
-0.919381	0.264396	-0.291261	-0.374685	-0.814079	0.443721	-0.119792	0.517080	0.847513	99.082115	49.393471	592.482422	
-0.922633	0.310575	-0.228671	-0.385679	-0.742823	0.547236	0.000095	0.593092	0.805135	96.652107	41.677887	570.954468	
-0.813536	0.330046	-0.478778	-0.461118	-0.867769	0.185332	-0.354301	0.371547	0.858151	100.856003	38.132500	595.981018	
-0.813536	0.330046	-0.478778	-0.461118	-0.867769	0.185332	-0.354301	0.371547	0.858151	100.856003	38.132500	595.981018	
-0.813536	0.330046	-0.478778	-0.461118	-0.867769	0.185332	-0.354301	0.371547	0.858151	100.856003	38.132500	595.981018	
-0.813536	0.330046	-0.478778	-0.461118	-0.867769	0.185332	-0.354301	0.371547	0.858151	100.856003	38.132500	595.981018	
-0.813536	0.330046	-0.478778	-0.461118	-0.867769	0.185332	-0.354301	0.371547	0.858151	100.856003	38.132500	595.981018	
-0.384669	0.366066	-0.847363	-0.677524	-0.735430	-0.010142	-0.626890	0.570208	0.530916	64.152672	0.527915	574.355469	
-0.345134	0.338392	-0.875427	-0.664262	-0.747016	-0.026873	-0.663053	0.572239	0.482602	50.479912	-6.699751	571.415283	
-0.296170	0.309627	-0.903556	-0.708249	-0.705895	-0.009742	-0.640833	0.637058	0.428358	34.540257	-19.688625	561.205078	
-0.247096	0.204732	-0.947116	-0.728046	-0.684239	0.042034	-0.639448	0.699930	0.318127	24.768549	-28.012878	542.761841	
-0.096094	0.095784	-0.990753	-0.694373	-0.719612	-0.002223	-0.713171	0.687738	0.135661	8.273448	-35.978134	551.061279	
-0.012999	-0.015711	-0.999792	-0.632808	-0.774040	0.020391	-0.774200	0.632942	0.000119	-0.733418	-44.383743	561.140869	
0.174949	-0.090212	-0.980436	-0.667465	-0.742910	-0.050746	-0.723798	0.663285	-0.190185	-18.639572	-56.745728	540.178955	
0.076296	-0.201475	-0.976518	-0.571984	-0.811044	0.122645	-0.816709	0.549195	-0.177120	-40.778900	-67.055496	573.033997	
0.076296	-0.201475	-0.976518	-0.571984	-0.811044	0.122645	-0.816709	0.549195	-0.177120	-40.778900	-67.055496	573.033997	
0.097834	-0.398489	-0.911940	-0.712523	-0.667781	0.215359	-0.694794	0.628709	-0.349265	-80.476173	-95.524712	562.338501	
0.048824	-0.523492	-0.850630	-0.705687	-0.620775	0.341531	-0.706839	0.583604	-0.399731	-92.878189	-104.152565	575.737854	
-0.018248	-0.638312	-0.769561	-0.695533	-0.544826	0.468399	-0.718262	0.543802	-0.434025	-103.251366	-112.241005	582.396484	
-0.083567	-0.682338	-0.726243	-0.650335	-0.514854	0.558561	-0.755038	0.518978	-0.400724	-121.622498	-119.090942	582.614197	
-0.203124	-0.751358	-0.627854	-0.598382	-0.412295	0.686987	-0.775035	0.515239	-0.365853	-129.611511	-131.240631	582.331604	
-0.282187	-0.770074	-0.572150	-0.595074	-0.327293	0.734007	-0.752501	0.547598	-0.365894	-145.983704	-143.866882	587.909485	
-0.349656	-0.787275	-0.507877	-0.557911	-0.260523	0.787948	-0.752646	0.558860	-0.348137	-153.819519	-156.436920	592.241455	
-0.367073	-0.845604	-0.387570	-0.510542	-0.165140	0.843845	-0.777563	0.507623	-0.371099	-169.390594	-169.805573	607.697266	
-0.435657	-0.862643	-0.256998	-0.482419	-0.017275	0.875771	-0.759918	0.505516	-0.408629	-177.392670	-177.427200	621.132874	
-0.439958	-0.884626	-0.154509	-0.502563	0.099955	0.858743	-0.744222	0.455462	-0.488557	-189.579773	-190.259415	637.233215	
-0.486565	-0.839933	-0.240346	-0.656758	0.170238	0.734635	-0.576128	0.515296	-0.634465	-193.596359	-190.224625	628.684998	
-0.525725	-0.745234	-0.410169	-0.740814	0.164108	0.651354	-0.418100	0.646292	-0.638356	-188.399017	-181.635361	595.077637	
-0.623727	-0.694817	-0.358043	-0.686221	0.267433	0.676447	-0.374254	0.667614	-0.643603	-195.631027	-188.436813	621.721008	
-0.739115	-0.616947	-0.270342	-0.554408	0.329262	0.764341	-0.382545	0.714816	-0.585403	-197.524323	-195.986526	631.375488	
-0.836502	-0.516594	-0.182744	-0.404688	0.357565	0.841650	-0.369449	0.777995	-0.508164	-196.784393	-199.138092	644.384949	
-0.891308	-0.445222	-0.085719	-0.277398	0.385940	0.879830	-0.358637	0.807977	-0.467495	-197.870880	-203.453506	661.901917	
-0.928024	-0.369104	-0.050328	-0.176914	0.317793	0.931509	-0.327830	0.873366	-0.360220	-195.452835	-205.543640	672.631836	
-0.961287	-0.272981	0.037541	-0.037924	0.266012	0.963224	-0.272928	0.924510	-0.266066	-188.874817	-206.783493	683.473511	
-0.976894	-0.180822	0.113937	0.073999	0.213967	0.974034	-0.200506	0.959958	-0.195643	-183.915283	-205.750504	699.312256	
-0.973044	-0.141080	0.182434	0.158383	0.166204	0.973289	-0.167633	0.975946	-0.139379	-178.344391	-203.104050	709.535889	
-0.956910	-0.083015	0.278265	0.270202	0.096457	0.957960	-0.106366	0.991869	-0.069870	-164.736206	-200.282089	721.250183	
-0.925860	-0.039171	0.375832	0.374604	0.035308	0.926513	-0.049562	0.998608	-0.018017	-148.760422	-195.136276	734.327637	
-0.863636	-0.008878	0.504038	0.504085	-0.026359	0.863252	0.005622	0.999612	0.027239	-131.645386	-191.864029	743.066589	
-0.814408	0.025790	0.579719	0.570125	-0.150629	0.807632	0.108151	0.988253	0.107970	-115.842499	-190.767212	768.018555	
-0.759725	0.012828	0.650118	0.627039	-0.250265	0.737693	0.172165	0.968092	0.182089	-106.446686	-183.860611	782.236755	
0.337870	0.000844	0.941193	0.879288	-0.356961	-0.315327	0.335703	0.934119	-0.121348	-96.626701	-177.811996	812.187012	
0.337870	0.000844	0.941193	0.879288	-0.356961	-0.315327	0.335703	0.934119	-0.121348	-96.626701	-177.811996	812.187012	
0.580626	-0.067549	0.811364	0.689836	-0.488487	-0.534328	0.432434	0.869953	-0.237031	-65.197639	-160.008240	837.770203	
0.618677	-0.131911	0.774493	0.606994	-0.545617	-0.577806	0.498795	0.827588	-0.257491	-47.255959	-151.298019	854.806824	
0.661115	-0.174135	0.729798	0.513030	-0.604844	-0.609068	0.547474	0.777072	-0.310535	-26.937357	-146.058334	875.401672	
0.659002	-0.270899	0.701663	0.402304	-0.661268	-0.633147	0.635506	0.699527	-0.326793	-7.527579	-134.898529	905.132629	
0.793031	-0.309230	0.524860	0.255672	-0.613076	-0.747509	0.552931	0.726990	-0.407127	2.573155	-116.626877	876.812500	
0.827260	-0.332780	0.452657	0.185941	-0.598118	-0.779539	0.530157	0.729049	-0.432921	12.133732	-107.202858	859.251282	
0.868353	-0.425613	0.254590	-0.054617	-0.592287	-0.803874	0.492930	0.684141	-0.537560	21.665100	-96.978600	908.140015	
0.868353	-0.425613	0.254590	-0.054617	-0.592287	-0.803874	0.492930	0.684141	-0.537560	21.665100	-96.978600	908.140015	
0.868353	-0.425613	0.254590	-0.054617	-0.592287	-0.803874	0.492930	0.684141	-0.537560	21.665100	-96.978600	908.140015	
0.861229	-0.503434	0.069576	-0.166913	-0.409495	-0.896914	0.480027	0.760834	-0.436698	38.637581	-50.436237	874.892395	
0.758422	-0.646164	-0.085258	-0.453693	-0.429485	-0.780836	0.467931	0.630884	-0.618891	53.008499	-46.544201	965.359985	
0.758422	-0.646164	-0.085258	-0.453693	-0.429485	-0.780836	0.467931	0.630884	-0.618891	53.008499	-46.544201	965.359985	
0.758422	-0.646164	-0.085258	-0.453693	-0.429485	-0.780836	0.467931	0.630884	-0.618891	53.008499	-46.544201	965.359985	
0.758422	-0.646164	-0.085258	-0.453693	-0.429485	-0.780836	0.467931	0.630884	-0.618891	53.008499	-46.544201	965.359985	
0.580710	-0.683930	-0.441607	-0.724971	-0.187639	-0.662728	0.370398	0.705004	-0.604793	65.890915	8.594842	975.626648	
0.583951	-0.658140	-0.475241	-0.709935	-0.130112	-0.692144	0.393693	0.741568	-0.543215	64.189354	19.515306	969.680664	
0.564939	-0.642871	-0.517264	-0.716280	-0.070881	-0.694204	0.409619	0.762688	-0.500519	61.183975	24.269735	962.765381	
0.454640	-0.669965	-0.586898	-0.817765	-0.052880	-0.573117	0.352934	0.740507	-0.571915	61.807201	38.248901	1021.390015	
0.454640	-0.669965	-0.586898	-0.817765	-0.052880	-0.573117	0.352934	0.740507	-0.571915	61.807201	38.248901	1021.390015	
0.454640	-0.669965	-0.586898	-0.817765	-0.052880	-0.573117	0.352934	0.740507	-0.571915	61.807201	38.248901	1021.390015	
0.454640	-0.669965	-0.586898	-0.817765	-0.052880	-0.573117	0.352934	0.740507	-0.571915	61.807201	38.248901	1021.390015	
0.232679	-0.524493	-0.819004	-0.907440	0.185870	-0.376836	0.349876	0.830879	-0.432697	23.461065	76.474091	1031.586548	
0.225243	-0.468447	-0.854297	-0.893965	0.249292	-0.372399	0.387418	0.847591	-0.362624	14.283255	82.549271	1016.341187	
0.178237	-0.391075	-0.902936	-0.900283	0.305549	-0.310051	0.397144	0.868159	-0.297618	-0.235241	85.777756	1013.190491	
0.102701	-0.308046	-0.945812	-0.896512	0.383278	-0.222180	0.430951	0.870750	-0.236804	-16.590496	90.456398	1031.556641	
0.063949	-0.270275	-0.960657	-0.886414	0.426843	-0.179097	0.458455	0.862992	-0.212280	-35.323799	93.615799	1062.819946	
0.063949	-0.270275	-0.960657	-0.886414	0.426843	-0.179097	0.458455	0.862992	-0.212280	-35.323799	93.615799	1062.819946	
0.063949	-0.270275	-0.960657	-0.886414	0.426843	-0.179097	0.458455	0.862992	-0.212280	-35.323799	93.615799	1062.819946	
0.063949	-0.270275	-0.960657	-0.886414	0.426843	-0.179097	0.458455	0.862992	-0.212280	-35.323799	93.615799	1062.819946	
0.025786	0.154934	-0.987589	-0.838131	0.541805	0.063115	0.544859	0.826101	0.143825	-82.861038	93.641930	1040.698486	
-0.018341	0.226706	-0.973791	-0.814082	0.562050	0.146182	0.580460	0.795427	0.174248	-93.589920	94.428467	1055.607056	
-0.082422	0.330496	-0.940202	-0.781106	0.564480	0.266899	0.618935	0.756396	0.211626	-102.231171	89.667839	1040.513794	
0.016959	0.413798	-0.910211	-0.753909	0.603254	0.260203	0.656760	0.681803	0.322197	-115.796997	87.428299	1075.030029	
0.016959	0.413798	-0.910211	-0.753909	0.603254	0.260203	0.656760	0.681803	0.322197	-115.796997	87.428299	1075.030029	
0.016959	0.413798	-0.910211	-0.753909	0.603254	0.260203	0.656760	0.681803	0.322197	-115.796997	87.428299	1075.030029	
0.016959	0.413798	-0.910211	-0.753909	0.603254	0.260203	0.656760	0.681803	0.322197	-115.796997	87.428299	1075.030029	
0.016959	0.413798	-0.910211	-0.753909	0.603254	0.260203	0.656760	0.681803	0.322197	-115.796997	87.428299	1075.030029	
0.237305	0.708300	-0.664829	-0.440915	0.688357	0.575985	0.865609	0.156449	0.475651	-149.280457	52.997444	1028.194092	
0.220115	0.684067	-0.695415	-0.588325	0.661743	0.464726	0.778089	0.306837	0.548113	-165.317001	44.030899	1061.319946	
0.220115	0.684067	-0.695415	-0.588325	0.661743	0.464726	0.778089	0.306837	0.548113	-165.317001	44.030899	1061.319946	
0.220115	0.684067	-0.695415	-0.588325	0.661743	0.464726	0.778089	0.306837	0.548113	-165.317001	44.030899	1061.319946	
0.220115	0.684067	-0.695415	-0.588325	0.661743	0.464726	0.778089	0.306837	0.548113	-165.317001	44.030899	1061.319946	
0.220115	0.684067	-0.695415	-0.588325	0.661743	0.464726	0.778089	0.306837	0.548113	-165.317001	44.030899	1061.319946	
0.220115	0.684067	-0.695415	-0.588325	0.661743	0.464726	0.778089	0.306837	0.548113	-165.317001	44.030899	1061.319946	
0.488336	0.872649	-0.003329	-0.629874	0.355114	0.690762	0.603975	-0.335227	0.723074	-177.724838	0.765293	1006.226196	
0.579919	0.803566	0.134075	-0.569491	0.282176	0.772046	0.582557	-0.524078	0.621263	-170.652725	-12.683237	972.743591	
0.515024	0.846674	0.133768	-0.645864	0.280702	0.709976	0.563569	-0.452050	0.691405	-174.070999	-20.509399	1007.440002	
0.515024	0.846674	0.133768	-0.645864	0.280702	0.709976	0.563569	-0.452050	0.691405	-174.070999	-20.509399	1007.440002	
0.515024	0.846674	0.133768	-0.645864	0.280702	0.709976	0.563569	-0.452050	0.691405	-174.070999	-20.509399	1007.440002	
0.577299	0.738542	0.348254	-0.658430	0.168819	0.733464	0.482903	-0.652730	0.583738	-139.564590	-48.643372	944.654541	
0.629962	0.684902	0.366138	-0.603977	0.135684	0.785367	0.488220	-0.715891	0.499141	-129.536804	-61.628319	919.091187	
