0.997603	-0.047550	0.050276	0.048209	0.998765	-0.011990	-0.049644	0.014385	0.998664	19.168352	3.925985	544.763123	
0.982040	-0.135831	0.130949	0.139671	0.989984	-0.020554	-0.126845	0.038475	0.991176	27.887497	7.667058	544.999939	
0.974464	-0.168039	0.148941	0.176268	0.983368	-0.043792	-0.139105	0.068927	0.987876	35.603165	15.818686	544.755493	
0.955128	-0.210238	0.208638	0.237991	0.964068	-0.118039	-0.176325	0.162397	0.970844	45.039715	19.748692	549.976135	
0.904984	-0.278809	0.321355	0.345421	0.922474	-0.172415	-0.248371	0.267035	0.931131	53.902927	26.666149	553.406555	
0.833417	-0.342629	0.433614	0.435825	0.889930	-0.134470	-0.339812	0.301049	0.891009	71.355347	28.481871	555.973450	
0.736732	-0.365139	0.569123	0.525967	0.838404	-0.142962	-0.424953	0.404664	0.809730	78.190094	32.502766	557.121155	
0.639478	-0.355815	0.681516	0.582505	0.802773	-0.127451	-0.501754	0.478489	0.720620	84.793091	33.401192	560.422485	
0.572110	-0.371924	0.731001	0.602623	0.795205	-0.067047	-0.556359	0.478876	0.679075	89.540344	32.554810	558.178162	
0.480317	-0.348820	0.804749	0.624754	0.780048	-0.034772	-0.615613	0.519471	0.592597	98.762703	31.223574	563.045593	
0.378660	-0.345113	0.858786	0.687168	0.726415	-0.011071	-0.620014	0.594322	0.512215	102.297211	28.601242	569.036865	
0.303003	-0.292898	0.906862	0.757355	0.651614	-0.042591	-0.578449	0.699722	0.419269	105.213501	27.188858	578.101074	
0.210254	-0.230844	0.950002	0.844713	0.532106	-0.057653	-0.492193	0.814601	0.306874	106.052269	25.942373	585.221802	
0.125631	-0.143933	0.981581	0.875169	0.482051	-0.041327	-0.467223	0.864240	0.186526	107.004280	21.506035	596.759399	
0.080599	-0.107060	0.990981	0.922085	0.385550	-0.033343	-0.378503	0.916455	0.129794	107.566978	16.000004	602.849060	
0.037317	-0.049476	0.998078	0.942985	0.332306	-0.018785	-0.330738	0.941873	0.059056	104.617569	7.960785	604.252930	
0.016497	-0.005574	0.999848	0.960294	0.278624	-0.014291	-0.278502	0.960384	0.009949	100.972397	4.362799	614.516296	
-0.014495	0.051704	0.998557	0.982666	0.185328	0.004668	-0.184819	0.981316	-0.053493	97.793716	-5.147556	625.841553	
-0.027712	0.104665	0.994122	0.998097	0.057718	0.021746	-0.055102	0.992832	-0.106065	93.432083	-14.772871	632.051453	
-0.015582	0.178136	0.983883	0.999207	-0.033307	0.021855	0.036664	0.983442	-0.177475	82.691696	-27.055626	642.658142	
-0.024837	0.268081	0.963076	0.976894	-0.198058	0.080325	0.212279	0.942818	-0.256967	78.078255	-31.615383	660.764343	
-0.021025	0.390599	0.920321	0.928491	-0.333741	0.162857	0.370761	0.857933	-0.355650	70.328720	-33.563602	669.131836	
-0.001354	0.404628	0.914481	0.931959	-0.331047	0.147857	0.362563	0.852458	-0.376648	66.391014	-49.153358	675.781799	
0.031526	0.502562	0.863966	0.911924	-0.368303	0.180963	0.409147	0.782167	-0.469909	57.982925	-56.574341	682.942505	
0.077122	0.579791	0.811107	0.892626	-0.402563	0.202885	0.444153	0.708369	-0.548582	50.599380	-68.883217	695.389648	
0.176765	0.637184	0.750167	0.844772	-0.489340	0.216582	0.505090	0.595436	-0.624773	32.656471	-82.284859	707.512634	
0.229957	0.699357	0.676771	0.804203	-0.528181	0.272551	0.548069	0.481586	-0.683883	14.556458	-96.434639	720.339417	
0.297349	0.752435	0.587729	0.770452	-0.552665	0.317751	0.563905	0.358334	-0.744049	5.752769	-103.332001	734.347290	
0.354120	0.761872	0.542356	0.737298	-0.584207	0.339258	0.575320	0.279740	-0.768605	-3.104768	-110.365959	739.742249	
0.466692	0.769155	0.436576	0.661726	-0.631181	0.404636	0.586788	0.100054	-0.803536	-12.583393	-125.436852	748.502563	
0.571568	0.775009	0.269577	0.654706	-0.628773	0.419529	0.494643	-0.063296	-0.866789	-21.237776	-139.731506	753.876038	
0.679191	0.731087	0.064903	0.640762	-0.633748	0.433347	0.357947	-0.252738	-0.898887	-27.227356	-144.260101	759.171936	
0.697915	0.713791	0.058466	0.621538	-0.644222	0.445725	0.355820	-0.274739	-0.893258	-37.478386	-157.859558	775.228943	
0.767361	0.640102	0.037798	0.502310	-0.636721	0.585040	0.398553	-0.429950	-0.810123	-47.904732	-174.373047	789.653870	
0.801500	0.594637	-0.063287	0.496696	-0.603054	0.624195	0.333004	-0.531726	-0.778701	-55.764690	-180.518585	807.907410	
0.828176	0.548314	-0.116100	0.476043	-0.578831	0.662071	0.295821	-0.603580	-0.740393	-69.380219	-191.783295	816.829590	
0.841924	0.503853	-0.193126	0.477129	-0.527978	0.702558	0.252021	-0.683646	-0.684919	-81.841499	-202.043900	819.516968	
0.859996	0.446995	-0.246179	0.470309	-0.507056	0.722290	0.198034	-0.736947	-0.646291	-93.659477	-212.540100	831.735168	
0.880973	0.386982	-0.272276	0.445918	-0.486543	0.751287	0.158261	-0.783276	-0.601192	-102.742630	-216.629379	845.588928	
0.885198	0.282950	-0.369278	0.463822	-0.475342	0.747609	0.036003	-0.833061	-0.552009	-109.948059	-220.689499	860.546021	
0.881621	0.172215	-0.439418	0.465175	-0.474378	0.747380	-0.079740	-0.863313	-0.498330	-112.078125	-228.602081	876.435913	
0.830725	0.112836	-0.545130	0.532623	-0.445895	0.719368	-0.161899	-0.887946	-0.430514	-112.904419	-230.103943	875.477966	
0.787121	0.062390	-0.613637	0.573764	-0.439167	0.691322	-0.226358	-0.896237	-0.381473	-112.354645	-228.577362	875.676941	
0.745959	-0.000193	-0.665993	0.603340	-0.423243	0.675903	-0.282007	-0.906017	-0.315605	-110.347404	-231.284378	885.030029	
0.681701	-0.037254	-0.730683	0.657766	-0.406096	0.634374	-0.320361	-0.913072	-0.252331	-110.231400	-237.559296	897.228210	
0.693541	-0.055740	-0.718257	0.650410	-0.380274	0.657540	-0.309786	-0.923193	-0.227481	-111.660004	-252.192993	942.481018	
0.693541	-0.055740	-0.718257	0.650410	-0.380274	0.657540	-0.309786	-0.923193	-0.227481	-111.660004	-252.192993	942.481018	
0.693541	-0.055740	-0.718257	0.650410	-0.380274	0.657540	-0.309786	-0.923193	-0.227481	-111.660004	-252.192993	942.481018	
0.693541	-0.055740	-0.718257	0.650410	-0.380274	0.657540	-0.309786	-0.923193	-0.227481	-111.660004	-252.192993	942.481018	
0.693541	-0.055740	-0.718257	0.650410	-0.380274	0.657540	-0.309786	-0.923193	-0.227481	-111.660004	-252.192993	942.481018	
0.380516	-0.244375	-0.891902	0.725390	-0.519339	0.451772	-0.573601	-0.818882	-0.020349	-72.391426	-236.978165	952.079895	
0.324970	-0.275431	-0.904728	0.719511	-0.548844	0.425529	-0.613758	-0.789245	0.019818	-57.152241	-232.109406	963.036926	
0.248044	-0.245469	-0.937134	0.746819	-0.567704	0.346373	-0.617038	-0.785785	0.042506	-49.378632	-226.746017	971.851013	
0.205582	-0.218956	-0.953832	0.760197	-0.578068	0.296546	-0.616309	-0.786064	0.047610	-40.342087	-222.118851	982.831604	
0.210135	-0.212456	-0.954310	0.734666	-0.609716	0.297511	-0.645066	-0.763615	0.027962	-31.557720	-215.355103	985.988403	
0.094820	-0.145467	-0.984810	0.713078	-0.680373	0.169156	-0.694643	-0.718284	0.039217	-20.090754	-201.701080	973.978149	
0.026186	-0.123357	-0.992018	0.749280	-0.654481	0.101164	-0.661736	-0.745947	0.075291	-10.465525	-190.740677	966.983887	
0.036083	-0.068071	-0.997028	0.746860	-0.661054	0.072162	-0.664001	-0.747244	0.026987	7.857560	-188.190994	1018.549988	
0.036083	-0.068071	-0.997028	0.746860	-0.661054	0.072162	-0.664001	-0.747244	0.026987	7.857560	-188.190994	1018.549988	
0.036083	-0.068071	-0.997028	0.746860	-0.661054	0.072162	-0.664001	-0.747244	0.026987	7.857560	-188.190994	1018.549988	
-0.028233	0.134119	-0.990563	0.655055	-0.746042	-0.119682	-0.755053	-0.652253	-0.066792	43.459282	-147.726501	1007.014099	
-0.038399	0.213254	-0.976241	0.612905	-0.766584	-0.191563	-0.789223	-0.605700	-0.101269	51.777122	-132.974884	1003.976135	
0.013876	0.257402	-0.966205	0.600066	-0.775093	-0.197871	-0.799831	-0.577041	-0.165213	68.101791	-120.628616	1009.323792	
0.056987	0.263736	-0.962910	0.587636	-0.788573	-0.181208	-0.807117	-0.555515	-0.199919	74.676308	-112.706131	1001.072449	
0.129561	0.292682	-0.947392	0.547187	-0.817898	-0.177846	-0.826922	-0.495359	-0.266119	90.455986	-107.042877	1015.768799	
0.143536	0.363973	-0.920283	0.556114	-0.798872	-0.229218	-0.818618	-0.478882	-0.317077	102.321396	-97.754807	1014.895752	
0.205069	0.380572	-0.901726	0.490659	-0.837150	-0.241732	-0.846877	-0.392869	-0.358405	112.373039	-82.468506	1013.543884	
0.237107	0.385539	-0.891706	0.431051	-0.864332	-0.259086	-0.870618	-0.322940	-0.371126	115.232788	-66.582817	1007.967346	
0.327293	0.394243	-0.858749	0.395995	-0.882377	-0.254165	-0.857944	-0.256875	-0.444914	119.503616	-52.728920	1014.927917	
0.414642	0.390273	-0.822045	0.370380	-0.897530	-0.239289	-0.831199	-0.205251	-0.516702	123.475983	-45.473274	1010.411072	
0.496999	0.346491	-0.795572	0.333742	-0.922626	-0.193335	-0.801005	-0.169429	-0.574182	125.268097	-30.783762	1004.053101	
0.545402	0.323207	-0.773352	0.308792	-0.935247	-0.173094	-0.779221	-0.144399	-0.609889	126.107765	-16.852978	1003.764099	
0.572558	0.280639	-0.770337	0.245013	-0.955223	-0.165887	-0.782398	-0.093763	-0.615680	121.342651	-3.226035	991.920044	
0.599502	0.254536	-0.758821	0.229057	-0.962992	-0.142057	-0.766897	-0.088650	-0.635618	116.604889	2.774755	978.236694	
0.653893	0.177994	-0.735352	0.131151	-0.983885	-0.121530	-0.745134	-0.016975	-0.666699	113.219627	8.631460	974.318848	
0.700061	0.130012	-0.702148	0.101749	-0.991415	-0.082126	-0.706797	-0.013950	-0.707278	105.989868	19.851334	972.370789	
0.735265	0.095655	-0.670996	0.073325	-0.995407	-0.061554	-0.673803	-0.003943	-0.738900	94.688751	25.547012	963.513672	
0.781887	-0.000929	-0.623420	0.018408	-0.999529	0.024576	-0.623149	-0.030692	-0.781500	88.130638	30.650217	955.266602	
0.828142	-0.057950	-0.557516	-0.029809	-0.997788	0.059435	-0.559727	-0.032602	-0.828035	74.842346	38.856209	950.345093	
0.828195	-0.111683	-0.549200	-0.040565	-0.989319	0.140012	-0.558971	-0.093680	-0.823878	66.715935	45.231712	945.259033	
0.849645	-0.174837	-0.497531	-0.054539	-0.967516	0.246857	-0.524529	-0.182606	-0.831578	51.286377	47.929050	941.567566	
0.830894	-0.237480	-0.503209	-0.063032	-0.938700	0.338925	-0.552850	-0.249893	-0.794927	32.618793	51.934849	921.983521	
0.819572	-0.358329	-0.447105	-0.175273	-0.899701	0.399773	-0.545511	-0.249278	-0.800173	14.279283	55.105598	911.513611	
0.779244	-0.466760	-0.418229	-0.242940	-0.840117	0.484958	-0.577720	-0.276296	-0.768048	5.556788	55.879616	894.469482	
0.721614	-0.567048	-0.397153	-0.326512	-0.784629	0.527018	-0.610462	-0.250629	-0.751346	-13.622845	56.061771	888.023254	
0.646073	-0.665068	-0.374533	-0.375768	-0.704251	0.602354	-0.664371	-0.248428	-0.704907	-33.927948	55.175529	883.958008	
0.555822	-0.751460	-0.355487	-0.399267	-0.616393	0.678710	-0.729143	-0.235308	-0.642636	-53.981598	54.354504	878.977722	
0.492356	-0.816854	-0.300561	-0.380314	-0.512507	0.769869	-0.782910	-0.264742	-0.562995	-70.786041	50.852261	865.115967	
0.443844	-0.858293	-0.257557	-0.392389	-0.444550	0.805237	-0.805627	-0.256337	-0.534094	-79.346176	45.425919	859.457581	
0.363950	-0.898076	-0.246981	-0.335524	-0.373777	0.864705	-0.868888	-0.231842	-0.437360	-89.109772	39.939816	844.273865	
0.238281	-0.945251	-0.222989	-0.315542	-0.292495	0.902707	-0.918508	-0.144735	-0.367960	-104.718758	36.768036	821.293335	
0.089009	-0.974093	-0.207896	-0.277250	-0.224706	0.934152	-0.956667	-0.025509	-0.290066	-123.058311	32.839756	818.874634	
-0.023474	-0.983316	-0.180385	-0.222920	-0.170744	0.959767	-0.974555	0.062741	-0.215191	-136.671356	26.738155	808.054321	
-0.078410	-0.982340	-0.169886	-0.116154	-0.160248	0.980218	-0.990132	0.096592	-0.101536	-146.690079	21.419203	783.141357	
-0.211730	-0.966804	-0.143041	-0.012498	-0.143670	0.989546	-0.977249	0.211304	0.018337	-152.191925	14.963915	772.945557	
-0.294863	-0.947550	-0.123311	0.087642	-0.155325	0.983967	-0.951513	0.279328	0.128845	-161.532898	8.194234	769.221191	
-0.366144	-0.924137	-0.109132	0.130166	-0.166987	0.977328	-0.921410	0.343638	0.181433	-164.522537	1.131471	754.973328	
-0.507340	-0.855891	-0.100290	0.195170	-0.227479	0.954023	-0.839354	0.464441	0.282454	-168.900406	-12.226151	735.857239	
-0.532262	-0.841387	-0.093629	0.301937	-0.291993	0.907509	-0.790906	0.454762	0.409463	-171.764374	-25.797047	730.622375	
-0.639262	-0.765510	-0.073073	0.321925	-0.352704	0.878614	-0.698362	0.538140	0.471907	-172.456512	-34.215919	728.150513	
-0.695223	-0.716898	-0.052180	0.337342	-0.389522	0.857013	-0.634718	0.578213	0.512644	-170.397766	-41.632069	719.204285	
-0.791096	-0.609067	-0.056625	0.293681	-0.459389	0.838279	-0.536581	0.646530	0.542291	-167.450027	-48.920052	707.054443	
-0.868759	-0.494879	-0.018812	0.301017	-0.557837	0.773438	-0.393253	0.666268	0.633592	-162.139038	-64.282288	699.198181	
-0.919948	-0.388565	-0.052100	0.218417	-0.618343	0.754948	-0.325563	0.683133	0.653711	-159.184021	-72.680199	685.056946	
-0.963032	-0.267921	-0.028099	0.185124	-0.733961	0.653476	-0.195704	0.624116	0.756425	-155.364655	-88.536644	682.570251	
-0.979519	-0.199704	-0.025734	0.155540	-0.831605	0.533143	-0.127872	0.518221	0.845633	-143.670471	-97.838562	678.064636	
-0.987816	-0.148505	-0.046554	0.116340	-0.903310	0.412912	-0.103374	0.402465	0.909579	-128.762070	-112.089333	671.843628	
-0.999603	0.003179	0.028027	0.004756	-0.960395	0.278602	0.027802	0.278624	0.959997	-115.555740	-119.824875	666.185242	
-0.988875	0.147744	0.017306	-0.143240	-0.977133	0.157143	0.040126	0.152916	0.987423	-108.359314	-126.791718	664.114075	
-0.978202	0.204102	0.038255	-0.197419	-0.971189	0.133484	0.064396	0.123022	0.990312	-90.403915	-135.207642	653.738831	
-0.970973	0.238615	-0.016580	-0.237459	-0.953297	0.186651	0.028731	0.185170	0.982286	-82.522743	-144.047623	643.598877	
-0.918003	0.391238	0.064836	-0.387907	-0.919852	0.058316	0.082454	0.028384	0.996190	-72.849472	-150.998749	640.222107	
-0.877171	0.462003	0.130865	-0.468293	-0.883339	-0.020389	0.106177	-0.079168	0.991189	-61.273270	-163.268219	625.447021	
-0.850557	0.525517	-0.019621	-0.508434	-0.831295	-0.224597	-0.134342	-0.181057	0.974253	-52.463982	-169.143127	624.524963	
-0.770246	0.637043	-0.029949	-0.608811	-0.748473	-0.262938	-0.189921	-0.184295	0.964347	-32.032768	-176.483353	614.582397	
-0.672812	0.738273	-0.047724	-0.676848	-0.640310	-0.363153	-0.298665	-0.212032	0.930506	-22.064791	-182.071136	615.648254	
-0.570517	0.818552	-0.066961	-0.666966	-0.509351	-0.543799	-0.479236	-0.265587	0.836539	-3.685271	-183.335144	589.324829	
-0.440398	0.897433	0.025748	-0.734265	-0.343527	-0.585530	-0.516628	-0.276772	0.810242	13.996800	-187.080002	583.338013	
-0.440398	0.897433	0.025748	-0.734265	-0.343527	-0.585530	-0.516628	-0.276772	0.810242	13.996800	-187.080002	583.338013	
-0.440398	0.897433	0.025748	-0.734265	-0.343527	-0.585530	-0.516628	-0.276772	0.810242	13.996800	-187.080002	583.338013	
-0.440398	0.897433	0.025748	-0.734265	-0.343527	-0.585530	-0.516628	-0.276772	0.810242	13.996800	-187.080002	583.338013	
-0.440398	0.897433	0.025748	-0.734265	-0.343527	-0.585530	-0.516628	-0.276772	0.810242	13.996800	-187.080002	583.338013	
0.190503	0.980678	-0.044496	-0.515795	0.061425	-0.854507	-0.835263	0.185737	0.517530	65.304802	-196.741211	559.491333	
0.253273	0.966377	-0.044373	-0.421918	0.069070	-0.903999	-0.870539	0.247681	0.425225	67.045357	-192.503113	549.688721	
0.341786	0.939015	-0.037864	-0.272233	0.060364	-0.960335	-0.899484	0.338538	0.276263	66.437973	-185.112686	538.972900	
0.368220	0.928918	-0.039043	-0.162684	0.023028	-0.986409	-0.915395	0.369568	0.159599	79.005501	-187.468002	562.640015	
0.368220	0.928918	-0.039043	-0.162684	0.023028	-0.986409	-0.915395	0.369568	0.159599	79.005501	-187.468002	562.640015	
0.368220	0.928918	-0.039043	-0.162684	0.023028	-0.986409	-0.915395	0.369568	0.159599	79.005501	-187.468002	562.640015	
0.368220	0.928918	-0.039043	-0.162684	0.023028	-0.986409	-0.915395	0.369568	0.159599	79.005501	-187.468002	562.640015	
0.368220	0.928918	-0.039043	-0.162684	0.023028	-0.986409	-0.915395	0.369568	0.159599	79.005501	-187.468002	562.640015	
0.368220	0.928918	-0.039043	-0.162684	0.023028	-0.986409	-0.915395	0.369568	0.159599	79.005501	-187.468002	562.640015	
0.368220	0.928918	-0.039043	-0.162684	0.023028	-0.986409	-0.915395	0.369568	0.159599	79.005501	-187.468002	562.640015	
0.368220	0.928918	-0.039043	-0.162684	0.023028	-0.986409	-0.915395	0.369568	0.159599	79.005501	-187.468002	562.640015	
0.885316	0.440780	-0.148086	0.186121	-0.627760	-0.755828	-0.426116	0.641585	-0.637805	56.535789	-137.694122	566.290955	
0.931889	0.323540	-0.164026	0.134512	-0.728160	-0.672078	-0.336882	0.604240	-0.722084	43.640148	-131.342834	570.941833	
0.952671	0.252289	-0.169610	0.093791	-0.774629	-0.625423	-0.289172	0.579915	-0.761629	29.229454	-124.133530	573.360107	
0.970081	0.182038	-0.160637	0.069858	-0.842971	-0.533404	-0.232513	0.506224	-0.830467	20.921631	-115.495255	577.140076	
0.980964	0.056148	-0.185894	-0.042305	-0.872502	-0.486777	-0.189524	0.485375	-0.853517	4.667912	-107.073349	578.711365	
0.973625	0.004629	-0.228108	-0.110915	-0.864100	-0.490947	-0.199381	0.503299	-0.840796	-10.508801	-90.550858	566.744202	
0.948679	-0.126217	-0.289960	-0.197265	-0.952833	-0.230643	-0.247173	0.276006	-0.928831	-34.969898	-89.604401	615.853027	
0.948679	-0.126217	-0.289960	-0.197265	-0.952833	-0.230643	-0.247173	0.276006	-0.928831	-34.969898	-89.604401	615.853027	
0.948679	-0.126217	-0.289960	-0.197265	-0.952833	-0.230643	-0.247173	0.276006	-0.928831	-34.969898	-89.604401	615.853027	
0.813842	-0.429218	-0.391705	-0.407075	-0.902165	0.142790	-0.414671	0.043244	-0.908944	-74.686348	-52.980881	642.852234	
0.732748	-0.533469	-0.422482	-0.510915	-0.841365	0.176270	-0.449496	0.086690	-0.889066	-95.010963	-46.025284	649.497192	
0.628856	-0.615114	-0.475578	-0.590417	-0.775772	0.222679	-0.505913	0.140756	-0.851023	-114.444962	-39.915123	663.588806	
0.570520	-0.638775	-0.516209	-0.527229	-0.766788	0.366151	-0.629711	0.063263	-0.774249	-134.119308	-32.983280	680.069214	
0.498711	-0.652880	-0.570117	-0.463723	-0.756673	0.460876	-0.732289	0.034532	-0.680118	-143.618317	-19.734129	685.565308	
0.380667	-0.691983	-0.613394	-0.515644	-0.709475	0.480371	-0.767596	0.133430	-0.626891	-152.175522	-6.831882	690.803284	
0.262766	-0.729491	-0.631503	-0.552988	-0.650204	0.520999	-0.790670	0.212312	-0.574252	-160.949661	-1.906262	703.920044	
0.143663	-0.749355	-0.646396	-0.534791	-0.608371	0.586416	-0.832682	0.261440	-0.488149	-175.967758	2.804883	714.164307	
0.098047	-0.721390	-0.685553	-0.447990	-0.647121	0.616879	-0.888646	0.246637	-0.386624	-186.236023	9.207266	723.445557	
-0.015017	-0.693133	-0.720653	-0.483865	-0.625686	0.611876	-0.875014	0.357886	-0.325987	-190.258224	18.095001	726.974182	
-0.094637	-0.649607	-0.754357	-0.456522	-0.645064	0.612764	-0.884664	0.402370	-0.235514	-196.431152	22.332016	735.722412	
-0.140053	-0.600592	-0.787194	-0.482094	-0.653066	0.584030	-0.864853	0.461296	-0.198079	-198.437439	29.269928	749.969543	
-0.167597	-0.576047	-0.800051	-0.439530	-0.682752	0.583664	-0.882454	0.449466	-0.138763	-197.624954	35.706783	749.822510	
-0.219949	-0.540393	-0.812156	-0.377375	-0.720591	0.581668	-0.899562	0.434423	-0.045437	-196.295929	38.641048	759.879150	
-0.306928	-0.471655	-0.826642	-0.339621	-0.757104	0.558078	-0.889074	0.452034	0.072192	-197.805695	40.185593	773.187195	
-0.287207	-0.472847	-0.833024	-0.283858	-0.788585	0.545490	-0.914843	0.393128	0.092266	-192.026917	41.196396	789.190796	
-0.316664	-0.436629	-0.842069	-0.261090	-0.813338	0.519916	-0.911897	0.384493	0.143555	-185.800690	43.039940	789.212646	
-0.316241	-0.398690	-0.860836	-0.276428	-0.829304	0.485636	-0.907513	0.391536	0.152051	-180.183411	43.141693	810.669861	
-0.387096	-0.341327	-0.856535	-0.284752	-0.839293	0.463145	-0.876968	0.423181	0.227694	-179.746994	41.632370	827.443298	
-0.532700	-0.263470	-0.804248	-0.222007	-0.873521	0.433212	-0.816666	0.409320	0.406833	-175.618103	39.230034	833.564819	
-0.710117	-0.193132	-0.677078	-0.061798	-0.940835	0.333180	-0.701367	0.278438	0.656168	-177.100662	38.906425	846.015625	
-0.279710	-0.183492	-0.942387	-0.260317	-0.930302	0.258404	-0.924120	0.317598	0.212449	-145.261002	36.186199	875.078979	
-0.279710	-0.183492	-0.942387	-0.260317	-0.930302	0.258404	-0.924120	0.317598	0.212449	-145.261002	36.186199	875.078979	
-0.279710	-0.183492	-0.942387	-0.260317	-0.930302	0.258404	-0.924120	0.317598	0.212449	-145.261002	36.186199	875.078979	
-0.200153	-0.061143	-0.977855	-0.231297	-0.966892	0.107801	-0.952072	0.247752	0.179384	-100.547447	17.673410	904.821899	
-0.162577	-0.043373	-0.985742	-0.237270	-0.968000	0.081725	-0.957743	0.247174	0.147083	-81.472397	14.852563	909.026855	
-0.097189	-0.017280	-0.995116	-0.252328	-0.966754	0.041432	-0.962749	0.255122	0.089597	-62.246738	5.679508	927.351562	
-0.041204	0.003175	-0.999146	-0.237392	-0.971391	0.006703	-0.970540	0.237465	0.040779	-41.117668	1.019707	918.913269	
0.053920	-0.008492	-0.998509	-0.245939	-0.969272	-0.005037	-0.967785	0.245844	-0.054352	-30.780136	-4.516976	924.026855	
0.084030	-0.014427	-0.996359	-0.217697	-0.976007	-0.004227	-0.972392	0.217259	-0.085155	-21.166500	-16.744600	960.642029	
0.084030	-0.014427	-0.996359	-0.217697	-0.976007	-0.004227	-0.972392	0.217259	-0.085155	-21.166500	-16.744600	960.642029	
0.084030	-0.014427	-0.996359	-0.217697	-0.976007	-0.004227	-0.972392	0.217259	-0.085155	-21.166500	-16.744600	960.642029	
0.249547	-0.165283	-0.954153	-0.437350	-0.898346	0.041233	-0.863974	0.407009	-0.296465	26.168182	-35.833523	977.883728	
0.249765	-0.197981	-0.947851	-0.369414	-0.924322	0.095724	-0.895070	0.326241	-0.304000	33.522495	-48.353649	977.079407	
0.271252	-0.252804	-0.928716	-0.322857	-0.932887	0.159642	-0.906745	0.256539	-0.334667	48.495289	-58.924946	966.374390	
0.276729	-0.302806	-0.911992	-0.250843	-0.938913	0.235631	-0.927631	0.163561	-0.335781	61.558365	-64.248817	970.555603	
0.284937	-0.379548	-0.880201	-0.369261	-0.890859	0.264607	-0.884566	0.249628	-0.393990	75.444191	-81.024918	986.612915	
0.277199	-0.486978	-0.828258	-0.444870	-0.829122	0.338598	-0.851617	0.274609	-0.446474	87.183266	-91.405075	1008.561096	
0.210480	-0.545931	-0.810960	-0.424654	-0.798251	0.427159	-0.880549	0.254469	-0.399848	91.767632	-105.668442	1011.126770	
0.136157	-0.590097	-0.795767	-0.505930	-0.732024	0.456263	-0.851761	0.340479	-0.398218	94.268394	-113.448784	1007.460083	
0.092900	-0.653359	-0.751326	-0.463789	-0.696124	0.548007	-0.881061	0.297547	-0.367690	96.680321	-117.778473	1002.251709	
0.058872	-0.712464	-0.699234	-0.418639	-0.653501	0.630617	-0.906242	0.255601	-0.336738	98.722374	-132.491028	1015.085815	
-0.046966	-0.735837	-0.675526	-0.467587	-0.581410	0.665826	-0.882698	0.347139	-0.316761	98.468636	-146.274567	1014.511658	
-0.154721	-0.751691	-0.641108	-0.474968	-0.512417	0.715426	-0.866295	0.415198	-0.277747	97.612267	-152.835098	1017.321045	
-0.216424	-0.763410	-0.608575	-0.393321	-0.502348	0.770029	-0.893566	0.406019	-0.191546	95.496910	-165.464752	1019.074097	
-0.263698	-0.787498	-0.557054	-0.341352	-0.463943	0.817456	-0.902188	0.405713	-0.146473	89.678513	-177.367325	1027.112915	
-0.401508	-0.766235	-0.501671	-0.357656	-0.373089	0.856088	-0.843133	0.523152	-0.124250	82.068810	-182.102783	1009.161377	
-0.446463	-0.778207	-0.441660	-0.224840	-0.380183	0.897166	-0.866093	0.499855	-0.005235	73.995758	-188.490158	1025.080322	
-0.523959	-0.768997	-0.366211	-0.089462	-0.377890	0.921518	-0.847032	0.515600	0.129203	64.140503	-193.557999	1028.989990	
-0.523959	-0.768997	-0.366211	-0.089462	-0.377890	0.921518	-0.847032	0.515600	0.129203	64.140503	-193.557999	1028.989990	
-0.523959	-0.768997	-0.366211	-0.089462	-0.377890	0.921518	-0.847032	0.515600	0.129203	64.140503	-193.557999	1028.989990	
-0.523959	-0.768997	-0.366211	-0.089462	-0.377890	0.921518	-0.847032	0.515600	0.129203	64.140503	-193.557999	1028.989990	
-0.523959	-0.768997	-0.366211	-0.089462	-0.377890	0.921518	-0.847032	0.515600	0.129203	64.140503	-193.557999	1028.989990	
-0.932519	-0.361066	-0.006312	0.233259	-0.615594	0.752751	-0.275678	0.700482	0.658275	15.424931	-209.507675	1003.745850	
-0.939500	-0.342396	0.010242	0.248031	-0.659341	0.709754	-0.236264	0.669354	0.704375	7.415980	-207.745712	987.520752	
-0.903037	-0.425723	-0.057307	0.278572	-0.681939	0.676282	-0.326989	0.594743	0.734410	-4.255692	-203.874069	961.350464	
-0.966421	-0.129205	0.222119	0.244479	-0.728479	0.639960	0.079123	0.672774	0.735605	-27.657499	-214.714996	997.322021	
-0.966421	-0.129205	0.222119	0.244479	-0.728479	0.639960	0.079123	0.672774	0.735605	-27.657499	-214.714996	997.322021	
-0.966421	-0.129205	0.222119	0.244479	-0.728479	0.639960	0.079123	0.672774	0.735605	-27.657499	-214.714996	997.322021	
-0.966421	-0.129205	0.222119	0.244479	-0.728479	0.639960	0.079123	0.672774	0.735605	-27.657499	-214.714996	997.322021	
-0.799888	0.259695	0.541052	-0.126352	-0.954194	0.271198	0.586697	0.148564	0.796061	-78.041763	-207.415421	969.378601	
-0.758517	0.373231	0.534183	-0.382172	-0.918745	0.099255	0.527823	-0.128863	0.839521	-97.434921	-204.328568	987.134521	
-0.699480	0.405285	0.588618	-0.498049	-0.867133	0.005201	0.512518	-0.289523	0.808394	-109.041656	-202.491440	989.712402	
-0.589085	0.424024	0.687883	-0.533535	-0.843429	0.063000	0.606894	-0.329897	0.723082	-111.333000	-193.983002	943.135010	
-0.589085	0.424024	0.687883	-0.533535	-0.843429	0.063000	0.606894	-0.329897	0.723082	-111.333000	-193.983002	943.135010	
-0.589085	0.424024	0.687883	-0.533535	-0.843429	0.063000	0.606894	-0.329897	0.723082	-111.333000	-193.983002	943.135010	
-0.589085	0.424024	0.687883	-0.533535	-0.843429	0.063000	0.606894	-0.329897	0.723082	-111.333000	-193.983002	943.135010	
-0.240936	0.436145	0.867022	-0.964327	-0.208515	-0.163086	0.109657	-0.875385	0.470825	-141.118225	-149.260162	898.565552	
-0.179259	0.382151	0.906547	-0.983688	-0.055581	-0.171083	-0.014994	-0.922427	0.385880	-144.440140	-134.205765	888.730286	
-0.128913	0.286178	0.949465	-0.991140	-0.006282	-0.132678	-0.032006	-0.958156	0.284451	-147.494217	-113.970047	888.048340	
-0.099940	0.019354	0.994805	-0.987134	0.123491	-0.101571	-0.124816	-0.992157	0.006762	-136.988602	-98.541550	882.847534	
-0.065370	0.094179	0.993407	-0.956721	0.276995	-0.089216	-0.283572	-0.956245	0.071995	-141.927124	-93.267349	869.712341	
-0.037766	0.033443	0.998727	-0.914693	0.401286	-0.048026	-0.402382	-0.915342	0.015435	-138.499390	-87.386292	866.477295	
0.038749	-0.064487	0.997166	-0.738375	0.670529	0.072057	-0.673276	-0.739075	-0.021633	-131.254639	-78.609055	835.967834	
0.000475	-0.111322	0.993784	-0.521418	0.847970	0.095238	-0.853302	-0.518223	-0.057643	-128.631256	-71.199348	827.415344	
-0.019660	-0.218298	0.975684	-0.370029	0.908167	0.195736	-0.928812	-0.357184	-0.098631	-117.134811	-62.507565	803.703247	
-0.084767	-0.254411	0.963374	-0.268080	0.937026	0.223865	-0.959660	-0.239286	-0.147631	-112.019920	-54.566784	803.703552	
-0.144570	-0.359357	0.921934	-0.166636	0.927257	0.335302	-0.975362	-0.105154	-0.193936	-105.907532	-40.298416	800.441284	
-0.127014	-0.422643	0.897352	-0.064429	0.906284	0.417731	-0.989806	-0.004759	-0.142341	-96.133545	-26.745899	780.450989	
-0.203434	-0.465419	0.861394	0.097338	0.865819	0.490799	-0.974238	0.183691	-0.130833	-81.671570	-12.517347	774.685242	
-0.274832	-0.485691	0.829802	0.308912	0.772677	0.554567	-0.910517	0.408748	-0.062320	-72.275887	-5.306859	765.738831	
-0.319026	-0.512889	0.796974	0.388302	0.696361	0.603576	-0.864548	0.502023	-0.023001	-62.559135	2.188421	750.803162	
-0.396527	-0.518446	0.757615	0.495184	0.574125	0.652054	-0.773020	0.633715	0.029071	-52.712925	9.211781	733.577148	
-0.510258	-0.456808	0.728673	0.619530	0.392425	0.679842	-0.596506	0.798329	0.082769	-34.451523	22.362228	695.710327	
-0.574236	-0.502481	0.646348	0.626841	0.237981	0.741914	-0.526615	0.831191	0.178319	-24.349304	31.852768	693.554993	
-0.624786	-0.565119	0.538779	0.590931	0.108774	0.799355	-0.510335	0.817807	0.265986	-13.712739	35.134769	692.809937	
-0.699938	-0.529382	0.479417	0.596823	-0.064839	0.799749	-0.392287	0.845902	0.361332	-3.016783	43.151035	690.964966	
-0.740291	-0.517764	0.428824	0.587920	-0.189220	0.786476	-0.326066	0.834336	0.444483	7.226027	47.802742	679.433777	
-0.829194	-0.411019	0.378816	0.525329	-0.341504	0.779361	-0.190964	0.845245	0.499094	17.205082	50.441338	664.928711	
-0.893610	-0.289776	0.342769	0.441703	-0.432067	0.786266	-0.079741	0.854018	0.514096	31.412882	50.272514	652.640564	
-0.950681	-0.242999	0.192760	0.296368	-0.528345	0.795623	-0.091491	0.813513	0.574305	46.907234	51.913940	638.051453	
-0.980295	-0.153075	0.124856	0.195177	-0.653172	0.731622	-0.030440	0.741575	0.670179	56.309246	54.627022	640.610657	
-0.991111	-0.131921	0.017164	0.112812	-0.765067	0.633990	-0.070505	0.630292	0.773150	70.370415	58.883270	634.679382	
-0.996386	-0.076401	-0.037119	0.039116	-0.800618	0.597895	-0.075397	0.594284	0.800714	81.229614	59.000946	626.851074	
-0.999142	0.031777	-0.026538	-0.040955	-0.852557	0.521026	-0.006067	0.521667	0.853128	88.420898	57.449356	615.919495	
-0.991524	0.090669	-0.093054	-0.125719	-0.850302	0.511058	-0.032786	0.518426	0.854494	92.427780	55.947838	610.260010	
-0.960093	0.188404	-0.206699	-0.264498	-0.851838	0.452118	-0.090893	0.488748	0.867678	96.887459	52.655701	604.155212	
-0.919761	0.277027	-0.278019	-0.371820	-0.841825	0.391253	-0.125655	0.463233	0.877283	98.711426	50.455208	601.553589	
-0.881554	0.320507	-0.346606	-0.428369	-0.851648	0.301986	-0.198397	0.414693	0.888070	99.949089	44.410286	599.557129	
-0.841011	0.345091	-0.416667	-0.460936	-0.860274	0.217867	-0.283264	0.375287	0.882565	98.469727	37.400345	591.563416	
-0.747388	0.350477	-0.564424	-0.489417	-0.864960	0.110972	-0.449311	0.359179	0.817992	95.578262	29.038898	588.464539	
-0.670541	0.403993	-0.622223	-0.565300	-0.821387	0.075892	-0.480426	0.402632	0.779152	93.337723	19.714481	587.193481	
-0.548369	0.420517	-0.722810	-0.630837	-0.775429	0.027461	-0.548939	0.471035	0.690500	85.372147	14.015198	586.194519	
-0.427064	0.399396	-0.811232	-0.685662	-0.727916	0.002581	-0.589477	0.557334	0.584718	74.986534	7.717056	582.388855	
-0.353560	0.370443	-0.858932	-0.692449	-0.721001	-0.025926	-0.628895	0.585601	0.511431	63.433315	0.947807	574.125000	
-0.293153	0.331274	-0.896837	-0.656274	-0.751871	-0.063209	-0.695244	0.570041	0.437821	49.329208	-5.055572	567.465454	
-0.232784	0.327646	-0.915673	-0.653726	-0.749811	-0.102107	-0.720036	0.574831	0.388736	33.614052	-19.315126	573.857178	
-0.146768	0.225841	-0.963044	-0.633420	-0.769251	-0.083863	-0.759761	0.597703	0.255954	25.245256	-27.390932	569.796082	
-0.067179	0.110380	-0.991616	-0.622472	-0.781358	-0.044806	-0.779753	0.614243	0.121200	7.997043	-35.209084	569.849670	
0.005920	-0.013810	-0.999887	-0.593164	-0.805046	0.007606	-0.805060	0.593051	-0.012957	-1.019836	-42.940796	566.570190	
0.030180	-0.074496	-0.996764	-0.577238	-0.815418	0.043464	-0.816018	0.574058	-0.067611	-21.132484	-58.680798	566.645996	
0.067974	-0.201624	-0.977101	-0.599272	-0.791259	0.121585	-0.797654	0.577284	-0.174613	-40.121246	-66.512253	563.664368	
0.113353	-0.252151	-0.961026	-0.661234	-0.741086	0.116450	-0.741565	0.622262	-0.250735	-57.903236	-79.348099	551.616516	
0.192015	-0.357515	-0.913954	-0.662176	-0.734544	0.148215	-0.724329	0.576738	-0.377782	-72.776993	-87.007545	544.301208	
0.036686	-0.531374	-0.846343	-0.682383	-0.632046	0.367250	-0.730074	0.564057	-0.385787	-93.528503	-105.179001	582.885986	
0.036686	-0.531374	-0.846343	-0.682383	-0.632046	0.367250	-0.730074	0.564057	-0.385787	-93.528503	-105.179001	582.885986	
0.036686	-0.531374	-0.846343	-0.682383	-0.632046	0.367250	-0.730074	0.564057	-0.385787	-93.528503	-105.179001	582.885986	
-0.140784	-0.770664	-0.621496	-0.644614	-0.405103	0.648355	-0.751434	0.491902	-0.439748	-132.169174	-133.574646	593.555969	
-0.225256	-0.791642	-0.567946	-0.637272	-0.321226	0.700498	-0.736983	0.519728	-0.432132	-148.111343	-145.946747	597.553406	
-0.314157	-0.800435	-0.510499	-0.597484	-0.251181	0.761526	-0.737779	0.544253	-0.399336	-155.543961	-158.169678	598.530151	
-0.396343	-0.824327	-0.404223	-0.520067	-0.161251	0.838766	-0.756599	0.542662	-0.364794	-168.175873	-168.407486	601.178955	
-0.482220	-0.835591	-0.263157	-0.441754	-0.027470	0.896715	-0.756516	0.548665	-0.355878	-175.516617	-174.591309	611.987366	
-0.525089	-0.843815	-0.110716	-0.330324	0.082181	0.940283	-0.784326	0.530304	-0.321884	-182.181915	-183.465714	614.742493	
-0.495447	-0.863839	0.091187	-0.189151	0.209748	0.959285	-0.847793	0.458026	-0.267314	-180.190582	-184.559052	608.492920	
-0.582947	-0.794285	0.171124	-0.096518	0.276816	0.956063	-0.806757	0.540818	-0.238032	-200.464005	-195.283005	639.450012	
-0.582947	-0.794285	0.171124	-0.096518	0.276816	0.956063	-0.806757	0.540818	-0.238032	-200.464005	-195.283005	639.450012	
-0.582947	-0.794285	0.171124	-0.096518	0.276816	0.956063	-0.806757	0.540818	-0.238032	-200.464005	-195.283005	639.450012	
-0.582947	-0.794285	0.171124	-0.096518	0.276816	0.956063	-0.806757	0.540818	-0.238032	-200.464005	-195.283005	639.450012	
-0.582947	-0.794285	0.171124	-0.096518	0.276816	0.956063	-0.806757	0.540818	-0.238032	-200.464005	-195.283005	639.450012	
-0.612621	-0.348772	0.709262	0.625432	0.334752	0.704824	-0.483250	0.875385	0.013057	-197.341049	-208.892822	682.722168	
-0.537930	-0.253647	0.803924	0.759612	0.267685	0.592736	-0.365543	0.929520	0.048678	-189.293793	-208.103409	688.021729	
-0.456627	-0.163837	0.874442	0.852328	0.201174	0.482771	-0.255010	0.965757	0.047782	-184.387787	-206.589050	702.918152	
-0.404464	-0.124225	0.906078	0.894993	0.150049	0.420088	-0.188141	0.980843	0.050491	-178.243500	-204.046051	711.891479	
-0.280380	-0.070079	0.957328	0.956419	0.064337	0.284824	-0.081551	0.995464	0.048987	-164.454086	-200.775177	722.769714	
-0.186073	-0.017012	0.982389	0.982531	-0.000051	0.186100	-0.003115	0.999855	0.016725	-149.672714	-196.452850	738.010559	
-0.026893	0.005543	0.999623	0.998764	-0.041680	0.027101	0.041815	0.999115	-0.004415	-133.233139	-196.320953	754.981262	
0.128923	0.051264	0.990329	0.980776	-0.154114	-0.119701	0.146488	0.986722	-0.070147	-118.112686	-194.042297	771.395813	
0.221593	0.029560	0.974692	0.955367	-0.206840	-0.210926	0.195371	0.977928	-0.074075	-106.933525	-190.126419	787.256104	
0.376642	0.004246	0.926350	0.903023	-0.224721	-0.366127	0.206616	0.974414	-0.088473	-95.318527	-185.663101	808.622070	
0.508770	0.036597	0.860125	0.778518	-0.446059	-0.441520	0.367508	0.894255	-0.255432	-81.626984	-167.040222	827.827820	
0.631503	0.008125	0.775332	0.684864	-0.474683	-0.552844	0.363546	0.880119	-0.305328	-71.444534	-163.737015	854.823914	
0.736280	-0.039412	0.675530	0.572455	-0.496031	-0.652876	0.360816	0.867410	-0.342656	-52.453140	-155.545059	856.803284	
0.766003	-0.098554	0.635239	0.511743	-0.504563	-0.695367	0.389050	0.857731	-0.336062	-31.112495	-154.170929	871.010376	
0.801050	-0.064380	0.595127	0.566197	-0.241168	-0.788200	0.194271	0.968346	-0.156736	-19.522751	-163.963394	874.567200	
0.841564	-0.302417	0.447565	0.190477	-0.609208	-0.769795	0.505459	0.733082	-0.455084	3.877510	-118.042999	889.822021	
0.841564	-0.302417	0.447565	0.190477	-0.609208	-0.769795	0.505459	0.733082	-0.455084	3.877510	-118.042999	889.822021	
0.841564	-0.302417	0.447565	0.190477	-0.609208	-0.769795	0.505459	0.733082	-0.455084	3.877510	-118.042999	889.822021	
0.877659	-0.466642	0.109364	-0.185958	-0.541845	-0.819649	0.441741	0.699034	-0.562331	29.651516	-81.274727	899.209656	
0.851700	-0.522639	0.038155	-0.277206	-0.511134	-0.813572	0.444708	0.682341	-0.580211	36.698624	-67.010635	913.729675	
0.809495	-0.586511	-0.026889	-0.365571	-0.467661	-0.804768	0.459431	0.661284	-0.592980	42.512825	-52.819698	935.169006	
0.765732	-0.633218	-0.112645	-0.464448	-0.423260	-0.777907	0.444907	0.647985	-0.618201	52.596474	-46.457840	949.038025	
0.721178	-0.644629	-0.253685	-0.566546	-0.338088	-0.751481	0.398659	0.685675	-0.609033	60.225822	-32.533314	952.730530	
0.684572	-0.662725	-0.303574	-0.617784	-0.306421	-0.724189	0.386917	0.683302	-0.619188	63.155098	-18.955654	960.150024	
0.623257	-0.691656	-0.364913	-0.672203	-0.235382	-0.701954	0.399617	0.682793	-0.611637	64.754761	-4.718239	967.870056	
0.579908	-0.694284	-0.426236	-0.714486	-0.182047	-0.675552	0.391430	0.696296	-0.601626	66.879936	8.417137	981.241028	
0.540730	-0.687283	-0.485029	-0.755946	-0.144095	-0.638579	0.368995	0.711953	-0.597466	65.473984	20.970108	976.231018	
0.495211	-0.681115	-0.539304	-0.791016	-0.096801	-0.604089	0.359250	0.725748	-0.586710	63.955666	26.454021	988.036072	
0.458895	-0.672745	-0.580371	-0.809821	-0.047971	-0.584714	0.365523	0.738318	-0.566815	61.294621	37.862705	1010.022461	
0.384804	-0.611259	-0.691584	-0.859968	0.034703	-0.509167	0.335233	0.790669	-0.512310	53.696373	49.174118	1019.242737	
0.338402	-0.589736	-0.733278	-0.875005	0.089482	-0.475773	0.346196	0.802623	-0.485741	48.479794	59.096199	1007.820190	
0.297004	-0.518027	-0.802146	-0.898258	0.133392	-0.418735	0.323916	0.844899	-0.425703	35.918140	67.553596	1004.192627	
0.244214	-0.518280	-0.819601	-0.902871	0.186852	-0.387183	0.353813	0.834549	-0.422308	24.465500	77.822197	1048.420044	
0.244214	-0.518280	-0.819601	-0.902871	0.186852	-0.387183	0.353813	0.834549	-0.422308	24.465500	77.822197	1048.420044	
0.244214	-0.518280	-0.819601	-0.902871	0.186852	-0.387183	0.353813	0.834549	-0.422308	24.465500	77.822197	1048.420044	
0.244214	-0.518280	-0.819601	-0.902871	0.186852	-0.387183	0.353813	0.834549	-0.422308	24.465500	77.822197	1048.420044	
0.020129	-0.297449	-0.954525	-0.980905	0.178847	-0.076418	0.193444	0.937836	-0.288170	-30.298569	103.715134	998.473450	
0.030468	-0.147451	-0.988600	-0.879553	0.465892	-0.096596	0.474824	0.872470	-0.115496	-45.653900	95.131798	1067.459961	
0.030468	-0.147451	-0.988600	-0.879553	0.465892	-0.096596	0.474824	0.872470	-0.115496	-45.653900	95.131798	1067.459961	
0.030468	-0.147451	-0.988600	-0.879553	0.465892	-0.096596	0.474824	0.872470	-0.115496	-45.653900	95.131798	1067.459961	
0.030468	-0.147451	-0.988600	-0.879553	0.465892	-0.096596	0.474824	0.872470	-0.115496	-45.653900	95.131798	1067.459961	
-0.044438	0.252454	-0.966588	-0.787281	0.586770	0.189448	0.614991	0.769395	0.172677	-95.043633	89.758659	1041.871948	
-0.013524	0.343700	-0.938982	-0.771178	0.594164	0.228592	0.636476	0.727213	0.257019	-103.294250	86.570908	1038.652344	
-0.018369	0.465505	-0.884854	-0.742983	0.585864	0.323637	0.669059	0.663376	0.335101	-115.790230	81.458725	1031.054077	
0.043299	0.468841	-0.882221	-0.722900	0.624220	0.296252	0.689595	0.624930	0.365953	-124.834000	82.265297	1074.770020	
0.043299	0.468841	-0.882221	-0.722900	0.624220	0.296252	0.689595	0.624930	0.365953	-124.834000	82.265297	1074.770020	
0.043299	0.468841	-0.882221	-0.722900	0.624220	0.296252	0.689595	0.624930	0.365953	-124.834000	82.265297	1074.770020	
0.043299	0.468841	-0.882221	-0.722900	0.624220	0.296252	0.689595	0.624930	0.365953	-124.834000	82.265297	1074.770020	
0.043299	0.468841	-0.882221	-0.722900	0.624220	0.296252	0.689595	0.624930	0.365953	-124.834000	82.265297	1074.770020	
0.266987	0.687915	-0.674900	-0.606193	0.664300	0.437304	0.749164	0.292366	0.594369	-162.379044	43.124264	1050.866699	
0.271437	0.702048	-0.658369	-0.625147	0.648712	0.434011	0.731788	0.293771	0.614967	-165.419067	33.062618	1025.652588	
0.359142	0.795739	-0.487664	-0.586801	0.598851	0.545016	0.725728	0.090423	0.682013	-172.510605	26.711863	1033.271606	
0.399380	0.824044	-0.401806	-0.615892	0.565808	0.548215	0.679097	0.028523	0.733493	-176.008163	20.158264	1026.678833	
0.399817	0.851210	-0.339983	-0.650065	0.524825	0.549522	0.646189	0.001302	0.763175	-177.859238	13.885254	1019.345886	
0.386950	0.878945	-0.278792	-0.671005	0.475782	0.568668	0.632472	-0.032976	0.773880	-176.353561	8.149498	1020.089722	
0.472686	0.878002	-0.075370	-0.622388	0.393170	0.676795	0.623860	-0.273002	0.732303	-178.086227	1.516788	1015.392761	
0.498399	0.865558	0.049074	-0.642203	0.330578	0.691588	0.582386	-0.376203	0.720623	-174.891312	-12.424239	1005.916260	
0.512110	0.851057	0.115955	-0.653111	0.298157	0.696095	0.557843	-0.432209	0.708524	-173.182358	-20.299126	1002.061096	
0.515064	0.824504	0.234312	-0.679793	0.226422	0.697578	0.522102	-0.518582	0.677113	-164.030289	-35.269432	990.291809	
0.522162	0.798819	0.298722	-0.693891	0.194282	0.693376	0.495845	-0.569336	0.655740	-153.695404	-42.573486	974.211487	
0.542798	0.760680	0.355999	-0.700412	0.176088	0.691677	0.463458	-0.624787	0.628369	-141.498215	-49.051094	961.075378	
0.540912	0.730812	0.416327	-0.727334	0.157861	0.667881	0.422373	-0.664074	0.616933	-134.052338	-63.195961	950.175110	
