0.998745	-0.041704	0.027728	0.042798	0.998279	-0.040087	-0.026009	0.041223	0.998811	19.204563	4.110131	548.368652	
0.983344	-0.121089	0.135546	0.127759	0.990932	-0.041609	-0.129279	0.058233	0.989897	28.171366	7.757959	548.038452	
0.971946	-0.161880	0.170636	0.171141	0.984396	-0.040934	-0.161347	0.068989	0.984484	36.979053	15.765753	548.659851	
0.925171	-0.194451	0.325955	0.218880	0.974946	-0.039642	-0.310080	0.108021	0.944554	45.199814	18.567844	548.284546	
0.841720	-0.257880	0.474347	0.315377	0.947932	-0.044285	-0.438229	0.186873	0.879223	52.839893	24.713852	549.046021	
0.803146	-0.323210	0.500491	0.400278	0.914947	-0.051473	-0.441286	0.241675	0.864210	70.285950	26.361349	552.273193	
0.701056	-0.353123	0.619535	0.477829	0.877517	-0.040536	-0.529338	0.324450	0.783922	76.869652	29.822319	553.986511	
0.597991	-0.341303	0.725203	0.527771	0.848632	-0.035799	-0.603212	0.404149	0.687604	83.686966	30.796080	558.596436	
0.538558	-0.343222	0.769516	0.572304	0.819289	-0.035114	-0.618403	0.459308	0.637662	89.129021	31.634436	560.713989	
0.443104	-0.313108	0.840013	0.620600	0.783328	-0.035385	-0.646927	0.536991	0.541410	99.239670	31.423197	567.429688	
0.372239	-0.320386	0.871087	0.695808	0.717448	-0.033460	-0.614239	0.618564	0.489988	103.032608	29.988653	575.783997	
0.267664	-0.276850	0.922881	0.769692	0.637615	-0.031960	-0.579594	0.718889	0.383756	105.958969	27.325117	578.535767	
0.206762	-0.255182	0.944527	0.835125	0.548976	-0.034496	-0.509720	0.795931	0.326616	108.124252	25.430857	587.975037	
0.130682	-0.171572	0.976466	0.866415	0.498517	-0.028360	-0.481919	0.849731	0.213800	109.058159	20.559977	597.018250	
0.083922	-0.130233	0.987925	0.914673	0.403449	-0.024514	-0.395385	0.905686	0.152979	109.016487	14.435421	598.906677	
0.050691	-0.084127	0.995165	0.940336	0.339705	-0.019181	-0.336449	0.936762	0.096328	106.895447	7.591382	601.994141	
0.020872	-0.035514	0.999151	0.958818	0.283844	-0.009939	-0.283250	0.958212	0.039975	102.685974	3.958159	610.112854	
-0.002705	0.013433	0.999906	0.984306	0.176465	0.000293	-0.176444	0.984215	-0.013701	100.285141	-4.120154	622.047424	
-0.016529	0.071547	0.997300	0.997831	0.064730	0.011894	-0.063705	0.995334	-0.072463	96.135384	-13.907544	625.363831	
-0.034284	0.100129	0.994384	0.998853	0.036673	0.030746	-0.033389	0.994298	-0.101272	83.995895	-20.493732	626.376953	
-0.081075	0.077444	0.993695	0.982621	0.173230	0.066672	-0.166974	0.981831	-0.090144	67.985695	-14.299189	608.017761	
0.009043	0.344257	0.938832	0.967480	-0.240354	0.078815	0.252784	0.907589	-0.335236	75.077698	-37.812901	659.747009	
0.009043	0.344257	0.938832	0.967480	-0.240354	0.078815	0.252784	0.907589	-0.335236	75.077698	-37.812901	659.747009	
0.009043	0.344257	0.938832	0.967480	-0.240354	0.078815	0.252784	0.907589	-0.335236	75.077698	-37.812901	659.747009	
0.102302	0.568794	0.816092	0.907108	-0.390057	0.158148	0.408276	0.724106	-0.555861	51.192623	-70.075401	698.862488	
0.184575	0.629539	0.754726	0.862620	-0.471765	0.182550	0.470976	0.617348	-0.630129	32.274452	-83.092529	709.888794	
0.245885	0.682894	0.687892	0.833662	-0.511057	0.209353	0.494519	0.521993	-0.694964	13.875001	-96.171906	723.016174	
0.311970	0.716270	0.624205	0.819914	-0.534903	0.204013	0.480017	0.448149	-0.754153	4.615832	-102.132164	734.829285	
0.366799	0.725010	0.582939	0.786451	-0.576379	0.221997	0.496944	0.377025	-0.781600	-4.628961	-110.059906	747.265869	
0.501399	0.724946	0.472283	0.774671	-0.619252	0.128111	0.385336	0.301630	-0.872087	-15.108794	-123.888214	760.035889	
0.591693	0.740408	0.318897	0.759868	-0.644345	0.086139	0.269258	0.191352	-0.943866	-24.873581	-140.429352	771.425598	
0.698209	0.680006	0.223820	0.709152	-0.699769	-0.086183	0.098018	0.218897	-0.970812	-33.758202	-146.825272	788.133240	
0.752892	0.627317	0.199061	0.657939	-0.709871	-0.251397	-0.016398	0.320246	-0.947192	-44.843899	-165.730713	811.130371	
0.813199	0.550305	0.189397	0.575208	-0.710460	-0.405441	-0.088558	0.438648	-0.894285	-56.060921	-181.509521	826.183533	
0.837178	0.486711	0.249487	0.546587	-0.728395	-0.413139	-0.019355	0.482238	-0.875826	-65.237808	-190.431931	856.439331	
0.824685	0.557001	-0.098211	0.476388	-0.590463	0.651466	0.304877	-0.584041	-0.752294	-70.604897	-194.007004	826.601990	
0.824685	0.557001	-0.098211	0.476388	-0.590463	0.651466	0.304877	-0.584041	-0.752294	-70.604897	-194.007004	826.601990	
0.824685	0.557001	-0.098211	0.476388	-0.590463	0.651466	0.304877	-0.584041	-0.752294	-70.604897	-194.007004	826.601990	
0.871790	0.394629	-0.290258	0.471476	-0.515020	0.715866	0.133013	-0.760935	-0.635048	-103.335869	-219.307281	854.648621	
0.882600	0.288932	-0.370858	0.469370	-0.496863	0.729944	0.026638	-0.818318	-0.574148	-110.103264	-223.151062	869.038635	
0.892215	0.187631	-0.410788	0.446987	-0.496716	0.743959	-0.064455	-0.847389	-0.527047	-112.663872	-231.394455	885.643921	
0.856545	0.126408	-0.500351	0.495766	-0.470840	0.729744	-0.143340	-0.873115	-0.465965	-114.520653	-235.520844	891.421265	
0.836130	0.072404	-0.543732	0.515219	-0.443842	0.733180	-0.188246	-0.893175	-0.408414	-114.954475	-237.410110	898.272888	
0.785344	0.024823	-0.618562	0.568639	-0.423905	0.704949	-0.244713	-0.905366	-0.347027	-114.597809	-244.168762	918.558838	
0.728022	-0.018308	-0.685309	0.622391	-0.401459	0.671907	-0.287426	-0.915694	-0.280877	-113.184402	-247.541382	921.594482	
0.693995	-0.059456	-0.717521	0.647102	-0.385398	0.657820	-0.315643	-0.920833	-0.228991	-109.891830	-248.554581	929.112427	
0.627882	-0.087058	-0.773424	0.687518	-0.403734	0.603587	-0.364805	-0.910725	-0.193644	-106.335449	-250.148254	938.122192	
0.580827	-0.152310	-0.799651	0.686791	-0.435651	0.581830	-0.436988	-0.887135	-0.148434	-96.551682	-249.066879	950.062622	
0.522815	-0.205178	-0.827386	0.674999	-0.493134	0.548812	-0.520616	-0.845412	-0.119323	-92.058990	-249.676666	957.527405	
0.476015	-0.224076	-0.850412	0.700271	-0.488395	0.520662	-0.532005	-0.843362	-0.075570	-78.962410	-245.244720	958.046753	
0.418393	-0.257462	-0.871012	0.697354	-0.523367	0.489678	-0.581932	-0.812281	-0.039431	-72.564682	-242.881149	967.825928	
0.355348	-0.282885	-0.890901	0.693419	-0.559358	0.454191	-0.626816	-0.779163	-0.002609	-57.524940	-238.132050	980.711914	
0.282769	-0.254678	-0.924760	0.705971	-0.597414	0.380395	-0.649344	-0.760417	0.010865	-48.779182	-231.738556	985.946533	
0.221506	-0.213338	-0.951537	0.742773	-0.595330	0.306383	-0.631842	-0.774641	0.026593	-39.698513	-224.218262	991.807861	
0.178886	-0.199755	-0.963379	0.735863	-0.622792	0.265774	-0.653074	-0.756457	0.035583	-29.793320	-213.560333	988.385742	
0.118577	-0.157290	-0.980408	0.729177	-0.656398	0.193499	-0.673974	-0.737835	0.036859	-19.727551	-202.333542	984.677917	
0.091130	-0.132044	-0.987047	0.731970	-0.663167	0.156296	-0.675215	-0.736732	0.036218	-10.376147	-191.923416	988.534546	
0.046132	-0.073104	-0.996257	0.744506	-0.662425	0.083082	-0.666020	-0.745552	0.023867	7.897497	-180.686401	991.654053	
0.017024	-0.008445	-0.999820	0.681795	-0.731326	0.017785	-0.731345	-0.681975	-0.006693	16.940546	-169.309998	995.965332	
0.007103	0.061353	-0.998091	0.640528	-0.766753	-0.042575	-0.767902	-0.639002	-0.044744	26.597366	-158.146408	1002.938660	
-0.003961	0.134933	-0.990847	0.627250	-0.771355	-0.107552	-0.778808	-0.621935	-0.081582	43.969906	-145.632492	1005.815002	
0.011802	0.201568	-0.979404	0.605926	-0.780600	-0.153352	-0.795433	-0.591636	-0.131348	52.699688	-131.777359	1005.366882	
0.016432	0.274554	-0.961432	0.594019	-0.776152	-0.211493	-0.804283	-0.567633	-0.175844	69.382889	-119.156120	1012.742432	
0.053317	0.307943	-0.949910	0.565139	-0.793568	-0.225540	-0.823271	-0.524805	-0.216341	76.042526	-112.107887	1009.176575	
0.085229	0.327314	-0.941064	0.535035	-0.811805	-0.233901	-0.840520	-0.483567	-0.244314	89.696571	-105.099564	1012.643555	
0.125908	0.380080	-0.916344	0.567923	-0.784971	-0.247557	-0.813394	-0.489244	-0.314691	101.210228	-97.270828	1011.699829	
0.186460	0.393179	-0.900357	0.503595	-0.825128	-0.256036	-0.843578	-0.405675	-0.351857	111.597610	-82.033104	1012.851135	
0.255472	0.395490	-0.882226	0.448969	-0.856678	-0.254027	-0.856248	-0.331195	-0.396420	115.812737	-66.964012	1011.799194	
0.337113	0.401968	-0.851338	0.421403	-0.873052	-0.245355	-0.841887	-0.276044	-0.463708	118.723351	-53.018692	1006.604980	
0.426792	0.391087	-0.815414	0.394249	-0.891928	-0.221434	-0.813890	-0.226970	-0.534853	123.139069	-45.393555	1006.752075	
0.499594	0.347967	-0.793300	0.361118	-0.916067	-0.174398	-0.787401	-0.199347	-0.583319	124.540253	-30.417614	1002.247803	
0.544419	0.314310	-0.777701	0.349455	-0.927840	-0.130359	-0.762555	-0.200802	-0.614971	124.412735	-15.802549	999.289307	
0.611278	0.251748	-0.750309	0.276516	-0.956245	-0.095568	-0.741538	-0.149054	-0.654144	121.700188	-1.424730	991.357849	
0.647652	0.235050	-0.724775	0.250450	-0.964044	-0.088849	-0.719599	-0.123977	-0.683233	117.912323	4.457626	987.600891	
0.679819	0.163230	-0.714985	0.159380	-0.984498	-0.073220	-0.715852	-0.064178	-0.695296	113.664528	10.020014	978.498230	
0.730480	0.106049	-0.674650	0.152794	-0.988206	0.010099	-0.665622	-0.110460	-0.738069	106.595459	22.687809	964.377991	
0.816650	0.051218	-0.574857	0.135489	-0.985231	0.104696	-0.561004	-0.163387	-0.811529	97.806900	29.000542	949.896851	
0.869960	-0.046388	-0.490937	0.056193	-0.979754	0.192152	-0.489911	-0.194753	-0.849741	92.615204	34.701405	949.452209	
0.908718	-0.125709	-0.398031	-0.012292	-0.961217	0.275516	-0.417229	-0.245475	-0.875022	80.181503	41.581596	931.923523	
0.878360	-0.132614	-0.459236	-0.027392	-0.973130	0.228619	-0.477214	-0.188231	-0.858392	70.265961	47.384117	944.542175	
0.851577	-0.171020	-0.495550	-0.044637	-0.965512	0.256501	-0.522326	-0.196311	-0.829842	51.676514	48.823601	941.454346	
0.844584	-0.226666	-0.485079	-0.056250	-0.938520	0.340609	-0.532460	-0.260388	-0.805410	32.943459	52.206985	923.698975	
0.826602	-0.342109	-0.446868	-0.165465	-0.906665	0.388045	-0.537913	-0.246818	-0.806059	14.741821	54.937366	916.056580	
0.785794	-0.456511	-0.417284	-0.241697	-0.847689	0.472234	-0.569307	-0.270223	-0.776447	5.739067	55.429810	900.417175	
0.736633	-0.563834	-0.373449	-0.336054	-0.784370	0.521374	-0.586890	-0.258563	-0.767272	-13.268994	55.602501	889.204773	
0.660765	-0.659856	-0.357744	-0.377553	-0.704118	0.601390	-0.648725	-0.262310	-0.714388	-33.036549	54.648369	883.702515	
0.570096	-0.745299	-0.345715	-0.402861	-0.620324	0.672980	-0.716026	-0.244389	-0.653897	-53.100529	53.408489	878.995422	
0.469372	-0.826652	-0.310382	-0.412925	-0.516192	0.750359	-0.780502	-0.224033	-0.583631	-72.045120	49.811024	873.779663	
0.415935	-0.867236	-0.273678	-0.415920	-0.449036	0.790808	-0.808708	-0.215097	-0.547471	-80.821419	44.855316	867.950867	
0.362801	-0.900573	-0.239465	-0.365118	-0.373803	0.852620	-0.857359	-0.221899	-0.464431	-89.379120	39.066101	849.577515	
0.263163	-0.945285	-0.192824	-0.361309	-0.281891	0.888816	-0.894539	-0.164235	-0.415724	-103.407494	34.593185	822.953247	
0.111880	-0.974362	-0.195194	-0.299800	-0.220370	0.928202	-0.947419	-0.045328	-0.316768	-121.755676	31.328636	818.445496	
-0.027261	-0.982523	-0.184133	-0.222990	-0.173582	0.959242	-0.974439	0.067209	-0.214361	-135.802155	25.953320	805.446106	
-0.118010	-0.978296	-0.170324	-0.156678	-0.151029	0.976035	-0.980574	0.141868	-0.135453	-147.483932	20.228767	783.317139	
-0.245222	-0.958617	-0.144629	-0.054256	-0.135380	0.989308	-0.967947	0.250446	-0.018811	-152.937256	14.216310	771.705322	
-0.286880	-0.950056	-0.122844	0.082911	-0.152377	0.984839	-0.954372	0.272346	0.122485	-160.875839	7.955787	766.036194	
-0.352819	-0.929151	-0.110433	0.129390	-0.165336	0.977713	-0.926702	0.330666	0.178558	-164.892593	1.025257	755.581665	
-0.473533	-0.875355	-0.097563	0.210466	-0.220016	0.952522	-0.855260	0.430516	0.288419	-169.014160	-13.015092	738.764038	
-0.531421	-0.843042	-0.082891	0.298727	-0.278067	0.912930	-0.792688	0.460388	0.399612	-171.321274	-26.696140	729.554871	
-0.642212	-0.764086	-0.061115	0.312496	-0.333784	0.889345	-0.699936	0.552049	0.453136	-170.962341	-34.599895	722.734192	
-0.693975	-0.718328	-0.049026	0.334459	-0.381921	0.861553	-0.637602	0.581498	0.505297	-169.664337	-41.772232	718.203064	
-0.784986	-0.618818	-0.029332	0.353542	-0.486351	0.799043	-0.508729	0.616867	0.600559	-168.627884	-48.866093	712.991638	
-0.861228	-0.507723	-0.022424	0.314102	-0.566446	0.761891	-0.399533	0.649118	0.647318	-163.141327	-64.638031	701.417786	
-0.921263	-0.388675	-0.014378	0.257237	-0.636614	0.727015	-0.291726	0.666072	0.686473	-159.476868	-72.607620	684.026367	
-0.967587	-0.252538	-0.000704	0.194645	-0.747545	0.635050	-0.160901	0.614328	0.772472	-155.767044	-88.555199	680.839661	
-0.981896	-0.189350	0.005162	0.161218	-0.821092	0.547555	-0.099442	0.538473	0.836755	-142.593369	-96.166817	668.271484	
-0.991314	-0.131370	-0.006156	0.115615	-0.892828	0.435304	-0.062683	0.430811	0.900263	-130.640411	-112.128029	668.810303	
-0.999979	0.006314	0.001770	-0.005383	-0.944593	0.328196	0.003743	0.328180	0.944609	-116.094383	-118.879883	658.201111	
-0.989395	0.145132	0.005957	-0.140799	-0.968322	0.206220	0.035696	0.203194	0.978489	-107.664459	-126.174820	654.345398	
-0.975807	0.215891	0.034531	-0.207503	-0.964250	0.164810	0.068876	0.153657	0.985722	-89.598122	-132.475891	640.153320	
-0.957203	0.284800	0.051499	-0.277916	-0.954156	0.111121	0.080785	0.092053	0.992473	-80.656433	-138.703964	627.067688	
-0.909588	0.413346	0.042364	-0.410331	-0.909615	0.065016	0.065408	0.041755	0.996986	-71.744415	-144.792862	620.103638	
-0.877912	0.474376	0.065090	-0.476592	-0.878815	-0.023287	0.046154	-0.051465	0.997609	-62.270878	-155.541748	607.687866	
-0.843803	0.533231	0.060504	-0.536196	-0.842364	-0.054001	0.022171	-0.078007	0.996707	-52.634987	-160.994507	602.380249	
-0.763702	0.645484	0.010369	-0.645272	-0.762765	-0.042586	-0.019581	-0.039213	0.999040	-33.153339	-171.058792	599.392883	
-0.678000	0.733339	-0.050280	-0.734674	-0.678277	0.013937	-0.023884	0.046389	0.998639	-24.125278	-176.526718	603.814758	
-0.582111	0.806504	-0.103425	-0.811571	-0.568469	0.134888	0.049993	0.162457	0.985450	-7.458222	-184.430527	599.309265	
-0.458784	0.886450	-0.061009	-0.869124	-0.433416	0.238275	0.184776	0.162342	0.969281	10.182657	-192.738586	601.484497	
-0.317490	0.947608	-0.035186	-0.903204	-0.290894	0.315601	0.288829	0.131981	0.948241	19.365364	-198.440430	594.952026	
-0.189906	0.979279	-0.070324	-0.901842	-0.145678	0.406768	0.388094	0.140669	0.910822	26.948023	-201.648849	594.452698	
-0.036367	0.996077	-0.080660	-0.862930	0.009408	0.505238	0.504014	0.087978	0.859203	42.509079	-202.360214	589.913757	
0.077324	0.989968	-0.118247	-0.819826	0.130627	0.557516	0.567369	0.053833	0.821703	49.526169	-204.339508	587.659485	
0.146434	0.980079	-0.134167	-0.808274	0.196736	0.554969	0.570308	0.027177	0.820982	61.203064	-206.719467	588.835876	
0.206548	0.970708	-0.122724	-0.795591	0.239634	0.556429	0.569538	-0.017290	0.821784	66.979652	-210.014572	595.525696	
0.247760	0.962076	-0.114116	-0.762944	0.266347	0.589048	0.597102	-0.058878	0.800001	71.191330	-213.065948	602.814453	
0.368220	0.928918	-0.039043	-0.162684	0.023028	-0.986409	-0.915395	0.369568	0.159599	79.005501	-187.468002	562.640015	
0.368220	0.928918	-0.039043	-0.162684	0.023028	-0.986409	-0.915395	0.369568	0.159599	79.005501	-187.468002	562.640015	
0.368220	0.928918	-0.039043	-0.162684	0.023028	-0.986409	-0.915395	0.369568	0.159599	79.005501	-187.468002	562.640015	
0.368220	0.928918	-0.039043	-0.162684	0.023028	-0.986409	-0.915395	0.369568	0.159599	79.005501	-187.468002	562.640015	
0.368220	0.928918	-0.039043	-0.162684	0.023028	-0.986409	-0.915395	0.369568	0.159599	79.005501	-187.468002	562.640015	
0.368220	0.928918	-0.039043	-0.162684	0.023028	-0.986409	-0.915395	0.369568	0.159599	79.005501	-187.468002	562.640015	
0.368220	0.928918	-0.039043	-0.162684	0.023028	-0.986409	-0.915395	0.369568	0.159599	79.005501	-187.468002	562.640015	
0.368220	0.928918	-0.039043	-0.162684	0.023028	-0.986409	-0.915395	0.369568	0.159599	79.005501	-187.468002	562.640015	
0.866660	0.470054	-0.167181	0.198970	-0.632954	-0.748184	-0.457505	0.615158	-0.642083	55.669849	-137.633286	570.125305	
0.921278	0.344118	-0.181187	0.147702	-0.740585	-0.655529	-0.359764	0.577163	-0.733112	42.959797	-130.936798	574.038696	
0.940300	0.279541	-0.194146	0.110554	-0.790371	-0.602570	-0.321891	0.545133	-0.774091	28.331781	-124.490234	580.180481	
0.957143	0.207964	-0.201565	0.085567	-0.867965	-0.489199	-0.276687	0.450987	-0.848561	20.281219	-117.857513	589.284302	
0.969984	0.071070	-0.232549	-0.037144	-0.901811	-0.430532	-0.240313	0.426248	-0.872102	2.732163	-110.730644	597.391174	
0.963013	0.005707	-0.269393	-0.098056	-0.923806	-0.370093	-0.250979	0.382821	-0.889077	-15.063892	-96.498932	603.401794	
0.950788	-0.124982	-0.283514	-0.199170	-0.947473	-0.250256	-0.237344	0.294408	-0.925738	-34.615021	-89.248932	611.692932	
0.918606	-0.252965	-0.303597	-0.301400	-0.945368	-0.124250	-0.255581	0.205642	-0.944664	-44.380676	-74.556549	621.519958	
0.861754	-0.373179	-0.343682	-0.392354	-0.919695	0.014832	-0.321618	0.122064	-0.938969	-54.391590	-67.022942	631.343262	
0.820807	-0.427529	-0.378806	-0.402592	-0.903450	0.147305	-0.405210	0.031595	-0.913677	-74.557945	-52.702824	645.583313	
0.741242	-0.528519	-0.413795	-0.489406	-0.847446	0.205712	-0.459392	0.050031	-0.886824	-94.310181	-45.284058	651.092041	
0.660024	-0.617840	-0.427364	-0.568884	-0.782597	0.252809	-0.490650	0.076261	-0.868013	-112.821541	-39.353600	665.509277	
0.621416	-0.653080	-0.432813	-0.541059	-0.757258	0.365808	-0.566653	0.006858	-0.823928	-130.740860	-33.619698	681.662231	
0.553382	-0.673992	-0.489390	-0.491877	-0.738599	0.461008	-0.672179	-0.014394	-0.740249	-139.282089	-20.848080	686.878784	
0.432177	-0.708687	-0.557661	-0.520381	-0.701034	0.487601	-0.736495	0.079466	-0.671759	-148.895462	-7.464767	693.572693	
0.318976	-0.740956	-0.590964	-0.551391	-0.652231	0.520156	-0.770858	0.159936	-0.616603	-156.798950	-2.210419	703.350098	
0.205286	-0.760681	-0.615809	-0.522548	-0.617210	0.588214	-0.827527	0.201038	-0.524198	-170.035324	2.533651	707.226868	
0.143074	-0.738715	-0.658657	-0.438147	-0.644013	0.627115	-0.887443	0.198865	-0.415809	-181.238632	8.315880	717.595825	
0.046159	-0.716106	-0.696463	-0.453438	-0.636260	0.624152	-0.890091	0.286993	-0.354080	-185.479645	17.079512	720.880127	
-0.050251	-0.677867	-0.733465	-0.424423	-0.650287	0.630072	-0.904068	0.342962	-0.255026	-189.699875	21.517923	724.219604	
-0.105661	-0.633746	-0.766291	-0.411209	-0.673784	0.613940	-0.905396	0.379976	-0.189410	-192.488861	28.242573	741.625793	
-0.151503	-0.607129	-0.780027	-0.409523	-0.679668	0.608557	-0.899631	0.411638	-0.145662	-194.546173	34.583305	748.802734	
-0.183279	-0.578671	-0.794700	-0.317333	-0.730292	0.604957	-0.930434	0.363061	-0.049785	-195.102478	37.353745	765.581055	
-0.253816	-0.528528	-0.810084	-0.295283	-0.755190	0.585231	-0.921078	0.387745	0.035613	-196.181351	39.234570	780.149719	
-0.280937	-0.489760	-0.825354	-0.282060	-0.779875	0.558782	-0.917341	0.389782	0.080953	-194.194977	41.586121	802.330872	
-0.300237	-0.450295	-0.840888	-0.279592	-0.801294	0.528920	-0.911967	0.393907	0.114679	-188.661713	43.310848	807.878357	
-0.323832	-0.406015	-0.854567	-0.270105	-0.825973	0.494784	-0.906738	0.391050	0.157810	-183.284439	44.708347	825.975952	
-0.328872	-0.338901	-0.881470	-0.271115	-0.860218	0.431882	-0.904621	0.381014	0.191020	-180.129105	45.064716	847.663818	
-0.313206	-0.274945	-0.909015	-0.299672	-0.879659	0.369319	-0.901165	0.388079	0.193121	-168.761520	42.651142	854.186951	
-0.307750	-0.237305	-0.921399	-0.246617	-0.915408	0.318133	-0.918950	0.325138	0.223192	-161.883026	39.510704	864.987488	
-0.295111	-0.185462	-0.937291	-0.259036	-0.928711	0.265323	-0.919678	0.321092	0.226031	-146.673767	37.206436	883.653748	
-0.255381	-0.116798	-0.959760	-0.338062	-0.919229	0.201820	-0.905811	0.375999	0.195267	-138.458481	32.087467	900.433838	
-0.249030	-0.082769	-0.964953	-0.268393	-0.951421	0.150873	-0.930564	0.296558	0.214717	-121.835205	26.036983	914.884338	
-0.208799	-0.063572	-0.975890	-0.213905	-0.970754	0.109004	-0.954278	0.231507	0.189093	-102.571136	18.547611	922.856201	
-0.178097	-0.042120	-0.983111	-0.218285	-0.972500	0.081209	-0.959496	0.229062	0.164004	-83.215836	14.890930	927.883850	
-0.130393	-0.014719	-0.991353	-0.219012	-0.974762	0.043279	-0.966970	0.222761	0.123877	-63.475624	5.402959	945.733215	
-0.100006	-0.009649	-0.994940	-0.239977	-0.970199	0.033530	-0.965613	0.242116	0.094709	-42.870777	1.460118	942.971130	
-0.073507	-0.028063	-0.996900	-0.235873	-0.970754	0.044719	-0.968999	0.238429	0.064737	-32.195312	-3.002418	945.455750	
0.059652	-0.015236	-0.998103	-0.263705	-0.964603	-0.001036	-0.962757	0.263266	-0.061560	-20.559418	-12.061701	935.972717	
0.149734	-0.046300	-0.987641	-0.228783	-0.973416	0.010948	-0.961892	0.224317	-0.156347	-0.630864	-15.873980	951.476013	
0.203630	-0.090119	-0.974891	-0.329929	-0.943828	0.018333	-0.921781	0.317912	-0.221926	17.943565	-23.501690	967.289673	
0.280875	-0.165780	-0.945318	-0.427282	-0.903569	0.031503	-0.859382	0.395069	-0.324626	28.316381	-34.197426	991.892883	
0.318078	-0.218006	-0.922659	-0.368256	-0.925196	0.091652	-0.873620	0.310622	-0.374567	37.469604	-48.586018	1003.223206	
0.346049	-0.276937	-0.896413	-0.319955	-0.933003	0.164726	-0.881974	0.229809	-0.411473	53.025074	-62.045277	1002.005615	
0.436067	-0.372065	-0.819398	-0.255068	-0.924290	0.283951	-0.863009	0.085180	-0.497955	71.212578	-68.082779	1019.292786	
0.402926	-0.439343	-0.802887	-0.314813	-0.890251	0.329160	-0.859385	0.120132	-0.497017	84.237442	-83.541443	1020.763123	
0.372294	-0.530399	-0.761626	-0.411086	-0.829967	0.377046	-0.832109	0.172721	-0.527032	93.814186	-92.220757	1023.593445	
0.330710	-0.597869	-0.730194	-0.403776	-0.788975	0.463123	-0.852992	0.141676	-0.502328	99.410255	-106.457619	1025.594482	
0.189702	-0.612415	-0.767438	-0.461444	-0.745539	0.480875	-0.866650	0.262906	-0.424026	99.156685	-114.547791	1032.289307	
0.148106	-0.681754	-0.716433	-0.456242	-0.689829	0.562119	-0.877444	0.243614	-0.413213	101.152534	-121.599907	1029.941895	
0.105286	-0.721105	-0.684779	-0.447439	-0.649318	0.614967	-0.888095	0.241649	-0.391015	103.173203	-135.489868	1035.196289	
0.001939	-0.757465	-0.652873	-0.462585	-0.579501	0.670964	-0.886572	0.300708	-0.351517	102.918633	-148.643494	1034.657959	
-0.101710	-0.779480	-0.618116	-0.476460	-0.507270	0.718097	-0.873293	0.367545	-0.319797	102.451363	-155.290314	1035.987549	
-0.160751	-0.800008	-0.578055	-0.380983	-0.489986	0.784070	-0.910500	0.346269	-0.226024	100.826202	-167.690262	1038.373413	
-0.224185	-0.810408	-0.541276	-0.343360	-0.454115	0.822121	-0.912055	0.370160	-0.176456	93.537170	-179.111649	1037.985352	
-0.350224	-0.811886	-0.467103	-0.307914	-0.371178	0.876022	-0.884608	0.450632	-0.119996	88.007256	-183.331421	1029.850586	
-0.412970	-0.809477	-0.417377	-0.189716	-0.371767	0.908733	-0.890765	0.454463	-0.000043	76.966454	-187.945007	1027.852417	
-0.524246	-0.765645	-0.372766	-0.095345	-0.382215	0.919141	-0.846212	0.517398	0.127374	63.603786	-191.562393	1018.513062	
-0.650479	-0.709405	-0.271334	0.024419	-0.376590	0.926058	-0.759131	0.595756	0.262287	56.759350	-196.317398	1021.340088	
-0.743435	-0.644988	-0.176903	0.091518	-0.360122	0.928405	-0.662516	0.674020	0.326755	49.247555	-201.848068	1013.105408	
-0.822665	-0.563048	-0.078735	0.160399	-0.362725	0.917988	-0.545430	0.742568	0.388713	41.661762	-205.899826	1015.738281	
-0.894068	-0.447418	0.021434	0.239330	-0.436704	0.867185	-0.378633	0.780453	0.497523	32.498756	-208.622803	1005.899292	
-0.942697	-0.324335	0.078283	0.253663	-0.544279	0.799634	-0.216741	0.773671	0.595362	13.083231	-209.804092	993.255371	
-0.960338	-0.246461	0.130417	0.258513	-0.611637	0.747710	-0.104513	0.751769	0.651092	2.195811	-211.710510	991.564392	
-0.966512	-0.189581	0.172954	0.255949	-0.663424	0.703106	-0.018553	0.723828	0.689731	-17.272812	-212.652237	988.625916	
-0.966852	-0.130378	0.219541	0.245521	-0.710818	0.659134	0.070118	0.691188	0.719266	-26.568579	-210.702011	978.676086	
-0.943725	-0.060513	0.325146	0.252726	-0.766099	0.590950	0.213335	0.639868	0.738280	-47.061440	-211.957199	983.297058	
-0.904787	0.060901	0.421486	0.165598	-0.861517	0.479963	0.392349	0.504063	0.769405	-56.519539	-209.938110	975.920776	
-0.850262	0.156505	0.502554	0.065261	-0.916061	0.395692	0.522298	0.369240	0.768679	-67.749939	-207.751297	973.502563	
-0.799330	0.254124	0.544511	-0.108047	-0.952186	0.285776	0.591099	0.169597	0.788568	-77.694130	-206.517914	964.440979	
-0.731871	0.342908	0.588879	-0.294599	-0.938452	0.180332	0.614472	-0.041504	0.787846	-95.103668	-200.852844	962.211060	
-0.682484	0.360879	0.635595	-0.393431	-0.914260	0.096644	0.615977	-0.184104	0.765949	-103.917336	-197.225235	947.745605	
-0.642406	0.398836	0.654403	-0.548964	-0.835315	-0.029805	0.534746	-0.378391	0.755558	-113.171478	-193.299042	948.278992	
-0.505231	0.428865	0.748876	-0.711845	-0.697685	-0.080700	0.487871	-0.573856	0.657777	-128.717468	-185.956482	956.996643	
-0.392619	0.450044	0.802066	-0.816143	-0.572526	-0.078262	0.423983	-0.685328	0.592085	-130.316360	-172.891037	927.058960	
-0.301172	0.460771	0.834856	-0.913657	-0.390085	-0.114305	0.272997	-0.797197	0.538469	-133.602402	-162.248306	907.201172	
-0.249570	0.425274	0.869975	-0.955930	-0.251670	-0.151204	0.154644	-0.869370	0.469341	-141.737579	-150.770355	898.294312	
-0.182623	0.357265	0.915975	-0.983133	-0.075786	-0.166453	0.009950	-0.930923	0.365079	-146.632156	-138.777466	910.464722	
-0.119058	0.265482	0.956736	-0.978469	0.132251	-0.158461	-0.168598	-0.955002	0.244019	-145.978287	-124.073540	882.779541	
-0.046659	0.183912	0.981834	-0.944894	0.310717	-0.103106	-0.324036	-0.932540	0.159279	-147.529144	-112.738716	877.705688	
-0.018558	0.124910	0.991994	-0.870286	0.486408	-0.077529	-0.492198	-0.864757	0.099680	-148.862045	-107.021942	892.186890	
-0.004514	0.064214	0.997926	-0.795413	0.604576	-0.042502	-0.606052	-0.793954	0.048347	-143.757095	-98.304367	877.747253	
0.003921	-0.046316	0.998919	-0.702414	0.710872	0.035718	-0.711759	-0.701794	-0.029747	-133.999466	-80.241287	841.763306	
-0.017566	-0.113271	0.993409	-0.519124	0.850182	0.087760	-0.854519	-0.514160	-0.073737	-130.896500	-73.650055	836.157043	
-0.039628	-0.226326	0.973245	-0.367872	0.908902	0.196385	-0.929032	-0.350247	-0.119278	-119.929405	-64.399750	815.587158	
-0.064959	-0.277859	0.958423	-0.262903	0.931284	0.252173	-0.962633	-0.235591	-0.133546	-113.570686	-56.339733	809.227600	
-0.115099	-0.385234	0.915612	-0.159074	0.916991	0.365818	-0.980535	-0.103544	-0.166826	-107.145920	-41.845913	806.037598	
-0.156026	-0.427211	0.890587	-0.056228	0.904009	0.423799	-0.986152	0.016048	-0.165071	-99.361671	-27.621096	797.127991	
-0.198420	-0.467003	0.861706	0.094798	0.865920	0.491116	-0.975522	0.179135	-0.127545	-82.560478	-13.064978	780.679382	
-0.276144	-0.485798	0.829303	0.286213	0.782142	0.553476	-0.917511	0.390197	-0.076942	-73.195206	-6.081504	772.174866	
-0.327338	-0.512981	0.793536	0.361798	0.707761	0.606776	-0.872899	0.485721	-0.046082	-63.737141	1.119645	760.565979	
-0.383783	-0.529594	0.756465	0.477462	0.587386	0.653458	-0.790405	0.611970	0.027432	-53.517147	8.587799	742.362061	
-0.448883	-0.539895	0.712050	0.518569	0.491551	0.699617	-0.727730	0.683293	0.059324	-33.633087	20.871464	724.391602	
-0.535043	-0.572462	0.621301	0.556363	0.314668	0.769054	-0.635759	0.757146	0.150136	-23.865484	30.927980	715.605530	
-0.613201	-0.593451	0.521344	0.564768	0.132072	0.814613	-0.552289	0.793960	0.254176	-13.464254	35.600677	709.752869	
-0.700048	-0.539351	0.468010	0.581147	-0.049444	0.812296	-0.414972	0.840628	0.348055	-2.670965	43.789062	703.093140	
-0.753619	-0.515841	0.407389	0.552802	-0.162068	0.817401	-0.355625	0.841214	0.407296	7.495010	47.491600	688.346191	
-0.827961	-0.439895	0.347812	0.510930	-0.336080	0.791202	-0.231153	0.832792	0.503017	17.648319	51.191803	678.703735	
-0.906564	-0.358651	0.222511	0.389981	-0.510155	0.766587	-0.161422	0.781735	0.602356	35.769669	54.379715	662.702576	
-0.944179	-0.314563	0.097865	0.286111	-0.635729	0.716930	-0.163304	0.704910	0.690242	51.675579	56.612072	652.797852	
-0.977354	-0.208679	0.035121	0.181478	-0.741180	0.646311	-0.108840	0.638047	0.762266	58.716076	58.215874	648.294434	
-0.987680	-0.154099	-0.027245	0.105655	-0.785082	0.610314	-0.115438	0.599916	0.791691	72.382401	59.480488	642.906677	
-0.990526	-0.101301	-0.092720	0.030733	-0.821568	0.569282	-0.133844	0.561039	0.816897	83.524391	59.374924	634.015869	
-0.988486	0.008428	-0.151080	-0.080640	-0.874186	0.478849	-0.128036	0.485518	0.864800	93.126831	58.535046	628.168274	
-0.974746	0.060742	-0.214899	-0.150341	-0.890056	0.430347	-0.165132	0.451787	0.876710	97.258659	57.280800	620.665344	
-0.945787	0.160626	-0.282289	-0.264941	-0.884291	0.384494	-0.187865	0.438439	0.878907	99.907158	53.644096	609.627502	
-0.899955	0.256235	-0.352741	-0.375693	-0.866292	0.329231	-0.221216	0.428814	0.875889	101.407074	51.212753	606.128723	
-0.861995	0.295523	-0.411864	-0.414968	-0.878024	0.238487	-0.291147	0.376484	0.879484	102.370407	45.244442	602.760620	
-0.816491	0.328361	-0.474892	-0.460192	-0.866845	0.191843	-0.348663	0.375179	0.858880	100.910789	38.114407	596.109253	
-0.733650	0.339418	-0.588688	-0.485582	-0.867892	0.104757	-0.475361	0.362711	0.801543	96.868523	29.233982	592.417542	
-0.655638	0.392310	-0.645162	-0.557559	-0.827721	0.063293	-0.509183	0.401213	0.761420	93.902382	19.983501	588.669312	
-0.535300	0.402079	-0.742824	-0.623607	-0.781289	0.026489	-0.569710	0.477409	0.668963	86.076309	14.087917	586.131592	
-0.412647	0.383318	-0.826312	-0.676110	-0.736790	-0.004152	-0.610409	0.556964	0.563198	75.797722	7.875564	581.422668	
-0.355065	0.363194	-0.861406	-0.658149	-0.751507	-0.045574	-0.663905	0.550751	0.505869	64.010376	1.097719	579.941223	
-0.297120	0.335745	-0.893866	-0.633666	-0.769619	-0.078447	-0.714275	0.543103	0.441419	50.024406	-6.266084	577.605347	
-0.227575	0.312443	-0.922274	-0.646939	-0.756396	-0.096614	-0.727791	0.574668	0.374268	34.236137	-19.179581	574.616028	
-0.141911	0.213523	-0.966576	-0.613987	-0.784914	-0.083248	-0.776455	0.581652	0.242488	26.027771	-27.012388	572.876709	
-0.061496	0.109069	-0.992130	-0.616287	-0.786044	-0.048213	-0.785117	0.608472	0.115556	8.564843	-35.467495	573.190186	
0.000837	-0.010490	-0.999945	-0.586565	-0.809863	0.008005	-0.809902	0.586525	-0.006831	-0.622110	-44.205025	569.199280	
0.032028	-0.070737	-0.996981	-0.559380	-0.827908	0.040771	-0.828293	0.556385	-0.066086	-20.847618	-58.798149	569.731506	
0.078165	-0.196309	-0.977422	-0.570935	-0.812539	0.117535	-0.817267	0.548857	-0.175592	-40.406704	-66.769257	572.022034	
0.085153	-0.263872	-0.960792	-0.621505	-0.767766	0.155777	-0.778769	0.583872	-0.229376	-61.327507	-80.904442	569.497437	
0.066474	-0.401687	-0.913361	-0.669461	-0.696721	0.257687	-0.739868	0.594330	-0.315228	-81.901054	-96.721413	574.628235	
0.039338	-0.525064	-0.850153	-0.686719	-0.632253	0.358711	-0.725859	0.569705	-0.385443	-92.520477	-104.172493	578.970032	
-0.017907	-0.633253	-0.773738	-0.687191	-0.554317	0.469576	-0.726257	0.540115	-0.425240	-102.550346	-110.984207	580.273438	
-0.056193	-0.688713	-0.722853	-0.657844	-0.519083	0.545706	-0.751056	0.506190	-0.423897	-122.454460	-119.628799	586.767517	
-0.151583	-0.764549	-0.626488	-0.665996	-0.389344	0.636287	-0.730393	0.513689	-0.450169	-131.357773	-134.373795	589.185730	
-0.227066	-0.780842	-0.582002	-0.697747	-0.286472	0.656569	-0.679405	0.555175	-0.479783	-146.974701	-149.792969	592.610413	
-0.317743	-0.794053	-0.518188	-0.655368	-0.211028	0.725231	-0.685225	0.570041	-0.453345	-155.125961	-162.130463	595.843689	
-0.379567	-0.838046	-0.391928	-0.557765	-0.130700	0.819643	-0.738125	0.529714	-0.417824	-168.803818	-172.578949	605.416443	
-0.483839	-0.834007	-0.265202	-0.470774	-0.007420	0.882222	-0.737748	0.551704	-0.389040	-174.944031	-176.628906	610.553711	
-0.529837	-0.838269	-0.128757	-0.339725	0.070672	0.937866	-0.777085	0.540658	-0.322226	-184.277252	-185.080811	618.172485	
-0.574755	-0.818291	0.007569	-0.240952	0.178066	0.954062	-0.782049	0.546528	-0.299514	-192.390610	-189.982712	626.313354	
-0.598771	-0.787331	0.146915	-0.107467	0.260754	0.959405	-0.793678	0.558675	-0.240744	-196.270706	-191.899734	627.445007	
-0.658978	-0.701505	0.271364	0.039753	0.327792	0.943913	-0.751112	0.632806	-0.188121	-198.739029	-193.836060	636.408325	
-0.676417	-0.630546	0.380620	0.195549	0.344484	0.918200	-0.710085	0.695516	-0.109713	-195.743912	-196.394791	635.679810	
-0.707156	-0.556446	0.436232	0.283189	0.342424	0.895852	-0.647870	0.757043	-0.084569	-194.185547	-198.338440	651.057800	
-0.623036	-0.448878	0.640574	0.501624	0.399074	0.767538	-0.600168	0.799530	-0.023470	-199.538025	-207.398834	675.617432	
-0.623824	-0.368897	0.689027	0.603794	0.332309	0.724572	-0.496263	0.868035	0.015436	-199.180557	-211.066818	692.494751	
-0.536858	-0.263912	0.801332	0.756953	0.268765	0.595642	-0.372568	0.926345	0.055480	-189.238205	-210.171448	691.346497	
-0.437574	-0.190920	0.878680	0.858176	0.203069	0.471486	-0.268449	0.960371	0.074984	-181.967590	-207.247604	697.116211	
-0.384320	-0.155315	0.910042	0.900873	0.152390	0.406456	-0.201810	0.976040	0.081352	-175.360672	-203.536240	703.328613	
-0.264044	-0.112818	0.957890	0.949270	0.145460	0.278800	-0.170788	0.982911	0.068686	-162.645813	-208.513184	723.625732	
-0.151459	-0.052701	0.987058	0.976205	0.148802	0.157739	-0.155190	0.987462	0.028909	-150.604782	-214.880463	757.748169	
-0.022312	-0.000198	0.999752	0.995244	0.094851	0.022231	-0.094832	0.995492	-0.001919	-134.160767	-210.728394	761.418762	
0.097719	0.031554	0.994714	0.995173	0.006001	-0.097953	-0.009060	0.999484	-0.030816	-118.667519	-208.885818	766.602478	
0.191507	0.019068	0.981307	0.973094	-0.134196	-0.187296	0.128116	0.990771	-0.044254	-105.940109	-193.520447	760.799988	
0.337870	0.000844	0.941193	0.879288	-0.356961	-0.315327	0.335703	0.934119	-0.121348	-96.626701	-177.811996	812.187012	
0.337870	0.000844	0.941193	0.879288	-0.356961	-0.315327	0.335703	0.934119	-0.121348	-96.626701	-177.811996	812.187012	
0.584232	-0.063560	0.809094	0.694567	-0.476538	-0.538969	0.419821	0.876853	-0.234262	-65.441620	-159.874573	839.005066	
0.685373	-0.117482	0.718653	0.577777	-0.512942	-0.634874	0.443213	0.850347	-0.283678	-46.570770	-148.339249	838.125244	
0.734883	-0.147590	0.661940	0.492043	-0.555677	-0.670162	0.466734	0.818193	-0.335736	-27.126337	-142.666763	850.591492	
0.800545	-0.219502	0.557626	0.357073	-0.572572	-0.738011	0.481276	0.789924	-0.379990	-9.103561	-130.280579	862.232849	
0.844014	-0.299311	0.445033	0.193882	-0.603391	-0.773517	0.500051	0.739143	-0.451239	3.970674	-116.970192	882.846069	
0.857381	-0.341477	0.385086	0.103954	-0.617887	-0.779365	0.504074	0.708244	-0.494266	13.437428	-109.934799	885.496277	
0.869454	-0.424039	0.253459	-0.050508	-0.586672	-0.808249	0.491426	0.689933	-0.531501	21.903782	-96.062950	900.436646	
0.875971	-0.467850	0.117438	-0.178741	-0.540957	-0.821838	0.448026	0.698914	-0.557487	29.965935	-81.550156	906.295532	
0.844633	-0.533035	0.049683	-0.276557	-0.513911	-0.812042	0.458380	0.672137	-0.581480	36.717613	-67.656662	925.051514	
0.807237	-0.589951	-0.018083	-0.362784	-0.471769	-0.803631	0.465571	0.655281	-0.594853	43.085701	-53.299358	944.541199	
0.759757	-0.643604	-0.092427	-0.455930	-0.425991	-0.781448	0.463570	0.635850	-0.617088	53.328995	-46.651737	958.514648	
0.721340	-0.653794	-0.228519	-0.554724	-0.347850	-0.755833	0.414669	0.671977	-0.613593	61.216267	-32.456020	965.488831	
0.684754	-0.666044	-0.295801	-0.615367	-0.310979	-0.724304	0.390430	0.677996	-0.622805	64.064064	-18.525074	970.554504	
0.621975	-0.698244	-0.354404	-0.672255	-0.244073	-0.698929	0.401523	0.672966	-0.621206	65.740150	-4.354804	977.393250	
0.581832	-0.697431	-0.418404	-0.714333	-0.192257	-0.672880	0.388846	0.690382	-0.610059	68.176552	8.461662	991.494202	
0.540232	-0.690522	-0.480967	-0.755286	-0.145847	-0.638962	0.371070	0.708455	-0.600332	67.414261	21.023964	996.872681	
0.497157	-0.678476	-0.540838	-0.788606	-0.093381	-0.607768	0.361852	0.728664	-0.581475	65.131363	26.744028	1003.711121	
0.454949	-0.662993	-0.594527	-0.819259	-0.049925	-0.571246	0.349050	0.746959	-0.565877	62.165287	37.666580	1018.667603	
0.390308	-0.602411	-0.696247	-0.861593	0.027567	-0.506851	0.324527	0.797710	-0.508274	54.301796	48.992500	1020.535889	
0.347524	-0.573125	-0.742129	-0.881334	0.070552	-0.467197	0.320121	0.816425	-0.480596	48.934086	59.283909	1026.794434	
0.302896	-0.540684	-0.784803	-0.895304	0.120794	-0.428765	0.326626	0.832508	-0.447489	38.141273	68.266068	1032.437988	
0.246115	-0.509720	-0.824387	-0.902093	0.190605	-0.387166	0.354478	0.838961	-0.412905	24.499832	76.960831	1041.426758	
0.194794	-0.459424	-0.866594	-0.898231	0.271348	-0.345761	0.394000	0.845754	-0.359813	17.318748	84.929993	1042.571533	
0.143620	-0.418309	-0.896879	-0.895536	0.330764	-0.297676	0.421175	0.845939	-0.327107	1.996969	88.256081	1048.168457	
0.088364	-0.307826	-0.947331	-0.890410	0.401901	-0.213648	0.446500	0.862391	-0.238578	-15.758558	91.102455	1047.726807	
0.062034	-0.253670	-0.965300	-0.882826	0.437220	-0.171631	0.465587	0.862838	-0.196824	-33.805473	93.239769	1051.194946	
0.028852	-0.135803	-0.990316	-0.868032	0.487873	-0.092192	0.495669	0.862286	-0.103806	-44.386448	94.367424	1050.911133	
0.012000	-0.072195	-0.997319	-0.843426	0.535017	-0.048878	0.537111	0.841751	-0.054471	-53.826294	95.280945	1053.010620	
-0.041756	-0.029017	-0.998707	-0.841612	0.539729	0.019506	0.538466	0.841338	-0.046958	-67.866348	94.180580	1048.538208	
-0.019491	0.126361	-0.991794	-0.813178	0.575129	0.089256	0.581688	0.808244	0.091544	-88.046356	94.868324	1066.089478	
-0.012059	0.201625	-0.979389	-0.801106	0.584204	0.130133	0.598401	0.786163	0.154477	-97.808571	93.942062	1069.078857	
0.002730	0.330706	-0.943730	-0.772838	0.599590	0.207876	0.634598	0.728783	0.257219	-107.530869	90.960060	1072.359741	
0.012259	0.392209	-0.919795	-0.758815	0.602700	0.246884	0.651191	0.694927	0.305002	-115.717445	86.351929	1065.682861	
0.043932	0.457113	-0.888324	-0.728997	0.622659	0.284356	0.683106	0.635093	0.360589	-124.284294	81.459747	1066.851318	
0.079176	0.512988	-0.854738	-0.700527	0.638652	0.318410	0.709221	0.573556	0.409927	-133.172012	75.259445	1069.057983	
0.112725	0.556512	-0.823158	-0.674838	0.650939	0.347667	0.729306	0.516306	0.448932	-141.331314	67.733063	1067.903931	
0.151264	0.598041	-0.787063	-0.642359	0.664658	0.381580	0.751329	0.447857	0.484695	-147.771454	63.660961	1060.395630	
0.193063	0.635212	-0.747819	-0.618926	0.670238	0.409527	0.761353	0.383780	0.522547	-154.398682	54.005482	1061.043579	
0.229934	0.676542	-0.699588	-0.608003	0.661158	0.439547	0.759910	0.324284	0.563362	-165.414673	43.663132	1060.880615	
0.293678	0.740183	-0.604884	-0.608268	0.632845	0.479079	0.737403	0.227236	0.636082	-176.249329	32.201542	1067.208252	
0.337877	0.803812	-0.489619	-0.598379	0.584997	0.547467	0.726486	0.108001	0.678642	-177.543060	26.828474	1059.251343	
0.378397	0.848956	-0.368906	-0.607824	0.528464	0.592685	0.698116	-0.000040	0.715985	-181.236328	20.311014	1049.447632	
0.413029	0.874287	-0.255010	-0.614524	0.474204	0.630469	0.672137	-0.103693	0.733131	-183.399536	13.438240	1038.972168	
0.436216	0.888704	-0.141145	-0.624872	0.412036	0.663145	0.647496	-0.201077	0.735064	-182.916000	6.417410	1035.075317	
0.473361	0.880259	-0.032767	-0.627318	0.362987	0.688994	0.618387	-0.305587	0.724027	-180.882233	0.293851	1024.704834	
0.506848	0.857588	0.087458	-0.647990	0.312118	0.694760	0.568521	-0.408810	0.713905	-175.774994	-13.375695	1009.764648	
0.516018	0.845522	0.137181	-0.646913	0.279709	0.709413	0.561453	-0.454814	0.691315	-172.440109	-20.698349	1001.324829	
0.518521	0.818154	0.248516	-0.674329	0.212562	0.707177	0.525754	-0.534267	0.661924	-163.839478	-35.659195	991.886597	
0.525285	0.793959	0.306113	-0.686384	0.182717	0.703913	0.502945	-0.579865	0.640940	-153.256607	-42.999489	976.637573	
0.546883	0.755806	0.360107	-0.698247	0.174443	0.694278	0.461920	-0.631132	0.623140	-141.733246	-49.722004	964.903748	
0.545777	0.731224	0.409194	-0.710158	0.144452	0.689065	0.444750	-0.666668	0.598123	-134.539093	-64.078392	960.469910	
