0.993947	-0.041092	0.101891	0.042760	0.998984	-0.014246	-0.101202	0.018517	0.994694	17.690598	4.421306	545.511902	
0.974836	-0.130118	0.181007	0.134128	0.990913	-0.010035	-0.178057	0.034061	0.983431	27.368505	7.703486	540.691833	
0.959288	-0.185124	0.213297	0.193695	0.980861	-0.019822	-0.205545	0.060330	0.976786	34.648357	13.319169	526.445496	
0.916357	-0.230940	0.327042	0.247634	0.968804	-0.009741	-0.314590	0.089913	0.944960	40.022083	13.291087	508.819885	
0.835265	-0.265380	0.481566	0.308864	0.951035	-0.011623	-0.454902	0.158447	0.876333	53.260601	24.480900	552.442017	
0.835265	-0.265380	0.481566	0.308864	0.951035	-0.011623	-0.454902	0.158447	0.876333	53.260601	24.480900	552.442017	
0.835265	-0.265380	0.481566	0.308864	0.951035	-0.011623	-0.454902	0.158447	0.876333	53.260601	24.480900	552.442017	
0.835265	-0.265380	0.481566	0.308864	0.951035	-0.011623	-0.454902	0.158447	0.876333	53.260601	24.480900	552.442017	
0.835265	-0.265380	0.481566	0.308864	0.951035	-0.011623	-0.454902	0.158447	0.876333	53.260601	24.480900	552.442017	
0.425092	-0.327708	0.843744	0.646157	0.762640	-0.029336	-0.633860	0.557662	0.535943	99.948563	31.086575	567.535522	
0.367936	-0.341624	0.864821	0.707686	0.706181	-0.022125	-0.603162	0.620162	0.501592	103.428726	30.187071	576.181885	
0.246753	-0.297538	0.922271	0.796098	0.604904	-0.017844	-0.552576	0.738621	0.386132	106.478394	27.905571	580.845459	
0.193360	-0.270586	0.943077	0.847741	0.529963	-0.021757	-0.493909	0.803692	0.331861	108.577866	26.071465	590.822693	
0.109371	-0.171530	0.979089	0.882772	0.469518	-0.016356	-0.456894	0.866100	0.202774	109.786797	21.357130	600.777405	
0.072845	-0.135938	0.988035	0.917316	0.397951	-0.012879	-0.391439	0.907279	0.153687	109.947723	15.246739	602.249084	
0.056004	-0.114388	0.991856	0.937679	0.347264	-0.012896	-0.342961	0.930764	0.126708	108.242287	8.036411	604.400391	
0.026258	-0.066492	0.997441	0.958914	0.283628	-0.006336	-0.282480	0.956626	0.071208	104.528992	4.737659	614.458557	
-0.012218	0.023107	0.999658	0.978020	0.208390	0.007137	-0.208154	0.977772	-0.025145	100.097237	-3.644632	617.313721	
-0.068380	0.076969	0.994686	0.986369	0.154786	0.055831	-0.149666	0.984945	-0.086504	92.853752	-13.769112	610.375244	
-0.184349	0.260138	0.947810	0.944068	0.315120	0.097133	-0.273406	0.912703	-0.303679	87.299110	-24.585506	619.520874	
-0.211207	0.452989	0.866137	0.955739	0.281403	0.085883	-0.204829	0.845939	-0.492373	73.591072	-32.002262	613.782837	
-0.125247	0.324310	0.937623	0.966964	0.251395	0.042212	-0.222023	0.911933	-0.345083	72.122696	-40.329292	637.068909	
-0.078233	0.242148	0.967080	0.974850	0.221635	0.023366	-0.208681	0.944585	-0.253397	69.085182	-53.341942	644.678589	
0.063172	0.490709	0.869031	0.929206	-0.346622	0.128178	0.364123	0.799411	-0.477866	59.836300	-57.088799	687.330017	
0.063172	0.490709	0.869031	0.929206	-0.346622	0.128178	0.364123	0.799411	-0.477866	59.836300	-57.088799	687.330017	
0.063172	0.490709	0.869031	0.929206	-0.346622	0.128178	0.364123	0.799411	-0.477866	59.836300	-57.088799	687.330017	
0.244914	0.700951	0.669840	0.805355	-0.531755	0.261989	0.539833	0.475295	-0.694749	14.153294	-97.258537	724.098022	
0.278441	0.742596	0.609116	0.779109	-0.545503	0.308894	0.561658	0.388559	-0.730454	4.623856	-104.033028	736.592773	
0.317970	0.755270	0.573117	0.730808	-0.580343	0.359333	0.603998	0.304582	-0.736489	-4.157980	-113.501762	754.493591	
0.467809	0.722935	0.508450	0.698511	-0.654883	0.288461	0.541514	0.220213	-0.811338	-14.920864	-123.370499	754.443115	
0.511093	0.724484	0.462502	0.729250	-0.650312	0.212809	0.454947	0.228515	-0.860700	-23.717253	-133.062546	774.909790	
0.684558	0.517627	0.513267	0.568795	-0.819663	0.068006	0.455908	0.245389	-0.855531	-27.945185	-123.370834	780.260986	
0.680509	0.716736	0.152305	0.552027	-0.638165	0.536668	0.481845	-0.281131	-0.829934	-39.849400	-161.806000	789.997009	
0.680509	0.716736	0.152305	0.552027	-0.638165	0.536668	0.481845	-0.281131	-0.829934	-39.849400	-161.806000	789.997009	
0.680509	0.716736	0.152305	0.552027	-0.638165	0.536668	0.481845	-0.281131	-0.829934	-39.849400	-161.806000	789.997009	
0.816701	0.569240	-0.094693	0.473008	-0.566365	0.674903	0.330551	-0.595984	-0.731805	-70.969887	-194.360519	827.994690	
0.795600	0.600402	0.080864	0.409306	-0.631119	0.658906	0.446644	-0.491127	-0.747866	-90.602287	-201.104340	819.709534	
0.849909	0.456887	-0.262509	0.463397	-0.410924	0.785114	0.250837	-0.788921	-0.560968	-101.259857	-225.801819	885.791382	
0.872171	0.377996	-0.310544	0.466705	-0.452626	0.759813	0.146646	-0.807619	-0.571180	-106.623947	-225.997375	882.423096	
0.882814	0.308683	-0.354054	0.465093	-0.468870	0.750899	0.065784	-0.827572	-0.557492	-109.669418	-224.925674	872.057007	
0.898753	0.205555	-0.387287	0.436843	-0.495498	0.750766	-0.037576	-0.843937	-0.535125	-112.622803	-232.477692	888.277222	
0.888822	0.184325	-0.419547	0.453456	-0.485894	0.747184	-0.066131	-0.854360	-0.515457	-111.673950	-232.626480	880.162415	
0.885587	0.149284	-0.439829	0.452204	-0.493325	0.743062	-0.106052	-0.856939	-0.504389	-112.574188	-233.312790	887.095703	
0.869813	0.131198	-0.475619	0.473335	-0.493899	0.729395	-0.139213	-0.859565	-0.491700	-109.115845	-233.203690	885.201538	
0.844089	0.158798	-0.512149	0.515558	-0.502836	0.693797	-0.147354	-0.849670	-0.506308	-108.373474	-236.734329	888.350586	
0.811977	0.098824	-0.575263	0.542525	-0.491342	0.681359	-0.215316	-0.865342	-0.452572	-107.761185	-240.693970	907.616455	
0.775457	0.151705	-0.612905	0.586156	-0.533805	0.609486	-0.234710	-0.831888	-0.502865	-105.503944	-237.492249	906.175476	
0.576572	-0.149607	-0.803233	0.695997	-0.425006	0.578756	-0.427964	-0.892742	-0.140921	-98.016899	-253.289001	964.247986	
0.576572	-0.149607	-0.803233	0.695997	-0.425006	0.578756	-0.427964	-0.892742	-0.140921	-98.016899	-253.289001	964.247986	
0.576572	-0.149607	-0.803233	0.695997	-0.425006	0.578756	-0.427964	-0.892742	-0.140921	-98.016899	-253.289001	964.247986	
0.576572	-0.149607	-0.803233	0.695997	-0.425006	0.578756	-0.427964	-0.892742	-0.140921	-98.016899	-253.289001	964.247986	
0.576572	-0.149607	-0.803233	0.695997	-0.425006	0.578756	-0.427964	-0.892742	-0.140921	-98.016899	-253.289001	964.247986	
0.286295	-0.222249	-0.932009	0.734093	-0.574238	0.362433	-0.615745	-0.787944	-0.001250	-49.852348	-231.700500	988.449768	
0.209528	-0.191876	-0.958792	0.709118	-0.645317	0.284108	-0.673237	-0.739426	0.000850	-39.659626	-219.834076	974.346436	
0.165181	-0.187916	-0.968195	0.722271	-0.645426	0.248494	-0.671594	-0.740347	0.029115	-30.634512	-216.656876	995.719421	
0.072586	-0.112138	-0.991038	0.626361	-0.768139	0.132793	-0.776146	-0.630387	0.014483	-21.657562	-203.221085	978.469116	
0.088509	-0.100276	-0.991015	0.799117	-0.586786	0.130744	-0.594624	-0.803509	0.028197	-12.071485	-208.949966	1056.510498	
-0.061655	-0.112689	-0.991715	0.681315	-0.730858	0.040690	-0.729388	-0.673163	0.121838	9.532222	-186.572601	1011.238892	
-0.006370	0.008417	-0.999944	0.598535	-0.801027	-0.010556	-0.801071	-0.598569	0.000065	18.611841	-178.752869	1043.065430	
-0.017787	0.110984	-0.993663	0.417468	-0.902221	-0.108244	-0.908517	-0.416748	-0.030284	30.974754	-165.879959	1062.270142	
-0.058320	0.193154	-0.979433	0.372190	-0.906160	-0.200866	-0.926322	-0.376250	-0.019043	50.974968	-152.747742	1072.327026	
-0.012777	0.211166	-0.977367	0.606961	-0.775133	-0.175407	-0.794629	-0.595465	-0.118265	53.284901	-135.917007	1025.430054	
-0.012777	0.211166	-0.977367	0.606961	-0.775133	-0.175407	-0.794629	-0.595465	-0.118265	53.284901	-135.917007	1025.430054	
-0.012777	0.211166	-0.977367	0.606961	-0.775133	-0.175407	-0.794629	-0.595465	-0.118265	53.284901	-135.917007	1025.430054	
-0.012777	0.211166	-0.977367	0.606961	-0.775133	-0.175407	-0.794629	-0.595465	-0.118265	53.284901	-135.917007	1025.430054	
0.042131	0.337741	-0.940296	0.629004	-0.740178	-0.237678	-0.776259	-0.581436	-0.243624	102.767670	-98.397285	1012.406860	
0.133254	0.393149	-0.909768	0.451621	-0.841197	-0.297367	-0.882203	-0.371244	-0.289647	112.176384	-82.384056	1007.960999	
0.175859	0.411401	-0.894329	0.321698	-0.882625	-0.342759	-0.930367	-0.227426	-0.287565	113.955017	-66.709015	993.499756	
0.265241	0.436426	-0.859756	0.317167	-0.881563	-0.349647	-0.910523	-0.179945	-0.372246	118.445908	-53.592701	1004.133728	
0.329385	0.446200	-0.832113	0.324239	-0.881153	-0.344149	-0.886777	-0.156445	-0.434914	121.558548	-45.824097	987.900513	
0.383938	0.399045	-0.832680	0.188132	-0.916685	-0.352557	-0.903990	-0.021294	-0.427023	121.156075	-32.515717	977.224182	
0.518555	0.330956	-0.788396	0.326615	-0.928802	-0.175070	-0.790204	-0.166718	-0.589731	125.502998	-15.991500	998.991028	
0.518555	0.330956	-0.788396	0.326615	-0.928802	-0.175070	-0.790204	-0.166718	-0.589731	125.502998	-15.991500	998.991028	
0.518555	0.330956	-0.788396	0.326615	-0.928802	-0.175070	-0.790204	-0.166718	-0.589731	125.502998	-15.991500	998.991028	
0.518555	0.330956	-0.788396	0.326615	-0.928802	-0.175070	-0.790204	-0.166718	-0.589731	125.502998	-15.991500	998.991028	
0.518555	0.330956	-0.788396	0.326615	-0.928802	-0.175070	-0.790204	-0.166718	-0.589731	125.502998	-15.991500	998.991028	
0.751836	0.096268	-0.652285	0.095226	-0.994766	-0.037054	-0.652438	-0.034256	-0.757067	93.737915	25.312227	952.010986	
0.791154	0.012754	-0.611485	0.045634	-0.998227	0.038222	-0.609913	-0.058144	-0.790332	87.191635	30.640938	942.610474	
0.824787	-0.061373	-0.562104	-0.031636	-0.997544	0.062496	-0.564559	-0.033764	-0.824702	73.965042	38.883511	939.981567	
0.814132	-0.118900	-0.568377	-0.014728	-0.982726	0.184482	-0.580494	-0.141822	-0.801818	67.053337	46.810978	948.543030	
0.831648	-0.178411	-0.525863	-0.025973	-0.958443	0.284098	-0.554696	-0.222612	-0.801721	50.632721	49.310066	940.327515	
0.832051	-0.224078	-0.507426	-0.032610	-0.932953	0.358518	-0.553741	-0.281758	-0.783571	31.643576	52.414490	912.445068	
0.829817	-0.336476	-0.445183	-0.161407	-0.908391	0.385713	-0.534183	-0.248216	-0.808107	14.641237	54.812965	903.628784	
0.800551	-0.438521	-0.408434	-0.229542	-0.853967	0.466959	-0.553561	-0.280072	-0.784302	5.421110	55.496140	892.335815	
0.727994	-0.567311	-0.384946	-0.336105	-0.784709	0.520831	-0.597543	-0.249780	-0.761940	-13.436400	55.756599	889.986023	
0.727994	-0.567311	-0.384946	-0.336105	-0.784709	0.520831	-0.597543	-0.249780	-0.761940	-13.436400	55.756599	889.986023	
0.727994	-0.567311	-0.384946	-0.336105	-0.784709	0.520831	-0.597543	-0.249780	-0.761940	-13.436400	55.756599	889.986023	
0.443419	-0.828098	-0.342978	-0.400047	-0.525271	0.751033	-0.802086	-0.195814	-0.564194	-71.539268	49.518124	857.881409	
0.354333	-0.871270	-0.339612	-0.230582	-0.433366	0.871220	-0.906245	-0.230393	-0.354456	-80.364830	43.588902	861.512512	
0.277084	-0.909478	-0.309957	-0.146866	-0.358885	0.921754	-0.949555	-0.209881	-0.233014	-88.084961	36.664440	840.067993	
0.243589	-0.929959	-0.275391	-0.149156	-0.316485	0.936797	-0.958341	-0.187117	-0.215801	-102.375771	34.114410	799.488892	
0.221581	-0.933077	-0.283318	-0.096043	-0.310010	0.945869	-0.970401	-0.182376	-0.158309	-118.418785	30.137878	775.609070	
0.069573	-0.970722	-0.229910	-0.055075	-0.233854	0.970710	-0.996056	-0.054872	-0.069733	-134.240494	23.053154	788.116943	
-0.070724	-0.984143	-0.162669	-0.118912	-0.153596	0.980952	-0.990383	0.088721	-0.106164	-147.830750	20.933346	783.700012	
-0.106311	-0.987958	-0.112411	-0.147726	-0.096103	0.984348	-0.983298	0.121253	-0.135731	-152.817261	18.005482	763.985535	
-0.088424	-0.993954	-0.065084	-0.166034	-0.049718	0.984866	-0.982148	0.097893	-0.160634	-159.876144	13.203725	748.508728	
-0.073721	-0.996555	-0.037994	-0.176043	-0.024495	0.984077	-0.981618	0.079236	-0.173631	-163.641800	6.568618	734.711121	
-0.085415	-0.996326	0.006236	-0.180625	0.021641	0.983314	-0.979836	0.082864	-0.181810	-168.822601	-6.831910	718.877686	
-0.086770	-0.995017	0.049114	-0.200445	0.065729	0.977497	-0.975855	0.074973	-0.205150	-170.682831	-19.018913	707.496826	
-0.178452	-0.976327	0.122226	-0.243079	0.164114	0.956023	-0.953450	0.140894	-0.266611	-169.456421	-27.934338	703.844727	
-0.293969	-0.931268	0.215223	-0.295778	0.302754	0.906011	-0.908899	0.202681	-0.364450	-164.165909	-35.586674	692.560852	
-0.781711	-0.622250	-0.041635	0.349162	-0.492003	0.797508	-0.516734	0.608883	0.601870	-169.850998	-49.483700	717.440979	
-0.781711	-0.622250	-0.041635	0.349162	-0.492003	0.797508	-0.516734	0.608883	0.601870	-169.850998	-49.483700	717.440979	
-0.781711	-0.622250	-0.041635	0.349162	-0.492003	0.797508	-0.516734	0.608883	0.601870	-169.850998	-49.483700	717.440979	
-0.964393	-0.263760	-0.019404	0.192745	-0.751186	0.631323	-0.181093	0.605104	0.775277	-155.501465	-88.712265	682.009460	
-0.961221	-0.263444	-0.081548	0.188503	-0.843485	0.502992	-0.201294	0.468115	0.860435	-138.808426	-91.589859	646.551270	
-0.992013	-0.126138	-0.000560	0.113799	-0.896866	0.427412	-0.054415	0.423934	0.904057	-130.957993	-112.489998	671.726990	
-0.992013	-0.126138	-0.000560	0.113799	-0.896866	0.427412	-0.054415	0.423934	0.904057	-130.957993	-112.489998	671.726990	
-0.992013	-0.126138	-0.000560	0.113799	-0.896866	0.427412	-0.054415	0.423934	0.904057	-130.957993	-112.489998	671.726990	
-0.981588	0.190853	0.007817	-0.187832	-0.971870	0.142085	0.034715	0.138001	0.989824	-89.242485	-132.216568	640.592896	
-0.973932	0.226598	-0.010537	-0.226403	-0.968102	0.107335	0.014122	0.106923	0.994167	-80.997742	-138.012726	628.442200	
-0.955733	0.280034	-0.090304	-0.286681	-0.955351	0.071537	-0.066239	0.094259	0.993342	-69.539612	-130.264542	582.911743	
-0.880969	0.472274	0.029158	-0.472265	-0.873789	-0.116010	-0.029311	-0.115972	0.992820	-62.430099	-156.656998	612.107971	
-0.880969	0.472274	0.029158	-0.472265	-0.873789	-0.116010	-0.029311	-0.115972	0.992820	-62.430099	-156.656998	612.107971	
-0.880969	0.472274	0.029158	-0.472265	-0.873789	-0.116010	-0.029311	-0.115972	0.992820	-62.430099	-156.656998	612.107971	
-0.880969	0.472274	0.029158	-0.472265	-0.873789	-0.116010	-0.029311	-0.115972	0.992820	-62.430099	-156.656998	612.107971	
-0.551816	0.832066	-0.056254	-0.664819	-0.479618	-0.572697	-0.503501	-0.278624	0.817835	-1.119358	-177.845154	579.486389	
-0.417412	0.908331	-0.026501	-0.690373	-0.335946	-0.640723	-0.590890	-0.249149	0.767315	16.545221	-183.274704	575.896118	
-0.296761	0.954906	0.009299	-0.706476	-0.212983	-0.674929	-0.642513	-0.206862	0.737824	24.692081	-190.425385	579.947449	
-0.177803	0.983972	0.013633	-0.673159	-0.111511	-0.731042	-0.717804	-0.139159	0.682196	30.762600	-193.748993	574.645020	
-0.177803	0.983972	0.013633	-0.673159	-0.111511	-0.731042	-0.717804	-0.139159	0.682196	30.762600	-193.748993	574.645020	
-0.177803	0.983972	0.013633	-0.673159	-0.111511	-0.731042	-0.717804	-0.139159	0.682196	30.762600	-193.748993	574.645020	
-0.177803	0.983972	0.013633	-0.673159	-0.111511	-0.731042	-0.717804	-0.139159	0.682196	30.762600	-193.748993	574.645020	
-0.177803	0.983972	0.013633	-0.673159	-0.111511	-0.731042	-0.717804	-0.139159	0.682196	30.762600	-193.748993	574.645020	
-0.177803	0.983972	0.013633	-0.673159	-0.111511	-0.731042	-0.717804	-0.139159	0.682196	30.762600	-193.748993	574.645020	
0.349710	0.936673	-0.018555	-0.186182	0.050074	-0.981238	-0.918171	0.346604	0.191903	79.062393	-185.871811	558.407288	
0.519698	0.854046	-0.022752	-0.095787	0.031783	-0.994894	-0.848963	0.519225	0.098324	80.143089	-184.522110	560.742493	
0.627730	0.778342	-0.011694	-0.059531	0.033022	-0.997679	-0.776151	0.626971	0.067065	80.926453	-179.437897	562.301208	
0.730178	0.683195	0.009093	-0.063670	0.081287	-0.994654	-0.680284	0.725697	0.102853	81.833923	-177.304611	564.878967	
0.732376	0.679645	-0.041301	0.024536	-0.086960	-0.995909	-0.680457	0.728368	-0.080363	77.225449	-166.345200	564.327515	
0.782875	0.619236	-0.060434	0.096411	-0.216697	-0.971466	-0.614663	0.754711	-0.229348	69.855789	-159.004822	560.439392	
0.803537	0.587279	-0.097110	0.165166	-0.376707	-0.911488	-0.571881	0.716375	-0.399697	66.268677	-155.169296	564.617065	
0.831291	0.539814	-0.132492	0.207267	-0.522220	-0.827240	-0.515747	0.660217	-0.546002	61.276878	-147.751831	562.790161	
0.865624	0.471728	-0.167828	0.215434	-0.653485	-0.725634	-0.451976	0.591971	-0.667298	55.316959	-137.239014	562.521301	
0.921608	0.348043	-0.171763	0.147989	-0.724240	-0.673479	-0.358798	0.595266	-0.718973	42.072697	-128.445374	562.797424	
0.980384	0.070127	-0.184195	-0.061913	-0.777673	-0.625613	-0.187117	0.624745	-0.758076	32.779976	-116.935020	540.177185	
0.952301	-0.304949	-0.011379	-0.242169	-0.732513	-0.636222	0.185679	0.608630	-0.771421	33.652287	-118.868660	565.057800	
0.967483	0.074768	-0.241633	-0.035232	-0.906164	-0.421456	-0.250470	0.416265	-0.874064	2.610090	-111.343002	601.489990	
0.967483	0.074768	-0.241633	-0.035232	-0.906164	-0.421456	-0.250470	0.416265	-0.874064	2.610090	-111.343002	601.489990	
0.967483	0.074768	-0.241633	-0.035232	-0.906164	-0.421456	-0.250470	0.416265	-0.874064	2.610090	-111.343002	601.489990	
0.913092	-0.260856	-0.313394	-0.300297	-0.950133	-0.084080	-0.275833	0.170884	-0.945894	-44.346889	-73.937019	613.391785	
0.931459	-0.348978	-0.102948	-0.363077	-0.909907	-0.200611	-0.023664	0.224240	-0.974247	-59.781544	-58.844707	600.978027	
0.814669	-0.425287	-0.394265	-0.396943	-0.904568	0.155541	-0.422789	0.029786	-0.905739	-74.946602	-52.914001	645.109985	
0.814669	-0.425287	-0.394265	-0.396943	-0.904568	0.155541	-0.422789	0.029786	-0.905739	-74.946602	-52.914001	645.109985	
0.814669	-0.425287	-0.394265	-0.396943	-0.904568	0.155541	-0.422789	0.029786	-0.905739	-74.946602	-52.914001	645.109985	
0.587628	-0.650517	-0.481166	-0.532514	-0.758654	0.375331	-0.609197	0.035672	-0.792215	-130.384125	-31.835104	667.932190	
0.535812	-0.654039	-0.533984	-0.472502	-0.756396	0.452336	-0.699748	0.009941	-0.714320	-139.845276	-19.570446	673.205383	
0.400700	-0.716895	-0.570528	-0.552524	-0.685808	0.473694	-0.730861	0.125421	-0.670903	-146.584381	-6.880372	675.844604	
0.313778	-0.738064	-0.597332	-0.536949	-0.656780	0.529459	-0.783090	0.154604	-0.602384	-155.067169	-1.486845	689.890930	
0.217687	-0.757448	-0.615537	-0.515521	-0.624743	0.586459	-0.828764	0.189657	-0.526478	-167.414749	3.298151	692.832092	
0.179281	-0.720486	-0.669894	-0.345902	-0.683614	0.642669	-0.920983	0.116499	-0.371776	-178.543533	8.190065	701.236267	
0.022382	-0.715368	-0.698389	-0.416217	-0.641815	0.644078	-0.908990	0.276265	-0.312113	-183.515289	16.930058	712.978455	
-0.063926	-0.685067	-0.725669	-0.393360	-0.650989	0.649216	-0.917160	0.326951	-0.227862	-190.062393	21.559616	726.160889	
-0.113801	-0.639648	-0.760197	-0.379311	-0.679233	0.628304	-0.918245	0.359852	-0.165328	-190.465561	27.569357	736.085266	
-0.146297	-0.625585	-0.766316	-0.364925	-0.685888	0.629593	-0.919471	0.371756	-0.127948	-191.263565	33.382698	739.117004	
-0.139869	-0.626789	-0.766532	-0.303214	-0.709840	0.635758	-0.942602	0.321346	-0.090766	-190.510696	34.173862	747.971436	
-0.227611	-0.588880	-0.775508	-0.293681	-0.717814	0.631264	-0.928410	0.371435	-0.009560	-191.131531	35.108212	758.376892	
-0.371475	-0.483239	-0.792771	-0.251459	-0.769592	0.586938	-0.893742	0.417382	0.164370	-189.780289	37.527969	785.906921	
-0.319291	-0.418771	-0.850108	-0.295812	-0.808197	0.509228	-0.900305	0.414063	0.134173	-184.616898	39.541607	787.404297	
-0.356845	-0.288786	-0.888404	-0.354923	-0.837790	0.414895	-0.864113	0.463369	0.196465	-178.353699	39.783951	796.392578	
-0.296475	-0.341218	-0.892005	-0.300266	-0.853331	0.426223	-0.906611	0.394203	0.150535	-177.755997	42.725498	839.456970	
-0.296475	-0.341218	-0.892005	-0.300266	-0.853331	0.426223	-0.906611	0.394203	0.150535	-177.755997	42.725498	839.456970	
-0.296475	-0.341218	-0.892005	-0.300266	-0.853331	0.426223	-0.906611	0.394203	0.150535	-177.755997	42.725498	839.456970	
-0.296475	-0.341218	-0.892005	-0.300266	-0.853331	0.426223	-0.906611	0.394203	0.150535	-177.755997	42.725498	839.456970	
-0.282785	-0.101159	-0.953834	-0.265922	-0.947174	0.179292	-0.921585	0.304346	0.240946	-134.675888	29.439175	875.689575	
-0.221522	-0.087191	-0.971250	-0.277756	-0.949096	0.148553	-0.934762	0.302678	0.186028	-119.771004	24.764200	903.853027	
-0.221522	-0.087191	-0.971250	-0.277756	-0.949096	0.148553	-0.934762	0.302678	0.186028	-119.771004	24.764200	903.853027	
-0.221522	-0.087191	-0.971250	-0.277756	-0.949096	0.148553	-0.934762	0.302678	0.186028	-119.771004	24.764200	903.853027	
-0.075910	0.012251	-0.997040	-0.145398	-0.989373	-0.001087	-0.986457	0.144885	0.076884	-60.492599	2.588583	925.737183	
0.001848	0.073360	-0.997304	-0.099242	-0.992369	-0.073181	-0.995061	0.099110	0.005446	-40.360054	-4.053925	942.975464	
0.053514	0.058607	-0.996846	-0.118448	-0.990856	-0.064614	-0.991517	0.121532	-0.046083	-29.185068	-10.123645	973.904724	
0.071856	0.086297	-0.993675	-0.119607	-0.988316	-0.094481	-0.990217	0.125640	-0.060694	-17.152040	-22.360394	998.105042	
0.153534	-0.048433	-0.986956	-0.282491	-0.959265	0.003129	-0.946903	0.278326	-0.160962	-1.158590	-22.189899	973.940002	
0.153534	-0.048433	-0.986956	-0.282491	-0.959265	0.003129	-0.946903	0.278326	-0.160962	-1.158590	-22.189899	973.940002	
0.153534	-0.048433	-0.986956	-0.282491	-0.959265	0.003129	-0.946903	0.278326	-0.160962	-1.158590	-22.189899	973.940002	
0.153534	-0.048433	-0.986956	-0.282491	-0.959265	0.003129	-0.946903	0.278326	-0.160962	-1.158590	-22.189899	973.940002	
0.316398	-0.275326	-0.907793	-0.313267	-0.933595	0.173967	-0.895408	0.229339	-0.381638	51.268265	-61.854057	985.629700	
0.322017	-0.310393	-0.894405	-0.237466	-0.941008	0.241070	-0.916469	0.134762	-0.376728	63.904552	-68.367188	991.302612	
0.282567	-0.373598	-0.883504	-0.297325	-0.909790	0.289621	-0.912005	0.180851	-0.368157	75.265213	-81.958694	979.078857	
0.282744	-0.492886	-0.822873	-0.399101	-0.840544	0.366338	-0.872224	0.224830	-0.434370	86.812744	-90.563072	1001.126221	
0.222350	-0.555101	-0.801513	-0.396890	-0.802427	0.445632	-0.890527	0.219027	-0.398734	90.711205	-103.243401	993.938416	
0.131633	-0.599803	-0.789246	-0.480728	-0.734912	0.478334	-0.866933	0.316448	-0.385081	94.682671	-112.168755	1003.598816	
0.092311	-0.678346	-0.728920	-0.514167	-0.659371	0.548508	-0.852708	0.324154	-0.409651	97.764030	-119.889557	1010.341675	
0.027184	-0.652033	-0.757703	-0.578168	-0.628592	0.520186	-0.815465	0.423939	-0.394073	98.916969	-135.985611	1011.150879	
-0.144387	-0.544059	-0.826530	-0.718353	-0.516823	0.465686	-0.680531	0.660979	-0.316204	94.460541	-150.629364	1002.695312	
-0.292886	-0.436467	-0.850714	-0.688314	-0.521311	0.504439	-0.663658	0.733301	-0.147741	90.492188	-157.418091	1013.787537	
-0.166872	-0.801947	-0.573615	-0.363350	-0.490811	0.791885	-0.916587	0.340566	-0.209485	99.095802	-166.598007	1030.739990	
-0.166872	-0.801947	-0.573615	-0.363350	-0.490811	0.791885	-0.916587	0.340566	-0.209485	99.095802	-166.598007	1030.739990	
-0.166872	-0.801947	-0.573615	-0.363350	-0.490811	0.791885	-0.916587	0.340566	-0.209485	99.095802	-166.598007	1030.739990	
-0.166872	-0.801947	-0.573615	-0.363350	-0.490811	0.791885	-0.916587	0.340566	-0.209485	99.095802	-166.598007	1030.739990	
-0.166872	-0.801947	-0.573615	-0.363350	-0.490811	0.791885	-0.916587	0.340566	-0.209485	99.095802	-166.598007	1030.739990	
-0.669160	-0.692221	-0.270284	0.016928	-0.377821	0.925723	-0.742925	0.614882	0.264541	56.952465	-194.980621	1010.004333	
-0.744460	-0.643256	-0.178889	0.088155	-0.360286	0.928667	-0.661822	0.675585	0.324925	49.048401	-203.804001	1023.390015	
-0.744460	-0.643256	-0.178889	0.088155	-0.360286	0.928667	-0.661822	0.675585	0.324925	49.048401	-203.804001	1023.390015	
-0.744460	-0.643256	-0.178889	0.088155	-0.360286	0.928667	-0.661822	0.675585	0.324925	49.048401	-203.804001	1023.390015	
-0.744460	-0.643256	-0.178889	0.088155	-0.360286	0.928667	-0.661822	0.675585	0.324925	49.048401	-203.804001	1023.390015	
-0.938148	-0.335113	0.087051	0.290393	-0.624654	0.724900	-0.188546	0.705342	0.683331	6.194765	-207.614365	977.449219	
-0.966220	-0.192613	0.171227	0.257080	-0.673633	0.692912	-0.018120	0.713525	0.700395	-17.657900	-215.533997	1000.650024	
-0.966220	-0.192613	0.171227	0.257080	-0.673633	0.692912	-0.018120	0.713525	0.700395	-17.657900	-215.533997	1000.650024	
-0.966220	-0.192613	0.171227	0.257080	-0.673633	0.692912	-0.018120	0.713525	0.700395	-17.657900	-215.533997	1000.650024	
-0.966220	-0.192613	0.171227	0.257080	-0.673633	0.692912	-0.018120	0.713525	0.700395	-17.657900	-215.533997	1000.650024	
-0.816134	0.179667	0.549222	-0.006378	-0.953181	0.302335	0.577827	0.243244	0.779068	-66.682327	-202.916702	955.595703	
-0.788701	0.253060	0.560278	-0.112360	-0.955336	0.273327	0.604422	0.152620	0.781908	-77.584198	-207.570999	968.568970	
-0.788701	0.253060	0.560278	-0.112360	-0.955336	0.273327	0.604422	0.152620	0.781908	-77.584198	-207.570999	968.568970	
-0.788701	0.253060	0.560278	-0.112360	-0.955336	0.273327	0.604422	0.152620	0.781908	-77.584198	-207.570999	968.568970	
-0.788701	0.253060	0.560278	-0.112360	-0.955336	0.273327	0.604422	0.152620	0.781908	-77.584198	-207.570999	968.568970	
-0.452791	0.419105	0.786977	-0.688867	-0.724813	-0.010344	0.566076	-0.546806	0.616896	-123.577850	-183.306854	930.569641	
-0.339099	0.384234	0.858707	-0.763930	-0.645168	-0.012988	0.549019	-0.660396	0.512304	-126.842331	-170.275543	913.714172	
-0.278104	0.394495	0.875804	-0.905188	-0.412703	-0.101538	0.321391	-0.821006	0.471866	-134.203262	-162.038620	914.007324	
-0.241564	0.437942	0.865942	-0.963510	-0.214280	-0.160412	0.115303	-0.873093	0.473723	-142.141693	-149.835709	905.649048	
-0.170029	0.398810	0.901134	-0.983639	-0.013437	-0.179650	-0.059537	-0.916935	0.394569	-145.326797	-137.505188	904.700317	
-0.102397	0.351585	0.930539	-0.976635	0.142149	-0.161178	-0.188943	-0.925300	0.328814	-146.018753	-122.624374	889.324646	
-0.013984	0.286631	0.957940	-0.920877	0.369596	-0.124032	-0.389602	-0.883878	0.258783	-146.958633	-109.267578	871.714355	
-0.002305	0.147119	0.989117	-0.872613	0.482798	-0.073843	-0.488406	-0.863286	0.127265	-146.447403	-101.908188	870.833557	
0.006907	0.104938	0.994455	-0.839467	0.540988	-0.051256	-0.543367	-0.834458	0.091828	-142.007370	-93.829262	858.409119	
0.030776	-0.026218	0.999183	-0.703193	0.709857	0.040286	-0.710333	-0.703857	0.003409	-133.965256	-79.466599	836.322449	
0.031408	-0.093577	0.995117	-0.571738	0.814955	0.094681	-0.819835	-0.571920	-0.027906	-128.540070	-69.499481	820.235107	
-0.029890	-0.230056	0.972719	-0.399615	0.894747	0.199336	-0.916196	-0.382755	-0.118678	-118.589569	-62.353489	808.146973	
-0.042847	-0.281683	0.958551	-0.250069	0.931915	0.262679	-0.967280	-0.228449	-0.110370	-112.779526	-55.353165	805.375732	
-0.057446	-0.383370	0.921807	-0.210649	0.907198	0.364168	-0.975873	-0.173257	-0.132872	-105.340836	-39.709267	795.669250	
-0.141053	-0.439432	0.887132	-0.072487	0.898270	0.433425	-0.987345	-0.003170	-0.158557	-97.587112	-26.391119	785.702942	
-0.151561	-0.517516	0.842143	0.151914	0.829668	0.537191	-0.976704	0.209351	-0.047127	-77.492729	-10.055866	745.235718	
-0.243636	-0.513722	0.822636	0.300756	0.766364	0.567655	-0.922056	0.385714	-0.032208	-71.520996	-5.023750	761.696289	
-0.328400	-0.505481	0.797898	0.375598	0.705202	0.601346	-0.866649	0.497171	-0.041731	-62.679966	1.558239	753.181824	
-0.393742	-0.510154	0.764663	0.448481	0.619519	0.644253	-0.802392	0.596606	-0.015136	-51.908642	8.567732	735.415039	
-0.582961	-0.367591	0.724591	0.393448	0.652554	0.647591	-0.710883	0.662609	-0.235785	-31.980602	20.900686	720.795410	
-0.701274	-0.253207	0.666408	0.381076	0.656885	0.650603	-0.602491	0.710202	-0.364165	-23.451145	28.461216	714.937988	
-0.808604	-0.166347	0.564348	0.289242	0.722891	0.627509	-0.512346	0.670639	-0.536418	-13.110941	31.379993	692.762024	
-0.865403	-0.015486	0.500837	0.332563	0.729892	0.597210	-0.374806	0.683387	-0.626500	-5.253867	34.061031	675.786255	
-0.884877	0.192331	0.424266	0.432125	0.679041	0.593442	-0.173957	0.708458	-0.683978	0.324368	33.703403	665.668701	
-0.877909	0.269163	0.396013	0.472505	0.620934	0.625445	-0.077551	0.736202	-0.672304	7.772305	37.319942	667.954590	
-0.909327	0.362344	0.204529	0.382749	0.535660	0.752711	0.163182	0.762742	-0.625776	25.356943	40.309578	671.649109	
-0.923908	0.371551	0.091344	0.290953	0.527218	0.798366	0.248475	0.764194	-0.595204	38.726196	37.043190	654.199890	
-0.941191	0.335957	0.035934	0.224607	0.542672	0.809358	0.252409	0.769831	-0.586216	45.749195	33.871658	649.628723	
-0.918615	0.394405	-0.024317	0.206060	0.530628	0.822177	0.337173	0.750253	-0.568713	54.924252	32.700123	641.317078	
-0.836506	0.545276	-0.054138	0.276495	0.505330	0.817431	0.473083	0.668817	-0.573477	57.840492	29.110523	617.909790	
-0.824762	0.562042	-0.062260	0.278842	0.500008	0.819903	0.491949	0.658864	-0.569108	66.709900	27.878004	622.539917	
-0.970857	0.060698	-0.231845	-0.156743	-0.892626	0.422672	-0.181296	0.446694	0.876126	97.400299	57.380699	620.656982	
-0.970857	0.060698	-0.231845	-0.156743	-0.892626	0.422672	-0.181296	0.446694	0.876126	97.400299	57.380699	620.656982	
-0.970857	0.060698	-0.231845	-0.156743	-0.892626	0.422672	-0.181296	0.446694	0.876126	97.400299	57.380699	620.656982	
-0.970857	0.060698	-0.231845	-0.156743	-0.892626	0.422672	-0.181296	0.446694	0.876126	97.400299	57.380699	620.656982	
-0.970857	0.060698	-0.231845	-0.156743	-0.892626	0.422672	-0.181296	0.446694	0.876126	97.400299	57.380699	620.656982	
-0.970857	0.060698	-0.231845	-0.156743	-0.892626	0.422672	-0.181296	0.446694	0.876126	97.400299	57.380699	620.656982	
-0.970857	0.060698	-0.231845	-0.156743	-0.892626	0.422672	-0.181296	0.446694	0.876126	97.400299	57.380699	620.656982	
-0.542147	0.414773	-0.730781	-0.623196	-0.781845	0.018577	-0.563652	0.465492	0.682360	85.160622	14.198843	581.993530	
-0.439979	0.437232	-0.784377	-0.689562	-0.724032	-0.016799	-0.575259	0.533485	0.620057	74.798820	8.239265	574.601318	
-0.373745	0.415188	-0.829418	-0.681002	-0.729939	-0.058524	-0.629722	0.542963	0.555555	63.397045	1.469223	574.601074	
-0.310274	0.380554	-0.871154	-0.654242	-0.750326	-0.094753	-0.689708	0.540546	0.481781	49.684563	-5.436153	567.484619	
-0.338762	0.481050	-0.808599	-0.700531	-0.702670	-0.124543	-0.628089	0.524258	0.575028	35.656925	-13.980833	538.427307	
-0.483848	0.593844	-0.642839	-0.722123	-0.685875	-0.090076	-0.494397	0.420626	0.760687	26.894217	-20.160852	526.478394	
-0.061256	0.109127	-0.992139	-0.612639	-0.788846	-0.048941	-0.787985	0.604825	0.115177	8.445840	-35.643101	572.718994	
-0.061256	0.109127	-0.992139	-0.612639	-0.788846	-0.048941	-0.787985	0.604825	0.115177	8.445840	-35.643101	572.718994	
-0.061256	0.109127	-0.992139	-0.612639	-0.788846	-0.048941	-0.787985	0.604825	0.115177	8.445840	-35.643101	572.718994	
0.076632	-0.202029	-0.976377	-0.571203	-0.811527	0.123087	-0.817224	0.548277	-0.177589	-40.372879	-66.407761	569.658875	
0.070439	-0.263251	-0.962153	-0.612915	-0.772414	0.166466	-0.787003	0.577992	-0.215759	-60.800831	-81.954048	566.736877	
0.046090	-0.391639	-0.918964	-0.621604	-0.731380	0.280519	-0.781975	0.558302	-0.277154	-81.009323	-94.141350	561.502380	
0.033863	-0.521550	-0.852549	-0.662402	-0.650478	0.371622	-0.748384	0.552145	-0.367504	-92.913574	-104.559029	580.475037	
-0.007500	-0.640479	-0.767939	-0.658641	-0.574681	0.485730	-0.752421	0.509439	-0.417536	-101.791077	-111.210152	578.561340	
-0.094284	-0.774280	-0.625781	-0.704316	-0.392369	0.591596	-0.703598	0.496525	-0.508344	-112.917107	-116.506317	567.491272	
-0.157890	-0.845170	-0.510645	-0.623509	-0.315670	0.715255	-0.765708	0.431323	-0.477130	-119.882149	-128.488342	566.063721	
-0.031090	-0.810129	-0.585427	-0.454246	-0.510277	0.730259	-0.890334	0.288632	-0.352134	-135.882416	-137.175201	565.220398	
-0.303498	-0.810749	-0.500575	-0.588269	-0.253839	0.767793	-0.749552	0.527496	-0.399899	-156.796005	-159.953003	605.854980	
-0.303498	-0.810749	-0.500575	-0.588269	-0.253839	0.767793	-0.749552	0.527496	-0.399899	-156.796005	-159.953003	605.854980	
-0.303498	-0.810749	-0.500575	-0.588269	-0.253839	0.767793	-0.749552	0.527496	-0.399899	-156.796005	-159.953003	605.854980	
-0.303498	-0.810749	-0.500575	-0.588269	-0.253839	0.767793	-0.749552	0.527496	-0.399899	-156.796005	-159.953003	605.854980	
-0.549420	-0.834883	0.033272	-0.207946	0.175195	0.962323	-0.809256	0.521801	-0.269866	-194.008759	-190.936279	632.213806	
-0.584827	-0.792557	0.172712	-0.096926	0.279674	0.955190	-0.805346	0.541882	-0.240381	-199.411133	-195.345459	635.988342	
-0.612690	-0.740547	0.276045	0.157539	0.227832	0.960871	-0.774463	0.632205	-0.022925	-192.347534	-194.840897	619.705566	
-0.652624	-0.619745	0.435888	0.232532	0.383702	0.893701	-0.721117	0.684609	-0.106303	-204.496002	-203.875000	656.690002	
-0.652624	-0.619745	0.435888	0.232532	0.383702	0.893701	-0.721117	0.684609	-0.106303	-204.496002	-203.875000	656.690002	
-0.652624	-0.619745	0.435888	0.232532	0.383702	0.893701	-0.721117	0.684609	-0.106303	-204.496002	-203.875000	656.690002	
-0.652624	-0.619745	0.435888	0.232532	0.383702	0.893701	-0.721117	0.684609	-0.106303	-204.496002	-203.875000	656.690002	
-0.652624	-0.619745	0.435888	0.232532	0.383702	0.893701	-0.721117	0.684609	-0.106303	-204.496002	-203.875000	656.690002	
-0.427147	-0.229427	0.874590	0.870069	0.158889	0.466620	-0.246018	0.960270	0.131748	-182.710968	-205.611572	700.984436	
-0.391536	-0.152255	0.907478	0.900911	0.137249	0.411730	-0.187239	0.978766	0.083430	-177.006195	-202.261734	708.018066	
-0.281213	-0.045051	0.958587	0.955871	0.075360	0.283958	-0.085033	0.996139	0.021870	-166.945496	-202.630020	728.316162	
-0.129049	-0.034816	0.991026	0.990643	0.040221	0.130413	-0.044401	0.998585	0.029300	-150.056534	-197.438858	740.832092	
0.027058	-0.062743	0.997663	0.999558	-0.010618	-0.027776	0.012335	0.997974	0.062428	-131.707153	-193.617584	746.690796	
0.136535	0.002443	0.990632	0.985230	-0.104655	-0.135531	0.103343	0.994506	-0.016696	-115.839645	-193.520630	773.304626	
0.188266	0.023029	0.981848	0.979825	-0.072685	-0.186172	0.067077	0.997090	-0.036248	-106.721062	-186.419342	788.009460	
0.293309	0.106031	0.950120	0.950367	-0.140230	-0.277736	0.103786	0.984426	-0.141899	-97.656952	-173.580109	789.982910	
0.386740	0.057717	0.920381	0.889086	-0.288339	-0.355508	0.244862	0.955788	-0.162827	-78.114128	-161.774323	791.384583	
0.575754	0.035839	0.816837	0.792780	-0.268871	-0.547000	0.200019	0.962510	-0.183216	-66.979042	-161.878784	832.724365	
0.667898	0.197373	0.717604	0.744225	-0.185486	-0.641658	0.006458	0.962622	-0.270776	-49.891392	-155.966339	859.930786	
0.644839	0.457687	0.612132	0.760867	-0.308372	-0.570953	-0.072554	0.833925	-0.547089	-32.704933	-149.496597	876.368958	
0.710282	0.498767	0.496721	0.702731	-0.461474	-0.541490	-0.040854	0.733672	-0.678275	-15.115649	-135.574493	902.714417	
0.842539	0.367616	0.393683	0.538554	-0.587667	-0.603827	0.009377	0.720769	-0.693113	-4.135612	-118.475021	901.621582	
0.891331	0.311014	0.329849	0.452420	-0.656889	-0.603169	0.029079	0.686854	-0.726214	4.832194	-110.444267	894.042419	
0.936722	0.265211	0.228508	0.350014	-0.697380	-0.625421	-0.006513	0.665828	-0.746078	13.462422	-95.380051	889.076050	
0.971262	0.226543	0.072998	0.187615	-0.539983	-0.820499	-0.146462	0.810616	-0.566967	19.942101	-88.076202	912.946838	
0.999198	0.028535	-0.028079	-0.010287	-0.494850	-0.868918	-0.038690	0.868511	-0.494160	25.692169	-74.066116	940.960144	
0.995876	0.018368	-0.088849	-0.062306	-0.573398	-0.816905	-0.065952	0.819072	-0.569888	30.428749	-58.167240	949.539307	
0.993816	0.022766	-0.108675	-0.059183	-0.719513	-0.691954	-0.093947	0.694107	-0.713716	40.270451	-47.922997	943.194092	
0.976519	0.061309	-0.206523	-0.097367	-0.729548	-0.676965	-0.192173	0.681178	-0.706448	49.065018	-35.343929	945.396545	
0.952780	0.096713	-0.287848	-0.108200	-0.777584	-0.619400	-0.283730	0.621298	-0.730402	50.866669	-19.007891	962.439514	
0.945437	0.118483	-0.303497	-0.053925	-0.861775	-0.504417	-0.321311	0.493261	-0.808365	52.721703	-3.076544	959.032166	
0.582977	-0.699962	-0.412543	-0.712595	-0.196566	-0.673476	0.390316	0.686597	-0.613383	67.656601	9.011070	995.859009	
0.582977	-0.699962	-0.412543	-0.712595	-0.196566	-0.673476	0.390316	0.686597	-0.613383	67.656601	9.011070	995.859009	
0.582977	-0.699962	-0.412543	-0.712595	-0.196566	-0.673476	0.390316	0.686597	-0.613383	67.656601	9.011070	995.859009	
0.582977	-0.699962	-0.412543	-0.712595	-0.196566	-0.673476	0.390316	0.686597	-0.613383	67.656601	9.011070	995.859009	
0.407708	-0.603116	-0.685584	-0.839791	0.047114	-0.540860	0.358502	0.796261	-0.487282	53.675980	49.581848	1011.309021	
0.369020	-0.527049	-0.765535	-0.865161	0.106154	-0.490129	0.339587	0.843179	-0.416809	47.797440	61.292492	1015.051880	
0.300617	-0.482809	-0.822511	-0.915996	0.094069	-0.390002	0.265670	0.870658	-0.413973	36.767117	71.798973	1019.587585	
0.216391	-0.544333	-0.810479	-0.958800	0.038020	-0.281526	0.184059	0.838007	-0.513679	22.774136	82.288925	1017.316345	
0.191888	-0.480660	-0.855655	-0.901717	0.257812	-0.347043	0.387407	0.838152	-0.383949	16.354700	85.494003	1051.339966	
0.191888	-0.480660	-0.855655	-0.901717	0.257812	-0.347043	0.387407	0.838152	-0.383949	16.354700	85.494003	1051.339966	
0.191888	-0.480660	-0.855655	-0.901717	0.257812	-0.347043	0.387407	0.838152	-0.383949	16.354700	85.494003	1051.339966	
0.034769	-0.224667	-0.973815	-0.864044	0.482898	-0.142259	0.502214	0.846364	-0.177333	-34.498695	91.130913	1028.794800	
-0.047939	-0.101305	-0.993700	-0.760661	0.648482	-0.029415	0.647376	0.754458	-0.108147	-43.320122	89.490570	1019.734192	
-0.060762	-0.114995	-0.991506	-0.807006	0.590238	-0.019001	0.587409	0.798996	-0.128666	-52.107834	91.088005	1022.290588	
-0.126984	-0.160582	-0.978820	-0.770844	0.637008	-0.004503	0.624239	0.753945	-0.204674	-63.404842	91.071854	1036.995483	
-0.205981	-0.291649	-0.934084	-0.825469	0.564418	0.005802	0.525521	0.772251	-0.357007	-78.959183	90.485405	1033.113403	
-0.195416	-0.269554	-0.942949	-0.875944	0.480385	0.044205	0.441062	0.834608	-0.329990	-88.295799	91.113136	1031.798828	
0.005319	0.355487	-0.934666	-0.768965	0.598974	0.223435	0.639269	0.717537	0.276543	-106.341003	91.529900	1075.930054	
0.005319	0.355487	-0.934666	-0.768965	0.598974	0.223435	0.639269	0.717537	0.276543	-106.341003	91.529900	1075.930054	
0.005319	0.355487	-0.934666	-0.768965	0.598974	0.223435	0.639269	0.717537	0.276543	-106.341003	91.529900	1075.930054	
0.005319	0.355487	-0.934666	-0.768965	0.598974	0.223435	0.639269	0.717537	0.276543	-106.341003	91.529900	1075.930054	
0.005319	0.355487	-0.934666	-0.768965	0.598974	0.223435	0.639269	0.717537	0.276543	-106.341003	91.529900	1075.930054	
0.186790	0.641468	-0.744062	-0.649067	0.649123	0.396676	0.737443	0.408851	0.537606	-146.850113	64.144348	1056.626099	
0.231627	0.679632	-0.696024	-0.640992	0.644826	0.416326	0.731764	0.349713	0.584999	-152.927765	55.076271	1059.752808	
0.262492	0.711957	-0.651317	-0.593219	0.651429	0.473002	0.761045	0.262214	0.593342	-164.314331	44.908752	1062.842529	
0.300707	0.762830	-0.572420	-0.566812	0.625645	0.535997	0.767007	0.163276	0.620517	-173.565613	32.806152	1058.709595	
0.345410	0.816071	-0.463379	-0.576060	0.574173	0.581790	0.740843	0.065977	0.668431	-177.325546	26.476986	1070.210693	
0.335629	0.866660	-0.369124	-0.592904	0.498853	0.632147	0.731996	0.006688	0.681276	-184.657852	19.126202	1091.749268	
0.394604	0.875606	-0.278573	-0.596889	0.474767	0.646776	0.698578	-0.088944	0.709984	-183.643005	13.998700	1039.489990	
0.394604	0.875606	-0.278573	-0.596889	0.474767	0.646776	0.698578	-0.088944	0.709984	-183.643005	13.998700	1039.489990	
0.394604	0.875606	-0.278573	-0.596889	0.474767	0.646776	0.698578	-0.088944	0.709984	-183.643005	13.998700	1039.489990	
0.394604	0.875606	-0.278573	-0.596889	0.474767	0.646776	0.698578	-0.088944	0.709984	-183.643005	13.998700	1039.489990	
0.394604	0.875606	-0.278573	-0.596889	0.474767	0.646776	0.698578	-0.088944	0.709984	-183.643005	13.998700	1039.489990	
0.524882	0.816150	0.241658	-0.668343	0.219370	0.710769	0.527082	-0.534581	0.660612	-163.461823	-35.367939	985.992493	
0.531411	0.787718	0.311613	-0.660563	0.155034	0.734588	0.530338	-0.596209	0.602725	-154.097855	-42.571678	978.435669	
0.552515	0.748781	0.366133	-0.661634	0.126852	0.739018	0.506918	-0.650565	0.565508	-142.852264	-49.423962	969.369324	
0.558167	0.718620	0.414771	-0.660320	0.082027	0.746491	0.502421	-0.690548	0.520305	-134.227234	-62.910610	954.209473	
