0.998242	-0.042903	0.040897	0.041154	0.998240	0.042702	-0.042657	-0.040944	0.998251	18.816917	4.328206	543.968384	
0.988989	-0.127226	0.075599	0.118871	0.987203	0.106296	-0.088156	-0.096139	0.991457	27.150318	8.411496	539.588928	
0.977854	-0.177476	0.110922	0.165127	0.979879	0.112115	-0.128588	-0.091316	0.987485	36.035564	16.144129	538.070923	
0.963680	-0.219618	0.151949	0.209232	0.974467	0.081459	-0.165959	-0.046707	0.985026	44.475388	18.984465	535.297546	
0.933043	-0.282570	0.222676	0.300837	0.952247	-0.052173	-0.197300	0.115669	0.973496	53.321350	24.365707	540.466003	
0.882593	-0.336149	0.328684	0.388784	0.914948	-0.108246	-0.264343	0.223324	0.938217	70.207047	26.450405	545.571045	
0.845339	-0.360611	0.394161	0.460375	0.866038	-0.195020	-0.271032	0.346319	0.898112	77.403244	30.526112	548.543823	
0.723598	-0.356955	0.590753	0.511907	0.851653	-0.112421	-0.462988	0.383758	0.798982	85.277298	31.932281	563.122803	
0.561982	-0.351765	0.748624	0.568050	0.822013	-0.040178	-0.601245	0.447835	0.661777	89.420174	31.626312	560.225098	
0.452966	-0.327994	0.829001	0.615541	0.787719	-0.024670	-0.644929	0.521457	0.558704	99.877884	31.307917	568.917603	
0.378877	-0.331987	0.863850	0.692423	0.721002	-0.026601	-0.614007	0.608227	0.503046	103.643250	29.920158	577.344238	
0.271490	-0.286578	0.918786	0.767524	0.640451	-0.027032	-0.580690	0.712528	0.393831	106.555679	27.328976	580.569275	
0.205445	-0.261976	0.942954	0.835993	0.547925	-0.029914	-0.508831	0.794447	0.331579	108.536064	25.615721	589.137756	
0.124865	-0.174835	0.976649	0.866419	0.498857	-0.021469	-0.483454	0.848866	0.213771	109.393364	20.823709	597.729248	
0.081485	-0.135667	0.987398	0.914487	0.404127	-0.019942	-0.396328	0.904586	0.156996	109.333038	15.188036	599.541504	
0.044952	-0.089731	0.994952	0.941510	0.336767	-0.012166	-0.333975	0.937303	0.099621	107.541199	8.803099	604.909912	
0.017776	-0.039052	0.999080	0.960874	0.276917	-0.006273	-0.276417	0.960100	0.042447	103.513542	5.057677	612.759949	
-0.003590	0.013275	0.999906	0.984367	0.176133	0.001195	-0.176100	0.984277	-0.013699	100.320793	-3.239960	620.816650	
-0.026112	0.068039	0.997342	0.998683	0.045865	0.023018	-0.044176	0.996628	-0.069147	95.462761	-13.674611	621.316956	
-0.020743	0.098621	0.994910	0.998953	0.042648	0.016599	-0.040793	0.994211	-0.099402	87.576447	-20.019995	637.666199	
-0.056905	0.051631	0.997044	0.995331	0.080932	0.052616	-0.077976	0.995382	-0.055995	75.793640	-22.522011	638.959351	
-0.075879	-0.069927	0.994663	0.993084	0.084342	0.081688	-0.089604	0.993980	0.063043	65.790619	-28.903673	630.488098	
-0.069711	-0.165319	0.983774	0.988786	0.119121	0.090083	-0.132080	0.979020	0.155161	59.595177	-42.301651	656.201416	
-0.044859	-0.308505	0.950165	0.974366	0.196378	0.109763	-0.220453	0.930731	0.291788	51.222450	-51.181747	664.172424	
0.004209	-0.425732	0.904840	0.963043	0.245419	0.110990	-0.269317	0.870932	0.411032	44.495449	-66.160637	686.017456	
0.073725	-0.552073	0.830531	0.933028	0.332271	0.138044	-0.352172	0.764730	0.539597	28.153500	-80.135857	699.415710	
0.190502	-0.673200	0.714501	0.929391	0.358066	0.089570	-0.316137	0.646987	0.693878	11.301694	-95.450325	717.712219	
0.297147	-0.754644	0.584993	0.912268	0.405265	0.059407	-0.281908	0.516017	0.808861	3.909195	-103.032364	731.454346	
0.401535	-0.790161	0.463050	0.880807	0.471689	0.041108	-0.250897	0.391351	0.885379	-3.823495	-111.248619	739.077942	
0.558748	-0.791056	0.249064	0.826179	0.557115	-0.083980	-0.072325	0.252694	0.964840	-12.104560	-126.142830	746.025818	
0.613813	-0.788992	-0.026924	0.774263	0.608311	-0.174575	0.154116	0.086310	0.984277	-21.066351	-137.454056	735.318115	
0.668360	-0.743097	-0.033206	0.725071	0.660811	-0.193916	0.166041	0.105529	0.980457	-30.884468	-143.175873	755.076416	
0.692920	-0.720613	-0.024077	0.694431	0.675982	-0.246608	0.193984	0.154160	0.968817	-38.165031	-156.057281	761.055969	
0.756279	-0.652933	-0.041487	0.614709	0.730852	-0.296632	0.224002	0.198834	0.954091	-45.747231	-170.586121	769.572388	
0.779232	-0.624652	-0.051062	0.585682	0.754769	-0.295469	0.223105	0.200333	0.953988	-53.242310	-178.844803	796.198975	
0.811202	-0.582434	-0.052179	0.544932	0.785295	-0.293875	0.212139	0.209958	0.954419	-67.931290	-194.497055	822.498657	
0.838877	-0.543417	-0.031372	0.518145	0.814863	-0.259857	0.166775	0.201733	0.965138	-82.467216	-210.318756	845.146179	
0.866859	-0.498547	0.002734	0.483352	0.839068	-0.249673	0.122179	0.217753	0.968327	-96.597687	-226.223007	874.943054	
0.870771	0.397514	-0.289380	0.473308	-0.518253	0.712315	0.133183	-0.757229	-0.639427	-104.406998	-221.511993	862.702026	
0.870771	0.397514	-0.289380	0.473308	-0.518253	0.712315	0.133183	-0.757229	-0.639427	-104.406998	-221.511993	862.702026	
0.870771	0.397514	-0.289380	0.473308	-0.518253	0.712315	0.133183	-0.757229	-0.639427	-104.406998	-221.511993	862.702026	
0.870771	0.397514	-0.289380	0.473308	-0.518253	0.712315	0.133183	-0.757229	-0.639427	-104.406998	-221.511993	862.702026	
0.837383	0.075659	-0.541356	0.512685	-0.452213	0.729834	-0.189589	-0.888695	-0.417465	-115.899582	-239.012512	904.973328	
0.790692	0.031586	-0.611400	0.564136	-0.425530	0.707584	-0.237819	-0.904393	-0.354282	-115.576202	-244.912140	922.691345	
0.737778	-0.011992	-0.674938	0.613367	-0.405622	0.677681	-0.281896	-0.913962	-0.291904	-115.173187	-251.074997	932.038269	
0.700130	-0.049654	-0.712287	0.642291	-0.391967	0.658653	-0.311898	-0.918638	-0.242536	-111.566483	-250.926147	936.080994	
0.630043	-0.086932	-0.771680	0.679362	-0.419675	0.601947	-0.376183	-0.903502	-0.205355	-107.651199	-253.010574	945.779114	
0.580099	-0.144945	-0.801547	0.690787	-0.433896	0.578401	-0.431623	-0.889227	-0.151576	-98.604523	-254.233109	962.652222	
0.522035	-0.201722	-0.828727	0.677963	-0.491430	0.546684	-0.517539	-0.847234	-0.119784	-92.927177	-252.244186	963.369080	
0.471439	-0.216215	-0.854984	0.711557	-0.479475	0.513606	-0.520992	-0.850503	-0.072194	-80.214020	-249.610672	967.499573	
0.444216	-0.197681	-0.873839	0.775553	-0.403466	0.485525	-0.448543	-0.893386	-0.025914	-71.686577	-238.702103	947.410889	
0.391192	-0.228119	-0.891589	0.772279	-0.445557	0.452841	-0.500555	-0.865703	0.001873	-56.754498	-234.442291	961.142395	
0.308887	-0.204027	-0.928958	0.822389	-0.433348	0.368628	-0.477772	-0.877828	0.033933	-47.395653	-225.541092	958.523438	
0.248710	-0.179185	-0.951859	0.833450	-0.461086	0.304568	-0.493463	-0.869076	0.034665	-39.368362	-221.146759	973.413818	
0.214693	-0.167805	-0.962158	0.823278	-0.498925	0.270718	-0.525473	-0.850244	0.031035	-29.992771	-212.181976	974.514648	
0.151531	-0.130871	-0.979751	0.791164	-0.578123	0.199586	-0.592536	-0.805386	0.015936	-21.213055	-205.710114	986.226562	
0.113974	-0.119154	-0.986313	0.721219	-0.672861	0.164627	-0.683267	-0.730110	0.009248	-11.856703	-198.799881	1004.256165	
0.096326	-0.076717	-0.992389	0.613781	-0.780319	0.119899	-0.783578	-0.620658	-0.028078	6.714836	-195.621506	1034.166748	
-0.000330	-0.004302	-0.999991	0.519718	-0.854332	0.003503	-0.854339	-0.519711	0.002518	16.755478	-175.010422	993.650513	
-0.020378	0.067500	-0.997511	0.468053	-0.880989	-0.069177	-0.883466	-0.468297	-0.013641	26.357531	-158.868515	979.689392	
0.004587	0.129731	-0.991539	0.475963	-0.872314	-0.111930	-0.879454	-0.471421	-0.065749	43.255497	-147.320053	991.615173	
0.003347	0.210966	-0.977488	0.517419	-0.836837	-0.178838	-0.855726	-0.505171	-0.111958	53.138988	-133.870789	1003.596375	
0.028867	0.270587	-0.962263	0.505872	-0.834239	-0.219412	-0.862126	-0.480447	-0.160965	68.729042	-118.945366	998.840027	
0.053243	0.303145	-0.951456	0.538678	-0.811005	-0.228252	-0.840829	-0.500374	-0.206478	76.776627	-112.613258	1010.245300	
0.089062	0.327654	-0.940591	0.505072	-0.828782	-0.240882	-0.858471	-0.453612	-0.239301	90.051376	-105.066193	1009.893616	
0.129182	0.383352	-0.914524	0.551825	-0.794050	-0.254903	-0.823895	-0.471727	-0.314120	101.398674	-97.077446	1008.375183	
0.191736	0.397433	-0.897376	0.493766	-0.829262	-0.261767	-0.848194	-0.392903	-0.355238	110.836548	-81.435043	1004.140930	
0.270489	0.396267	-0.877388	0.426628	-0.866327	-0.259747	-0.863032	-0.304059	-0.403390	115.037132	-66.421700	1006.742920	
0.354451	0.400129	-0.845140	0.399316	-0.882035	-0.250125	-0.845525	-0.248821	-0.472416	118.140800	-52.169205	1004.687439	
0.439892	0.391705	-0.808123	0.372541	-0.898377	-0.232665	-0.817135	-0.198710	-0.541115	121.601379	-44.788422	996.521973	
0.505694	0.349232	-0.788867	0.344493	-0.920081	-0.186488	-0.790949	-0.177453	-0.585587	124.037109	-30.341602	997.220764	
0.550713	0.334656	-0.764671	0.325189	-0.929746	-0.172702	-0.768745	-0.153553	-0.620849	124.367599	-16.274891	993.687866	
0.629863	0.277838	-0.725314	0.255789	-0.955940	-0.144054	-0.733379	-0.094792	-0.673179	121.543549	-2.634617	990.916504	
0.669161	0.254515	-0.698173	0.224738	-0.964836	-0.136327	-0.708320	-0.065681	-0.702830	117.692413	3.722342	987.690796	
0.715700	0.172223	-0.676840	0.140517	-0.984810	-0.102003	-0.684126	-0.022103	-0.729029	114.005447	9.278114	982.465759	
0.745948	0.132508	-0.652690	0.114927	-0.990917	-0.069828	-0.656014	-0.022923	-0.754401	106.404022	20.619577	976.470581	
0.788476	0.087944	-0.608746	0.087847	-0.995681	-0.030061	-0.608760	-0.029773	-0.792796	95.207954	25.362709	962.167297	
0.841601	-0.003249	-0.540090	0.012382	-0.999603	0.025305	-0.539958	-0.027983	-0.841227	89.161270	30.399618	955.359436	
0.889633	-0.054846	-0.453372	-0.032379	-0.997839	0.057173	-0.455528	-0.036183	-0.889486	76.081665	38.909161	955.345520	
0.949579	-0.094459	-0.298962	-0.059047	-0.990353	0.125355	-0.307919	-0.101382	-0.945996	67.850159	44.146557	947.854797	
0.849291	-0.166044	-0.501133	-0.067614	-0.975645	0.208677	-0.523577	-0.143343	-0.839834	50.915947	46.881096	934.985596	
0.837787	-0.227265	-0.496452	-0.078909	-0.950108	0.301775	-0.540266	-0.213647	-0.813922	32.792221	51.227177	922.236267	
0.826297	-0.338024	-0.450527	-0.181140	-0.916880	0.355697	-0.533313	-0.212303	-0.818844	14.694013	54.358356	911.223633	
0.795489	-0.458459	-0.396249	-0.255653	-0.846779	0.466483	-0.549399	-0.269779	-0.790810	5.708856	54.957413	895.007080	
0.741858	-0.568762	-0.355186	-0.352522	-0.781385	0.514942	-0.570417	-0.256802	-0.780178	-13.270756	55.061668	885.401428	
0.650505	-0.666600	-0.363990	-0.394445	-0.706061	0.588125	-0.649042	-0.239004	-0.722234	-33.366856	54.179909	879.943726	
0.567675	-0.751335	-0.336515	-0.413977	-0.613843	0.672176	-0.711596	-0.242267	-0.659498	-53.109547	53.234489	873.107910	
0.464948	-0.829542	-0.309329	-0.424920	-0.515608	0.744038	-0.776703	-0.214498	-0.592219	-71.945763	49.608780	867.240662	
0.396066	-0.869882	-0.294002	-0.427560	-0.458072	0.779335	-0.812603	-0.182964	-0.553354	-81.016006	44.685898	859.541870	
0.347692	-0.904244	-0.247900	-0.373611	-0.376114	0.847912	-0.859957	-0.202193	-0.468607	-89.760109	38.954746	843.827393	
0.245512	-0.946316	-0.210266	-0.365691	-0.291290	0.883980	-0.897772	-0.140134	-0.417574	-106.457321	34.967461	826.935730	
0.113483	-0.972504	-0.203366	-0.307841	-0.229032	0.923460	-0.944646	-0.042192	-0.325368	-121.439697	31.195843	812.186218	
0.027625	-0.982439	-0.184528	-0.201989	-0.186276	0.961511	-0.978998	0.010712	-0.203588	-132.778198	25.448730	786.823975	
0.055987	-0.983084	-0.174390	-0.067320	-0.177983	0.981729	-0.996160	-0.043223	-0.076146	-139.242645	19.926979	743.565247	
-0.217946	-0.965939	-0.139504	-0.021686	-0.138112	0.990179	-0.975720	0.218831	0.009153	-153.768005	14.951000	777.650024	
-0.217946	-0.965939	-0.139504	-0.021686	-0.138112	0.990179	-0.975720	0.218831	0.009153	-153.768005	14.951000	777.650024	
-0.217946	-0.965939	-0.139504	-0.021686	-0.138112	0.990179	-0.975720	0.218831	0.009153	-153.768005	14.951000	777.650024	
-0.217946	-0.965939	-0.139504	-0.021686	-0.138112	0.990179	-0.975720	0.218831	0.009153	-153.768005	14.951000	777.650024	
-0.526138	-0.845383	-0.092223	0.300433	-0.286234	0.909840	-0.795562	0.450995	0.404579	-171.257156	-26.486496	726.125854	
-0.639572	-0.766626	-0.056837	0.327935	-0.338961	0.881796	-0.695274	0.545333	0.468193	-171.104706	-34.314693	721.267944	
-0.680475	-0.731295	-0.046478	0.362870	-0.391398	0.845655	-0.636615	0.558582	0.531702	-170.370209	-41.488796	721.026550	
-0.781842	-0.622817	-0.028653	0.367529	-0.497518	0.785746	-0.503632	0.603799	0.617884	-168.659088	-48.719643	713.414795	
-0.858000	-0.512995	-0.025885	0.319636	-0.572692	0.754888	-0.402078	0.639421	0.655342	-162.372131	-64.172874	699.813171	
-0.923541	-0.383357	-0.010473	0.257610	-0.640372	0.723574	-0.284094	0.665553	0.690166	-158.557144	-72.276016	681.651306	
-0.968467	-0.248845	0.012108	0.198720	-0.742249	0.639981	-0.150269	0.622207	0.768295	-153.496399	-87.488037	673.704224	
-0.982369	-0.186601	0.011417	0.162529	-0.822271	0.545393	-0.092383	0.537633	0.838102	-142.000916	-95.975601	666.829529	
-0.991701	-0.128440	0.005675	0.117617	-0.888546	0.443452	-0.051915	0.440440	0.896280	-129.249863	-111.106720	664.193604	
-0.999925	-0.004566	-0.011367	0.000280	-0.936228	0.351390	-0.012246	0.351361	0.936159	-114.404030	-117.808609	652.690857	
-0.990394	0.129528	-0.048389	-0.137358	-0.961801	0.236793	-0.015870	0.241166	0.970354	-105.622490	-124.376823	646.364624	
-0.977131	0.212001	0.016388	-0.208221	-0.969627	0.128323	0.043095	0.121977	0.991596	-89.214348	-131.710266	638.776367	
-0.959064	0.273622	-0.072985	-0.277353	-0.959620	0.046932	-0.057196	0.065254	0.996227	-79.670135	-136.977554	621.198425	
-0.912167	0.402374	-0.077754	-0.399974	-0.915420	-0.044999	-0.089284	-0.009946	0.995956	-70.855263	-142.724304	613.481934	
-0.882538	0.465939	-0.063461	-0.450308	-0.876271	-0.171378	-0.135461	-0.122670	0.983158	-62.073776	-153.915405	602.907959	
-0.849895	0.526879	-0.008680	-0.507189	-0.822379	-0.257782	-0.142958	-0.214685	0.966163	-52.756096	-160.101517	599.658936	
-0.764397	0.643568	0.038942	-0.611061	-0.703873	-0.362169	-0.205670	-0.300636	0.931298	-33.650955	-169.632263	594.309265	
-0.669524	0.742558	0.018551	-0.705129	-0.627528	-0.330152	-0.233517	-0.234125	0.943744	-22.769001	-171.945541	586.753479	
-0.571171	0.771298	0.280823	-0.764344	-0.375051	-0.524513	-0.299233	-0.514232	0.803756	-6.022045	-175.741501	572.208252	
-0.466746	0.795716	0.385983	-0.818265	-0.222961	-0.529839	-0.335543	-0.563136	0.755173	10.363756	-179.920013	561.910583	
-0.320633	0.938272	0.129765	-0.820378	-0.206604	-0.533193	-0.473471	-0.277415	0.835981	21.798819	-191.077011	573.348022	
-0.184953	0.976791	0.108030	-0.825341	-0.094715	-0.556632	-0.533482	-0.192112	0.823704	29.676588	-193.600891	568.587402	
-0.056101	0.983414	0.172479	-0.893425	0.027668	-0.448358	-0.445695	-0.179250	0.877054	44.873001	-198.190582	572.770325	
0.093175	0.992374	0.080687	-0.962383	0.110539	-0.248192	-0.255219	-0.054526	0.965344	52.527039	-199.174271	569.497070	
0.151857	0.988375	0.007193	-0.946001	0.147447	-0.288687	-0.286393	0.037035	0.957395	62.653179	-199.903534	563.284302	
0.246693	0.956660	-0.154737	-0.665990	0.051367	-0.744189	-0.703988	0.286640	0.649798	69.732620	-197.484100	547.809387	
0.303212	0.951995	-0.042034	-0.257167	0.039274	-0.965567	-0.917566	0.303582	0.256730	73.278633	-191.870544	557.837769	
0.371812	0.927332	-0.042545	-0.178799	0.026566	-0.983526	-0.910926	0.373293	0.175684	78.456482	-187.228287	559.667480	
0.531692	0.844043	-0.069962	-0.090415	-0.025567	-0.995574	-0.842098	0.535665	0.062721	80.081360	-184.204956	557.748169	
0.581156	0.810407	-0.074143	0.035620	-0.116353	-0.992567	-0.813012	0.574195	-0.096486	80.213577	-177.764023	558.551147	
0.634154	0.768697	-0.083378	0.077662	-0.170613	-0.982271	-0.769296	0.616437	-0.167893	79.893867	-172.729034	556.459351	
0.725550	0.681074	-0.098564	0.103259	-0.249350	-0.962891	-0.680378	0.688448	-0.251243	75.198578	-161.263443	548.569397	
0.757063	0.644641	-0.106269	0.161782	-0.342558	-0.925462	-0.632994	0.683441	-0.363630	71.096397	-161.494003	569.460022	
0.757063	0.644641	-0.106269	0.161782	-0.342558	-0.925462	-0.632994	0.683441	-0.363630	71.096397	-161.494003	569.460022	
0.757063	0.644641	-0.106269	0.161782	-0.342558	-0.925462	-0.632994	0.683441	-0.363630	71.096397	-161.494003	569.460022	
0.757063	0.644641	-0.106269	0.161782	-0.342558	-0.925462	-0.632994	0.683441	-0.363630	71.096397	-161.494003	569.460022	
0.757063	0.644641	-0.106269	0.161782	-0.342558	-0.925462	-0.632994	0.683441	-0.363630	71.096397	-161.494003	569.460022	
0.941665	0.276146	-0.192379	0.112410	-0.796864	-0.593609	-0.317224	0.537356	-0.781421	28.335886	-124.231575	579.421387	
0.959804	0.209468	-0.186815	0.095326	-0.869319	-0.484971	-0.263988	0.447668	-0.854344	20.258789	-116.707596	585.283508	
0.983720	0.090930	-0.155003	0.010685	-0.890607	-0.454647	-0.179388	0.445589	-0.877080	3.352905	-109.535919	591.195862	
0.986111	0.015170	-0.165393	-0.051871	-0.917877	-0.393460	-0.157779	0.396574	-0.904342	-15.104785	-96.037025	600.637146	
0.956791	-0.070882	-0.282003	-0.142491	-0.959699	-0.242226	-0.253469	0.271942	-0.928333	-33.695927	-89.407486	614.282410	
0.944578	-0.237646	-0.226487	-0.282048	-0.940509	-0.189451	-0.167991	0.242831	-0.955412	-43.841412	-73.954559	616.488220	
0.911783	-0.370148	-0.177881	-0.394391	-0.909982	-0.128014	-0.114485	0.186875	-0.975690	-53.532936	-66.282883	621.834290	
0.897797	-0.430017	-0.095102	-0.432607	-0.901552	-0.007471	-0.082527	0.047850	-0.995439	-74.184357	-52.689976	643.791626	
0.846079	-0.530185	-0.055256	-0.530099	-0.847757	0.017408	-0.056073	0.014563	-0.998321	-94.286728	-45.523823	652.112305	
0.784204	-0.618666	-0.047716	-0.617978	-0.785630	0.029802	-0.055924	0.006116	-0.998416	-114.376709	-39.551575	672.124207	
0.754448	-0.651518	-0.079572	-0.647926	-0.758633	0.068323	-0.104880	0.000010	-0.994485	-137.376038	-34.356941	707.549194	
0.542884	-0.661944	-0.516823	-0.472676	-0.749517	0.463466	-0.694157	-0.007318	-0.719787	-141.442398	-19.968081	682.718567	
0.426038	-0.703667	-0.568633	-0.507007	-0.706258	0.494108	-0.749290	0.077792	-0.657657	-149.204926	-7.123692	686.517578	
0.315152	-0.740774	-0.593239	-0.543963	-0.653219	0.526696	-0.777678	0.156710	-0.608818	-156.308609	-2.117722	696.809937	
0.203438	-0.760891	-0.616164	-0.515127	-0.618361	0.593526	-0.832620	0.196657	-0.517755	-169.672882	2.463065	704.329773	
0.153925	-0.743053	-0.651291	-0.429511	-0.643931	0.633145	-0.889846	0.182280	-0.418267	-180.331131	7.845994	713.090454	
0.068216	-0.721515	-0.689030	-0.420484	-0.647094	0.635973	-0.904732	0.246343	-0.347528	-183.874985	16.507198	714.827087	
0.030167	-0.682814	-0.729969	-0.306303	-0.701481	0.643507	-0.951455	0.204179	-0.230311	-183.909348	21.135578	704.391846	
-0.104576	-0.637919	-0.762970	-0.399269	-0.675705	0.619683	-0.910850	0.369434	-0.184039	-194.233994	28.538300	747.955994	
-0.104576	-0.637919	-0.762970	-0.399269	-0.675705	0.619683	-0.910850	0.369434	-0.184039	-194.233994	28.538300	747.955994	
-0.104576	-0.637919	-0.762970	-0.399269	-0.675705	0.619683	-0.910850	0.369434	-0.184039	-194.233994	28.538300	747.955994	
-0.104576	-0.637919	-0.762970	-0.399269	-0.675705	0.619683	-0.910850	0.369434	-0.184039	-194.233994	28.538300	747.955994	
-0.273911	-0.487379	-0.829117	-0.279278	-0.784633	0.553493	-0.920313	0.383162	0.078805	-191.988220	40.387440	793.824158	
-0.291520	-0.450866	-0.843644	-0.264229	-0.809683	0.524020	-0.919346	0.375678	0.116907	-187.229507	42.189133	800.305481	
-0.309225	-0.407513	-0.859251	-0.277952	-0.825352	0.491464	-0.909462	0.390803	0.141951	-180.797043	43.436108	815.978699	
-0.302054	-0.343293	-0.889333	-0.296289	-0.852897	0.429859	-0.906077	0.393340	0.155907	-176.641800	42.859661	833.646545	
-0.284355	-0.279263	-0.917144	-0.306404	-0.879991	0.362949	-0.908437	0.384223	0.164663	-165.675537	41.722450	841.622742	
-0.285021	-0.238655	-0.928335	-0.253928	-0.915105	0.313215	-0.924274	0.325003	0.200223	-159.936142	39.049397	856.895325	
-0.294242	-0.183539	-0.937942	-0.257875	-0.929741	0.262833	-0.920283	0.319208	0.226238	-145.188965	36.810970	872.487671	
-0.255504	-0.112699	-0.960217	-0.335904	-0.920963	0.197472	-0.906579	0.372996	0.197454	-136.664612	31.612722	887.967163	
-0.233135	-0.082244	-0.968960	-0.283529	-0.947375	0.148630	-0.930193	0.309379	0.197548	-119.079430	25.374811	896.907654	
-0.239426	-0.054011	-0.969411	-0.225969	-0.967933	0.109738	-0.944252	0.245331	0.219543	-102.533279	18.684555	915.923828	
-0.220826	-0.036130	-0.974644	-0.256537	-0.961974	0.093784	-0.940970	0.270742	0.203160	-84.153076	14.582047	924.375793	
-0.198926	-0.003958	-0.980007	-0.236065	-0.970354	0.051836	-0.951158	0.241656	0.192095	-67.665359	6.952814	965.622925	
-0.026177	-0.000886	-0.999657	-0.221440	-0.975151	0.006663	-0.974823	0.221539	0.025331	-42.125198	-0.737078	941.763000	
-0.026177	-0.000886	-0.999657	-0.221440	-0.975151	0.006663	-0.974823	0.221539	0.025331	-42.125198	-0.737078	941.763000	
-0.026177	-0.000886	-0.999657	-0.221440	-0.975151	0.006663	-0.974823	0.221539	0.025331	-42.125198	-0.737078	941.763000	
0.160047	-0.050516	-0.985816	-0.265757	-0.964020	0.006254	-0.950662	0.260987	-0.167714	-1.196078	-21.632885	958.174377	
0.209303	-0.071858	-0.975207	-0.285319	-0.958387	0.009382	-0.935299	0.276282	-0.221096	17.136456	-28.010843	968.816162	
0.277800	-0.170975	-0.945301	-0.407527	-0.912074	0.045203	-0.869912	0.372679	-0.323052	26.945633	-35.117607	978.299255	
0.296368	-0.213182	-0.930978	-0.357711	-0.928596	0.098762	-0.885555	0.303751	-0.351464	35.290905	-48.417282	981.829834	
0.328447	-0.278267	-0.902602	-0.303966	-0.935921	0.177929	-0.894274	0.215920	-0.391985	51.726334	-62.490208	988.036011	
0.342973	-0.323638	-0.881832	-0.255186	-0.935570	0.244109	-0.904018	0.141309	-0.403464	65.842232	-68.796921	1002.870544	
0.324002	-0.394809	-0.859737	-0.309976	-0.902898	0.297811	-0.893832	0.170006	-0.414923	78.365005	-83.952469	1002.628967	
0.305006	-0.497388	-0.812143	-0.394127	-0.842249	0.367807	-0.866968	0.207904	-0.452925	88.516144	-91.651489	1009.696472	
0.244442	-0.560990	-0.790910	-0.387368	-0.804238	0.450720	-0.888928	0.196199	-0.413899	93.224258	-105.326012	1008.860962	
0.186102	-0.618672	-0.763290	-0.444054	-0.745956	0.496353	-0.876459	0.246570	-0.413547	96.986809	-113.457314	1016.489807	
0.144199	-0.692587	-0.706775	-0.445243	-0.683267	0.578709	-0.883722	0.231237	-0.406897	99.733337	-120.722832	1017.851990	
0.095339	-0.727610	-0.679334	-0.430017	-0.645587	0.631113	-0.897772	0.231956	-0.374435	99.837708	-133.073242	1011.113037	
0.002552	-0.767376	-0.641192	-0.443661	-0.575504	0.686993	-0.896190	0.282719	-0.341924	100.762245	-146.658768	1017.815552	
-0.102729	-0.785824	-0.609860	-0.449884	-0.510108	0.733071	-0.887158	0.349675	-0.301127	100.142754	-152.577850	1018.035095	
-0.159442	-0.802519	-0.574929	-0.361933	-0.494309	0.790356	-0.918467	0.334102	-0.211645	97.850426	-165.000305	1018.550842	
-0.221173	-0.811810	-0.540414	-0.333169	-0.457901	0.824212	-0.916558	0.362343	-0.169195	91.074593	-176.113495	1018.611633	
-0.337357	-0.823629	-0.455881	-0.297509	-0.366169	0.881708	-0.893128	0.433079	-0.121508	86.697128	-181.042053	1017.179199	
-0.402683	-0.815187	-0.416314	-0.193716	-0.368621	0.909171	-0.894606	0.446755	-0.009478	75.889526	-186.460098	1018.684387	
-0.451597	-0.814525	-0.364156	-0.059605	-0.379691	0.923191	-0.890228	0.438617	0.122917	62.733025	-187.922913	1000.300415	
-0.389336	-0.872737	-0.294530	0.009767	-0.323655	0.946125	-0.921043	0.365485	0.134534	55.018829	-186.225876	980.048035	
-0.744460	-0.643256	-0.178889	0.088155	-0.360286	0.928667	-0.661822	0.675585	0.324925	49.048401	-203.804001	1023.390015	
-0.744460	-0.643256	-0.178889	0.088155	-0.360286	0.928667	-0.661822	0.675585	0.324925	49.048401	-203.804001	1023.390015	
-0.744460	-0.643256	-0.178889	0.088155	-0.360286	0.928667	-0.661822	0.675585	0.324925	49.048401	-203.804001	1023.390015	
-0.744460	-0.643256	-0.178889	0.088155	-0.360286	0.928667	-0.661822	0.675585	0.324925	49.048401	-203.804001	1023.390015	
-0.959110	-0.250925	0.130935	0.263177	-0.620449	0.738770	-0.104137	0.743020	0.661117	2.163594	-211.685638	991.489380	
-0.961754	-0.195224	0.192138	0.273855	-0.670704	0.689318	-0.005703	0.715572	0.698515	-17.510452	-212.116028	987.084351	
-0.964840	-0.132013	0.227281	0.250232	-0.725941	0.640621	0.080422	0.674968	0.733450	-27.176407	-210.698074	979.800537	
-0.942974	-0.073508	0.324647	0.259138	-0.774254	0.577390	0.208917	0.628591	0.749150	-47.773983	-212.253021	985.537720	
-0.903502	0.050823	0.425559	0.167264	-0.872388	0.459307	0.394596	0.486164	0.779704	-57.733009	-211.660522	981.671265	
-0.845317	0.158402	0.510243	0.074173	-0.910994	0.405697	0.529091	0.380788	0.758329	-66.711617	-206.469986	965.553345	
-0.809603	0.247051	0.532455	-0.081744	-0.945727	0.314513	0.581258	0.211105	0.785859	-76.983810	-206.362061	962.386902	
-0.764932	0.337106	0.548852	-0.264773	-0.941352	0.209169	0.587174	0.014678	0.809327	-94.813065	-202.302826	969.816406	
-0.697869	0.366779	0.615184	-0.345437	-0.924788	0.159504	0.627416	-0.101195	0.772080	-102.965904	-197.252548	952.083740	
-0.588966	0.445264	0.674432	-0.511669	-0.851414	0.115281	0.625551	-0.277190	0.729282	-109.325630	-192.893509	936.212708	
-0.479141	0.449199	0.754085	-0.688613	-0.725108	-0.005601	0.544276	-0.521957	0.656753	-123.011353	-183.340775	929.763855	
-0.399894	0.473759	0.784625	-0.804270	-0.591942	-0.052489	0.439584	-0.652041	0.617745	-129.465775	-174.314285	927.972473	
-0.313227	0.478098	0.820555	-0.913973	-0.386455	-0.123718	0.257957	-0.788717	0.558017	-134.472153	-163.687195	917.750732	
-0.255600	0.446292	0.857608	-0.961287	-0.211770	-0.176296	0.102935	-0.869469	0.483144	-141.248077	-150.980789	904.506226	
-0.176775	0.371707	0.911364	-0.983481	-0.030087	-0.178491	-0.038927	-0.927862	0.370886	-142.932953	-137.027115	893.945007	
-0.133334	0.270766	0.953366	-0.987775	0.042075	-0.150095	-0.080755	-0.961725	0.261847	-146.983978	-121.567505	899.286438	
-0.115825	0.173973	0.977915	-0.991942	-0.071144	-0.104829	0.051334	-0.982177	0.180812	-148.273331	-103.797920	879.346436	
-0.026509	0.125781	0.991704	-0.880230	0.467269	-0.082795	-0.473806	-0.875122	0.098329	-145.270996	-102.653000	872.351990	
-0.026509	0.125781	0.991704	-0.880230	0.467269	-0.082795	-0.473806	-0.875122	0.098329	-145.270996	-102.653000	872.351990	
-0.026509	0.125781	0.991704	-0.880230	0.467269	-0.082795	-0.473806	-0.875122	0.098329	-145.270996	-102.653000	872.351990	
-0.022194	-0.110867	0.993587	-0.494213	0.865127	0.085493	-0.869057	-0.489146	-0.073993	-129.659332	-71.341164	827.358093	
-0.044661	-0.228291	0.972568	-0.333708	0.921027	0.200868	-0.941618	-0.315583	-0.117316	-118.921181	-62.946613	809.912109	
-0.059461	-0.275965	0.959327	-0.225323	0.939935	0.256421	-0.972468	-0.200911	-0.118071	-112.635101	-55.010742	802.595337	
-0.100471	-0.375837	0.921223	-0.137725	0.922248	0.361234	-0.985361	-0.090581	-0.144421	-106.109436	-41.273491	801.361084	
-0.153841	-0.417721	0.895457	-0.042930	0.908215	0.416297	-0.987162	0.025602	-0.157654	-98.268387	-27.448109	791.873657	
-0.181102	-0.466934	0.865549	0.082680	0.869758	0.486504	-0.979982	0.159671	-0.118909	-81.212151	-12.455974	770.869690	
-0.242630	-0.497271	0.832978	0.249380	0.797810	0.548915	-0.937518	0.340912	-0.069564	-72.167610	-5.788361	761.366394	
-0.276928	-0.536084	0.797449	0.306343	0.737344	0.602061	-0.910749	0.411022	-0.039966	-62.988430	1.141743	754.706909	
-0.251355	-0.607358	0.753616	0.323642	0.681056	0.656824	-0.912182	0.408999	0.025379	-51.695839	7.251637	734.278442	
-0.311445	-0.642686	0.699970	0.203451	0.674428	0.709757	-0.928229	0.363460	-0.079292	-31.406403	20.772114	730.463867	
-0.627710	-0.569735	0.530454	0.163737	0.569550	0.805483	-0.761032	0.592466	-0.264226	-21.242130	32.687363	740.644226	
-0.850733	-0.440738	0.286363	0.043938	0.483290	0.874357	-0.523758	0.756427	-0.391786	-11.728331	38.613724	711.817566	
-0.887774	-0.459073	0.033296	-0.231777	0.508374	0.829359	-0.397663	0.728567	-0.557724	-0.924290	49.352806	729.518066	
-0.871392	-0.456071	-0.180761	-0.410425	0.475875	0.777878	-0.268748	0.752026	-0.601857	8.716479	52.501926	698.446167	
-0.743697	-0.446495	-0.497550	-0.665153	0.419655	0.617625	-0.066967	0.790274	-0.609084	17.225122	54.209694	657.706848	
-0.906350	-0.360980	0.219598	0.389831	-0.513937	0.764134	-0.162977	0.778179	0.606527	35.853001	54.402599	664.072998	
-0.906350	-0.360980	0.219598	0.389831	-0.513937	0.764134	-0.162977	0.778179	0.606527	35.853001	54.402599	664.072998	
-0.906350	-0.360980	0.219598	0.389831	-0.513937	0.764134	-0.162977	0.778179	0.606527	35.853001	54.402599	664.072998	
-0.906350	-0.360980	0.219598	0.389831	-0.513937	0.764134	-0.162977	0.778179	0.606527	35.853001	54.402599	664.072998	
-0.994096	-0.094949	-0.052515	0.047775	-0.817577	0.573834	-0.097419	0.567937	0.817286	82.771927	59.102322	629.585022	
-0.996688	0.016103	-0.079710	-0.054177	-0.862476	0.503191	-0.060645	0.505843	0.860491	91.702446	57.982189	621.305786	
-0.984825	0.065242	-0.160821	-0.132599	-0.880712	0.454714	-0.111970	0.469138	0.875997	96.207809	56.914062	615.868347	
-0.961593	0.161728	-0.221771	-0.242519	-0.879001	0.410539	-0.128541	0.448555	0.884463	98.579422	53.443241	605.043762	
-0.931350	0.260943	-0.253959	-0.343955	-0.859368	0.378393	-0.119505	0.439768	0.890125	100.267563	51.419231	603.769165	
-0.931408	0.302672	-0.202158	-0.357130	-0.867177	0.347076	-0.070256	0.395467	0.915789	101.056702	45.512222	603.526306	
-0.903925	0.330203	-0.271819	-0.403158	-0.870008	0.283813	-0.142768	0.366133	0.919546	100.526367	38.693253	602.708984	
-0.745351	0.337701	-0.574813	-0.478143	-0.871626	0.107922	-0.464576	0.355283	0.811137	96.576042	29.395149	591.547058	
-0.666236	0.393425	-0.633518	-0.556561	-0.827745	0.071261	-0.496355	0.400069	0.770439	93.598114	20.206245	587.389221	
-0.546986	0.404486	-0.732938	-0.620921	-0.783255	0.031135	-0.561482	0.472127	0.679583	85.616570	14.333298	584.396240	
-0.421457	0.388363	-0.819481	-0.679889	-0.733312	0.002138	-0.600104	0.558057	0.573103	75.274635	7.761909	578.048096	
-0.372876	0.373954	-0.849189	-0.666024	-0.745077	-0.035659	-0.646046	0.552285	0.526884	63.721581	1.392413	574.360779	
-0.303205	0.336600	-0.891497	-0.626007	-0.775706	-0.079972	-0.718458	0.533836	0.445912	49.560181	-5.914525	574.626831	
-0.247541	0.311866	-0.917313	-0.630059	-0.771063	-0.092121	-0.736035	0.555158	0.387364	33.992298	-18.893972	571.012573	
-0.153265	0.213573	-0.964830	-0.608021	-0.790051	-0.078300	-0.778986	0.574636	0.250944	25.952820	-26.392530	565.990051	
-0.076733	0.110535	-0.990906	-0.581718	-0.812114	-0.045544	-0.809762	0.572934	0.126616	8.358777	-34.937016	569.692993	
-0.011414	-0.004944	-0.999923	-0.509409	-0.860466	0.010069	-0.860449	0.509485	0.007303	-0.471965	-42.886425	568.718567	
0.009763	-0.051959	-0.998601	-0.269706	-0.961775	0.047406	-0.962893	0.268866	-0.023404	-19.315559	-53.434505	563.857178	
-0.004422	-0.111869	-0.993713	-0.024701	-0.993407	0.111944	-0.999685	0.025041	0.001629	-33.004726	-55.223366	528.390015	
0.000633	-0.169698	-0.985496	0.015526	-0.985376	0.169687	-0.999879	-0.015408	0.002011	-52.373089	-69.958298	544.784851	
-0.059776	-0.244038	-0.967921	0.019017	-0.969758	0.243327	-0.998030	-0.003862	0.062609	-73.086082	-87.470177	581.519226	
-0.110556	-0.314979	-0.942638	-0.077082	-0.942877	0.324099	-0.990876	0.108492	0.079961	-86.199173	-103.813110	616.206360	
-0.017663	-0.643921	-0.764888	-0.685512	-0.549096	0.478087	-0.727847	0.532785	-0.431717	-104.060997	-112.958000	587.924011	
-0.017663	-0.643921	-0.764888	-0.685512	-0.549096	0.478087	-0.727847	0.532785	-0.431717	-104.060997	-112.958000	587.924011	
-0.017663	-0.643921	-0.764888	-0.685512	-0.549096	0.478087	-0.727847	0.532785	-0.431717	-104.060997	-112.958000	587.924011	
-0.213218	-0.802125	-0.557793	-0.630757	-0.322983	0.705569	-0.746112	0.502272	-0.437079	-148.157440	-146.319977	599.222534	
-0.288939	-0.819713	-0.494555	-0.591102	-0.253607	0.765691	-0.753069	0.513570	-0.411257	-156.685211	-159.968994	606.131836	
-0.345785	-0.866885	-0.359087	-0.492508	-0.158058	0.855835	-0.798666	0.472788	-0.372293	-171.309525	-173.089005	617.969666	
-0.452900	-0.856989	-0.245869	-0.444901	-0.021745	0.895316	-0.772622	0.514876	-0.371426	-175.224808	-175.476074	615.747620	
-0.509009	-0.853309	-0.113018	-0.324729	0.068766	0.943304	-0.797158	0.516851	-0.312096	-185.326324	-185.668411	624.454651	
-0.548322	-0.835884	0.025321	-0.230417	0.180116	0.956277	-0.803897	0.518514	-0.291364	-194.068451	-190.562347	633.783447	
-0.582407	-0.795979	0.164983	-0.113725	0.280743	0.953022	-0.804903	0.536284	-0.254029	-198.788696	-193.671860	634.574890	
-0.634035	-0.714521	0.295735	0.048815	0.344685	0.937448	-0.771761	0.608812	-0.183663	-202.518066	-196.837158	647.788635	
-0.658290	-0.621127	0.425271	0.212750	0.388398	0.896596	-0.722074	0.680696	-0.123534	-203.589462	-203.196686	653.777710	
-0.649543	-0.523234	0.551653	0.360115	0.427294	0.829299	-0.669635	0.737323	-0.089121	-203.313370	-207.452347	669.160583	
-0.608496	-0.438542	0.661372	0.518961	0.410595	0.749727	-0.600343	0.799433	-0.022259	-200.706894	-207.750549	674.863342	
-0.605611	-0.356644	0.711365	0.626426	0.337623	0.702567	-0.490739	0.871101	0.018943	-197.774078	-209.721634	684.448059	
-0.531527	-0.255915	0.807457	0.760903	0.274577	0.587906	-0.372163	0.926885	0.048782	-189.182083	-208.709839	687.908447	
-0.437622	-0.169237	0.883089	0.856188	0.221555	0.466750	-0.274644	0.960350	0.047942	-184.940140	-207.955750	705.195923	
-0.382051	-0.129983	0.914955	0.902068	0.162641	0.399775	-0.200773	0.978086	0.055117	-178.012619	-203.436386	710.298279	
-0.266600	-0.076141	0.960795	0.955626	0.108729	0.273782	-0.125313	0.991151	0.043776	-167.565125	-204.500000	734.747253	
-0.146795	-0.027305	0.988791	0.987588	0.052403	0.148063	-0.055858	0.998253	0.019273	-151.683502	-199.978348	752.136780	
-0.011715	0.002688	0.999928	0.999185	-0.038580	0.011809	0.038609	0.999252	-0.002234	-132.946716	-195.167160	755.444153	
0.134518	0.016622	0.990772	0.976210	-0.173812	-0.129625	0.170054	0.984639	-0.039608	-117.306000	-194.544998	781.635010	
0.134518	0.016622	0.990772	0.976210	-0.173812	-0.129625	0.170054	0.984639	-0.039608	-117.306000	-194.544998	781.635010	
0.134518	0.016622	0.990772	0.976210	-0.173812	-0.129625	0.170054	0.984639	-0.039608	-117.306000	-194.544998	781.635010	
0.465082	-0.025737	0.884894	0.790155	-0.438669	-0.428047	0.399191	0.898280	-0.183680	-75.901016	-165.696243	821.620911	
0.578183	-0.053088	0.814179	0.699479	-0.481471	-0.528123	0.420040	0.874852	-0.241244	-65.610977	-161.160706	850.774353	
0.677856	-0.113689	0.726351	0.575291	-0.533135	-0.620328	0.457767	0.838356	-0.295984	-45.420826	-149.495621	856.601807	
0.720997	-0.143979	0.677815	0.498353	-0.571911	-0.651585	0.481464	0.807581	-0.340593	-24.806335	-143.246231	866.148132	
0.784852	-0.216195	0.580747	0.374505	-0.581177	-0.722481	0.493712	0.784534	-0.375171	-6.012076	-128.293259	861.954041	
0.841800	-0.289947	0.455306	0.209050	-0.602547	-0.770218	0.497665	0.743551	-0.446610	3.852370	-116.332298	879.348389	
0.857081	-0.335309	0.391128	0.113200	-0.618077	-0.777924	0.502591	0.711019	-0.491784	13.811441	-110.449898	895.764465	
0.870738	-0.424429	0.248345	-0.060251	-0.593302	-0.802722	0.488041	0.683997	-0.542183	22.141457	-96.009926	904.427368	
0.875845	-0.466424	0.123875	-0.178414	-0.551450	-0.814905	0.448401	0.691630	-0.566201	30.039448	-81.038918	908.023315	
0.846074	-0.530601	0.051202	-0.277655	-0.520647	-0.807363	0.455045	0.668872	-0.587829	36.793213	-67.162079	928.260681	
0.809908	-0.586358	-0.015297	-0.360198	-0.476602	-0.801940	0.462933	0.655008	-0.597208	42.671307	-52.742630	942.947876	
0.764713	-0.636549	-0.100097	-0.462894	-0.434611	-0.772556	0.448266	0.637118	-0.627007	52.755421	-45.765694	958.627136	
0.723145	-0.653988	-0.222173	-0.553371	-0.356084	-0.752983	0.413329	0.667460	-0.619399	60.696404	-31.860304	965.537537	
0.689030	-0.661056	-0.297060	-0.614945	-0.316377	-0.722322	0.383511	0.680376	-0.624505	63.385197	-17.857439	970.179016	
0.625243	-0.690748	-0.363235	-0.674008	-0.243300	-0.697509	0.393427	0.680935	-0.617691	64.764191	-3.450870	971.757935	
0.588193	-0.688212	-0.424727	-0.712188	-0.191968	-0.675230	0.383167	0.699652	-0.603051	66.481842	9.533468	984.868591	
0.541608	-0.690826	-0.478978	-0.756996	-0.153046	-0.635242	0.365536	0.706638	-0.605843	66.114731	21.816448	990.803467	
0.507415	-0.683918	-0.524200	-0.780200	-0.106385	-0.616417	0.365811	0.721761	-0.587574	63.752861	27.049318	996.742371	
0.468562	-0.661037	-0.586072	-0.812633	-0.062290	-0.579437	0.346522	0.747764	-0.566367	60.310345	37.862766	1000.857300	
0.390005	-0.622560	-0.678465	-0.858139	0.021450	-0.512969	0.333907	0.782278	-0.525877	53.621471	49.123508	1014.762573	
0.347083	-0.592993	-0.726562	-0.878436	0.065768	-0.473311	0.328455	0.802517	-0.498079	48.030968	59.453381	1016.938416	
0.298684	-0.563710	-0.770076	-0.897152	0.109305	-0.427985	0.325432	0.818708	-0.473086	38.112331	68.624084	1031.558105	
0.258808	-0.532211	-0.806083	-0.896691	0.177881	-0.405343	0.359115	0.827714	-0.431191	25.781162	76.924225	1044.447998	
0.196546	-0.502914	-0.841692	-0.899252	0.249682	-0.359172	0.390788	0.827488	-0.403172	17.548046	84.410919	1042.390503	
0.145607	-0.467089	-0.872138	-0.897592	0.308377	-0.315012	0.416086	0.828693	-0.374354	2.447916	87.233246	1046.601440	
0.084315	-0.352264	-0.932094	-0.890481	0.393125	-0.229123	0.447141	0.849331	-0.280538	-15.369953	90.880051	1063.627197	
0.027702	-0.299871	-0.953577	-0.912055	0.382857	-0.146892	0.409131	0.873784	-0.262893	-32.352608	91.616943	1049.487793	
0.019889	-0.148368	-0.988731	-0.892364	0.443340	-0.084477	0.450877	0.883990	-0.123581	-44.609413	92.589706	1054.228638	
0.004695	-0.091448	-0.995798	-0.867207	0.495474	-0.049590	0.497926	0.863796	-0.076979	-54.902920	94.016319	1054.018311	
-0.003953	0.042827	-0.999075	-0.828448	0.559403	0.027258	0.560053	0.827789	0.033269	-66.084900	96.370102	1072.709961	
-0.003953	0.042827	-0.999075	-0.828448	0.559403	0.027258	0.560053	0.827789	0.033269	-66.084900	96.370102	1072.709961	
-0.003953	0.042827	-0.999075	-0.828448	0.559403	0.027258	0.560053	0.827789	0.033269	-66.084900	96.370102	1072.709961	
-0.003953	0.042827	-0.999075	-0.828448	0.559403	0.027258	0.560053	0.827789	0.033269	-66.084900	96.370102	1072.709961	
0.024733	0.420035	-0.907171	-0.748021	0.609792	0.261950	0.663214	0.672104	0.329278	-114.541122	86.581741	1064.658691	
0.045442	0.478153	-0.877101	-0.719374	0.624870	0.303379	0.693135	0.617177	0.372366	-124.937904	82.493851	1073.885864	
0.071856	0.529887	-0.845019	-0.676801	0.648220	0.348929	0.732651	0.546836	0.405207	-134.356094	76.788605	1076.119019	
0.133708	0.589192	-0.796853	-0.650157	0.659001	0.378171	0.747942	0.467515	0.471181	-141.640076	68.365936	1068.075806	
0.170083	0.626083	-0.760981	-0.611842	0.672446	0.416492	0.772477	0.394762	0.497436	-149.233826	64.980263	1067.301270	
0.200331	0.663098	-0.721227	-0.579846	0.673623	0.458269	0.789713	0.326395	0.519443	-153.383469	54.420322	1053.520386	
0.217646	0.689855	-0.690456	-0.573377	0.662848	0.481531	0.789854	0.291088	0.539814	-164.398422	43.929813	1051.593018	
0.283268	0.748650	-0.599402	-0.569709	0.634131	0.522791	0.771486	0.193394	0.606142	-173.406235	32.260983	1049.754272	
0.308119	0.800153	-0.514604	-0.571285	0.588154	0.572458	0.760721	0.117601	0.638337	-177.602539	27.403540	1052.551758	
0.319146	0.836160	-0.446073	-0.587984	0.543845	0.598756	0.743250	0.071193	0.665215	-179.241760	21.045488	1034.041016	
0.353847	0.864538	-0.356882	-0.590812	0.502410	0.631289	0.725075	-0.012529	0.688557	-181.240707	14.719055	1026.955078	
0.406562	0.891766	-0.198646	-0.627082	0.430500	0.649183	0.664437	-0.139365	0.734236	-181.682495	7.263922	1031.782715	
0.461270	0.886004	-0.047190	-0.650137	0.373709	0.661562	0.603782	-0.274478	0.748405	-179.870422	0.959473	1021.572021	
0.494651	0.865613	0.077680	-0.668093	0.321563	0.671006	0.555853	-0.383811	0.737372	-175.485062	-12.805508	1007.569885	
0.503994	0.851705	0.143485	-0.675315	0.285020	0.680231	0.538460	-0.439729	0.718818	-172.663162	-20.500273	1000.520630	
0.504776	0.824741	0.254955	-0.696829	0.214959	0.684268	0.509539	-0.523062	0.683210	-164.696350	-35.528664	995.009583	
0.517106	0.803019	0.296246	-0.694275	0.191099	0.693876	0.500584	-0.564483	0.656334	-153.130768	-42.767925	978.578003	
0.533448	0.771052	0.347725	-0.703588	0.176331	0.688383	0.469465	-0.611871	0.636567	-141.245026	-49.395523	965.220764	
0.544274	0.736886	0.400955	-0.710235	0.150392	0.687713	0.446466	-0.659076	0.605217	-133.455902	-63.620522	954.722412	
