0.996668	-0.039861	0.071166	0.040707	0.999116	-0.010463	-0.070686	0.013325	0.997410	18.772293	3.662578	541.350037	
0.985281	-0.126809	0.114638	0.129586	0.991421	-0.017079	-0.111489	0.031683	0.993261	27.612257	7.232732	543.210144	
0.966132	-0.166643	0.197028	0.176013	0.983902	-0.030914	-0.188705	0.064546	0.979910	36.611259	15.399297	546.473022	
0.950487	-0.200265	0.237633	0.213061	0.976603	-0.029174	-0.226231	0.078360	0.970917	44.724243	18.228876	543.638916	
0.922167	-0.262223	0.284337	0.299572	0.949212	-0.096189	-0.244673	0.173881	0.953887	52.746128	23.923965	547.188232	
0.909153	-0.326951	0.257960	0.368084	0.920593	-0.130466	-0.194821	0.213564	0.957307	69.448433	25.727734	548.983765	
0.898467	-0.355881	0.257112	0.418128	0.872184	-0.253895	-0.133892	0.335622	0.932433	76.408844	29.535303	550.616577	
0.910759	-0.336729	0.239023	0.405983	0.835960	-0.369252	-0.075476	0.433338	0.898065	83.016006	30.661640	553.672791	
0.922024	-0.338937	0.187067	0.387134	0.807104	-0.445769	0.000106	0.483429	0.875383	88.393509	31.270796	554.214844	
0.933606	-0.317754	0.165568	0.356986	0.785336	-0.505775	0.030685	0.531299	0.846628	98.197945	30.873318	560.104797	
0.927926	-0.335046	0.163394	0.365660	0.732962	-0.573636	0.072432	0.592038	0.802648	102.230972	29.214916	568.914368	
0.940183	-0.310251	0.140714	0.322333	0.676452	-0.662204	0.110263	0.667949	0.735993	105.834183	26.864326	576.416992	
0.942763	-0.302549	0.140219	0.302062	0.596685	-0.743455	0.141265	0.743256	0.653922	108.431534	25.421833	588.742493	
0.967385	-0.216074	0.132207	0.231896	0.545386	-0.805467	0.101936	0.809854	0.577706	109.480095	20.671242	598.562927	
0.975544	-0.178297	0.128544	0.197019	0.450013	-0.871018	0.097453	0.875041	0.474136	109.912064	15.248183	603.481079	
0.980462	-0.123493	0.153113	0.189033	0.376214	-0.907044	0.054410	0.918265	0.392209	107.892517	8.318340	606.305542	
0.982395	-0.062020	0.176219	0.186772	0.305850	-0.933581	0.004004	0.950057	0.312049	102.953705	4.956065	609.083191	
0.976511	-0.006715	0.215361	0.212493	0.195475	-0.957412	-0.035669	0.980685	0.192311	100.067917	-3.641403	616.969482	
0.979019	0.053454	0.196633	0.192610	0.072202	-0.978616	-0.066508	0.995956	0.060392	95.485939	-13.751605	618.978943	
0.972074	0.059024	0.227131	0.227097	0.007373	-0.973845	-0.059154	0.998229	-0.006237	85.782303	-23.805676	637.246094	
0.981669	0.021547	0.189372	0.188928	0.021070	-0.981766	-0.025144	0.999545	0.016613	73.865639	-25.748772	630.166626	
0.981041	-0.085956	0.173698	0.177793	0.042474	-0.983151	0.077130	0.995392	0.056952	66.810791	-31.905254	647.716431	
0.983556	-0.130557	0.124790	0.129833	0.030816	-0.991057	0.125545	0.990961	0.047260	58.909462	-43.001545	665.378113	
0.967818	-0.237809	0.082317	0.105801	0.087719	-0.990511	0.228332	0.967342	0.110056	50.610950	-50.960640	680.101929	
0.942413	-0.333291	0.027839	0.067407	0.107747	-0.991891	0.327589	0.936646	0.124009	42.665627	-63.474709	685.870789	
0.838749	-0.544259	-0.016821	0.090128	0.169226	-0.981448	0.537009	0.821671	0.190991	30.449831	-78.642593	720.916687	
0.701080	-0.688967	-0.183878	0.069419	0.322580	-0.943994	0.709697	0.649050	0.273982	12.028740	-98.287346	754.822388	
0.637329	-0.740427	-0.213493	0.119144	0.368401	-0.922002	0.761327	0.562181	0.323010	3.787652	-105.039330	756.642944	
0.518493	-0.795665	-0.313179	0.192034	0.465251	-0.864098	0.833240	0.387887	0.394024	-4.140541	-112.990440	758.193787	
0.379705	-0.799526	-0.465384	0.294381	0.581334	-0.758545	0.877020	0.151023	0.456101	-12.739781	-125.965469	750.328918	
0.328803	-0.788950	-0.519083	0.243746	0.601915	-0.760452	0.912402	0.123514	0.390214	-22.991816	-142.343338	766.796509	
0.274590	-0.742172	-0.611377	0.229109	0.668002	-0.708013	0.933869	0.054342	0.353465	-33.698643	-147.586990	784.742065	
0.245409	-0.730062	-0.637796	0.149275	0.678526	-0.719250	0.957858	0.081304	0.275496	-42.519600	-160.136597	793.570129	
0.252943	-0.673926	-0.694149	0.057359	0.726664	-0.684594	0.965780	0.133348	0.222460	-53.106331	-175.403687	814.054504	
0.233469	-0.645773	-0.726959	0.010187	0.749202	-0.662263	0.972312	0.147213	0.181494	-64.538460	-185.091919	856.529053	
0.824685	0.557001	-0.098211	0.476388	-0.590463	0.651466	0.304877	-0.584041	-0.752294	-70.604897	-194.007004	826.601990	
0.824685	0.557001	-0.098211	0.476388	-0.590463	0.651466	0.304877	-0.584041	-0.752294	-70.604897	-194.007004	826.601990	
0.824685	0.557001	-0.098211	0.476388	-0.590463	0.651466	0.304877	-0.584041	-0.752294	-70.604897	-194.007004	826.601990	
0.879102	0.386957	-0.278289	0.447350	-0.468349	0.761923	0.164495	-0.794300	-0.584832	-101.808014	-214.748718	838.845154	
0.923010	0.274405	-0.269730	0.370975	-0.448588	0.813108	0.102123	-0.850571	-0.515850	-107.628273	-217.822128	848.077209	
0.945171	0.175834	-0.275200	0.326141	-0.464649	0.823246	0.016883	-0.867862	-0.496519	-110.600853	-226.807556	867.505798	
0.955810	0.116743	-0.269814	0.292330	-0.474724	0.830169	-0.031171	-0.872358	-0.487874	-113.253769	-232.770447	881.366577	
0.948232	0.066451	-0.310548	0.309689	-0.410082	0.857861	-0.070344	-0.909625	-0.409433	-111.883659	-230.530853	873.934631	
0.925680	0.019744	-0.377794	0.351678	-0.412964	0.840109	-0.139428	-0.910533	-0.389216	-111.771362	-236.769531	893.514893	
0.911585	-0.023010	-0.410468	0.372915	-0.373995	0.849154	-0.173052	-0.927145	-0.332348	-109.275093	-238.022614	888.240540	
0.884266	-0.056858	-0.463510	0.415745	-0.356177	0.836836	-0.212673	-0.932687	-0.291317	-106.267052	-239.447113	896.207886	
0.624002	-0.086611	-0.776608	0.693502	-0.396612	0.601459	-0.360105	-0.913891	-0.187422	-107.778000	-253.852997	951.429016	
0.624002	-0.086611	-0.776608	0.693502	-0.396612	0.601459	-0.360105	-0.913891	-0.187422	-107.778000	-253.852997	951.429016	
0.624002	-0.086611	-0.776608	0.693502	-0.396612	0.601459	-0.360105	-0.913891	-0.187422	-107.778000	-253.852997	951.429016	
0.624002	-0.086611	-0.776608	0.693502	-0.396612	0.601459	-0.360105	-0.913891	-0.187422	-107.778000	-253.852997	951.429016	
0.624002	-0.086611	-0.776608	0.693502	-0.396612	0.601459	-0.360105	-0.913891	-0.187422	-107.778000	-253.852997	951.429016	
0.340792	-0.253895	-0.905206	0.758489	-0.494640	0.424295	-0.555477	-0.831186	0.024008	-56.477097	-232.155502	954.440552	
0.311245	-0.226377	-0.922974	0.751917	-0.535270	0.384847	-0.581161	-0.813781	0.003617	-47.256195	-224.103424	953.793457	
0.215122	-0.214118	-0.952825	0.742050	-0.598453	0.302018	-0.634889	-0.772015	0.030146	-40.685398	-228.108994	1005.630005	
0.215122	-0.214118	-0.952825	0.742050	-0.598453	0.302018	-0.634889	-0.772015	0.030146	-40.685398	-228.108994	1005.630005	
0.215122	-0.214118	-0.952825	0.742050	-0.598453	0.302018	-0.634889	-0.772015	0.030146	-40.685398	-228.108994	1005.630005	
0.215122	-0.214118	-0.952825	0.742050	-0.598453	0.302018	-0.634889	-0.772015	0.030146	-40.685398	-228.108994	1005.630005	
0.040020	-0.067704	-0.996903	0.789414	-0.609494	0.073084	-0.612554	-0.789894	0.029055	7.699675	-182.157532	986.698792	
0.005361	0.001953	-0.999984	0.750010	-0.661421	0.002729	-0.661404	-0.750012	-0.005010	16.470253	-168.620895	979.403381	
-0.000414	0.058526	-0.998286	0.741200	-0.670115	-0.039594	-0.671283	-0.739946	-0.043102	25.431953	-155.873367	979.187683	
-0.025843	0.139531	-0.989880	0.639835	-0.758505	-0.123621	-0.768078	-0.636555	-0.069675	44.483299	-149.996002	1024.770020	
-0.025843	0.139531	-0.989880	0.639835	-0.758505	-0.123621	-0.768078	-0.636555	-0.069675	44.483299	-149.996002	1024.770020	
-0.025843	0.139531	-0.989880	0.639835	-0.758505	-0.123621	-0.768078	-0.636555	-0.069675	44.483299	-149.996002	1024.770020	
-0.025843	0.139531	-0.989880	0.639835	-0.758505	-0.123621	-0.768078	-0.636555	-0.069675	44.483299	-149.996002	1024.770020	
0.196729	0.332783	-0.922255	0.526012	-0.829629	-0.187154	-0.827411	-0.448298	-0.338260	88.563850	-104.000610	1000.035645	
0.152968	0.368651	-0.916896	0.585104	-0.781498	-0.216597	-0.796401	-0.503347	-0.335243	99.742889	-96.028595	998.171448	
0.125699	0.354489	-0.926573	0.565757	-0.792833	-0.226572	-0.814935	-0.495736	-0.300213	110.365234	-80.578148	1001.221741	
0.130207	0.347141	-0.928731	0.534405	-0.813567	-0.229172	-0.835139	-0.466478	-0.291446	114.603188	-65.497971	1001.905273	
0.144924	0.360214	-0.921544	0.513793	-0.823358	-0.241034	-0.845585	-0.438551	-0.304400	117.517212	-50.892986	1000.255920	
0.245576	0.405266	-0.880598	0.258594	-0.902885	-0.343407	-0.934249	-0.143385	-0.326526	118.285004	-43.290951	964.475769	
0.211475	0.356983	-0.909859	0.222022	-0.924122	-0.310975	-0.951832	-0.136245	-0.274687	119.852524	-29.304649	958.722961	
0.203633	0.343954	-0.916641	0.190371	-0.932298	-0.307538	-0.960361	-0.111877	-0.255325	119.644577	-15.503437	952.508667	
0.179560	0.291626	-0.939529	0.126095	-0.953995	-0.272017	-0.975632	-0.069626	-0.208072	118.643341	-2.223885	963.300537	
0.153187	0.257483	-0.954064	0.107057	-0.964100	-0.243002	-0.982381	-0.064914	-0.175253	114.635094	3.346644	957.405884	
0.147547	0.172415	-0.973912	0.078797	-0.983608	-0.162194	-0.985911	-0.052811	-0.158714	112.455994	9.092192	963.888489	
0.144617	0.136246	-0.980063	0.056021	-0.990014	-0.129363	-0.987900	-0.036196	-0.150805	104.776520	20.844360	958.509155	
0.163854	0.102612	-0.981134	0.036972	-0.994515	-0.097836	-0.985791	-0.020244	-0.166750	93.576149	25.014164	943.778625	
0.150096	-0.001514	-0.988671	0.015928	-0.999865	0.003950	-0.988543	-0.016341	-0.150051	87.499580	29.925764	939.090698	
0.190725	-0.043016	-0.980701	0.003655	-0.999001	0.044530	-0.981637	-0.012077	-0.190378	74.054916	37.742058	928.603027	
0.200467	-0.097866	-0.974801	0.037771	-0.993486	0.107511	-0.978972	-0.058371	-0.195465	65.481956	43.708538	915.599609	
0.244063	-0.152878	-0.957634	0.025316	-0.986155	0.163883	-0.969429	-0.064241	-0.236814	49.800285	46.568344	910.747803	
0.318556	-0.206911	-0.925047	0.184967	-0.943557	0.274748	-0.929682	-0.258625	-0.262304	32.794712	51.601585	911.440063	
0.355521	-0.280141	-0.891699	0.345093	-0.847276	0.403775	-0.868628	-0.451269	-0.204549	15.091169	54.053879	893.785461	
0.347283	-0.386035	-0.854618	0.381555	-0.774324	0.504816	-0.856627	-0.501397	-0.121616	6.515574	55.031540	871.302429	
0.351801	-0.489391	-0.797956	0.356933	-0.717912	0.597664	-0.865352	-0.495075	-0.077882	-12.069145	55.404175	865.562927	
0.439666	-0.539061	-0.718406	0.372456	-0.618418	0.691980	-0.817295	-0.571814	-0.071120	-31.054989	54.709770	856.739685	
0.505431	-0.607277	-0.612988	0.284996	-0.553049	0.782889	-0.814442	-0.570395	-0.106456	-50.678009	53.740768	861.559875	
0.636903	-0.564973	-0.524557	0.324026	-0.421221	0.847102	-0.699543	-0.709491	-0.085211	-67.019302	49.084038	838.877686	
0.706782	-0.571207	-0.417351	0.235792	-0.366004	0.900247	-0.666978	-0.734686	-0.123999	-75.105759	43.976425	829.902832	
0.772270	-0.563232	-0.293886	0.146626	-0.292085	0.945087	-0.618142	-0.772953	-0.142984	-83.611763	38.384117	813.991333	
0.829034	-0.494742	-0.260638	0.173146	-0.216077	0.960902	-0.531716	-0.841748	-0.093473	-98.764366	34.246063	794.232117	
0.813903	-0.502586	-0.291494	0.231410	-0.179775	0.956103	-0.532926	-0.845629	-0.030016	-115.373093	30.777899	787.288147	
0.794598	-0.520438	-0.312662	0.272415	-0.154614	0.949677	-0.542589	-0.839785	0.018919	-130.021103	25.417015	777.463806	
0.680365	-0.689476	-0.248446	0.193317	-0.158157	0.968306	-0.706917	-0.706830	0.025683	-144.664246	21.096035	773.677063	
0.528675	-0.816617	-0.231602	0.178555	-0.159755	0.970875	-0.829831	-0.554631	0.061353	-150.264526	14.825911	765.186523	
0.559815	-0.784855	-0.265724	0.213450	-0.173269	0.961467	-0.800653	-0.594962	0.070529	-157.653625	8.067598	754.817688	
0.580180	-0.767396	-0.272937	0.211934	-0.181321	0.960317	-0.786431	-0.615001	0.057438	-161.284302	1.074967	744.269836	
0.676489	-0.663438	-0.319706	0.233615	-0.218376	0.947490	-0.698416	-0.715655	0.007260	-164.992477	-12.271064	728.246582	
0.716601	-0.608558	-0.340792	0.228759	-0.256510	0.939081	-0.658901	-0.750906	-0.044602	-167.872711	-25.573135	720.714844	
0.763812	-0.538894	-0.355222	0.218253	-0.302292	0.927894	-0.607417	-0.786265	-0.113280	-168.632355	-33.327103	719.158508	
0.806856	-0.470583	-0.357119	0.220094	-0.321534	0.920965	-0.548216	-0.821685	-0.155860	-167.868774	-40.278103	716.810181	
0.843803	-0.348931	-0.407729	0.253811	-0.409938	0.876089	-0.472838	-0.842732	-0.257345	-166.873322	-46.943634	712.810364	
0.878540	-0.206734	-0.430613	0.308744	-0.442101	0.842155	-0.364476	-0.872816	-0.324576	-160.662354	-61.737656	701.321472	
0.901359	-0.091653	-0.423261	0.326119	-0.499422	0.802636	-0.284949	-0.861497	-0.420270	-158.660873	-69.705437	687.574036	
0.911870	0.024378	-0.409754	0.351491	-0.561945	0.748781	-0.212005	-0.826815	-0.520990	-154.664444	-85.212578	681.082581	
0.911550	0.040881	-0.409151	0.337131	-0.643980	0.686755	-0.235410	-0.763949	-0.600803	-142.615372	-93.875443	671.131470	
0.923764	0.061644	-0.377966	0.322097	-0.658931	0.679753	-0.207151	-0.749673	-0.628553	-128.398956	-107.866089	659.343567	
0.916565	0.134976	-0.376415	0.352315	-0.717844	0.600478	-0.189157	-0.682993	-0.705507	-115.084679	-115.788620	653.964966	
0.893350	0.229841	-0.386131	0.429864	-0.687470	0.585322	-0.130923	-0.688881	-0.712954	-106.716248	-123.444565	647.527649	
0.867645	0.260900	-0.423229	0.483256	-0.642621	0.594560	-0.116855	-0.720394	-0.683650	-88.431679	-128.719666	629.959167	
0.841709	0.302438	-0.447276	0.523989	-0.657365	0.541578	-0.130230	-0.690218	-0.711786	-80.580360	-135.692139	621.635803	
0.790879	0.369072	-0.488155	0.610202	-0.536201	0.583216	-0.046501	-0.759126	-0.649281	-71.570923	-142.659958	614.989197	
0.755377	0.365117	-0.544146	0.655289	-0.421079	0.627128	-0.000154	-0.830290	-0.557332	-61.817734	-151.354599	596.280212	
0.747295	0.401245	-0.529672	0.663815	-0.414854	0.622290	0.029954	-0.816638	-0.576372	-53.724182	-156.786774	595.532410	
0.737239	0.445585	-0.507871	0.661925	-0.325709	0.675107	0.135400	-0.833887	-0.535070	-35.377144	-164.962524	587.891296	
0.715918	0.572173	-0.400098	0.656795	-0.357557	0.663908	0.236812	-0.738085	-0.631783	-26.101086	-172.710571	595.021606	
0.658721	0.596802	-0.458162	0.682930	-0.218727	0.696969	0.315740	-0.772000	-0.551656	-7.306286	-177.080322	578.371277	
0.605259	0.611407	-0.509747	0.700327	-0.104575	0.706121	0.378420	-0.784375	-0.491481	10.848322	-183.422516	574.814880	
0.545105	0.600796	-0.584725	0.717826	0.025842	0.695743	0.433109	-0.798983	-0.417182	18.741882	-188.790100	568.828857	
0.469989	0.599861	-0.647516	0.750342	0.114825	0.651001	0.464861	-0.791821	-0.396135	27.004356	-192.102158	568.793884	
0.453839	0.596108	-0.662333	0.718871	0.194285	0.667441	0.526548	-0.779042	-0.340351	43.612923	-193.913757	566.850586	
0.421917	0.640955	-0.641219	0.662443	0.264927	0.700702	0.618994	-0.720409	-0.312820	52.359818	-196.816772	570.098450	
0.343703	0.733078	-0.586911	0.639926	0.274574	0.717707	0.687285	-0.622257	-0.374745	65.435501	-199.830322	577.177551	
0.221969	0.868860	-0.442505	0.575126	0.249806	0.778992	0.787374	-0.427408	-0.444255	70.878639	-198.224060	573.316040	
0.234159	0.871014	-0.431861	0.554178	0.245390	0.795407	0.798783	-0.425579	-0.425237	74.431244	-194.011627	566.199036	
0.253253	0.851185	-0.459724	0.547350	0.265760	0.793587	0.797665	-0.452608	-0.398592	78.776672	-188.674927	564.332581	
0.357723	0.770952	-0.526940	0.536198	0.292409	0.791827	0.764542	-0.565798	-0.308782	79.283463	-187.639404	568.157043	
0.404333	0.752881	-0.519311	0.587479	0.221385	0.778368	0.700986	-0.619804	-0.352789	79.670120	-181.916748	570.667969	
0.465356	0.691247	-0.552830	0.613558	0.198245	0.764360	0.637957	-0.694892	-0.331866	79.313225	-178.515411	573.709045	
0.520810	0.621513	-0.585216	0.662039	0.138730	0.736517	0.538942	-0.771021	-0.339215	74.534935	-168.501190	574.625732	
0.575353	0.493535	-0.652220	0.728697	0.052828	0.682795	0.371439	-0.868119	-0.329244	67.509331	-161.885803	573.810181	
0.639339	0.430365	-0.637205	0.727507	-0.070261	0.682492	0.248950	-0.899915	-0.358015	63.297535	-154.849884	571.257996	
0.679142	0.373481	-0.631884	0.717171	-0.154329	0.679594	0.156298	-0.914709	-0.372661	58.252293	-148.034775	570.885559	
0.737881	0.347227	-0.578760	0.674241	-0.340527	0.655317	0.030460	-0.873769	-0.485385	53.792480	-136.465347	577.798889	
0.791350	0.287978	-0.539289	0.598306	-0.546128	0.586323	-0.125673	-0.786646	-0.604479	42.656555	-131.665176	591.356079	
0.832400	0.275931	-0.480595	0.518091	-0.695292	0.498147	-0.196699	-0.663649	-0.721720	28.696621	-125.820763	597.291321	
0.860504	0.209383	-0.464425	0.432436	-0.782142	0.448612	-0.269314	-0.586866	-0.763583	20.602783	-117.491486	595.664795	
0.888650	0.091152	-0.449433	0.318782	-0.827313	0.462527	-0.329661	-0.554295	-0.764251	3.147212	-110.829094	603.428467	
0.925374	0.041543	-0.376769	0.235889	-0.841167	0.486614	-0.296710	-0.539175	-0.788196	-14.954872	-95.530685	604.287903	
0.932065	-0.065937	-0.356237	0.130954	-0.855496	0.500976	-0.337792	-0.513593	-0.788745	-33.865776	-88.388924	610.544617	
0.904959	-0.203078	-0.373906	0.002406	-0.876298	0.481762	-0.425488	-0.436874	-0.792528	-44.341682	-74.602707	623.630432	
0.847438	-0.333312	-0.413219	-0.118733	-0.877623	0.464412	-0.517445	-0.344497	-0.783309	-54.590584	-67.808189	631.577942	
0.806417	-0.384792	-0.449026	-0.199762	-0.891953	0.405602	-0.556582	-0.237386	-0.796156	-74.734245	-53.745338	642.490295	
0.764793	-0.469285	-0.441430	-0.233728	-0.840575	0.488676	-0.600383	-0.270561	-0.752553	-93.803955	-45.974659	641.423889	
0.728791	-0.549175	-0.408985	-0.270041	-0.779394	0.565352	-0.629237	-0.301580	-0.716317	-112.976402	-39.736992	652.700439	
0.677692	-0.601805	-0.422567	-0.344610	-0.767558	0.540461	-0.649596	-0.220644	-0.727558	-130.245636	-33.115231	660.149353	
0.678621	-0.624952	-0.385885	-0.387067	-0.750797	0.535240	-0.624220	-0.213861	-0.751407	-139.725235	-20.845013	670.489563	
0.673993	-0.659365	-0.333122	-0.437895	-0.719764	0.538689	-0.594961	-0.217199	-0.773851	-145.943130	-7.994688	667.064575	
0.671825	-0.682978	-0.286689	-0.441300	-0.679919	0.585631	-0.594898	-0.266925	-0.758187	-152.030228	-2.951526	673.329590	
0.733159	-0.653603	-0.187829	-0.402085	-0.639370	0.655388	-0.548455	-0.404979	-0.731566	-167.564911	2.038815	690.023254	
0.785933	-0.595296	-0.167122	-0.349389	-0.650578	0.674297	-0.510131	-0.471561	-0.719303	-179.046692	8.028239	706.184143	
0.841951	-0.522935	-0.132874	-0.289707	-0.645911	0.706306	-0.455176	-0.556180	-0.695326	-183.285522	17.383642	712.519958	
0.878051	-0.461784	-0.125619	-0.250980	-0.667838	0.700715	-0.407471	-0.583735	-0.702296	-187.601151	21.999842	717.342651	
0.891835	-0.416989	-0.175351	-0.201350	-0.713049	0.671580	-0.405075	-0.563631	-0.719885	-189.667130	28.715374	731.544434	
0.897010	-0.398959	-0.190268	-0.194818	-0.743254	0.640015	-0.396757	-0.537031	-0.744433	-192.230042	35.292942	740.646912	
0.898735	-0.364556	-0.243663	-0.138812	-0.763649	0.630533	-0.415937	-0.532858	-0.736925	-193.474472	37.466743	758.860229	
0.901547	-0.315587	-0.296000	-0.082789	-0.797291	0.597891	-0.424684	-0.514520	-0.744924	-193.659607	39.093376	769.375916	
0.892486	-0.296642	-0.339810	-0.062340	-0.827223	0.558405	-0.446744	-0.477184	-0.756779	-190.630066	40.294312	786.718140	
0.879063	-0.261003	-0.398903	-0.012322	-0.848956	0.528320	-0.476544	-0.459510	-0.749504	-185.596680	41.949387	793.389832	
0.860049	-0.228134	-0.456364	0.050137	-0.852345	0.520571	-0.507739	-0.470596	-0.721623	-178.774033	42.605942	806.016418	
0.836677	-0.189044	-0.514036	0.070573	-0.893507	0.443470	-0.543129	-0.407316	-0.734237	-175.448532	42.726837	827.899841	
0.816645	-0.146232	-0.558306	0.097547	-0.918477	0.383254	-0.568834	-0.367443	-0.735808	-164.301285	40.955463	834.559692	
0.802369	-0.129927	-0.582514	0.101766	-0.931939	0.348042	-0.588086	-0.338537	-0.734538	-158.000275	37.837601	847.053833	
0.798227	-0.117259	-0.590833	0.083522	-0.949848	0.301351	-0.596536	-0.289893	-0.748402	-143.911163	35.519367	863.354370	
0.826586	-0.018605	-0.562502	0.202330	-0.922811	0.327844	-0.525181	-0.384801	-0.759021	-134.919342	30.857031	877.190674	
0.831291	-0.020417	-0.555460	0.188830	-0.929517	0.316767	-0.522776	-0.368212	-0.768846	-119.620354	24.438824	896.625366	
0.833717	-0.030388	-0.551353	0.151233	-0.947740	0.280921	-0.531075	-0.317590	-0.785554	-103.252617	17.643726	919.197266	
0.835794	-0.046854	-0.547038	0.106778	-0.963456	0.245663	-0.538557	-0.263734	-0.800251	-84.006897	13.645432	923.412048	
0.845626	-0.042687	-0.532064	0.150684	-0.937162	0.314676	-0.512062	-0.346271	-0.786059	-65.934212	4.370166	947.758545	
0.840677	-0.046036	-0.539575	0.151518	-0.936588	0.315981	-0.519905	-0.347392	-0.780396	-45.202332	-0.923195	953.490540	
0.835107	-0.011935	-0.549957	0.115412	-0.973710	0.196385	-0.537842	-0.227473	-0.811777	-31.755901	-5.670692	934.157471	
0.838935	-0.028905	-0.543463	0.074457	-0.983102	0.167226	-0.539112	-0.180755	-0.822610	-20.495338	-16.692062	934.650940	
0.829225	-0.057525	-0.555947	0.112309	-0.957251	0.266563	-0.547514	-0.283477	-0.787318	-1.627320	-21.799511	946.059082	
0.817432	-0.105229	-0.566331	0.142328	-0.915788	0.375598	-0.558162	-0.387629	-0.733620	17.260412	-27.833225	956.970459	
0.794611	-0.197109	-0.574230	0.175133	-0.831203	0.527665	-0.581308	-0.519853	-0.625965	26.230425	-33.963428	950.219421	
0.785740	-0.227799	-0.575082	0.226861	-0.758800	0.610538	-0.575451	-0.610187	-0.544543	34.042614	-46.724487	946.130615	
0.766893	-0.272540	-0.581030	0.258254	-0.697759	0.668161	-0.587518	-0.662460	-0.464723	49.679691	-60.165298	956.868286	
0.755064	-0.300459	-0.582754	0.292668	-0.640898	0.709645	-0.586704	-0.706379	-0.395985	62.595806	-65.759628	960.084106	
0.304905	-0.393803	-0.867152	-0.319996	-0.899935	0.296175	-0.897015	0.187180	-0.400410	78.217201	-84.531403	1009.229980	
0.304905	-0.393803	-0.867152	-0.319996	-0.899935	0.296175	-0.897015	0.187180	-0.400410	78.217201	-84.531403	1009.229980	
0.304905	-0.393803	-0.867152	-0.319996	-0.899935	0.296175	-0.897015	0.187180	-0.400410	78.217201	-84.531403	1009.229980	
0.304905	-0.393803	-0.867152	-0.319996	-0.899935	0.296175	-0.897015	0.187180	-0.400410	78.217201	-84.531403	1009.229980	
0.304905	-0.393803	-0.867152	-0.319996	-0.899935	0.296175	-0.897015	0.187180	-0.400410	78.217201	-84.531403	1009.229980	
0.112060	-0.747626	-0.654597	-0.349851	-0.646252	0.678205	-0.930079	0.153012	-0.333978	98.398071	-130.714005	996.536499	
0.029684	-0.777004	-0.628795	-0.423135	-0.579694	0.696356	-0.905580	0.245394	-0.345986	99.204704	-144.038055	1001.550781	
-0.080734	-0.792590	-0.604386	-0.466569	-0.505780	0.725603	-0.880792	0.340568	-0.328965	97.725647	-149.237610	995.250916	
-0.117057	-0.807226	-0.578518	-0.450013	-0.476174	0.755478	-0.885317	0.348774	-0.307523	96.004395	-160.721161	995.102661	
-0.131306	-0.824167	-0.550916	-0.462840	-0.440474	0.769261	-0.876663	0.355993	-0.323621	88.980499	-171.282410	993.834473	
-0.301434	-0.772196	-0.559332	-0.535837	-0.348031	0.769255	-0.788680	0.531590	-0.308863	83.468712	-175.039398	984.354370	
-0.339578	-0.766427	-0.545232	-0.476182	-0.359815	0.802362	-0.811134	0.532093	-0.242774	73.982689	-181.118729	989.423828	
-0.523959	-0.768997	-0.366211	-0.089462	-0.377890	0.921518	-0.847032	0.515600	0.129203	64.140503	-193.557999	1028.989990	
-0.523959	-0.768997	-0.366211	-0.089462	-0.377890	0.921518	-0.847032	0.515600	0.129203	64.140503	-193.557999	1028.989990	
-0.523959	-0.768997	-0.366211	-0.089462	-0.377890	0.921518	-0.847032	0.515600	0.129203	64.140503	-193.557999	1028.989990	
-0.523959	-0.768997	-0.366211	-0.089462	-0.377890	0.921518	-0.847032	0.515600	0.129203	64.140503	-193.557999	1028.989990	
-0.523959	-0.768997	-0.366211	-0.089462	-0.377890	0.921518	-0.847032	0.515600	0.129203	64.140503	-193.557999	1028.989990	
-0.949886	-0.305991	0.063927	0.232725	-0.555700	0.798146	-0.208702	0.773024	0.599063	11.717119	-208.729340	985.453979	
-0.968088	-0.237263	0.080699	0.211199	-0.599039	0.772364	-0.134912	0.764760	0.630032	2.250113	-207.450607	970.414856	
-0.978096	-0.178846	0.106501	0.198627	-0.648891	0.734498	-0.062255	0.739564	0.670201	-16.859756	-206.556549	960.978821	
-0.989475	-0.123441	0.075506	0.141255	-0.710765	0.689101	-0.031396	0.692513	0.720721	-26.446571	-207.429703	963.823608	
-0.992960	-0.066009	0.098357	0.114360	-0.750609	0.650775	0.030871	0.657441	0.752873	-45.560932	-207.264328	959.973206	
-0.990017	0.046360	0.133106	0.034919	-0.834246	0.550286	0.136555	0.549440	0.824299	-55.281406	-206.718094	955.831970	
-0.972104	0.150001	0.180319	-0.053987	-0.891227	0.450333	0.228255	0.428035	0.874463	-66.743027	-206.897385	965.104065	
-0.958717	0.223328	0.176029	-0.134442	-0.901458	0.411459	0.250573	0.370807	0.894268	-77.031433	-206.391968	959.511719	
-0.954864	0.196607	0.222668	-0.032869	-0.814942	0.578610	0.295220	0.545175	0.784620	-93.473251	-200.608109	952.898499	
-0.944077	0.186135	0.272162	0.022034	-0.787963	0.615329	0.328987	0.586915	0.739796	-102.319992	-195.327209	936.817505	
-0.916406	0.226139	0.330244	0.021630	-0.795908	0.605031	0.399665	0.561598	0.724483	-110.683113	-189.740158	927.257141	
-0.895046	0.225467	0.384782	0.062012	-0.791490	0.608028	0.441642	0.568074	0.694438	-123.213524	-179.175476	917.125610	
-0.904024	0.168722	0.392778	0.183084	-0.677469	0.712402	0.386293	0.715940	0.581557	-131.656860	-169.147491	922.192627	
-0.924453	0.030982	0.380036	0.326867	-0.448801	0.831707	0.196328	0.893095	0.404768	-138.412033	-155.080292	904.521179	
-0.895311	0.150008	0.419424	0.299159	-0.495145	0.815681	0.330034	0.855763	0.398431	-142.062576	-151.168655	905.842407	
-0.884594	0.074181	0.460425	0.411440	-0.340685	0.845370	0.219570	0.937247	0.270847	-141.965286	-138.297241	894.621826	
-0.113556	0.275974	0.954433	-0.972343	0.166470	-0.163821	-0.204095	-0.946639	0.249438	-146.845001	-124.082001	893.836975	
-0.113556	0.275974	0.954433	-0.972343	0.166470	-0.163821	-0.204095	-0.946639	0.249438	-146.845001	-124.082001	893.836975	
-0.113556	0.275974	0.954433	-0.972343	0.166470	-0.163821	-0.204095	-0.946639	0.249438	-146.845001	-124.082001	893.836975	
-0.113556	0.275974	0.954433	-0.972343	0.166470	-0.163821	-0.204095	-0.946639	0.249438	-146.845001	-124.082001	893.836975	
-0.019452	-0.037276	0.999116	-0.721696	0.692110	0.011771	-0.691938	-0.720828	-0.040365	-131.294067	-78.331139	823.324158	
-0.040630	-0.088520	0.995246	-0.563583	0.824524	0.050328	-0.825060	-0.558859	-0.083389	-127.035950	-70.510696	811.715637	
-0.111047	-0.181796	0.977046	-0.501659	0.858935	0.102803	-0.857909	-0.478728	-0.186581	-116.467339	-63.917969	797.339478	
-0.156188	-0.243695	0.957193	-0.390124	0.905513	0.166880	-0.907419	-0.347359	-0.236502	-111.570229	-56.488148	799.180359	
-0.098392	-0.197200	0.975414	-0.682814	0.726418	0.077983	-0.723937	-0.658352	-0.206125	-102.681885	-42.560719	782.761780	
-0.054249	-0.190619	0.980164	-0.756245	0.648831	0.084327	-0.652036	-0.736669	-0.179353	-94.780640	-27.600609	765.696594	
-0.006156	-0.282773	0.959167	-0.694030	0.691757	0.199484	-0.719919	-0.664463	-0.200512	-79.580360	-13.072582	759.123413	
-0.091858	-0.394010	0.914505	-0.569129	0.774375	0.276470	-0.817101	-0.495075	-0.295375	-71.221436	-6.368635	754.657471	
-0.095391	-0.433080	0.896294	-0.630571	0.722996	0.282235	-0.770247	-0.538254	-0.342055	-61.760330	0.600301	744.007812	
-0.046006	-0.463210	0.885054	-0.729920	0.620458	0.286788	-0.681982	-0.632825	-0.366652	-51.276714	6.780637	730.119812	
0.028039	-0.511193	0.859009	-0.791977	0.512966	0.331116	-0.609906	-0.689599	-0.390471	-31.447987	18.614723	716.863586	
0.120692	-0.573116	0.810538	-0.884295	0.308934	0.350117	-0.451061	-0.759010	-0.469519	-20.787804	29.386169	714.450684	
0.237726	-0.628605	0.740501	-0.918569	0.102351	0.381778	-0.315778	-0.770960	-0.553086	-10.449028	35.222595	708.291321	
0.379175	-0.603134	0.701752	-0.911209	-0.111421	0.396588	-0.161006	-0.789819	-0.591830	0.554130	45.063988	705.688843	
0.413906	-0.591724	0.691769	-0.909327	-0.233273	0.344541	-0.042502	-0.771651	-0.634624	10.838013	49.338425	687.979187	
0.521550	-0.533463	0.665884	-0.846301	-0.422635	0.324273	0.108438	-0.732663	-0.671897	20.043831	54.125938	678.358582	
0.649240	-0.497849	0.575007	-0.734408	-0.606971	0.303695	0.197818	-0.619461	-0.759695	37.215393	57.267841	664.692749	
0.715611	-0.462743	0.523230	-0.647499	-0.720440	0.248417	0.262002	-0.516560	-0.815181	52.747475	59.385197	655.652771	
0.773730	-0.355477	0.524382	-0.543697	-0.797459	0.261633	0.325169	-0.487538	-0.810291	59.142071	60.655136	647.921692	
0.818010	-0.314784	0.481425	-0.467765	-0.851126	0.238285	0.334745	-0.420113	-0.843476	72.878403	61.685162	645.462646	
0.869043	-0.266440	0.416861	-0.340809	-0.933190	0.114039	0.358626	-0.241175	-0.901789	83.876762	60.633614	637.350891	
0.894294	-0.154759	0.419866	-0.231533	-0.962958	0.138217	0.382922	-0.220820	-0.897000	93.074493	59.150974	629.185364	
0.915762	-0.098229	0.389527	-0.165374	-0.975852	0.142701	0.366103	-0.195098	-0.909894	97.045456	57.752216	621.125061	
0.916789	-0.004257	0.399348	-0.098359	-0.971549	0.215447	0.387069	-0.236799	-0.891125	99.735878	54.125069	610.604004	
0.907422	0.093595	0.409665	-0.020655	-0.963768	0.265941	0.419713	-0.249782	-0.872611	100.888626	51.342506	605.019409	
0.890226	0.145733	0.431579	0.027766	-0.963040	0.267921	0.454673	-0.226527	-0.861370	101.746101	44.746719	600.405640	
0.874450	0.177849	0.451340	0.024830	-0.945563	0.324489	0.484480	-0.272542	-0.831264	100.043762	37.858395	593.388916	
0.872252	0.188105	0.451434	0.017952	-0.934764	0.354814	0.488727	-0.301383	-0.818728	96.510696	29.147196	591.716919	
0.833134	0.241536	0.497543	0.005839	-0.903390	0.428780	0.553040	-0.354326	-0.754055	93.627434	20.378841	590.214111	
0.809122	0.249333	0.532123	-0.062024	-0.864230	0.499258	0.584358	-0.436965	-0.683804	85.524666	15.005871	588.124634	
0.800281	0.230009	0.553757	-0.149632	-0.817684	0.555880	0.580655	-0.527720	-0.619961	74.927742	9.308361	584.743408	
0.786151	0.232186	0.572762	-0.165034	-0.814230	0.556591	0.595592	-0.532089	-0.601790	63.337868	2.392492	583.390869	
0.765173	0.231715	0.600682	-0.179122	-0.819536	0.544312	0.618405	-0.524088	-0.585582	49.236980	-5.019934	580.724060	
0.753694	0.229462	0.615868	-0.248116	-0.768388	0.589931	0.608591	-0.597434	-0.522197	33.051239	-17.712379	576.423645	
0.760076	0.140924	0.634370	-0.319706	-0.768793	0.553845	0.565749	-0.623776	-0.539288	24.950039	-25.269203	573.759644	
0.751246	0.065422	0.656772	-0.382236	-0.768099	0.513730	0.538075	-0.636979	-0.552026	7.642681	-33.179623	573.062561	
0.743109	-0.036033	0.668200	-0.488144	-0.712202	0.504462	0.457716	-0.701048	-0.546834	-1.180687	-40.379471	564.256042	
0.726191	-0.046222	0.685939	-0.575013	-0.587731	0.569151	0.376839	-0.807735	-0.453384	-20.422539	-52.275013	555.762390	
0.076296	-0.201475	-0.976518	-0.571984	-0.811044	0.122645	-0.816709	0.549195	-0.177120	-40.778900	-67.055496	573.033997	
0.076296	-0.201475	-0.976518	-0.571984	-0.811044	0.122645	-0.816709	0.549195	-0.177120	-40.778900	-67.055496	573.033997	
0.122531	-0.402076	-0.907371	-0.697998	-0.684856	0.209217	-0.705539	0.607706	-0.364564	-81.574890	-96.452095	570.402100	
0.116158	-0.530131	-0.839922	-0.727820	-0.620864	0.291215	-0.675859	0.577484	-0.457958	-92.381401	-103.841621	574.812805	
0.027894	-0.629534	-0.776472	-0.739838	-0.535358	0.407471	-0.672207	0.563097	-0.480687	-102.472931	-111.060555	576.733398	
0.012685	-0.675131	-0.737589	-0.736924	-0.504897	0.449469	-0.675857	0.537844	-0.503925	-121.144272	-117.928482	578.524414	
-0.058505	-0.749379	-0.659551	-0.750987	-0.402252	0.523653	-0.657720	0.525950	-0.539240	-130.077042	-131.168610	582.903320	
-0.141076	-0.767648	-0.625151	-0.761752	-0.319153	0.563804	-0.632322	0.555749	-0.539733	-144.987335	-143.062912	584.556885	
-0.213752	-0.788585	-0.576579	-0.743636	-0.251398	0.619520	-0.633495	0.561188	-0.532683	-152.811218	-155.758865	589.673157	
-0.271730	-0.822379	-0.499855	-0.729296	-0.162930	0.664516	-0.627925	0.545111	-0.555485	-165.497787	-166.378082	595.174255	
-0.355501	-0.822398	-0.444161	-0.748527	-0.034087	0.662227	-0.559755	0.567889	-0.603470	-171.084732	-171.386719	600.320251	
-0.398936	-0.823399	-0.403563	-0.761848	0.052688	0.645610	-0.510332	0.565010	-0.648324	-180.584717	-180.248001	606.482910	
-0.447755	-0.808750	-0.381363	-0.790425	0.158610	0.591668	-0.418023	0.566360	-0.710276	-188.820984	-184.864670	615.008240	
-0.496982	-0.772779	-0.394740	-0.814536	0.258577	0.519296	-0.299230	0.579611	-0.757966	-194.214279	-188.572128	618.885925	
-0.552922	-0.689894	-0.467249	-0.810288	0.314507	0.494488	-0.194191	0.652019	-0.732912	-196.471237	-190.139694	627.651978	
-0.614709	-0.601996	-0.509639	-0.780326	0.369948	0.504212	-0.114994	0.707628	-0.697165	-198.268265	-197.419662	637.151611	
-0.700153	-0.497739	-0.511899	-0.708518	0.395733	0.584292	-0.088249	0.771783	-0.629731	-196.892593	-200.675064	649.088379	
-0.761263	-0.422187	-0.492175	-0.643092	0.394240	0.656511	-0.083136	0.816290	-0.571627	-194.782532	-201.771103	656.220154	
-0.804691	-0.344320	-0.483648	-0.584146	0.313676	0.748586	-0.106045	0.884900	-0.453546	-190.955276	-202.336044	662.320862	
-0.833403	-0.248861	-0.493465	-0.548422	0.261959	0.794110	-0.068355	0.932439	-0.354799	-184.349548	-203.021957	671.181824	
-0.814500	-0.163309	-0.556704	-0.579596	0.186622	0.793247	-0.025651	0.968762	-0.246657	-178.208481	-199.910477	680.696167	
-0.787513	-0.123777	-0.603741	-0.616078	0.131930	0.776558	-0.016469	0.983499	-0.180153	-171.262787	-195.938065	685.027405	
-0.778334	-0.072744	-0.623623	-0.627496	0.056752	0.776549	-0.021097	0.995733	-0.089818	-157.806808	-193.323700	695.954163	
-0.780416	-0.020372	-0.624929	-0.625209	0.012578	0.780356	-0.008037	0.999712	-0.022553	-143.980011	-190.503769	716.948303	
-0.759453	0.011713	-0.650457	-0.650213	-0.046435	0.758332	-0.021321	0.998851	0.042881	-127.183594	-187.318192	724.055481	
-0.788498	0.039683	-0.613756	-0.611218	-0.161602	0.774789	-0.068438	0.986056	0.151677	-111.625816	-185.883224	746.171936	
-0.772275	0.038688	-0.634109	-0.622047	-0.248778	0.742406	-0.129030	0.967786	0.216191	-102.625038	-179.820770	763.612244	
0.337870	0.000844	0.941193	0.879288	-0.356961	-0.315327	0.335703	0.934119	-0.121348	-96.626701	-177.811996	812.187012	
0.337870	0.000844	0.941193	0.879288	-0.356961	-0.315327	0.335703	0.934119	-0.121348	-96.626701	-177.811996	812.187012	
0.574796	-0.071757	0.815145	0.700245	-0.472288	-0.535351	0.423398	0.878519	-0.221222	-64.303154	-157.315308	826.178894	
0.676892	-0.132379	0.724081	0.564238	-0.538410	-0.625900	0.472708	0.832220	-0.289752	-46.111301	-150.554993	857.086975	
0.676892	-0.132379	0.724081	0.564238	-0.538410	-0.625900	0.472708	0.832220	-0.289752	-46.111301	-150.554993	857.086975	
0.768063	-0.239996	0.593701	0.374359	-0.583916	-0.720346	0.519551	0.775528	-0.358639	-5.976704	-127.558777	855.889587	
0.738840	-0.286138	0.610115	0.375640	-0.576788	-0.725404	0.559472	0.765141	-0.318668	3.522333	-112.671509	846.969849	
0.671997	-0.332447	0.661739	0.379421	-0.612821	-0.693175	0.635971	0.716889	-0.285676	12.786697	-107.141609	861.917175	
0.650851	-0.417040	0.634406	0.338277	-0.588787	-0.734098	0.679677	0.692393	-0.242137	20.821774	-95.115547	883.686523	
0.663206	-0.455484	0.593878	0.323074	-0.541530	-0.776125	0.675115	0.706597	-0.211990	28.437178	-79.846817	884.209045	
0.670918	-0.508190	0.540011	0.274303	-0.506495	-0.817448	0.688931	0.696567	-0.200417	34.612232	-66.030991	896.770386	
0.690071	-0.547544	0.473283	0.221393	-0.462890	-0.858323	0.689047	0.697086	-0.198203	40.686096	-51.366730	910.371887	
0.679669	-0.601442	0.419902	0.175750	-0.422250	-0.889280	0.712152	0.678214	-0.181286	50.552227	-44.353378	921.538696	
0.719672	-0.607757	0.335713	0.141676	-0.344801	-0.927923	0.679706	0.715363	-0.162038	58.177574	-30.527889	921.989014	
0.684777	-0.670427	-0.285673	-0.611936	-0.316112	-0.724988	0.395746	0.671268	-0.626724	64.041901	-18.465099	976.182007	
0.684777	-0.670427	-0.285673	-0.611936	-0.316112	-0.724988	0.395746	0.671268	-0.626724	64.041901	-18.465099	976.182007	
0.684777	-0.670427	-0.285673	-0.611936	-0.316112	-0.724988	0.395746	0.671268	-0.626724	64.041901	-18.465099	976.182007	
0.684777	-0.670427	-0.285673	-0.611936	-0.316112	-0.724988	0.395746	0.671268	-0.626724	64.041901	-18.465099	976.182007	
0.524000	-0.632378	-0.570546	-0.779687	-0.086537	-0.620162	0.342803	0.769811	-0.538402	62.639942	26.198753	974.403931	
0.483381	-0.633894	-0.603756	-0.797309	-0.034033	-0.602612	0.361444	0.772671	-0.521859	59.903770	37.111816	984.006775	
0.453491	-0.584378	-0.672940	-0.811822	0.040762	-0.582480	0.367819	0.810457	-0.455925	52.291000	48.035378	988.774475	
0.343597	-0.582695	-0.736483	-0.882640	0.067487	-0.465179	0.320761	0.809884	-0.491122	48.803001	60.338100	1032.380005	
0.343597	-0.582695	-0.736483	-0.882640	0.067487	-0.465179	0.320761	0.809884	-0.491122	48.803001	60.338100	1032.380005	
0.343597	-0.582695	-0.736483	-0.882640	0.067487	-0.465179	0.320761	0.809884	-0.491122	48.803001	60.338100	1032.380005	
0.343597	-0.582695	-0.736483	-0.882640	0.067487	-0.465179	0.320761	0.809884	-0.491122	48.803001	60.338100	1032.380005	
0.139306	-0.399144	-0.906244	-0.909482	0.310437	-0.276532	0.391708	0.862736	-0.319769	0.611335	84.757454	1008.816162	
0.150167	-0.308165	-0.939406	-0.881194	0.389105	-0.268505	0.448271	0.868119	-0.213122	-16.137375	89.040359	1029.184326	
0.115981	-0.270168	-0.955802	-0.879706	0.418844	-0.225138	0.461157	0.866937	-0.189090	-33.654758	90.366539	1030.723145	
0.030468	-0.147451	-0.988600	-0.879553	0.465892	-0.096596	0.474824	0.872470	-0.115496	-45.653900	95.131798	1067.459961	
0.030468	-0.147451	-0.988600	-0.879553	0.465892	-0.096596	0.474824	0.872470	-0.115496	-45.653900	95.131798	1067.459961	
0.030468	-0.147451	-0.988600	-0.879553	0.465892	-0.096596	0.474824	0.872470	-0.115496	-45.653900	95.131798	1067.459961	
0.030468	-0.147451	-0.988600	-0.879553	0.465892	-0.096596	0.474824	0.872470	-0.115496	-45.653900	95.131798	1067.459961	
-0.027893	0.221418	-0.974780	-0.825268	0.545155	0.147445	0.564052	0.808567	0.167524	-92.609192	90.964920	1032.939087	
0.047234	0.330254	-0.942709	-0.813705	0.560107	0.155450	0.579356	0.759745	0.295186	-102.709305	88.556038	1038.999390	
0.119950	0.420915	-0.899134	-0.775034	0.605695	0.180152	0.620430	0.675251	0.398877	-113.400589	85.554077	1052.782715	
0.173818	0.488435	-0.855113	-0.735689	0.641633	0.216953	0.654636	0.591387	0.470864	-122.809326	80.878700	1058.528198	
0.240517	0.548744	-0.800645	-0.709690	0.662147	0.240627	0.662186	0.510335	0.548696	-131.085571	74.258698	1054.124756	
0.255323	0.559970	-0.788190	-0.719386	0.654689	0.232090	0.645982	0.507755	0.569993	-137.356628	66.587700	1043.261963	
0.283774	0.587509	-0.757829	-0.719825	0.652652	0.236427	0.633501	0.478413	0.608110	-144.775711	63.057816	1041.150391	
0.299288	0.622266	-0.723334	-0.702030	0.657016	0.274742	0.646204	0.425575	0.633487	-149.410797	53.162987	1032.650635	
0.315313	0.661932	-0.680017	-0.675466	0.659869	0.329118	0.666576	0.355553	0.655178	-164.647690	42.852966	1051.362183	
0.384759	0.756559	-0.528752	-0.622924	0.635561	0.456102	0.681121	0.153883	0.715817	-170.542175	31.208948	1032.461060	
0.350657	0.795992	-0.493392	-0.650931	0.585934	0.482670	0.673296	0.151912	0.723598	-173.761261	25.790920	1028.241699	
0.308453	0.819901	-0.482305	-0.688214	0.542369	0.481869	0.656671	0.183295	0.731564	-177.955719	18.683140	1016.794678	
0.281936	0.846685	-0.451260	-0.729857	0.494560	0.471931	0.622752	0.196301	0.757394	-177.510422	11.970361	990.713196	
0.247109	0.875166	-0.415958	-0.746927	0.445499	0.493590	0.617282	0.188719	0.763772	-180.475189	5.208293	1001.864075	
0.222555	0.903123	-0.367203	-0.757386	0.397325	0.518169	0.613869	0.162793	0.772440	-194.057190	-2.585855	1055.714844	
0.501213	0.862047	0.075235	-0.641535	0.311836	0.700850	0.580705	-0.399541	0.709330	-177.179993	-13.052900	1015.280029	
0.501213	0.862047	0.075235	-0.641535	0.311836	0.700850	0.580705	-0.399541	0.709330	-177.179993	-13.052900	1015.280029	
0.501213	0.862047	0.075235	-0.641535	0.311836	0.700850	0.580705	-0.399541	0.709330	-177.179993	-13.052900	1015.280029	
0.501213	0.862047	0.075235	-0.641535	0.311836	0.700850	0.580705	-0.399541	0.709330	-177.179993	-13.052900	1015.280029	
0.567569	0.726976	0.386485	-0.690182	0.164166	0.704767	0.448902	-0.666750	0.594922	-138.316544	-48.272606	939.790710	
0.534554	0.746593	0.396046	-0.710802	0.143666	0.688563	0.457178	-0.649584	0.607478	-132.541870	-62.949684	943.898315	
