0.996514	-0.042641	0.071708	0.043045	0.999064	-0.004096	-0.071467	0.007169	0.997417	18.828741	3.980690	547.023926	
0.970314	-0.125373	0.206816	0.128133	0.991757	0.000052	-0.205118	0.026449	0.978380	27.610435	7.646367	546.844971	
0.947841	-0.164077	0.273269	0.170212	0.985406	0.001277	-0.269491	0.045303	0.961937	36.186386	15.700460	546.660583	
0.907710	-0.202185	0.367674	0.219601	0.975573	-0.005678	-0.357545	0.085895	0.929938	45.100605	18.703056	546.979370	
0.836328	-0.267965	0.478277	0.312305	0.949880	-0.013914	-0.450578	0.161005	0.878098	53.130081	24.649929	549.604858	
0.767241	-0.328977	0.550558	0.385762	0.922497	0.013636	-0.512375	0.201922	0.834685	68.933640	25.833546	548.830750	
0.679159	-0.364477	0.637102	0.478937	0.877809	-0.008370	-0.556203	0.310816	0.770734	76.500900	29.859125	552.153809	
0.589826	-0.349741	0.727864	0.525350	0.850717	-0.016945	-0.613280	0.392378	0.685512	83.554123	31.035061	556.948120	
0.533035	-0.343166	0.773376	0.570764	0.820592	-0.029271	-0.624581	0.457018	0.633272	88.955528	31.650202	558.193237	
0.441546	-0.317947	0.839015	0.621461	0.782855	-0.030390	-0.647165	0.534834	0.543258	99.017097	31.735786	565.937683	
0.371491	-0.322717	0.870544	0.699093	0.714243	-0.033552	-0.610952	0.621056	0.490944	102.965248	30.421793	574.534607	
0.269399	-0.285740	0.919661	0.773918	0.632566	-0.030167	-0.573126	0.719870	0.391553	105.707008	27.896154	578.097839	
0.206171	-0.259651	0.943438	0.837959	0.544722	-0.033204	-0.505289	0.797408	0.329883	107.763611	26.011063	587.377136	
0.128183	-0.178494	0.975556	0.872006	0.488848	-0.025134	-0.472411	0.853913	0.218310	109.039207	21.363735	597.961975	
0.078985	-0.148690	0.985724	0.907474	0.420002	-0.009361	-0.412613	0.895259	0.168107	109.923386	14.448411	603.115356	
0.042364	-0.089817	0.995057	0.937094	0.348975	-0.008397	-0.346495	0.932818	0.098951	107.746910	7.952179	607.294006	
0.014884	-0.031329	0.999398	0.959836	0.280505	-0.005502	-0.280163	0.959341	0.034246	103.454330	4.919941	615.706665	
-0.006858	0.019821	0.999780	0.984683	0.174318	0.003298	-0.174213	0.984490	-0.020713	100.914268	-4.147873	626.667053	
-0.017841	0.082673	0.996416	0.998843	0.045970	0.014070	-0.044641	0.995516	-0.083397	96.598061	-14.395208	632.819031	
-0.000714	0.035767	0.999359	0.995353	-0.096200	0.004154	0.096287	0.994719	-0.035532	91.710327	-23.673761	635.521912	
0.015855	0.060273	0.998055	0.978657	-0.205472	-0.003138	0.204884	0.976806	-0.062244	90.456039	-30.267996	645.459106	
0.017644	0.103075	0.994516	0.977206	-0.212240	0.004660	0.211557	0.971767	-0.104470	87.055885	-38.340302	656.151428	
0.017300	0.219048	0.975560	0.972383	-0.230811	0.034582	0.232746	0.948022	-0.216991	75.746384	-51.847317	673.724182	
0.039259	0.099668	0.994245	0.960964	-0.276480	-0.010229	0.273870	0.955837	-0.106632	71.959679	-53.024261	661.466248	
0.083868	-0.071655	0.993897	0.955401	-0.277631	-0.100635	0.283148	0.958012	0.045175	71.005028	-62.614857	659.720459	
0.159322	-0.124791	0.979308	0.963315	-0.197347	-0.181868	0.215960	0.972359	0.088771	57.188202	-83.006233	678.797119	
0.254748	-0.269045	0.928826	0.948106	-0.119482	-0.294646	0.190251	0.955688	0.224645	46.687263	-106.285828	708.142029	
0.306213	-0.377349	0.873980	0.916681	-0.130742	-0.377624	0.256762	0.916796	0.305874	35.682831	-113.418991	729.382324	
0.353775	-0.498046	0.791702	0.844373	-0.194041	-0.499380	0.402337	0.845162	0.351890	24.268206	-123.483444	757.563416	
0.465439	-0.633687	0.617905	0.625399	-0.258540	-0.736228	0.626291	0.729108	0.275973	9.968215	-131.145584	746.116150	
0.555452	-0.606817	0.568547	0.532979	-0.265012	-0.803555	0.638282	0.749361	0.176219	0.098566	-139.405029	730.990417	
0.670318	-0.533283	0.516025	0.491983	-0.201213	-0.847033	0.555539	0.821659	0.127489	-11.542579	-147.438858	759.311707	
0.681691	-0.546586	0.486354	0.452173	-0.207849	-0.867374	0.575182	0.811198	0.105462	-23.182468	-161.785889	780.333557	
0.760432	-0.511439	0.400215	0.384605	-0.141899	-0.912109	0.523277	0.847523	0.088797	-38.349300	-181.721741	818.271423	
0.808875	-0.475434	0.345950	0.349150	-0.085021	-0.933201	0.473088	0.875634	0.097226	-53.658527	-192.588364	860.830139	
0.831165	-0.467959	0.300293	0.308160	-0.061847	-0.949321	0.462816	0.881583	0.092802	-68.501892	-200.568008	863.734680	
0.753020	-0.625143	0.205316	0.206584	-0.071641	-0.975802	0.624725	0.777215	0.075198	-76.787109	-197.211853	851.991882	
0.709381	-0.691771	0.135018	0.152292	-0.036599	-0.987657	0.688174	0.721189	0.079388	-87.241913	-199.922913	861.693237	
0.714986	-0.692107	0.098900	0.121830	-0.015956	-0.992422	0.688440	0.721619	0.072911	-96.277313	-202.472824	883.980835	
0.879330	0.288091	-0.379186	0.475935	-0.504477	0.720408	0.016252	-0.813945	-0.580715	-111.650002	-225.925003	879.422974	
0.879330	0.288091	-0.379186	0.475935	-0.504477	0.720408	0.016252	-0.813945	-0.580715	-111.650002	-225.925003	879.422974	
0.879330	0.288091	-0.379186	0.475935	-0.504477	0.720408	0.016252	-0.813945	-0.580715	-111.650002	-225.925003	879.422974	
0.879330	0.288091	-0.379186	0.475935	-0.504477	0.720408	0.016252	-0.813945	-0.580715	-111.650002	-225.925003	879.422974	
0.778854	0.020735	-0.626863	0.577831	-0.412411	0.704293	-0.243921	-0.910762	-0.333189	-116.891846	-244.872498	924.463318	
0.719636	-0.024226	-0.693929	0.631131	-0.393827	0.668262	-0.289477	-0.918866	-0.268122	-115.430809	-247.896500	925.297058	
0.688294	-0.063992	-0.722605	0.654043	-0.376161	0.656300	-0.313814	-0.924342	-0.217056	-112.751518	-250.323792	935.275085	
0.623173	-0.083207	-0.777645	0.697769	-0.389940	0.600887	-0.353232	-0.917074	-0.184941	-109.886208	-253.941376	948.954590	
0.574327	-0.142241	-0.806174	0.696785	-0.431976	0.572615	-0.429697	-0.890598	-0.148984	-100.363525	-254.008209	963.366455	
0.521964	-0.196236	-0.830088	0.675243	-0.499534	0.542689	-0.521152	-0.843776	-0.128232	-95.109505	-253.865189	967.892273	
0.483632	-0.214635	-0.848547	0.670072	-0.532929	0.516711	-0.563120	-0.818485	-0.113920	-83.020287	-251.326691	966.376221	
0.423934	-0.243147	-0.872445	0.650690	-0.588282	0.480132	-0.629986	-0.771235	-0.091180	-77.345558	-251.130585	978.600952	
0.376328	-0.258589	-0.889668	0.649525	-0.611125	0.452376	-0.660677	-0.748104	-0.062024	-60.800800	-245.720230	990.816528	
0.320580	-0.209127	-0.923848	0.647238	-0.663757	0.374846	-0.691601	-0.718117	-0.077432	-51.958939	-238.294800	994.672485	
0.252235	-0.171743	-0.952304	0.673652	-0.675323	0.300220	-0.694673	-0.717247	-0.054645	-41.815041	-229.265869	995.686951	
0.228126	-0.141619	-0.963277	0.682999	-0.681816	0.261989	-0.693881	-0.717685	-0.058814	-32.820774	-224.782272	1017.668640	
0.172235	-0.088017	-0.981116	0.673537	-0.716270	0.182497	-0.718807	-0.692251	-0.064084	-22.753595	-217.337616	1026.135498	
0.142371	-0.062614	-0.987831	0.687343	-0.711878	0.144186	-0.712243	-0.699507	-0.058314	-12.117008	-205.205475	1029.828857	
0.097688	0.002181	-0.995215	0.698269	-0.712695	0.066979	-0.709139	-0.701470	-0.071145	7.675697	-193.785522	1030.755005	
0.063451	0.079286	-0.994831	0.676815	-0.735990	-0.015489	-0.733413	-0.672334	-0.100361	18.223785	-187.458160	1064.789795	
-0.017013	0.068260	-0.997522	0.657409	-0.750929	-0.062599	-0.753342	-0.656845	-0.032099	26.560699	-163.503998	1023.919983	
-0.017013	0.068260	-0.997522	0.657409	-0.750929	-0.062599	-0.753342	-0.656845	-0.032099	26.560699	-163.503998	1023.919983	
-0.017013	0.068260	-0.997522	0.657409	-0.750929	-0.062599	-0.753342	-0.656845	-0.032099	26.560699	-163.503998	1023.919983	
0.008421	0.280376	-0.959854	0.614118	-0.758991	-0.216315	-0.789169	-0.587642	-0.178575	69.417992	-122.063805	1029.091797	
0.048676	0.310336	-0.949380	0.594102	-0.773079	-0.222246	-0.802916	-0.553210	-0.222002	76.100487	-114.923851	1028.546509	
0.097716	0.336024	-0.936771	0.539553	-0.808825	-0.233847	-0.836262	-0.482587	-0.260338	89.843529	-105.738464	1019.798157	
0.127294	0.389408	-0.912227	0.552319	-0.791752	-0.260908	-0.823857	-0.470628	-0.315863	100.956612	-97.034294	1009.693115	
0.180693	0.392789	-0.901702	0.495029	-0.828525	-0.261713	-0.849880	-0.399079	-0.344151	109.740517	-81.566681	999.541931	
0.240506	0.377837	-0.894090	0.432355	-0.866402	-0.249834	-0.869037	-0.326477	-0.371735	113.548149	-66.073105	1000.733093	
0.315677	0.385796	-0.866896	0.415055	-0.877715	-0.239470	-0.853275	-0.284214	-0.437201	116.470528	-51.627819	996.681213	
0.388558	0.360215	-0.848096	0.396441	-0.896227	-0.199027	-0.831780	-0.258886	-0.491041	119.248962	-44.467453	984.171082	
0.467791	0.321399	-0.823331	0.361279	-0.919695	-0.153748	-0.806628	-0.225530	-0.546341	122.984558	-29.868454	997.577942	
0.515761	0.328200	-0.791375	0.336410	-0.927105	-0.165242	-0.787920	-0.181001	-0.588575	124.586143	-15.535305	1001.964172	
0.588127	0.276440	-0.760058	0.262014	-0.954213	-0.144312	-0.765151	-0.114273	-0.633630	120.795258	-2.369119	991.248413	
0.628827	0.245697	-0.737706	0.238520	-0.963974	-0.117740	-0.740058	-0.101919	-0.664776	117.111603	3.350718	987.257996	
0.669895	0.155849	-0.725914	0.152491	-0.985758	-0.070913	-0.726627	-0.063192	-0.684120	113.061127	8.325808	978.037537	
0.695689	0.120689	-0.708131	0.125263	-0.991064	-0.045849	-0.707337	-0.056806	-0.704591	105.494423	19.768845	969.381226	
0.740819	0.084416	-0.666379	0.091598	-0.995500	-0.024278	-0.665430	-0.043053	-0.745218	95.220238	24.687798	961.827576	
0.787468	-0.007254	-0.616313	0.016619	-0.999317	0.032996	-0.616132	-0.036226	-0.786810	89.030533	30.017361	956.082703	
0.815301	-0.058341	-0.576091	-0.020513	-0.997197	0.071955	-0.578675	-0.046847	-0.814213	75.782043	38.564713	953.124512	
0.821808	-0.111382	-0.558771	-0.030729	-0.987943	0.151736	-0.568936	-0.107527	-0.815323	67.814667	45.174152	948.042969	
0.838899	-0.176272	-0.514954	-0.046444	-0.965838	0.254950	-0.542303	-0.189960	-0.818428	51.654030	48.381428	940.972168	
0.842698	-0.237805	-0.483020	-0.055386	-0.930695	0.361580	-0.535530	-0.277950	-0.797467	33.107731	52.812160	927.990662	
0.821197	-0.345173	-0.454413	-0.156776	-0.902141	0.401949	-0.548687	-0.258838	-0.794951	14.749828	55.272865	914.386780	
0.780177	-0.462034	-0.421722	-0.236154	-0.841802	0.485388	-0.579272	-0.279097	-0.765866	5.910773	55.479462	895.467102	
0.723160	-0.561934	-0.401584	-0.325592	-0.790132	0.519310	-0.609122	-0.244791	-0.754354	-13.380092	55.155144	879.933289	
0.653399	-0.665502	-0.360802	-0.370240	-0.696652	0.614490	-0.660298	-0.267924	-0.701588	-32.003754	54.140629	873.473694	
0.562146	-0.752385	-0.343380	-0.395922	-0.609345	0.686982	-0.726112	-0.250231	-0.640427	-52.236610	53.615299	870.887024	
0.456342	-0.833484	-0.311538	-0.410846	-0.507933	0.757107	-0.789277	-0.217505	-0.574225	-71.880577	50.434502	870.619934	
0.400652	-0.870805	-0.284916	-0.413731	-0.449405	0.791747	-0.817499	-0.199336	-0.540334	-81.314522	45.847088	865.069275	
0.339428	-0.906628	-0.250627	-0.359391	-0.371229	0.856170	-0.869268	-0.200535	-0.451841	-90.617722	40.661007	847.993774	
0.242341	-0.947109	-0.210372	-0.352772	-0.288015	0.890281	-0.903783	-0.141538	-0.403912	-108.306190	38.363960	836.293884	
0.122740	-0.969803	-0.210754	-0.263964	-0.236612	0.935061	-0.956691	-0.059137	-0.285036	-118.599510	34.095291	801.838135	
-0.027440	-0.981552	-0.189216	-0.217665	-0.178878	0.959492	-0.975638	0.067514	-0.208742	-135.518723	27.847614	807.211487	
-0.110501	-0.979971	-0.165670	-0.128390	-0.151219	0.980128	-0.985549	0.129576	-0.109109	-147.193130	22.017962	791.737976	
-0.239289	-0.962048	-0.131168	-0.026448	-0.128584	0.991347	-0.970588	0.240687	0.005324	-151.503967	15.342388	776.679565	
-0.304804	-0.942150	-0.139456	0.069607	-0.168069	0.983316	-0.949868	0.290012	0.116808	-159.275009	9.375072	767.622559	
-0.362423	-0.918551	-0.157844	0.123799	-0.215302	0.968669	-0.923756	0.331527	0.191745	-162.589539	3.641952	754.258240	
-0.503901	-0.857502	-0.103802	0.208560	-0.237406	0.948759	-0.838205	0.456431	0.298469	-172.122543	-12.547415	748.713928	
-0.555468	-0.826721	-0.089381	0.295254	-0.296572	0.908225	-0.777355	0.478099	0.408829	-174.574280	-26.351255	736.946838	
-0.647267	-0.759238	-0.067847	0.309632	-0.343210	0.886756	-0.696545	0.552960	0.457232	-173.752350	-35.021740	730.143005	
-0.685445	-0.725269	-0.064426	0.333095	-0.391020	0.857993	-0.647467	0.566647	0.509605	-171.383118	-42.583858	724.647217	
-0.784319	-0.619132	-0.038987	0.354719	-0.499142	0.790590	-0.508939	0.606245	0.611104	-170.490875	-50.168541	720.032410	
-0.864715	-0.501812	-0.021316	0.311422	-0.568967	0.761114	-0.394063	0.651507	0.648269	-164.290771	-65.653160	708.906860	
-0.927538	-0.373721	-0.002606	0.257776	-0.644790	0.719582	-0.270602	0.666767	0.694403	-160.662308	-73.873795	694.735168	
-0.968891	-0.247152	0.012945	0.198415	-0.744441	0.637527	-0.147928	0.620261	0.770321	-155.974014	-88.790962	689.976624	
-0.981452	-0.191042	0.016017	0.166430	-0.807568	0.565806	-0.095157	0.557976	0.824384	-143.357086	-96.566399	680.394348	
-0.983896	-0.178238	-0.013495	0.143596	-0.833108	0.534147	-0.106447	0.523606	0.845285	-129.602554	-108.888092	670.724121	
-0.988863	-0.147454	-0.020222	0.089346	-0.696774	0.711705	-0.119034	0.701971	0.702188	-112.666367	-100.373268	617.198059	
-0.989047	0.147339	0.008731	-0.142842	-0.970397	0.194743	0.037166	0.191363	0.980815	-107.819000	-126.806000	657.739014	
-0.989047	0.147339	0.008731	-0.142842	-0.970397	0.194743	0.037166	0.191363	0.980815	-107.819000	-126.806000	657.739014	
-0.989047	0.147339	0.008731	-0.142842	-0.970397	0.194743	0.037166	0.191363	0.980815	-107.819000	-126.806000	657.739014	
-0.911948	0.409159	0.030639	-0.408934	-0.912464	0.013537	0.033496	-0.000184	0.999438	-71.562080	-145.067261	621.541809	
-0.881160	0.472189	0.024380	-0.471767	-0.874599	-0.111864	-0.031498	-0.110071	0.993424	-61.992233	-155.782272	609.967407	
-0.846403	0.530988	0.040658	-0.524425	-0.817793	-0.237049	-0.092620	-0.221962	0.970646	-52.667423	-160.299805	599.920654	
-0.762064	0.644731	0.059840	-0.630693	-0.718185	-0.294002	-0.146575	-0.261789	0.953929	-32.961315	-170.227020	595.759766	
-0.665645	0.745319	0.037638	-0.689438	-0.594869	-0.413287	-0.285640	-0.301052	0.909822	-23.419893	-174.453033	596.008789	
-0.554514	0.831865	0.022672	-0.707114	-0.456643	-0.539877	-0.438751	-0.315402	0.841438	-4.121274	-180.141281	585.281860	
-0.433041	0.901168	0.019281	-0.726949	-0.336516	-0.598582	-0.532935	-0.273228	0.800829	14.177654	-185.600204	580.228638	
-0.305133	0.952226	0.012645	-0.727053	-0.224362	-0.648887	-0.615050	-0.207191	0.760779	22.818375	-190.781921	574.737915	
-0.173782	0.984562	0.020963	-0.672312	-0.103060	-0.733058	-0.719580	-0.141486	0.679843	30.485838	-193.334671	575.052002	
-0.032374	0.999451	0.007100	-0.569737	-0.012617	-0.821730	-0.821188	-0.030648	0.569833	45.435135	-193.108170	568.839294	
0.105576	0.994401	-0.004680	-0.459950	0.044659	-0.886821	-0.881645	0.095779	0.462089	52.348679	-193.924210	566.401733	
0.145603	0.989249	0.013719	-0.361861	0.066157	-0.929881	-0.920790	0.130429	0.367603	62.244595	-190.051315	560.615601	
0.210136	0.977636	0.008528	-0.301364	0.073070	-0.950705	-0.930065	0.197207	0.309978	67.276604	-189.784592	559.775391	
0.271867	0.962334	0.001728	-0.186358	0.054410	-0.980974	-0.944117	0.266373	0.194131	71.518181	-188.227615	558.949463	
0.366533	0.930122	-0.022950	-0.160950	0.039093	-0.986188	-0.916377	0.365165	0.164032	78.685051	-186.622238	560.054993	
0.486224	0.872966	-0.038948	-0.054201	-0.014357	-0.998427	-0.872151	0.487570	0.040335	79.796661	-183.970444	557.383057	
0.531678	0.843949	-0.071196	0.044883	-0.112020	-0.992692	-0.845756	0.524597	-0.097438	78.928848	-176.035080	549.200073	
0.603445	0.792960	-0.084076	0.091189	-0.173369	-0.980626	-0.792172	0.584088	-0.176928	80.206856	-173.505875	558.446045	
0.669715	0.735954	-0.099264	0.116680	-0.236289	-0.964651	-0.733393	0.634460	-0.244118	77.039406	-165.356369	564.445557	
0.769980	0.629144	-0.106333	0.159590	-0.351242	-0.922583	-0.617786	0.693402	-0.370855	71.469200	-160.794922	568.095032	
0.811832	0.572763	-0.113450	0.207532	-0.464664	-0.860824	-0.545763	0.675301	-0.496096	67.344238	-155.414551	569.116333	
0.855931	0.501326	-0.126696	0.185604	-0.526555	-0.829633	-0.482629	0.686595	-0.543743	62.894135	-150.362045	571.660034	
0.906618	0.402829	-0.125582	0.174725	-0.629314	-0.757255	-0.384075	0.664600	-0.640932	58.099892	-137.838974	572.859253	
0.943312	0.301519	-0.138734	0.132918	-0.726196	-0.674516	-0.304127	0.617840	-0.725107	44.663509	-130.530365	575.954529	
0.952897	0.255658	-0.163173	0.103431	-0.779679	-0.617578	-0.285111	0.571612	-0.769397	29.155775	-124.348297	583.611389	
0.964130	0.197710	-0.177097	0.084475	-0.861076	-0.501410	-0.251628	0.468465	-0.846891	20.304880	-118.134560	594.643127	
0.971621	0.102295	-0.213278	-0.035848	-0.827558	-0.560235	-0.233809	0.551982	-0.800405	5.331125	-105.186699	580.487366	
0.976553	0.007438	-0.215143	-0.133935	-0.761424	-0.634268	-0.168533	0.648213	-0.742575	-6.815355	-88.285446	569.541687	
0.955262	-0.164979	-0.245470	-0.285543	-0.730709	-0.620105	-0.077063	0.662456	-0.745127	-24.416500	-83.348740	584.187866	
0.918853	-0.310015	-0.244127	-0.391581	-0.792731	-0.467165	-0.048698	0.524852	-0.849799	-40.486183	-73.328804	623.420959	
0.883425	-0.414092	-0.219291	-0.458517	-0.860388	-0.222473	-0.096552	0.297088	-0.949956	-55.180733	-67.564758	653.980774	
0.862037	-0.499281	-0.087235	-0.506559	-0.854467	-0.115255	-0.016995	0.143544	-0.989498	-77.663231	-55.877419	687.423096	
0.734318	-0.524879	-0.430441	-0.481986	-0.849681	0.213846	-0.477981	0.050435	-0.876921	-94.892097	-45.540100	649.846008	
0.734318	-0.524879	-0.430441	-0.481986	-0.849681	0.213846	-0.477981	0.050435	-0.876921	-94.892097	-45.540100	649.846008	
0.734318	-0.524879	-0.430441	-0.481986	-0.849681	0.213846	-0.477981	0.050435	-0.876921	-94.892097	-45.540100	649.846008	
0.521747	-0.655263	-0.546269	-0.468128	-0.755224	0.458796	-0.713188	0.016348	-0.700783	-141.053925	-20.341255	680.799072	
0.413562	-0.694053	-0.589285	-0.506498	-0.713212	0.484551	-0.756589	0.098080	-0.646493	-149.390274	-7.285247	687.712036	
0.287310	-0.739156	-0.609180	-0.583187	-0.639515	0.500913	-0.759833	0.211349	-0.614805	-159.826050	-2.782716	716.282898	
0.197893	-0.762156	-0.616406	-0.510805	-0.616892	0.598767	-0.836610	0.196372	-0.511392	-170.401993	2.673390	705.960999	
0.197893	-0.762156	-0.616406	-0.510805	-0.616892	0.598767	-0.836610	0.196372	-0.511392	-170.401993	2.673390	705.960999	
0.197893	-0.762156	-0.616406	-0.510805	-0.616892	0.598767	-0.836610	0.196372	-0.511392	-170.401993	2.673390	705.960999	
0.197893	-0.762156	-0.616406	-0.510805	-0.616892	0.598767	-0.836610	0.196372	-0.511392	-170.401993	2.673390	705.960999	
-0.124004	-0.634099	-0.763244	-0.413907	-0.666014	0.620569	-0.901833	0.392865	-0.179870	-195.756607	29.160477	753.575562	
-0.174351	-0.600067	-0.780718	-0.408912	-0.677141	0.611776	-0.895763	0.425909	-0.127315	-198.722885	36.191933	763.450012	
-0.208278	-0.573257	-0.792462	-0.328797	-0.722039	0.608730	-0.921147	0.387344	-0.038100	-200.031631	38.971134	783.415649	
-0.269848	-0.523216	-0.808348	-0.295451	-0.754006	0.586672	-0.916455	0.397139	0.048882	-199.694168	41.052269	795.023010	
-0.291581	-0.488886	-0.822174	-0.288407	-0.774592	0.562875	-0.912031	0.401244	0.084859	-196.306870	42.903530	815.026001	
-0.316436	-0.449785	-0.835202	-0.289637	-0.792590	0.536573	-0.903315	0.411696	0.120530	-191.448761	45.013885	824.669128	
-0.318661	-0.416517	-0.851451	-0.289123	-0.812759	0.505796	-0.902697	0.407352	0.138570	-183.214569	46.277134	834.440674	
-0.309064	-0.359312	-0.880554	-0.302488	-0.840664	0.449205	-0.901654	0.405190	0.151131	-179.707825	46.850945	856.895142	
-0.303078	-0.293567	-0.906622	-0.322082	-0.863828	0.387380	-0.896887	0.409412	0.167255	-170.476227	46.706188	874.150818	
-0.275074	-0.240235	-0.930925	-0.255119	-0.915327	0.311594	-0.926957	0.323208	0.190494	-159.692993	38.255199	857.862000	
-0.275074	-0.240235	-0.930925	-0.255119	-0.915327	0.311594	-0.926957	0.323208	0.190494	-159.692993	38.255199	857.862000	
-0.275074	-0.240235	-0.930925	-0.255119	-0.915327	0.311594	-0.926957	0.323208	0.190494	-159.692993	38.255199	857.862000	
-0.215543	-0.084240	-0.972854	-0.276105	-0.950360	0.143465	-0.936647	0.299532	0.181584	-118.481468	25.328737	895.976257	
-0.185335	-0.051942	-0.981302	-0.211679	-0.973048	0.091484	-0.959606	0.224676	0.169345	-100.052940	18.781132	904.990662	
-0.150368	-0.027325	-0.988253	-0.214813	-0.974832	0.059639	-0.965010	0.221257	0.140714	-80.864937	15.746203	908.946533	
-0.060002	-0.013807	-0.998103	-0.193944	-0.980688	0.025226	-0.979176	0.195090	0.056166	-59.453491	7.895926	921.592651	
0.020096	-0.016830	-0.999657	-0.211838	-0.977228	0.012195	-0.977098	0.211520	-0.023203	-38.699760	2.171878	939.735779	
0.094404	-0.016361	-0.995400	-0.222176	-0.974993	-0.005045	-0.970426	0.221630	-0.095679	-29.097389	-2.814351	959.380798	
0.128217	-0.014424	-0.991642	-0.226395	-0.973918	-0.015106	-0.965560	0.226440	-0.128138	-19.102814	-14.793362	980.292236	
0.193877	-0.042854	-0.980090	-0.309287	-0.950765	-0.019609	-0.930996	0.306931	-0.197585	0.043562	-21.053246	1006.751099	
0.249897	-0.093443	-0.963753	-0.392412	-0.919703	-0.012578	-0.885192	0.381331	-0.266499	19.759289	-28.374239	1023.158325	
0.262103	-0.170215	-0.949910	-0.413228	-0.909313	0.048921	-0.872092	0.379707	-0.308671	27.094200	-35.896900	986.169983	
0.262103	-0.170215	-0.949910	-0.413228	-0.909313	0.048921	-0.872092	0.379707	-0.308671	27.094200	-35.896900	986.169983	
0.262103	-0.170215	-0.949910	-0.413228	-0.909313	0.048921	-0.872092	0.379707	-0.308671	27.094200	-35.896900	986.169983	
0.332631	-0.310789	-0.890375	-0.260593	-0.937666	0.229942	-0.906337	0.155539	-0.392887	65.190926	-69.670921	1005.157104	
0.306619	-0.380603	-0.872426	-0.328041	-0.902675	0.278507	-0.893517	0.200796	-0.401631	77.974236	-84.535561	1003.161987	
0.287220	-0.479487	-0.829215	-0.398524	-0.847025	0.351747	-0.871024	0.229433	-0.434370	88.011993	-91.959274	1007.091736	
0.232940	-0.548088	-0.803330	-0.399723	-0.807009	0.434692	-0.886544	0.219852	-0.407069	92.983154	-105.926331	1008.074646	
0.161637	-0.607120	-0.777996	-0.443802	-0.748863	0.492182	-0.881427	0.265721	-0.390486	96.061653	-112.974205	1007.939270	
0.121255	-0.681570	-0.721637	-0.445125	-0.687140	0.574196	-0.887221	0.251595	-0.386704	98.170906	-119.408257	1002.762817	
0.089455	-0.713658	-0.694760	-0.426699	-0.657758	0.620710	-0.899959	0.240927	-0.363357	100.820312	-133.104614	1013.193726	
-0.001385	-0.750763	-0.660571	-0.437476	-0.593550	0.675510	-0.899229	0.289919	-0.327619	101.699196	-145.308640	1015.295410	
-0.103207	-0.784462	-0.611529	-0.446997	-0.512651	0.733064	-0.888562	0.349009	-0.297743	102.422516	-152.230804	1025.125366	
-0.167252	-0.809647	-0.562582	-0.359899	-0.481103	0.799383	-0.917878	0.336171	-0.210926	101.096268	-165.281311	1033.485107	
-0.235923	-0.821063	-0.519804	-0.330380	-0.435272	0.837489	-0.913887	0.369316	-0.168572	94.204056	-178.029190	1041.696411	
-0.373187	-0.809377	-0.453476	-0.296822	-0.358935	0.884908	-0.878993	0.464837	-0.106291	89.864281	-183.517609	1044.090942	
-0.457925	-0.782394	-0.422095	-0.180644	-0.383003	0.905912	-0.870444	0.491088	0.034052	79.397530	-190.588669	1060.310669	
-0.591916	-0.719461	-0.363334	-0.089378	-0.389415	0.916715	-0.801029	0.575093	0.166197	67.171448	-197.145248	1072.070679	
-0.640079	-0.717663	-0.274332	0.023821	-0.375425	0.926546	-0.767939	0.586528	0.257398	56.961700	-197.341003	1026.530029	
-0.640079	-0.717663	-0.274332	0.023821	-0.375425	0.926546	-0.767939	0.586528	0.257398	56.961700	-197.341003	1026.530029	
-0.640079	-0.717663	-0.274332	0.023821	-0.375425	0.926546	-0.767939	0.586528	0.257398	56.961700	-197.341003	1026.530029	
-0.640079	-0.717663	-0.274332	0.023821	-0.375425	0.926546	-0.767939	0.586528	0.257398	56.961700	-197.341003	1026.530029	
-0.969009	-0.221989	0.108359	0.214988	-0.541834	0.812525	-0.121659	0.810640	0.572766	8.220671	-208.870407	990.678528	
-0.969237	-0.198907	0.144969	0.237189	-0.597520	0.765971	-0.065735	0.776792	0.626317	-0.192833	-210.077835	985.988464	
-0.967996	-0.174599	0.180274	0.250952	-0.666089	0.702387	-0.002557	0.725149	0.688588	-17.923244	-213.462738	990.956482	
-0.966609	-0.123003	0.224802	0.243154	-0.717158	0.653116	0.080883	0.685970	0.723121	-27.572643	-213.249222	988.555298	
-0.942239	-0.053023	0.330717	0.248079	-0.773880	0.582724	0.225037	0.631109	0.742334	-47.636673	-213.225708	985.989014	
-0.903734	0.059441	0.423947	0.160308	-0.871269	0.463889	0.396945	0.487194	0.777866	-57.200920	-212.787125	982.376648	
-0.837734	0.162445	0.521357	0.068325	-0.916046	0.395211	0.541786	0.366703	0.756304	-66.968842	-208.750198	975.380554	
-0.774935	0.270487	0.571238	-0.097807	-0.944232	0.314419	0.624427	0.187783	0.758174	-76.381218	-206.959579	968.955261	
-0.763712	0.306924	0.567927	-0.203732	-0.949380	0.239107	0.612565	0.066904	0.787583	-94.409538	-203.324921	1001.017761	
-0.669607	0.364885	0.646905	-0.388956	-0.914288	0.113095	0.632724	-0.175888	0.754137	-103.285004	-198.449005	951.872009	
-0.669607	0.364885	0.646905	-0.388956	-0.914288	0.113095	0.632724	-0.175888	0.754137	-103.285004	-198.449005	951.872009	
-0.669607	0.364885	0.646905	-0.388956	-0.914288	0.113095	0.632724	-0.175888	0.754137	-103.285004	-198.449005	951.872009	
-0.669607	0.364885	0.646905	-0.388956	-0.914288	0.113095	0.632724	-0.175888	0.754137	-103.285004	-198.449005	951.872009	
-0.296084	0.462895	0.835501	-0.915578	-0.386748	-0.110191	0.272122	-0.797593	0.538327	-134.479965	-161.918488	912.453064	
-0.259356	0.496259	0.828530	-0.959296	-0.231626	-0.161556	0.111735	-0.836706	0.536133	-144.040588	-149.270508	899.770447	
-0.216586	0.546704	0.808830	-0.974055	-0.176709	-0.141389	0.065629	-0.818468	0.570792	-151.617386	-131.412643	882.683167	
-0.202755	0.573040	0.794050	-0.975636	-0.187616	-0.113726	0.083806	-0.797764	0.597119	-160.688461	-112.899246	879.411133	
-0.212322	0.631535	0.745710	-0.968166	-0.239468	-0.072858	0.132561	-0.737441	0.662275	-173.389496	-95.772896	896.772705	
-0.026509	0.125781	0.991704	-0.880230	0.467269	-0.082795	-0.473806	-0.875122	0.098329	-145.270996	-102.653000	872.351990	
-0.026509	0.125781	0.991704	-0.880230	0.467269	-0.082795	-0.473806	-0.875122	0.098329	-145.270996	-102.653000	872.351990	
-0.026509	0.125781	0.991704	-0.880230	0.467269	-0.082795	-0.473806	-0.875122	0.098329	-145.270996	-102.653000	872.351990	
-0.006106	-0.107213	0.994218	-0.520626	0.849199	0.088376	-0.853763	-0.517075	-0.061003	-129.382950	-72.267410	827.234741	
-0.029011	-0.232886	0.972071	-0.378269	0.902716	0.204980	-0.925241	-0.361757	-0.114282	-119.287674	-64.324104	815.427734	
-0.050625	-0.294444	0.954327	-0.262294	0.925929	0.271767	-0.963659	-0.236556	-0.124106	-112.252106	-55.647274	806.405457	
-0.101241	-0.393794	0.913607	-0.154461	0.913411	0.376592	-0.982797	-0.102990	-0.153301	-105.783401	-41.309555	802.224731	
-0.141398	-0.429479	0.891939	-0.054113	0.902997	0.426225	-0.988472	0.012002	-0.150923	-97.932144	-26.886999	790.712036	
-0.188739	-0.468320	0.863165	0.098822	0.865443	0.491164	-0.977042	0.178002	-0.117063	-81.621803	-12.621312	772.951233	
-0.269896	-0.491430	0.828042	0.288604	0.779132	0.556471	-0.918620	0.389166	-0.068456	-72.497238	-6.024629	766.913269	
-0.326080	-0.517674	0.791003	0.364100	0.703411	0.610445	-0.872411	0.487059	-0.040883	-63.402702	1.489824	755.375244	
-0.390131	-0.528864	0.753724	0.475232	0.585474	0.656791	-0.788639	0.614429	0.022922	-53.344196	8.138614	739.127625	
-0.443069	-0.544546	0.712151	0.515243	0.495394	0.699364	-0.733631	0.676798	0.061080	-33.191643	19.495262	718.536316	
-0.576269	-0.460995	0.674831	0.580576	0.350228	0.735031	-0.575190	0.815368	0.065817	-29.965517	28.817413	721.924927	
-0.688046	-0.372859	0.622550	0.590441	0.211090	0.778987	-0.421866	0.903558	0.074911	-25.528343	31.322594	711.473450	
-0.768614	-0.246310	0.590393	0.569724	0.156172	0.806861	-0.290941	0.956526	0.020293	-16.790833	33.148201	691.176636	
-0.842013	-0.042938	0.537745	0.521768	0.188344	0.832036	-0.137007	0.981164	-0.136185	-14.914822	30.700377	655.199280	
-0.828275	-0.443239	0.342782	0.508526	-0.337745	0.792041	-0.235290	0.830342	0.505144	17.675600	51.304699	679.377014	
-0.828275	-0.443239	0.342782	0.508526	-0.337745	0.792041	-0.235290	0.830342	0.505144	17.675600	51.304699	679.377014	
-0.828275	-0.443239	0.342782	0.508526	-0.337745	0.792041	-0.235290	0.830342	0.505144	17.675600	51.304699	679.377014	
-0.978158	-0.205680	0.030044	0.174715	-0.735233	0.654910	-0.112613	0.645854	0.755110	58.590134	58.099464	645.173889	
-0.988728	-0.146434	-0.031200	0.095762	-0.778697	0.620049	-0.115092	0.610072	0.783943	72.011528	59.350853	641.211426	
-0.992512	-0.088808	-0.083858	0.022485	-0.807661	0.589218	-0.120056	0.582920	0.803611	82.990311	59.672626	633.044312	
-0.989563	0.020636	-0.142613	-0.092168	-0.851409	0.516339	-0.110767	0.524095	0.844426	91.836945	58.510147	624.822021	
-0.975239	0.077050	-0.207294	-0.168896	-0.864595	0.473232	-0.142763	0.496525	0.856202	96.151001	57.178570	619.452942	
-0.945653	0.178412	-0.271860	-0.284609	-0.858491	0.426602	-0.157279	0.480791	0.862614	99.075203	53.679905	610.760498	
-0.898914	0.269481	-0.345445	-0.395512	-0.838315	0.375229	-0.188475	0.473927	0.860157	100.790207	51.168526	607.500122	
-0.857257	0.301244	-0.417567	-0.442113	-0.846331	0.297084	-0.263905	0.439289	0.858708	101.956490	45.499153	606.068420	
-0.806359	0.324411	-0.494513	-0.496949	-0.824995	0.269117	-0.320666	0.462753	0.826458	100.247414	38.547131	600.354126	
-0.719679	0.331669	-0.609966	-0.525718	-0.834164	0.166700	-0.453522	0.440641	0.774696	96.672981	29.166424	597.975586	
-0.639239	0.376671	-0.670442	-0.594092	-0.795466	0.119529	-0.488290	0.474712	0.732271	93.363388	19.498274	592.234924	
-0.519722	0.364555	-0.772650	-0.619584	-0.783516	0.047081	-0.588220	0.503191	0.633084	85.215012	14.908110	579.717712	
-0.404301	0.358957	-0.841244	-0.660301	-0.750993	-0.003108	-0.632884	0.554218	0.540647	75.367920	9.351914	574.910278	
-0.346550	0.345567	-0.872059	-0.637972	-0.768371	-0.050954	-0.687672	0.538691	0.486742	63.571831	2.799101	571.870422	
-0.295518	0.331679	-0.895912	-0.626736	-0.775090	-0.080220	-0.721020	0.537794	0.436929	49.532463	-5.380144	570.656067	
-0.230634	0.320990	-0.918571	-0.654397	-0.749810	-0.097713	-0.720119	0.578575	0.382987	33.959972	-19.216919	571.386475	
-0.144045	0.214653	-0.966010	-0.653354	-0.753801	-0.070076	-0.743222	0.621052	0.248826	26.215652	-29.111237	571.515747	
-0.054212	0.091035	-0.994371	-0.628286	-0.777106	-0.036892	-0.776091	0.622750	0.099324	9.824306	-34.076252	567.578796	
0.016419	-0.013523	-0.999773	-0.625415	-0.780291	0.000283	-0.780119	0.625269	-0.021269	0.167428	-44.745335	577.044189	
0.053882	-0.082862	-0.995103	-0.602207	-0.797622	0.033810	-0.796519	0.597437	-0.092877	-19.639454	-60.063301	583.391541	
0.099555	-0.214950	-0.971537	-0.635257	-0.765236	0.104210	-0.765856	0.606802	-0.212732	-39.859409	-69.814240	592.652893	
0.101044	-0.280197	-0.954609	-0.634878	-0.756910	0.154967	-0.765976	0.590402	-0.254373	-60.780659	-82.550209	590.735535	
0.090272	-0.409292	-0.907926	-0.700655	-0.673979	0.234165	-0.707766	0.615004	-0.347615	-82.505203	-99.154709	597.202026	
0.052433	-0.527508	-0.847930	-0.727215	-0.602095	0.329603	-0.684404	0.599345	-0.415182	-94.348183	-107.552658	606.441956	
0.001290	-0.637824	-0.770180	-0.718888	-0.535963	0.442653	-0.695123	0.553103	-0.459216	-104.691589	-114.946129	613.158875	
-0.019859	-0.701057	-0.712827	-0.667454	-0.521531	0.531515	-0.744385	0.486335	-0.457568	-124.115555	-121.664253	618.365356	
-0.074211	-0.786918	-0.612578	-0.613784	-0.448096	0.649983	-0.785978	0.424227	-0.449744	-131.489502	-133.510193	628.706116	
-0.148647	-0.805058	-0.574267	-0.581242	-0.398687	0.709368	-0.800037	0.439234	-0.408671	-144.570923	-143.997040	623.280212	
-0.228942	-0.820660	-0.523547	-0.535027	-0.343226	0.771971	-0.813222	0.456849	-0.360497	-149.367706	-154.706482	616.001404	
-0.325169	-0.803702	-0.498324	-0.480370	-0.313526	0.819112	-0.814560	0.505730	-0.284126	-154.751709	-160.448654	580.853210	
-0.510169	-0.759099	-0.404343	-0.464134	-0.152806	0.872483	-0.724089	0.632784	-0.274368	-167.713089	-172.287796	580.806458	
-0.513472	-0.851457	-0.106616	-0.313107	0.070225	0.947118	-0.798943	0.519701	-0.302656	-186.770996	-186.776001	627.853027	
-0.513472	-0.851457	-0.106616	-0.313107	0.070225	0.947118	-0.798943	0.519701	-0.302656	-186.770996	-186.776001	627.853027	
-0.513472	-0.851457	-0.106616	-0.313107	0.070225	0.947118	-0.798943	0.519701	-0.302656	-186.770996	-186.776001	627.853027	
-0.513472	-0.851457	-0.106616	-0.313107	0.070225	0.947118	-0.798943	0.519701	-0.302656	-186.770996	-186.776001	627.853027	
-0.513472	-0.851457	-0.106616	-0.313107	0.070225	0.947118	-0.798943	0.519701	-0.302656	-186.770996	-186.776001	627.853027	
-0.662490	-0.512368	0.546430	0.382552	0.395752	0.834886	-0.644020	0.762142	-0.066175	-203.472351	-208.454224	670.406799	
-0.631677	-0.425225	0.648203	0.523292	0.383028	0.761220	-0.571969	0.820045	-0.019434	-203.858856	-212.762390	685.816101	
-0.630079	-0.351259	0.692544	0.616111	0.316715	0.721179	-0.472660	0.881084	0.016859	-202.937500	-218.682404	705.074463	
-0.567511	-0.240656	0.787411	0.745965	0.254522	0.615430	-0.348521	0.936645	0.035077	-195.674530	-218.662506	709.860413	
-0.452708	-0.144594	0.879857	0.842161	0.254860	0.475197	-0.292950	0.956107	0.006394	-189.724319	-218.482849	719.120361	
-0.410978	-0.070202	0.908938	0.886473	0.201901	0.416415	-0.212749	0.976887	-0.020744	-186.126556	-215.052689	728.829346	
-0.276939	0.021882	0.960639	0.950052	0.155947	0.270335	-0.143893	0.987524	-0.063977	-171.115479	-212.840652	728.860352	
-0.147992	0.103387	0.983570	0.984011	0.115044	0.135966	-0.099096	0.987966	-0.118760	-157.970245	-209.389420	746.170654	
-0.020704	0.184830	0.982553	0.998283	0.057677	0.010186	-0.054789	0.981077	-0.185706	-143.573792	-206.260193	755.088684	
0.135571	0.256343	0.957032	0.984977	0.069407	-0.158121	-0.106958	0.964091	-0.243082	-128.163116	-208.322479	758.805176	
0.211861	0.299463	0.930289	0.968924	0.059994	-0.239972	-0.127675	0.952220	-0.277447	-120.249168	-204.984543	763.544373	
0.323478	0.391772	0.861323	0.929756	0.037544	-0.366256	-0.175827	0.919296	-0.352108	-115.825417	-199.406647	794.756348	
0.463622	-0.035548	0.885320	0.787341	-0.441759	-0.430050	0.406385	0.896429	-0.176820	-77.000801	-167.643005	831.103027	
0.463622	-0.035548	0.885320	0.787341	-0.441759	-0.430050	0.406385	0.896429	-0.176820	-77.000801	-167.643005	831.103027	
0.463622	-0.035548	0.885320	0.787341	-0.441759	-0.430050	0.406385	0.896429	-0.176820	-77.000801	-167.643005	831.103027	
0.720003	-0.167241	0.673519	0.483243	-0.575730	-0.659554	0.498069	0.800354	-0.333709	-24.977709	-143.085434	862.740906	
0.790100	-0.238046	0.564869	0.341256	-0.594687	-0.727937	0.509203	0.767907	-0.388627	-6.322948	-130.024078	876.013489	
0.852950	-0.275570	0.443327	0.214522	-0.589205	-0.778984	0.475875	0.759538	-0.443447	3.302854	-115.472130	882.339478	
0.873677	-0.307707	0.376837	0.125949	-0.605112	-0.786114	0.469922	0.734272	-0.489917	11.731185	-109.195770	897.718811	
0.908751	-0.344109	0.236138	-0.009194	-0.582185	-0.813005	0.417238	0.736648	-0.532225	18.199354	-94.286865	922.967102	
0.927816	-0.362690	0.087266	-0.137517	-0.549991	-0.823771	0.346769	0.752307	-0.560166	26.133583	-78.798172	935.954834	
0.908309	-0.418238	0.007234	-0.233318	-0.520909	-0.821107	0.347187	0.744131	-0.570729	33.432575	-63.187992	955.997681	
0.871744	-0.486526	-0.057929	-0.325877	-0.487443	-0.810064	0.365881	0.725046	-0.583473	40.944710	-47.871086	975.431885	
0.840039	-0.523885	-0.140995	-0.420197	-0.463877	-0.779905	0.343177	0.714396	-0.609810	52.091972	-40.007042	1000.959351	
0.798082	-0.535923	-0.275414	-0.528502	-0.403067	-0.747144	0.289402	0.741838	-0.604917	61.161251	-24.926165	1005.217102	
0.740390	-0.589525	-0.322929	-0.589065	-0.337653	-0.734162	0.323769	0.733793	-0.597263	65.158928	-12.340622	997.961975	
0.661504	-0.649953	-0.374129	-0.653514	-0.254871	-0.712714	0.367877	0.715962	-0.593351	66.702110	0.303653	994.390442	
0.606939	-0.667530	-0.431309	-0.698916	-0.189959	-0.689517	0.378343	0.719944	-0.581841	68.350098	11.841239	999.289429	
0.556877	-0.674121	-0.485230	-0.745631	-0.148341	-0.649639	0.365956	0.723572	-0.585253	67.480537	23.326794	1002.291077	
0.508879	-0.670135	-0.540334	-0.783042	-0.099589	-0.613945	0.357615	0.735528	-0.575422	65.127411	27.948635	1006.961548	
0.462672	-0.659309	-0.592660	-0.816978	-0.057529	-0.573793	0.344212	0.749668	-0.565258	62.112106	38.911846	1021.487671	
0.392760	-0.600313	-0.696680	-0.860883	0.026442	-0.508115	0.323451	0.799328	-0.506414	54.656990	49.889046	1023.615540	
0.350800	-0.566841	-0.745406	-0.884486	0.060913	-0.462574	0.307611	0.821573	-0.479995	49.520695	60.417194	1029.890259	
0.314310	-0.521500	-0.793251	-0.899848	0.102566	-0.423976	0.302464	0.847065	-0.437033	39.274502	69.594841	1036.779785	
0.258336	-0.494203	-0.830075	-0.904751	0.177442	-0.387221	0.338657	0.851045	-0.401292	26.066109	78.447128	1046.642822	
0.208629	-0.453694	-0.866392	-0.911508	0.230855	-0.340382	0.354441	0.860737	-0.365383	18.418535	87.281158	1052.702759	
0.163351	-0.405773	-0.899257	-0.909358	0.291563	-0.296748	0.382603	0.866221	-0.321367	3.085147	90.258911	1055.723267	
0.104921	-0.312182	-0.944211	-0.908862	0.355307	-0.218467	0.403687	0.881079	-0.246452	-15.579326	94.411964	1067.303833	
0.072204	-0.261126	-0.962601	-0.896048	0.406891	-0.177590	0.438047	0.875359	-0.204603	-34.071732	95.111572	1064.901001	
0.036992	-0.146930	-0.988455	-0.891266	0.442513	-0.099133	0.451970	0.884643	-0.114585	-44.540630	96.133659	1067.264404	
0.018751	-0.097123	-0.995096	-0.871324	0.486529	-0.063905	0.490350	0.868249	-0.075503	-53.848186	96.713707	1066.192139	
-0.003420	0.010017	-0.999944	-0.856126	0.516703	0.008104	0.516756	0.856106	0.006808	-64.534523	98.131233	1074.629761	
-0.017461	0.145997	-0.989131	-0.840280	0.534003	0.093653	0.541872	0.832783	0.113353	-85.887672	97.543785	1073.842163	
-0.015187	0.222461	-0.974823	-0.820284	0.554716	0.139369	0.571754	0.801750	0.174056	-97.972359	96.522453	1076.921509	
-0.004903	0.346425	-0.938065	-0.802983	0.557719	0.210161	0.595982	0.754281	0.275439	-109.829872	94.735199	1085.054321	
-0.000873	0.401057	-0.916053	-0.804931	0.543275	0.238618	0.593368	0.737568	0.322349	-121.777092	92.337914	1096.490723	
0.015585	0.460764	-0.887386	-0.794234	0.544845	0.268954	0.607412	0.700601	0.374445	-134.093658	87.936584	1105.662354	
0.055398	0.507251	-0.860016	-0.758624	0.581398	0.294050	0.649170	0.636139	0.417021	-143.172195	81.402962	1108.848633	
0.098644	0.551227	-0.828504	-0.704586	0.626623	0.333019	0.702729	0.550902	0.450199	-148.959518	71.562355	1097.624634	
0.140815	0.598409	-0.788720	-0.659701	0.650740	0.375941	0.738218	0.467381	0.486404	-155.029099	66.916443	1089.961914	
0.185437	0.642710	-0.743329	-0.623066	0.661850	0.416825	0.759870	0.385848	0.523182	-161.076782	56.418266	1087.296753	
0.210725	0.689964	-0.692493	-0.606692	0.647767	0.460785	0.766498	0.323030	0.555096	-171.826904	45.262428	1082.451904	
0.281591	0.756658	-0.590065	-0.588044	0.622019	0.517007	0.758229	0.201400	0.620103	-180.509689	32.872078	1080.158325	
0.310190	0.807848	-0.501164	-0.586310	0.577534	0.568062	0.748346	0.117630	0.652795	-179.895096	27.162102	1062.081787	
0.345962	0.851395	-0.394256	-0.584666	0.524271	0.619117	0.733810	0.016317	0.679159	-180.589310	20.271145	1040.795044	
0.387982	0.882850	-0.264662	-0.587798	0.458194	0.666746	0.709904	-0.103118	0.696709	-181.882263	13.386268	1027.898193	
0.409711	0.899824	-0.149845	-0.603382	0.390518	0.695288	0.684154	-0.194454	0.702938	-181.359116	6.342880	1022.782715	
0.468476	0.883400	-0.011637	-0.622256	0.339281	0.705469	0.627159	-0.323255	0.708646	-179.576767	-0.521356	1015.307617	
0.484835	0.869471	0.094629	-0.662509	0.294468	0.688745	0.570979	-0.396621	0.718801	-186.750534	-13.298484	1040.487061	
0.521097	0.842877	0.134226	-0.648826	0.289031	0.703907	0.554511	-0.453894	0.697495	-173.103943	-20.951471	1001.807739	
0.523042	0.817889	0.239760	-0.682242	0.233160	0.692952	0.510855	-0.526018	0.679952	-164.995956	-35.096027	994.256165	
0.530151	0.794234	0.296869	-0.693989	0.205292	0.690097	0.487154	-0.571880	0.660027	-153.514893	-42.597820	976.073608	
0.553386	0.752658	0.356750	-0.706041	0.196646	0.680321	0.441895	-0.628360	0.640229	-141.938171	-49.126114	965.147400	
0.554330	0.724796	0.409133	-0.720398	0.171641	0.671987	0.416829	-0.667241	0.617288	-135.145706	-63.620777	961.361206	
