0.998255	-0.040970	0.042522	0.042830	0.998121	-0.043801	-0.040648	0.045546	0.998135	19.141140	4.248442	547.153687	
0.981255	-0.122696	0.148611	0.129675	0.990821	-0.038182	-0.142563	0.056738	0.988158	28.142063	7.868602	546.298645	
0.967107	-0.162938	0.195332	0.172142	0.984584	-0.030989	-0.187272	0.063594	0.980248	36.751537	15.890239	548.876526	
0.911644	-0.195054	0.361745	0.223139	0.974079	-0.037111	-0.345130	0.114551	0.931538	44.639751	18.753235	546.690735	
0.816653	-0.253115	0.518663	0.324437	0.944592	-0.049862	-0.477304	0.208993	0.853524	51.683681	25.118757	545.778137	
0.798976	-0.323228	0.507111	0.402178	0.914141	-0.050984	-0.447091	0.244683	0.860372	69.973557	26.492304	552.355652	
0.703548	-0.352729	0.616930	0.476659	0.878107	-0.041526	-0.527083	0.323281	0.785922	76.660980	29.957108	555.684753	
0.598934	-0.341899	0.724144	0.525728	0.849993	-0.033507	-0.604061	0.400771	0.688835	83.659859	30.876549	560.628418	
0.535484	-0.344968	0.770879	0.569928	0.821204	-0.028406	-0.623250	0.454556	0.636348	89.157440	31.526220	562.826782	
0.443734	-0.311825	0.840158	0.618052	0.785361	-0.034941	-0.648932	0.534765	0.541215	99.208214	31.262392	568.433044	
0.371028	-0.322179	0.870942	0.694511	0.718859	-0.029946	-0.616436	0.615989	0.490473	103.340858	29.827738	577.560852	
0.266863	-0.278255	0.922691	0.769944	0.637384	-0.030469	-0.579630	0.718552	0.384335	106.418564	27.173485	580.679077	
0.206193	-0.257362	0.944060	0.836467	0.546987	-0.033578	-0.507747	0.796599	0.328060	108.759239	25.469124	590.804749	
0.127491	-0.175951	0.976109	0.868924	0.494344	-0.024382	-0.478243	0.851273	0.215912	110.290665	20.984211	602.135803	
0.080947	-0.130328	0.988161	0.916600	0.399175	-0.022438	-0.391525	0.907565	0.151771	110.374763	14.605509	603.567505	
0.051856	-0.073626	0.995937	0.941866	0.335111	-0.024266	-0.331963	0.939298	0.086723	108.319756	7.355722	604.755920	
0.024510	-0.017938	0.999539	0.959522	0.281027	-0.018485	-0.280566	0.959532	0.024100	104.556290	3.655432	613.506775	
0.002179	0.036017	0.999349	0.984150	0.177133	-0.008529	-0.177325	0.983528	-0.035060	101.353218	-5.037187	619.357056	
-0.014919	0.097740	0.995101	0.995978	0.089388	0.006153	-0.088349	0.991190	-0.098681	97.886101	-12.651152	624.451782	
-0.025545	0.108757	0.993741	0.999384	-0.021174	0.028008	0.024088	0.993843	-0.108149	85.744438	-23.812281	634.323242	
-0.085134	0.061332	0.994480	0.991701	0.101726	0.078622	-0.096342	0.992920	-0.069484	68.450874	-17.717447	624.768616	
0.009043	0.344257	0.938832	0.967480	-0.240354	0.078815	0.252784	0.907589	-0.335236	75.077698	-37.812901	659.747009	
0.009043	0.344257	0.938832	0.967480	-0.240354	0.078815	0.252784	0.907589	-0.335236	75.077698	-37.812901	659.747009	
0.009043	0.344257	0.938832	0.967480	-0.240354	0.078815	0.252784	0.907589	-0.335236	75.077698	-37.812901	659.747009	
0.101117	0.562942	0.820287	0.903959	-0.396332	0.160560	0.415492	0.725271	-0.548952	50.754128	-69.496849	701.288330	
0.182877	0.621220	0.761998	0.881876	-0.446254	0.152161	0.434570	0.644161	-0.629448	31.506409	-82.556297	707.097778	
0.248566	0.670105	0.699409	0.849972	-0.497171	0.174264	0.464502	0.551163	-0.693151	13.401912	-95.003120	721.875977	
0.313503	0.730554	0.606635	0.786491	-0.557750	0.265232	0.532117	0.393963	-0.749430	3.943785	-103.471985	753.111450	
0.356217	0.706383	0.611662	0.771693	-0.591506	0.233690	0.526877	0.388771	-0.755816	-5.111027	-108.736069	740.936951	
0.499726	0.725273	0.473553	0.755293	-0.632504	0.171676	0.424036	0.271880	-0.863872	-14.670082	-123.446617	755.618835	
0.603544	0.758418	0.246041	0.737882	-0.648206	0.188043	0.302101	0.068057	-0.950844	-24.418852	-140.273468	766.954956	
0.690076	0.682392	0.241113	0.694385	-0.718182	0.045221	0.204022	0.136220	-0.969443	-33.458221	-146.492310	784.408752	
0.753847	0.618646	0.221341	0.653282	-0.741744	-0.151790	0.070274	0.259025	-0.963311	-46.622139	-169.043213	822.682922	
0.818788	0.515705	0.252258	0.573758	-0.750154	-0.328742	0.019698	0.413905	-0.910107	-59.235542	-185.571716	843.322388	
0.795914	0.603449	-0.048680	0.499085	-0.608492	0.616970	0.342688	-0.515351	-0.785480	-56.546001	-181.697998	814.794983	
0.795914	0.603449	-0.048680	0.499085	-0.608492	0.616970	0.342688	-0.515351	-0.785480	-56.546001	-181.697998	814.794983	
0.795914	0.603449	-0.048680	0.499085	-0.608492	0.616970	0.342688	-0.515351	-0.785480	-56.546001	-181.697998	814.794983	
0.858624	0.448739	-0.247785	0.475197	-0.515524	0.713038	0.192228	-0.729979	-0.655881	-94.266068	-213.682297	834.213806	
0.871193	0.391835	-0.295784	0.472275	-0.504341	0.722908	0.134085	-0.769485	-0.624432	-104.021286	-218.878830	852.195068	
0.879786	0.290164	-0.376537	0.474652	-0.492742	0.729322	0.026087	-0.820372	-0.571235	-110.703560	-224.474426	871.794922	
0.890240	0.175329	-0.420394	0.448190	-0.501760	0.739839	-0.081222	-0.847052	-0.525268	-114.008087	-233.363907	891.290588	
0.854739	0.106437	-0.508027	0.493329	-0.470904	0.731352	-0.161389	-0.875740	-0.455008	-115.454811	-235.550659	891.052185	
0.836267	0.062075	-0.544797	0.511076	-0.448185	0.733438	-0.198642	-0.891783	-0.406527	-116.290405	-239.125778	903.064819	
0.779177	0.003856	-0.626792	0.570789	-0.417571	0.706990	-0.259005	-0.908636	-0.327563	-114.833122	-242.466293	910.842834	
0.717547	-0.037646	-0.695491	0.623273	-0.411004	0.665287	-0.310895	-0.910856	-0.271451	-114.251862	-249.462524	927.426941	
0.684202	-0.077633	-0.725148	0.660140	-0.356686	0.661052	-0.309969	-0.930994	-0.192797	-109.969917	-243.692993	904.888916	
0.613678	-0.111750	-0.781608	0.696367	-0.389951	0.602504	-0.372119	-0.914030	-0.161485	-106.177040	-245.381424	914.452393	
0.575884	-0.163299	-0.801055	0.683184	-0.442039	0.581258	-0.449016	-0.882007	-0.143000	-97.280289	-249.182266	948.291931	
0.519366	-0.221517	-0.825341	0.649618	-0.525153	0.549737	-0.555207	-0.821672	-0.128846	-91.917137	-248.541641	958.952148	
0.479547	-0.234155	-0.845698	0.667186	-0.528715	0.524713	-0.569997	-0.815863	-0.097319	-80.043694	-246.874237	966.930481	
0.452029	-0.262658	-0.852455	0.634582	-0.576926	0.514260	-0.626877	-0.773414	-0.094110	-70.264488	-235.060699	949.671082	
0.363080	-0.283520	-0.887575	0.645200	-0.610748	0.459025	-0.672227	-0.739327	-0.038823	-58.836365	-239.300659	988.327087	
0.296609	-0.258591	-0.919322	0.651504	-0.649056	0.392770	-0.698259	-0.715442	-0.024043	-47.291691	-224.464600	969.540222	
0.240813	-0.213816	-0.946727	0.709516	-0.626801	0.322037	-0.662266	-0.749269	0.000764	-38.587307	-217.544022	977.377563	
0.181112	-0.199107	-0.963096	0.674821	-0.687218	0.268974	-0.715412	-0.698633	0.009898	-29.719559	-212.356918	994.642029	
0.124800	-0.157076	-0.979669	0.665068	-0.719480	0.200082	-0.736280	-0.676517	0.014675	-19.182825	-198.277908	977.678955	
0.112156	-0.129146	-0.985262	0.644795	-0.744971	0.171049	-0.756082	-0.654477	-0.000280	-9.566343	-184.141373	972.668396	
0.050254	-0.061339	-0.996851	0.691130	-0.718394	0.079047	-0.720980	-0.692927	0.006291	7.923220	-179.012299	993.371643	
0.020030	0.005964	-0.999781	0.649188	-0.760581	0.008470	-0.760364	-0.649216	-0.019106	16.639986	-169.580551	999.475037	
-0.017013	0.068260	-0.997522	0.657409	-0.750929	-0.062599	-0.753342	-0.656845	-0.032099	26.560699	-163.503998	1023.919983	
-0.017013	0.068260	-0.997522	0.657409	-0.750929	-0.062599	-0.753342	-0.656845	-0.032099	26.560699	-163.503998	1023.919983	
-0.017013	0.068260	-0.997522	0.657409	-0.750929	-0.062599	-0.753342	-0.656845	-0.032099	26.560699	-163.503998	1023.919983	
0.017511	0.273059	-0.961838	0.600388	-0.772114	-0.208267	-0.799517	-0.573828	-0.177462	68.788132	-117.512108	1004.744141	
0.052018	0.305750	-0.950691	0.579780	-0.784361	-0.220533	-0.813111	-0.539719	-0.218069	75.685562	-110.287460	1000.078674	
0.079382	0.320491	-0.943920	0.559208	-0.798197	-0.223985	-0.825218	-0.510067	-0.242584	88.997200	-103.939331	1004.984009	
0.113981	0.366689	-0.923336	0.583050	-0.777198	-0.236678	-0.804400	-0.511374	-0.302384	100.072777	-96.807877	1000.357605	
0.191374	0.407366	-0.892989	0.486848	-0.829393	-0.274020	-0.852265	-0.382309	-0.357050	113.906540	-84.597466	1022.327698	
0.265024	0.419830	-0.868047	0.468742	-0.842803	-0.264509	-0.842641	-0.336788	-0.420155	116.783112	-68.005898	1005.642395	
0.336246	0.420977	-0.842448	0.414598	-0.869355	-0.268945	-0.845605	-0.258845	-0.466853	119.953224	-53.837788	1006.736755	
0.424512	0.389359	-0.817429	0.394991	-0.892015	-0.219756	-0.814722	-0.229588	-0.532465	124.728149	-45.379440	1015.120728	
0.512117	0.341028	-0.788313	0.377626	-0.913734	-0.149966	-0.771450	-0.220886	-0.596720	126.287560	-29.334576	1012.415771	
0.545541	0.295666	-0.784199	0.356265	-0.928765	-0.102330	-0.758591	-0.223557	-0.612015	125.899216	-14.197744	1009.960815	
0.619342	0.238584	-0.747993	0.278310	-0.957560	-0.074986	-0.734138	-0.161731	-0.659458	123.547394	0.412159	1004.792114	
0.651665	0.222913	-0.725013	0.253490	-0.964887	-0.068819	-0.714896	-0.138936	-0.685290	119.134598	6.037907	995.303406	
0.688360	0.148656	-0.709974	0.172481	-0.984247	-0.038854	-0.704565	-0.095710	-0.703157	114.896759	11.990778	983.471863	
0.754049	0.084739	-0.651329	0.173439	-0.982135	0.073015	-0.633505	-0.168022	-0.755275	107.960533	25.989403	967.661438	
0.850458	0.054504	-0.523212	0.118137	-0.989002	0.088999	-0.512606	-0.137500	-0.847543	99.412415	31.413029	961.968445	
0.889500	-0.014167	-0.456717	0.035975	-0.994246	0.100904	-0.455518	-0.106184	-0.883872	93.168533	35.370552	968.969971	
0.924783	-0.077215	-0.372579	-0.036087	-0.992578	0.116133	-0.378781	-0.093952	-0.920706	80.101501	42.373711	960.099365	
0.896389	-0.092413	-0.433529	-0.049208	-0.992728	0.109869	-0.440529	-0.077152	-0.894417	69.896667	49.289459	971.239441	
0.872778	-0.155835	-0.462574	-0.057785	-0.973991	0.219097	-0.484685	-0.164492	-0.859083	52.868099	53.231411	976.586548	
0.871261	-0.206060	-0.445471	-0.034291	-0.930942	0.363556	-0.489621	-0.301476	-0.818159	31.860991	52.871071	927.274780	
0.822963	-0.342346	-0.453357	-0.162356	-0.906477	0.389795	-0.544402	-0.247181	-0.801579	13.809553	54.912323	916.226685	
0.773456	-0.462213	-0.433735	-0.238881	-0.846392	0.475979	-0.587113	-0.264537	-0.765062	4.268356	53.685204	888.679993	
0.713863	-0.573026	-0.402545	-0.339711	-0.786029	0.516483	-0.612370	-0.231948	-0.755781	-14.524459	54.844536	886.366638	
0.631460	-0.669217	-0.391674	-0.382038	-0.708064	0.593879	-0.674763	-0.225377	-0.702780	-34.583397	53.309608	877.745972	
0.560997	-0.748447	-0.353709	-0.405020	-0.620803	0.671240	-0.721970	-0.233304	-0.651405	-53.001225	52.480862	876.585938	
0.464289	-0.830550	-0.307609	-0.417889	-0.511650	0.750722	-0.780899	-0.220005	-0.584631	-72.168816	49.307266	874.491333	
0.414479	-0.869988	-0.267076	-0.424269	-0.444349	0.789019	-0.805110	-0.213719	-0.553282	-80.354927	43.753387	866.158264	
0.361241	-0.904077	-0.228365	-0.374867	-0.365043	0.852185	-0.853803	-0.222237	-0.470777	-88.031532	37.917812	845.455383	
0.266553	-0.949549	-0.165246	-0.388549	-0.262765	0.883168	-0.882031	-0.171205	-0.438987	-100.759499	32.349613	814.866089	
0.110703	-0.974207	-0.196634	-0.297677	-0.221269	0.928670	-0.948227	-0.044274	-0.314494	-122.263000	31.504999	817.564026	
0.110703	-0.974207	-0.196634	-0.297677	-0.221269	0.928670	-0.948227	-0.044274	-0.314494	-122.263000	31.504999	817.564026	
0.110703	-0.974207	-0.196634	-0.297677	-0.221269	0.928670	-0.948227	-0.044274	-0.314494	-122.263000	31.504999	817.564026	
-0.245984	-0.960106	-0.132994	-0.014775	-0.133480	0.990941	-0.969161	0.245721	0.018648	-152.506073	14.753351	770.483276	
-0.343662	-0.931645	-0.118040	0.077601	-0.153439	0.985106	-0.935882	0.329384	0.125027	-162.566437	8.104226	768.103516	
-0.373062	-0.921686	-0.106389	0.140609	-0.169508	0.975446	-0.917090	0.348943	0.192835	-166.326385	1.388790	759.946167	
-0.477637	-0.873179	-0.097060	0.215520	-0.223554	0.950565	-0.851713	0.433107	0.294965	-168.529816	-12.497259	739.147949	
-0.534245	-0.840924	-0.086187	0.299623	-0.283712	0.910897	-0.790448	0.460819	0.403532	-171.394058	-26.214495	730.359680	
-0.644756	-0.762059	-0.059620	0.312601	-0.334050	0.889208	-0.697546	0.554685	0.453602	-171.652161	-34.061493	726.119019	
-0.696679	-0.715743	-0.048472	0.331984	-0.381564	0.862668	-0.635945	0.584910	0.503442	-169.986618	-41.132725	719.583496	
-0.785978	-0.617657	-0.027163	0.350791	-0.481703	0.803061	-0.509102	0.621661	0.595276	-169.628891	-48.188702	716.268372	
-0.860390	-0.509276	-0.019141	0.314256	-0.559734	0.766773	-0.401214	0.653709	0.641632	-162.610748	-63.912365	697.931580	
-0.918481	-0.395269	-0.012438	0.258360	-0.623566	0.737845	-0.299404	0.674483	0.674855	-160.269211	-71.534798	684.667847	
-0.964697	-0.263238	-0.008147	0.196725	-0.740818	0.642252	-0.175102	0.617976	0.766450	-157.098007	-88.588226	683.264832	
-0.979934	-0.199316	-0.001884	0.163430	-0.808836	0.564866	-0.114111	0.553224	0.825180	-145.081192	-95.807343	673.876709	
-0.987148	-0.156204	-0.033757	0.122401	-0.874819	0.468731	-0.102749	0.458576	0.882695	-132.548294	-111.276802	670.863342	
-0.999337	-0.012250	-0.034303	-0.000166	-0.940205	0.340610	-0.036424	0.340390	0.939578	-119.217293	-119.275208	666.773376	
-0.989797	0.142226	0.008585	-0.136721	-0.964999	0.223795	0.040114	0.220338	0.974598	-110.651253	-126.747749	661.335266	
-0.974519	0.217579	0.054521	-0.204452	-0.961604	0.183079	0.092261	0.167267	0.981585	-91.893471	-133.020447	644.345764	
-0.956418	0.283918	0.068233	-0.271851	-0.951066	0.146870	0.106593	0.121920	0.986799	-82.848595	-139.493835	632.628662	
-0.909018	0.412936	0.056310	-0.406094	-0.908005	0.103025	0.093672	0.070785	0.993083	-72.359421	-145.122650	620.462097	
-0.877791	0.474642	0.064796	-0.475360	-0.879778	0.004822	0.059295	-0.026569	0.997887	-62.389584	-156.241104	608.882019	
-0.843697	0.532489	0.068056	-0.536007	-0.842597	-0.052223	0.029536	-0.080539	0.996313	-52.437157	-161.450958	602.413879	
-0.761222	0.647229	0.040467	-0.648490	-0.759585	-0.049916	-0.001569	-0.064239	0.997933	-32.584183	-171.601624	599.974854	
-0.669249	0.742958	-0.010977	-0.742688	-0.669313	-0.020827	-0.022821	-0.005786	0.999722	-23.046112	-176.678421	602.216064	
-0.579844	0.804132	-0.130972	-0.813877	-0.564362	0.138197	0.037212	0.186728	0.981706	-7.706810	-185.981262	607.190430	
-0.472814	0.867248	-0.155976	-0.879296	-0.452846	0.147546	0.057325	0.206911	0.976678	9.530800	-197.451004	618.507263	
-0.340322	0.923847	-0.175181	-0.940241	-0.332110	0.075158	0.011255	0.190290	0.981663	18.974197	-207.307755	621.198486	
-0.177803	0.983972	0.013633	-0.673159	-0.111511	-0.731042	-0.717804	-0.139159	0.682196	30.762600	-193.748993	574.645020	
-0.177803	0.983972	0.013633	-0.673159	-0.111511	-0.731042	-0.717804	-0.139159	0.682196	30.762600	-193.748993	574.645020	
-0.177803	0.983972	0.013633	-0.673159	-0.111511	-0.731042	-0.717804	-0.139159	0.682196	30.762600	-193.748993	574.645020	
-0.177803	0.983972	0.013633	-0.673159	-0.111511	-0.731042	-0.717804	-0.139159	0.682196	30.762600	-193.748993	574.645020	
-0.177803	0.983972	0.013633	-0.673159	-0.111511	-0.731042	-0.717804	-0.139159	0.682196	30.762600	-193.748993	574.645020	
-0.177803	0.983972	0.013633	-0.673159	-0.111511	-0.731042	-0.717804	-0.139159	0.682196	30.762600	-193.748993	574.645020	
0.368331	0.928777	-0.041275	-0.162010	0.020406	-0.986578	-0.915470	0.370075	0.157987	78.597427	-186.481644	561.074341	
0.508353	0.859670	-0.050434	-0.049827	-0.029105	-0.998333	-0.859706	0.510019	0.028039	80.156784	-182.945862	559.166016	
0.511882	0.857486	-0.051889	0.073980	-0.104180	-0.991803	-0.855864	0.503848	-0.116765	78.019569	-177.533936	565.625854	
0.581424	0.809577	-0.080808	0.064367	-0.144781	-0.987367	-0.811050	0.568879	-0.136290	78.656647	-175.077011	563.695801	
0.677280	0.729059	-0.098809	0.089722	-0.215146	-0.972451	-0.730234	0.649757	-0.211128	77.577515	-166.027435	564.304443	
0.789000	0.607058	-0.094647	0.144260	-0.332789	-0.931901	-0.597217	0.721617	-0.350145	72.780266	-159.847595	566.172974	
0.808278	0.579313	-0.105269	0.208486	-0.448792	-0.868975	-0.550653	0.680427	-0.483528	66.411087	-156.060226	571.857971	
0.851034	0.511822	-0.117377	0.193964	-0.514121	-0.835498	-0.487973	0.688271	-0.536810	61.345154	-151.609818	579.695312	
0.880476	0.452465	-0.141548	0.201102	-0.626826	-0.752759	-0.429324	0.634321	-0.642898	55.781479	-138.399155	578.879028	
0.937093	0.320045	-0.139380	0.149152	-0.728090	-0.669057	-0.315610	0.606180	-0.730024	43.225677	-131.701660	587.352356	
0.954912	0.256488	-0.149518	0.111952	-0.777525	-0.618806	-0.274971	0.574167	-0.771182	28.107985	-124.925301	592.669739	
0.974862	0.185948	-0.122745	0.091664	-0.836835	-0.539727	-0.203080	0.514908	-0.832843	20.198584	-117.225067	605.857361	
0.981566	0.065699	-0.179476	-0.032875	-0.867024	-0.497180	-0.188275	0.493915	-0.848881	2.631187	-109.467102	608.307739	
0.977479	-0.006065	-0.210945	-0.093287	-0.909034	-0.406145	-0.189294	0.416676	-0.889127	-15.088303	-96.651550	619.571472	
0.960747	-0.129333	-0.245434	-0.197014	-0.940930	-0.275380	-0.195322	0.312924	-0.929477	-34.489586	-89.356384	620.744263	
0.944675	-0.246706	-0.216162	-0.291865	-0.932955	-0.210731	-0.149681	0.262162	-0.953344	-43.868534	-75.013245	625.980591	
0.883820	-0.376424	-0.277792	-0.399534	-0.916239	-0.029597	-0.243384	0.137145	-0.960185	-53.437969	-67.618629	646.179932	
0.828507	-0.433984	-0.353884	-0.426612	-0.898534	0.103135	-0.362737	0.065523	-0.929585	-73.744507	-53.154537	652.204895	
0.751709	-0.539953	-0.378663	-0.510989	-0.839843	0.183174	-0.416924	0.055799	-0.907227	-93.146683	-45.733383	655.794312	
0.705406	-0.645150	-0.293572	-0.603559	-0.763887	0.228453	-0.371642	0.016036	-0.928237	-109.975578	-40.432350	675.923157	
0.674538	-0.681041	-0.284923	-0.576380	-0.726998	0.373173	-0.461285	-0.087495	-0.882927	-125.498909	-34.673721	684.865845	
0.634687	-0.725450	-0.266263	-0.583122	-0.675697	0.450999	-0.507091	-0.130979	-0.851882	-129.362213	-23.716602	680.840637	
0.515048	-0.750504	-0.414088	-0.596787	-0.660744	0.455259	-0.615281	0.012642	-0.788206	-141.799225	-11.120192	694.937988	
0.325909	-0.740159	-0.588174	-0.563796	-0.651568	0.507535	-0.758893	0.166200	-0.629650	-156.843063	-2.075269	707.332764	
0.215815	-0.754286	-0.620062	-0.541032	-0.621007	0.567127	-0.812839	0.213079	-0.542115	-170.930862	3.345580	713.527039	
0.156588	-0.728422	-0.666994	-0.456385	-0.652266	0.605194	-0.875895	0.209641	-0.434578	-182.936722	9.791096	727.204895	
0.091091	-0.709881	-0.698407	-0.446480	-0.655997	0.608541	-0.890145	0.256393	-0.376703	-189.191101	21.195498	743.525513	
0.033868	-0.660840	-0.749762	-0.364325	-0.706735	0.606459	-0.930656	0.252618	-0.264696	-193.107407	29.947460	747.071167	
-0.101571	-0.622540	-0.775969	-0.328647	-0.715212	0.616815	-0.938975	0.317671	-0.131950	-198.874008	36.496922	772.021240	
-0.159261	-0.601612	-0.782750	-0.386795	-0.691456	0.610144	-0.908309	0.399937	-0.122578	-200.053726	38.469620	771.005310	
-0.187881	-0.566084	-0.802651	-0.317344	-0.738387	0.595043	-0.929513	0.366514	-0.040914	-202.788589	41.600418	797.562012	
-0.266155	-0.521062	-0.810959	-0.300653	-0.754460	0.583434	-0.915843	0.399102	0.044146	-202.278427	42.847225	803.796692	
-0.301476	-0.482892	-0.822148	-0.284609	-0.777379	0.560961	-0.910005	0.403108	0.096927	-202.434326	47.358643	838.244995	
-0.323863	-0.470384	-0.820885	-0.276025	-0.782923	0.557530	-0.904944	0.407149	0.123722	-192.165100	45.876842	816.067993	
-0.304941	-0.404095	-0.862391	-0.287989	-0.824001	0.487939	-0.907785	0.397151	0.134897	-181.865997	43.062599	820.690002	
-0.304941	-0.404095	-0.862391	-0.287989	-0.824001	0.487939	-0.907785	0.397151	0.134897	-181.865997	43.062599	820.690002	
-0.304941	-0.404095	-0.862391	-0.287989	-0.824001	0.487939	-0.907785	0.397151	0.134897	-181.865997	43.062599	820.690002	
-0.304941	-0.404095	-0.862391	-0.287989	-0.824001	0.487939	-0.907785	0.397151	0.134897	-181.865997	43.062599	820.690002	
-0.295150	-0.186244	-0.937124	-0.263101	-0.927055	0.267107	-0.918513	0.325395	0.224619	-146.010178	37.047459	878.846863	
-0.257576	-0.118184	-0.959003	-0.340209	-0.917846	0.204489	-0.904385	0.378933	0.196208	-137.984131	31.715034	897.524353	
-0.291837	-0.061852	-0.954466	-0.256514	-0.956288	0.140402	-0.921430	0.285809	0.263214	-125.727661	28.283421	937.816040	
-0.269816	-0.037788	-0.962170	-0.206246	-0.973771	0.096081	-0.940565	0.224368	0.254945	-104.850418	19.550650	932.557007	
-0.172260	-0.037466	-0.984339	-0.216843	-0.973321	0.074995	-0.960888	0.226366	0.159541	-83.325623	15.607872	936.093506	
-0.145497	-0.024090	-0.989065	-0.213332	-0.975422	0.055140	-0.966085	0.219023	0.136782	-63.215786	4.800660	949.496033	
-0.145604	-0.025084	-0.989025	-0.269583	-0.960844	0.064058	-0.951906	0.275951	0.133141	-40.929085	0.384487	923.523926	
-0.076211	-0.031301	-0.996600	-0.318937	-0.946230	0.054109	-0.944707	0.321977	0.062131	-28.480499	-3.728333	924.736145	
0.140780	-0.044637	-0.989034	-0.148848	-0.988582	0.023430	-0.978788	0.143918	-0.145817	-15.621933	-9.440521	927.445679	
0.153534	-0.048433	-0.986956	-0.282491	-0.959265	0.003129	-0.946903	0.278326	-0.160962	-1.158590	-22.189899	973.940002	
0.153534	-0.048433	-0.986956	-0.282491	-0.959265	0.003129	-0.946903	0.278326	-0.160962	-1.158590	-22.189899	973.940002	
0.153534	-0.048433	-0.986956	-0.282491	-0.959265	0.003129	-0.946903	0.278326	-0.160962	-1.158590	-22.189899	973.940002	
0.153534	-0.048433	-0.986956	-0.282491	-0.959265	0.003129	-0.946903	0.278326	-0.160962	-1.158590	-22.189899	973.940002	
0.342418	-0.282300	-0.896134	-0.295141	-0.937831	0.182660	-0.891988	0.201940	-0.404448	52.454048	-61.507053	998.316162	
0.301872	-0.309140	-0.901835	-0.208962	-0.944418	0.253791	-0.930166	0.111837	-0.349691	64.185486	-67.442566	1031.523804	
0.265976	-0.377537	-0.886974	-0.269004	-0.912634	0.307793	-0.925686	0.156735	-0.344297	77.888321	-82.987816	1048.129883	
0.281197	-0.491337	-0.824328	-0.365118	-0.849164	0.381590	-0.887478	0.193675	-0.418177	89.325768	-91.080589	1037.065674	
0.210166	-0.545357	-0.811429	-0.376026	-0.811212	0.447817	-0.902461	0.211003	-0.375557	93.554703	-106.104774	1037.041748	
0.128768	-0.599220	-0.790161	-0.426565	-0.752783	0.501359	-0.895244	0.272497	-0.352540	95.570084	-113.390266	1032.218140	
0.080756	-0.663328	-0.743959	-0.425984	-0.697765	0.575900	-0.901120	0.270407	-0.338915	99.439095	-122.382851	1055.166992	
0.016843	-0.693832	-0.719940	-0.397207	-0.665429	0.632005	-0.917575	0.275320	-0.286802	93.584610	-130.917145	996.322998	
-0.005432	-0.763349	-0.645964	-0.447656	-0.575775	0.684169	-0.894189	0.292886	-0.338590	101.602997	-148.145004	1029.920044	
-0.005432	-0.763349	-0.645964	-0.447656	-0.575775	0.684169	-0.894189	0.292886	-0.338590	101.602997	-148.145004	1029.920044	
-0.005432	-0.763349	-0.645964	-0.447656	-0.575775	0.684169	-0.894189	0.292886	-0.338590	101.602997	-148.145004	1029.920044	
-0.005432	-0.763349	-0.645964	-0.447656	-0.575775	0.684169	-0.894189	0.292886	-0.338590	101.602997	-148.145004	1029.920044	
-0.005432	-0.763349	-0.645964	-0.447656	-0.575775	0.684169	-0.894189	0.292886	-0.338590	101.602997	-148.145004	1029.920044	
-0.005432	-0.763349	-0.645964	-0.447656	-0.575775	0.684169	-0.894189	0.292886	-0.338590	101.602997	-148.145004	1029.920044	
-0.534626	-0.757517	-0.374623	-0.096555	-0.385639	0.917584	-0.839555	0.526736	0.133031	61.846878	-191.144775	1010.312195	
-0.651333	-0.702585	-0.286600	0.011194	-0.386562	0.922195	-0.758709	0.597449	0.259645	55.269520	-195.856323	1010.119507	
-0.719217	-0.667090	-0.194211	0.099352	-0.375400	0.921522	-0.687645	0.643480	0.336271	50.840790	-202.901825	1012.328247	
-0.810705	-0.579113	-0.085936	0.169495	-0.372665	0.912355	-0.560382	0.725086	0.400278	43.382797	-207.691345	1021.038574	
-0.891441	-0.452989	0.011598	0.238416	-0.447109	0.862120	-0.385345	0.771294	0.506571	32.372730	-210.057190	1010.012207	
-0.945232	-0.317647	0.075080	0.252571	-0.566117	0.784677	-0.206746	0.760665	0.615340	12.420723	-211.935440	1000.072571	
-0.962809	-0.229851	0.142012	0.258018	-0.626264	0.735676	-0.080159	0.744957	0.662279	3.735560	-213.927567	1000.444397	
-0.961352	-0.082175	0.262773	0.250087	-0.659794	0.708610	0.115145	0.746940	0.654845	-6.433321	-209.786301	968.767944	
-0.966421	-0.129205	0.222119	0.244479	-0.728479	0.639960	0.079123	0.672774	0.735605	-27.657499	-214.714996	997.322021	
-0.966421	-0.129205	0.222119	0.244479	-0.728479	0.639960	0.079123	0.672774	0.735605	-27.657499	-214.714996	997.322021	
-0.966421	-0.129205	0.222119	0.244479	-0.728479	0.639960	0.079123	0.672774	0.735605	-27.657499	-214.714996	997.322021	
-0.966421	-0.129205	0.222119	0.244479	-0.728479	0.639960	0.079123	0.672774	0.735605	-27.657499	-214.714996	997.322021	
-0.794442	0.252434	0.552394	-0.106070	-0.953219	0.283057	0.598006	0.166279	0.784053	-76.977676	-205.719437	959.145935	
-0.738765	0.346587	0.578018	-0.298468	-0.937199	0.180485	0.604271	-0.039184	0.795814	-95.349693	-200.283371	961.481934	
-0.671125	0.365568	0.644942	-0.395571	-0.912354	0.105513	0.626988	-0.184309	0.756912	-103.919846	-197.358261	949.666077	
-0.677952	0.339745	0.651885	-0.562642	-0.810528	-0.162715	0.473090	-0.477092	0.740654	-122.534149	-197.289963	987.213623	
-0.472770	0.439047	0.764020	-0.700381	-0.713384	-0.023443	0.534747	-0.546188	0.644767	-124.757004	-184.682999	938.528992	
-0.472770	0.439047	0.764020	-0.700381	-0.713384	-0.023443	0.534747	-0.546188	0.644767	-124.757004	-184.682999	938.528992	
-0.472770	0.439047	0.764020	-0.700381	-0.713384	-0.023443	0.534747	-0.546188	0.644767	-124.757004	-184.682999	938.528992	
-0.472770	0.439047	0.764020	-0.700381	-0.713384	-0.023443	0.534747	-0.546188	0.644767	-124.757004	-184.682999	938.528992	
-0.177777	0.377493	0.908787	-0.983791	-0.046137	-0.173285	-0.023485	-0.924863	0.379576	-146.349442	-137.969589	911.962402	
-0.107124	0.287107	0.951890	-0.977067	0.146806	-0.154236	-0.184025	-0.946583	0.264796	-146.229263	-123.210060	887.970276	
-0.049364	0.179448	0.982528	-0.928754	0.353612	-0.111245	-0.367396	-0.918018	0.149208	-146.973007	-109.889000	877.226990	
-0.049364	0.179448	0.982528	-0.928754	0.353612	-0.111245	-0.367396	-0.918018	0.149208	-146.973007	-109.889000	877.226990	
-0.049364	0.179448	0.982528	-0.928754	0.353612	-0.111245	-0.367396	-0.918018	0.149208	-146.973007	-109.889000	877.226990	
-0.049364	0.179448	0.982528	-0.928754	0.353612	-0.111245	-0.367396	-0.918018	0.149208	-146.973007	-109.889000	877.226990	
-0.014180	-0.110045	0.993825	-0.523346	0.847729	0.086400	-0.852002	-0.518890	-0.069612	-129.678177	-72.029350	828.358398	
-0.035669	-0.238694	0.970440	-0.358636	0.909433	0.210506	-0.932795	-0.340526	-0.118042	-120.021072	-63.812515	814.325684	
-0.060724	-0.287045	0.955991	-0.252914	0.930928	0.263455	-0.965581	-0.225785	-0.129127	-113.273613	-55.636803	805.683899	
-0.112640	-0.384754	0.916121	-0.155883	0.917414	0.366130	-0.981332	-0.101567	-0.163314	-106.923744	-41.992844	806.053650	
-0.154219	-0.421236	0.893743	-0.058884	0.906875	0.417264	-0.986280	0.011723	-0.164662	-98.902779	-27.971256	797.619873	
-0.194515	-0.464753	0.863811	0.093744	0.867792	0.488004	-0.976409	0.175902	-0.125231	-82.218803	-13.141675	779.724609	
-0.274550	-0.484491	0.830597	0.286074	0.783522	0.551592	-0.918032	0.389052	-0.076516	-72.687325	-6.231657	771.433167	
-0.323546	-0.512058	0.795686	0.366221	0.707610	0.604292	-0.872468	0.486913	-0.041419	-63.438416	1.507028	762.114319	
-0.385403	-0.524986	0.758851	0.488463	0.581634	0.650465	-0.782858	0.621362	0.032272	-53.605618	9.954182	743.903076	
-0.468496	-0.531535	0.705678	0.518648	0.481156	0.706748	-0.715202	0.697108	0.050260	-34.361343	22.444506	724.777405	
-0.600258	-0.509690	0.616365	0.550984	0.295086	0.780602	-0.579746	0.808171	0.103703	-27.810289	33.168819	694.944702	
-0.608865	-0.592111	0.527909	0.569595	0.136860	0.810450	-0.552127	0.794149	0.253934	-13.332766	34.798954	703.258667	
-0.690386	-0.533202	0.488940	0.597991	-0.040235	0.800492	-0.407152	0.845030	0.346628	-2.567265	42.351986	694.042236	
-0.750329	-0.512764	0.417226	0.558655	-0.154416	0.814898	-0.353424	0.844528	0.402321	7.610303	47.411369	686.557434	
-0.825592	-0.442238	0.350459	0.511823	-0.325436	0.795065	-0.237557	0.835773	0.495025	17.051125	51.476414	674.796448	
-0.898989	-0.398303	0.182131	0.372230	-0.475723	0.796952	-0.230785	0.784246	0.575930	33.227028	54.208866	651.619446	
-0.935772	-0.341975	0.085921	0.279830	-0.571995	0.771049	-0.214533	0.745570	0.630952	49.606823	58.158974	643.731323	
-0.972415	-0.229186	0.043374	0.188082	-0.660440	0.726942	-0.137960	0.715047	0.685328	57.621452	61.819229	646.355286	
-0.981123	-0.188199	-0.044459	0.105679	-0.714350	0.691763	-0.161949	0.674007	0.720754	70.234070	61.672855	637.797974	
-0.982139	-0.139705	-0.126028	0.026222	-0.764926	0.643584	-0.186314	0.628784	0.754928	80.815903	60.588867	627.456848	
-0.988974	-0.003917	-0.148034	-0.075911	-0.844906	0.529500	-0.127149	0.534899	0.835294	92.347023	60.435059	630.855896	
-0.978818	0.054904	-0.197231	-0.143863	-0.869881	0.471815	-0.145663	0.490195	0.859355	97.412880	59.629238	627.863464	
-0.951481	0.153341	-0.266777	-0.259887	-0.864658	0.429912	-0.164749	0.478385	0.862558	99.270241	54.766388	610.978699	
-0.898668	0.253097	-0.358242	-0.377408	-0.862355	0.337500	-0.223512	0.438504	0.870492	101.060974	51.085567	604.580688	
-0.859255	0.294674	-0.418147	-0.417713	-0.876029	0.241015	-0.295288	0.381759	0.875823	102.272202	45.287373	602.061157	
-0.813366	0.329932	-0.479144	-0.462413	-0.866426	0.188356	-0.352999	0.374765	0.857289	100.611725	38.019962	594.802551	
-0.723521	0.339056	-0.601296	-0.490193	-0.865658	0.101713	-0.486031	0.368343	0.792526	96.389381	28.681553	588.187988	
-0.648064	0.391829	-0.653056	-0.561260	-0.825329	0.061780	-0.514780	0.406572	0.754786	93.654724	19.498686	585.405945	
-0.531536	0.402252	-0.745428	-0.624273	-0.780843	0.023782	-0.572496	0.477991	0.666162	86.088493	13.878773	583.474487	
-0.410909	0.383792	-0.826957	-0.676567	-0.736359	-0.005564	-0.611072	0.557206	0.562239	75.713203	7.696295	579.080322	
-0.352565	0.367843	-0.860459	-0.659045	-0.750388	-0.050750	-0.664347	0.549189	0.506986	64.674652	1.241016	581.055298	
-0.296504	0.337319	-0.893478	-0.634058	-0.769139	-0.079962	-0.714181	0.542808	0.441933	50.240871	-6.087111	576.501892	
-0.226890	0.314775	-0.921650	-0.647129	-0.755941	-0.098870	-0.727835	0.573994	0.375216	34.612698	-18.888863	574.980286	
-0.139548	0.217577	-0.966016	-0.614695	-0.783867	-0.087754	-0.776321	0.581560	0.243131	26.284187	-26.804794	573.889282	
-0.064241	0.111113	-0.991729	-0.616391	-0.785967	-0.048131	-0.784814	0.608202	0.118981	8.765177	-35.076950	572.499451	
0.000721	-0.010518	-0.999945	-0.593350	-0.804903	0.008039	-0.804943	0.593313	-0.006821	-0.659970	-43.792831	568.418335	
0.029356	-0.076189	-0.996661	-0.562668	-0.825372	0.046523	-0.826161	0.559424	-0.067099	-21.373440	-58.769775	573.621704	
0.073067	-0.203185	-0.976410	-0.574313	-0.808979	0.125367	-0.815368	0.551606	-0.175802	-41.091904	-67.095772	574.843933	
0.100536	-0.251977	-0.962497	-0.629658	-0.765133	0.134539	-0.770339	0.592518	-0.235583	-61.051888	-79.329872	566.203491	
0.096415	-0.354916	-0.929913	-0.708923	-0.680280	0.186138	-0.698664	0.641291	-0.317197	-80.737724	-90.796135	589.209778	
0.050696	-0.478603	-0.876566	-0.732967	-0.614000	0.292852	-0.678372	0.627648	-0.381928	-89.788750	-97.496338	573.033081	
-0.009267	-0.606881	-0.794738	-0.714313	-0.552159	0.429972	-0.699764	0.571677	-0.428387	-101.593315	-110.487755	583.913757	
-0.062358	-0.682172	-0.728528	-0.662399	-0.517718	0.541474	-0.746551	0.516342	-0.419586	-122.776779	-120.054054	589.247253	
-0.159139	-0.745284	-0.647477	-0.683938	-0.389737	0.616711	-0.711970	0.540978	-0.447706	-130.729919	-134.672516	588.246704	
-0.236379	-0.744350	-0.624553	-0.697437	-0.317565	0.642443	-0.676539	0.587448	-0.444072	-148.490799	-151.427933	616.549011	
-0.333192	-0.706213	-0.624697	-0.736000	-0.219302	0.640477	-0.589310	0.673179	-0.446703	-151.934067	-167.607941	608.454163	
-0.398059	-0.761953	-0.510857	-0.692767	-0.115366	0.711874	-0.601350	0.637274	-0.481934	-164.180481	-179.834229	597.793884	
-0.418955	-0.848050	-0.324479	-0.729172	0.101273	0.676795	-0.541095	0.520149	-0.660804	-169.268799	-191.768936	613.687500	
-0.447034	-0.889508	-0.094523	-0.620474	0.232230	0.749053	-0.644338	0.393502	-0.655732	-181.913620	-208.631165	642.428345	
-0.590094	-0.807226	-0.013182	-0.511186	0.360947	0.780003	-0.624881	0.467014	-0.625637	-183.910065	-204.436615	614.377197	
-0.582947	-0.794285	0.171124	-0.096518	0.276816	0.956063	-0.806757	0.540818	-0.238032	-200.464005	-195.283005	639.450012	
-0.582947	-0.794285	0.171124	-0.096518	0.276816	0.956063	-0.806757	0.540818	-0.238032	-200.464005	-195.283005	639.450012	
-0.582947	-0.794285	0.171124	-0.096518	0.276816	0.956063	-0.806757	0.540818	-0.238032	-200.464005	-195.283005	639.450012	
-0.582947	-0.794285	0.171124	-0.096518	0.276816	0.956063	-0.806757	0.540818	-0.238032	-200.464005	-195.283005	639.450012	
-0.582947	-0.794285	0.171124	-0.096518	0.276816	0.956063	-0.806757	0.540818	-0.238032	-200.464005	-195.283005	639.450012	
-0.607028	-0.354242	0.711358	0.627445	0.335687	0.702587	-0.487679	0.872827	0.018496	-200.555466	-212.844666	694.204346	
-0.544569	-0.241157	0.803298	0.762821	0.255716	0.593897	-0.348638	0.936190	0.044704	-195.317612	-216.774750	711.509399	
-0.463566	-0.151625	0.872993	0.860321	0.158737	0.484407	-0.212024	0.975609	0.056862	-190.860474	-219.220978	732.533447	
-0.391997	-0.120953	0.911980	0.907832	0.109626	0.404753	-0.148932	0.986586	0.066832	-172.580673	-204.409698	698.786438	
-0.285817	-0.142211	0.947673	0.956455	0.018742	0.291278	-0.059183	0.989659	0.130662	-168.443344	-208.150314	726.443420	
-0.128037	-0.092539	0.987443	0.990905	0.029638	0.131264	-0.041412	0.995268	0.087903	-143.729950	-190.788940	704.282288	
-0.015516	-0.078123	0.996823	0.999864	-0.006780	0.015032	0.005585	0.996921	0.078218	-133.575867	-189.544647	730.858826	
0.134518	0.016622	0.990772	0.976210	-0.173812	-0.129625	0.170054	0.984639	-0.039608	-117.306000	-194.544998	781.635010	
0.134518	0.016622	0.990772	0.976210	-0.173812	-0.129625	0.170054	0.984639	-0.039608	-117.306000	-194.544998	781.635010	
0.134518	0.016622	0.990772	0.976210	-0.173812	-0.129625	0.170054	0.984639	-0.039608	-117.306000	-194.544998	781.635010	
0.471597	-0.022628	0.881524	0.786303	-0.441711	-0.431994	0.399153	0.896872	-0.190516	-76.101158	-166.782639	824.990479	
0.575030	-0.078839	0.814325	0.682080	-0.503445	-0.530387	0.451782	0.860423	-0.235721	-66.653267	-162.163620	844.730957	
0.683618	-0.124528	0.719138	0.563701	-0.535779	-0.628635	0.463582	0.835124	-0.296071	-46.130043	-149.532898	848.729614	
0.711722	-0.185111	0.677634	0.476641	-0.581352	-0.659427	0.516010	0.792315	-0.325529	-28.439878	-143.615646	847.811523	
0.785486	-0.249371	0.566415	0.331265	-0.603663	-0.725159	0.522757	0.757235	-0.391560	-6.118460	-131.516998	882.953979	
0.785486	-0.249371	0.566415	0.331265	-0.603663	-0.725159	0.522757	0.757235	-0.391560	-6.118460	-131.516998	882.953979	
0.785486	-0.249371	0.566415	0.331265	-0.603663	-0.725159	0.522757	0.757235	-0.391560	-6.118460	-131.516998	882.953979	
0.868371	-0.427289	0.251703	-0.054191	-0.586276	-0.808297	0.492945	0.688262	-0.532261	21.746830	-96.426468	903.257568	
0.879764	-0.462445	0.110266	-0.182204	-0.542210	-0.820251	0.439108	0.701536	-0.561276	30.199711	-81.732925	907.628235	
0.851464	-0.523097	0.037117	-0.278906	-0.511649	-0.812667	0.444095	0.681604	-0.581546	37.805870	-67.576393	930.981750	
0.821349	-0.569119	-0.038579	-0.369150	-0.478757	-0.796568	0.434873	0.668501	-0.603317	45.387699	-53.898422	962.193970	
0.770718	-0.627899	-0.108330	-0.463293	-0.435513	-0.771808	0.437439	0.645034	-0.626560	54.857727	-47.330193	969.984924	
0.731698	-0.635815	-0.245677	-0.559537	-0.354429	-0.749199	0.389277	0.685652	-0.615097	62.642475	-32.516052	976.423035	
0.685744	-0.659182	-0.308601	-0.622954	-0.312284	-0.717222	0.376409	0.684074	-0.624787	67.448708	-18.542913	988.904724	
0.626721	-0.680785	-0.379146	-0.677374	-0.235433	-0.696948	0.385208	0.693615	-0.608697	67.878349	-3.698071	985.409851	
0.584351	-0.679675	-0.443368	-0.718830	-0.179993	-0.671481	0.376586	0.711086	-0.593750	70.240021	9.645296	1001.290039	
0.542479	-0.672147	-0.503919	-0.754212	-0.125502	-0.644526	0.369974	0.729703	-0.575024	69.632324	22.678205	1004.166565	
0.501346	-0.653656	-0.566909	-0.783269	-0.064488	-0.618329	0.367616	0.754038	-0.544319	67.842621	29.202156	1013.039978	
0.463709	-0.630437	-0.622514	-0.814528	-0.026896	-0.579501	0.348596	0.775774	-0.525980	62.926929	39.860844	1013.786316	
0.402467	-0.556264	-0.727042	-0.858619	0.046055	-0.510541	0.317480	0.829727	-0.459083	55.463501	50.785561	1010.988281	
0.358216	-0.536275	-0.764259	-0.869936	0.105470	-0.481756	0.338959	0.837427	-0.428743	50.574409	61.570518	1021.767212	
0.312613	-0.508497	-0.802311	-0.876815	0.170381	-0.449629	0.365334	0.844038	-0.392594	39.691132	70.634933	1023.496704	
0.254594	-0.466355	-0.847169	-0.872808	0.266398	-0.408948	0.416399	0.843531	-0.339215	27.054201	80.915619	1033.362549	
0.196298	-0.439536	-0.876513	-0.869937	0.334372	-0.362499	0.452413	0.833668	-0.316732	18.459776	87.740547	1032.697510	
0.124034	-0.403306	-0.906620	-0.875413	0.385708	-0.291345	0.467192	0.829802	-0.305218	3.845497	91.148621	1040.308716	
0.036019	-0.335023	-0.941521	-0.863256	0.464223	-0.198211	0.503481	0.819911	-0.272489	-15.180139	93.236694	1034.457275	
-0.009900	-0.280222	-0.959884	-0.864789	0.484345	-0.132477	0.502038	0.828785	-0.247127	-32.898148	94.962700	1036.034424	
0.030468	-0.147451	-0.988600	-0.879553	0.465892	-0.096596	0.474824	0.872470	-0.115496	-45.653900	95.131798	1067.459961	
0.030468	-0.147451	-0.988600	-0.879553	0.465892	-0.096596	0.474824	0.872470	-0.115496	-45.653900	95.131798	1067.459961	
0.030468	-0.147451	-0.988600	-0.879553	0.465892	-0.096596	0.474824	0.872470	-0.115496	-45.653900	95.131798	1067.459961	
0.030468	-0.147451	-0.988600	-0.879553	0.465892	-0.096596	0.474824	0.872470	-0.115496	-45.653900	95.131798	1067.459961	
-0.008051	0.224707	-0.974393	-0.801490	0.581230	0.140662	0.597954	0.782098	0.175421	-96.188675	93.610275	1065.741089	
0.006653	0.333783	-0.942627	-0.775885	0.596395	0.205707	0.630839	0.730001	0.262945	-109.221565	91.200043	1084.924683	
0.019520	0.398333	-0.917033	-0.762306	0.599405	0.244138	0.646922	0.694294	0.315352	-115.163048	85.401268	1063.222900	
0.046069	0.462493	-0.885425	-0.731282	0.619443	0.285511	0.680517	0.634343	0.366750	-125.042633	81.842316	1074.641113	
0.078681	0.514144	-0.854087	-0.705192	0.634275	0.316858	0.704637	0.577365	0.412476	-132.743454	74.851768	1067.645630	
0.110992	0.562329	-0.819430	-0.672383	0.649657	0.354749	0.731834	0.511597	0.450208	-141.559341	67.737320	1071.943481	
0.154064	0.610294	-0.777049	-0.643543	0.658732	0.389774	0.749744	0.440014	0.494238	-149.001694	64.332359	1070.459717	
0.206431	0.645327	-0.735485	-0.631454	0.662057	0.403667	0.747430	0.381095	0.544164	-154.016388	54.137547	1060.864258	
0.226616	0.687439	-0.689980	-0.605776	0.654201	0.452831	0.762679	0.315355	0.564687	-165.719711	44.131203	1065.308838	
0.293432	0.742696	-0.601913	-0.621234	0.626705	0.470436	0.726612	0.235888	0.645283	-174.623672	32.540459	1062.776245	
0.327741	0.804297	-0.495672	-0.593012	0.583556	0.554797	0.735473	0.112110	0.668214	-176.643600	27.127350	1055.610474	
0.367255	0.849598	-0.378559	-0.595421	0.527424	0.606051	0.714560	0.002827	0.699568	-180.097687	20.823074	1045.224976	
0.392608	0.869344	-0.300167	-0.592492	0.488699	0.640412	0.703429	-0.073584	0.706946	-181.319397	14.452566	1032.350220	
0.417668	0.886596	-0.198750	-0.599037	0.433168	0.673439	0.683159	-0.162215	0.712024	-181.421204	8.258027	1032.302612	
0.471079	0.879090	-0.072701	-0.618339	0.387879	0.683525	0.629079	-0.277041	0.726297	-179.113495	1.541066	1020.665955	
0.507964	0.861129	0.020722	-0.639166	0.360688	0.679243	0.577441	-0.358276	0.733621	-178.109863	-11.404095	1025.049561	
0.536017	0.837359	0.107306	-0.652065	0.329931	0.682610	0.536186	-0.435862	0.722862	-180.941986	-19.349421	1037.863892	
0.534352	0.796349	0.283364	-0.691057	0.218546	0.688969	0.486732	-0.563973	0.667103	-169.936920	-36.203964	1010.774719	
0.539641	0.767622	0.345749	-0.702990	0.184883	0.686748	0.463240	-0.613656	0.639402	-159.102768	-43.878864	993.540466	
0.548687	0.758956	0.350611	-0.696623	0.183180	0.693657	0.462230	-0.624845	0.629215	-140.950500	-49.085522	963.427368	
0.543535	0.740246	0.395733	-0.708382	0.151615	0.689353	0.450292	-0.655018	0.606785	-134.850281	-63.777905	963.346375	
