0.995502	-0.042482	0.084687	0.044662	0.998713	-0.024022	-0.083558	0.027696	0.996118	19.117235	4.660052	546.429688	
0.968161	-0.123654	0.217654	0.134949	0.990133	-0.037757	-0.210838	0.065927	0.975296	26.698265	8.532982	543.178833	
0.933915	-0.156834	0.321256	0.173371	0.984580	-0.023337	-0.312643	0.077491	0.946705	33.922020	16.101221	545.334351	
0.877604	-0.190666	0.439838	0.219629	0.975462	-0.015369	-0.426115	0.110089	0.897946	41.734474	18.595543	543.580322	
0.779736	-0.255912	0.571420	0.297169	0.954571	0.022002	-0.551091	0.152652	0.820363	48.374779	22.776056	540.880005	
0.642134	-0.313417	0.699595	0.366728	0.926995	0.078685	-0.673182	0.206035	0.710194	58.544983	23.251314	527.540039	
0.611537	-0.333068	0.717697	0.472649	0.881229	0.006224	-0.634528	0.335412	0.696328	69.274712	26.068613	533.189392	
0.590764	-0.348952	0.727482	0.530942	0.847043	-0.024859	-0.607534	0.400937	0.685676	81.923775	29.438517	553.037659	
0.544124	-0.373927	0.751071	0.591341	0.805965	-0.027148	-0.595186	0.458911	0.659663	88.984306	32.138573	564.932678	
0.445591	-0.339960	0.828177	0.634996	0.772120	-0.024702	-0.631054	0.536895	0.559923	98.610504	31.321745	570.573425	
0.377559	-0.341512	0.860709	0.708686	0.704833	-0.031209	-0.595998	0.621755	0.508141	102.089363	29.272453	576.170105	
0.275427	-0.285386	0.917984	0.777580	0.627624	-0.038183	-0.565252	0.724322	0.394775	105.703087	27.307430	580.739441	
0.206774	-0.261010	0.942931	0.841308	0.539410	-0.035177	-0.499445	0.800569	0.331126	107.839622	24.970493	588.085266	
0.178661	-0.178169	0.967645	0.878285	0.472183	-0.075220	-0.443504	0.863306	0.240844	112.957161	22.603659	605.187866	
0.079675	-0.139783	0.986971	0.915864	0.401123	-0.017125	-0.393503	0.905296	0.159981	110.640999	15.136600	607.560974	
0.079675	-0.139783	0.986971	0.915864	0.401123	-0.017125	-0.393503	0.905296	0.159981	110.640999	15.136600	607.560974	
0.079675	-0.139783	0.986971	0.915864	0.401123	-0.017125	-0.393503	0.905296	0.159981	110.640999	15.136600	607.560974	
0.079675	-0.139783	0.986971	0.915864	0.401123	-0.017125	-0.393503	0.905296	0.159981	110.640999	15.136600	607.560974	
0.079675	-0.139783	0.986971	0.915864	0.401123	-0.017125	-0.393503	0.905296	0.159981	110.640999	15.136600	607.560974	
-0.012334	0.125920	0.991964	0.998631	-0.048873	0.018621	0.050825	0.990836	-0.125145	86.043053	-25.306770	631.771545	
-0.005095	0.222985	0.974809	0.985700	-0.163071	0.042454	0.168429	0.961086	-0.218966	79.796928	-31.112473	639.960754	
0.028687	0.338872	0.940395	0.966613	-0.249052	0.060260	0.254628	0.907270	-0.334703	73.542030	-38.440357	655.296143	
0.056824	0.380531	0.923021	0.942776	-0.324691	0.075819	0.328548	0.865894	-0.377206	66.069870	-51.738640	669.462097	
0.117253	0.484848	0.866703	0.935340	-0.347210	0.067696	0.333750	0.802725	-0.494210	60.208099	-57.087318	686.572937	
0.127691	0.558437	0.819661	0.914965	-0.385289	0.119960	0.382796	0.734643	-0.560149	53.005646	-71.143288	707.418213	
0.127991	0.612060	0.780385	0.848213	-0.475318	0.233679	0.513956	0.632024	-0.579995	35.741806	-80.577477	690.717224	
0.149950	0.737621	0.658355	0.772810	-0.502768	0.387283	0.616668	0.450710	-0.645432	20.467651	-95.098854	718.920898	
0.181623	0.800280	0.571459	0.699444	-0.513612	0.496971	0.691223	0.309442	-0.653036	9.585169	-98.577545	708.301025	
0.358888	0.763070	0.537516	0.740829	-0.583185	0.333268	0.567778	0.278601	-0.774603	-3.139940	-112.117996	747.073975	
0.358888	0.763070	0.537516	0.740829	-0.583185	0.333268	0.567778	0.278601	-0.774603	-3.139940	-112.117996	747.073975	
0.358888	0.763070	0.537516	0.740829	-0.583185	0.333268	0.567778	0.278601	-0.774603	-3.139940	-112.117996	747.073975	
0.629945	0.745605	0.217354	0.585896	-0.639948	0.497185	0.509799	-0.185853	-0.839978	-30.667572	-145.436829	766.188721	
0.659471	0.733072	0.166444	0.547681	-0.620205	0.561597	0.514921	-0.279199	-0.810496	-38.727524	-158.585831	778.078796	
0.746083	0.662657	0.065164	0.514345	-0.635705	0.575611	0.422858	-0.395937	-0.815123	-47.847179	-168.760056	776.822754	
0.790610	0.610262	-0.050160	0.517979	-0.622866	0.586290	0.326548	-0.489508	-0.808547	-55.184669	-172.170639	792.198914	
0.827496	0.554831	-0.086090	0.483572	-0.626346	0.611432	0.285319	-0.547589	-0.786600	-69.188805	-188.069443	822.610168	
0.843031	0.513736	-0.159291	0.479229	-0.582971	0.656112	0.244207	-0.629461	-0.737660	-86.499886	-208.208176	856.731079	
0.859882	0.479862	-0.174170	0.453901	-0.562551	0.691020	0.233615	-0.673252	-0.701538	-102.519829	-221.573151	880.489380	
0.870771	0.397514	-0.289380	0.473308	-0.518253	0.712315	0.133183	-0.757229	-0.639427	-104.406998	-221.511993	862.702026	
0.870771	0.397514	-0.289380	0.473308	-0.518253	0.712315	0.133183	-0.757229	-0.639427	-104.406998	-221.511993	862.702026	
0.870771	0.397514	-0.289380	0.473308	-0.518253	0.712315	0.133183	-0.757229	-0.639427	-104.406998	-221.511993	862.702026	
0.870771	0.397514	-0.289380	0.473308	-0.518253	0.712315	0.133183	-0.757229	-0.639427	-104.406998	-221.511993	862.702026	
0.835212	0.063318	-0.546270	0.511784	-0.453001	0.729977	-0.201240	-0.889259	-0.410758	-117.080399	-239.924026	909.438232	
0.776053	0.009332	-0.630599	0.568393	-0.443589	0.692934	-0.273260	-0.896182	-0.349554	-118.747513	-245.752914	928.827942	
0.714223	-0.036814	-0.698950	0.622531	-0.423019	0.658415	-0.319908	-0.905373	-0.279212	-117.541351	-249.475906	931.651001	
0.697649	-0.073510	-0.712659	0.637108	-0.391314	0.664053	-0.327688	-0.917317	-0.226167	-112.397293	-251.230026	935.551941	
0.610486	-0.116136	-0.783466	0.679630	-0.431136	0.593484	-0.406705	-0.894782	-0.184273	-108.821274	-253.254135	945.945862	
0.565312	-0.185962	-0.803642	0.664311	-0.474909	0.577194	-0.488992	-0.860163	-0.144935	-97.582863	-252.579056	955.961243	
0.481848	-0.264807	-0.835284	0.647641	-0.534474	0.543045	-0.590240	-0.802630	-0.086035	-90.308411	-249.138519	949.835632	
0.461584	-0.240625	-0.853838	0.656559	-0.554595	0.511228	-0.596548	-0.796570	-0.098008	-81.261894	-246.620041	955.661255	
0.397451	-0.272788	-0.876139	0.656263	-0.582846	0.479177	-0.641367	-0.765427	-0.052632	-74.758453	-243.188614	961.540649	
0.342304	-0.272362	-0.899248	0.688143	-0.578983	0.437307	-0.639755	-0.768503	-0.010764	-58.483017	-238.267517	980.433350	
0.267303	-0.239987	-0.933250	0.711136	-0.604421	0.359112	-0.650257	-0.759659	0.009099	-49.609612	-234.360580	995.920776	
0.187928	-0.212064	-0.959016	0.753840	-0.594769	0.279241	-0.629609	-0.775422	0.048088	-39.318661	-227.056931	998.552795	
0.148616	-0.191464	-0.970183	0.753160	-0.613850	0.236514	-0.640829	-0.765853	0.052975	-29.985659	-218.405960	1001.284851	
0.092405	-0.142795	-0.985429	0.687595	-0.706658	0.166876	-0.720190	-0.692996	0.032886	-21.276178	-209.077286	1006.409302	
0.062198	-0.104574	-0.992570	0.674018	-0.729060	0.119048	-0.736091	-0.676415	0.025139	-12.270287	-197.790894	1012.798767	
0.020524	-0.042897	-0.998868	0.646219	-0.761765	0.045992	-0.762875	-0.646432	0.012087	6.558171	-185.606735	1001.526062	
-0.013623	0.010164	-0.999855	0.680388	-0.732662	-0.016718	-0.732725	-0.680517	0.003066	17.036346	-174.369278	1018.991272	
-0.030324	0.065001	-0.997424	0.648460	-0.758104	-0.069119	-0.760643	-0.648886	-0.019162	27.556526	-159.246262	1015.214417	
-0.047205	0.139610	-0.989080	0.621826	-0.770816	-0.138479	-0.781731	-0.621573	-0.050427	45.887009	-147.286194	1027.209839	
-0.026431	0.238836	-0.970699	0.326525	-0.915715	-0.234197	-0.944818	-0.323148	-0.053783	53.807808	-119.456635	1024.678711	
-0.018465	0.303864	-0.952536	0.259700	-0.918542	-0.298053	-0.965512	-0.252877	-0.061953	70.343468	-101.716934	1023.919983	
-0.045122	0.288432	-0.956436	0.231790	-0.928261	-0.290870	-0.971718	-0.234817	-0.024971	80.377281	-95.948250	1016.772644	
0.010001	0.303048	-0.952922	0.264267	-0.919890	-0.289769	-0.964397	-0.248928	-0.089286	95.406090	-93.448631	1035.124023	
0.115486	0.339049	-0.933653	0.310787	-0.905084	-0.290232	-0.943437	-0.256649	-0.209896	107.865479	-85.143867	1040.969482	
0.100761	0.241609	-0.965127	0.251673	-0.944706	-0.210221	-0.962552	-0.221714	-0.155996	118.243156	-72.928947	1024.685059	
-0.036611	0.095468	-0.994758	0.332378	-0.937591	-0.102214	-0.942435	-0.334378	0.002594	129.589325	-64.309288	1039.001465	
0.113930	0.111558	-0.987205	0.386447	-0.920397	-0.059410	-0.915247	-0.374734	-0.147973	138.630630	-55.535252	1057.362183	
0.191961	0.125893	-0.973293	0.366184	-0.929305	-0.047981	-0.910527	-0.347194	-0.224491	138.292725	-51.698212	1031.428101	
0.208287	0.071003	-0.975486	0.394396	-0.918777	0.017337	-0.895023	-0.388339	-0.219372	137.731796	-42.101410	1005.068115	
0.203887	0.083514	-0.975425	0.537580	-0.842252	0.040255	-0.818191	-0.532577	-0.216620	140.077896	-33.340466	1001.756409	
0.097384	0.008084	-0.995214	0.584740	-0.809639	0.050642	-0.805354	-0.586873	-0.083573	143.517334	-34.724552	991.456116	
0.095173	0.057241	-0.993813	0.672052	-0.740186	0.021727	-0.734362	-0.669962	-0.108915	140.705811	-33.516766	969.201355	
0.678110	0.172407	-0.714452	0.140950	-0.984559	-0.103808	-0.721318	-0.030309	-0.691941	114.721001	9.487010	985.742981	
0.678110	0.172407	-0.714452	0.140950	-0.984559	-0.103808	-0.721318	-0.030309	-0.691941	114.721001	9.487010	985.742981	
0.678110	0.172407	-0.714452	0.140950	-0.984559	-0.103808	-0.721318	-0.030309	-0.691941	114.721001	9.487010	985.742981	
0.678110	0.172407	-0.714452	0.140950	-0.984559	-0.103808	-0.721318	-0.030309	-0.691941	114.721001	9.487010	985.742981	
0.809147	-0.046323	-0.585777	-0.026182	-0.998740	0.042813	-0.587022	-0.019305	-0.809341	73.747009	38.285069	941.317078	
0.761141	-0.082401	-0.643330	-0.038700	-0.995899	0.081774	-0.647430	-0.037344	-0.761209	66.099594	42.436314	932.498535	
0.772330	-0.139657	-0.619678	-0.060260	-0.987241	0.147389	-0.632356	-0.076491	-0.770893	50.080845	44.010071	921.451111	
0.752545	-0.180890	-0.633209	-0.068630	-0.977841	0.197777	-0.654954	-0.105379	-0.748285	32.945442	47.258778	912.129272	
0.719263	-0.287651	-0.632389	-0.169503	-0.955408	0.241792	-0.673742	-0.066721	-0.735949	15.086882	49.457848	904.629150	
0.721148	-0.452874	-0.524261	-0.246902	-0.875068	0.416286	-0.647289	-0.170763	-0.742871	4.723644	52.806007	904.153870	
0.738566	-0.557891	-0.378517	-0.342429	-0.794061	0.502205	-0.580741	-0.241297	-0.777506	-14.321728	51.549511	913.306396	
0.708766	-0.634025	-0.309291	-0.377035	-0.711023	0.593540	-0.596233	-0.304068	-0.743000	-33.268993	50.175072	930.707153	
0.563577	-0.749078	-0.348227	-0.399108	-0.615998	0.679160	-0.723252	-0.243779	-0.646126	-53.261700	53.792000	879.119019	
0.563577	-0.749078	-0.348227	-0.399108	-0.615998	0.679160	-0.723252	-0.243779	-0.646126	-53.261700	53.792000	879.119019	
0.563577	-0.749078	-0.348227	-0.399108	-0.615998	0.679160	-0.723252	-0.243779	-0.646126	-53.261700	53.792000	879.119019	
0.563577	-0.749078	-0.348227	-0.399108	-0.615998	0.679160	-0.723252	-0.243779	-0.646126	-53.261700	53.792000	879.119019	
0.219741	-0.953363	-0.206914	-0.290824	-0.266470	0.918920	-0.931201	-0.141749	-0.335816	-103.251930	33.087120	821.557617	
0.092390	-0.979925	-0.176669	-0.216708	-0.192963	0.956975	-0.971855	-0.050128	-0.230186	-118.606842	27.618263	811.277283	
-0.031038	-0.983475	-0.178363	-0.204563	-0.168422	0.964255	-0.978361	0.066415	-0.195955	-136.127838	24.630928	811.579956	
-0.103191	-0.980870	-0.165065	-0.108745	-0.153830	0.982095	-0.988699	0.119293	-0.090791	-146.493210	20.867577	787.996521	
-0.267746	-0.953262	-0.140014	-0.022086	-0.139209	0.990016	-0.963236	0.268166	0.016218	-148.171051	15.116796	772.134766	
-0.357267	-0.926235	-0.120209	0.073959	-0.156353	0.984928	-0.931069	0.342992	0.124363	-154.495590	8.237489	757.966125	
-0.397144	-0.910984	-0.111286	0.121317	-0.172305	0.977544	-0.909702	0.374726	0.178948	-160.121078	1.025581	747.778503	
-0.499558	-0.854951	-0.139647	0.168397	-0.253967	0.952440	-0.849755	0.452284	0.270841	-164.863876	-11.229822	733.115723	
-0.491747	-0.831370	-0.258861	0.175439	-0.385791	0.905751	-0.852881	0.399987	0.335566	-171.313766	-21.172443	743.238647	
-0.638607	-0.766365	-0.069764	0.307760	-0.337438	0.889618	-0.705312	0.546645	0.451346	-172.511993	-34.846401	728.015991	
-0.638607	-0.766365	-0.069764	0.307760	-0.337438	0.889618	-0.705312	0.546645	0.451346	-172.511993	-34.846401	728.015991	
-0.638607	-0.766365	-0.069764	0.307760	-0.337438	0.889618	-0.705312	0.546645	0.451346	-172.511993	-34.846401	728.015991	
-0.638607	-0.766365	-0.069764	0.307760	-0.337438	0.889618	-0.705312	0.546645	0.451346	-172.511993	-34.846401	728.015991	
-0.920210	-0.390721	-0.023490	0.256106	-0.646380	0.718751	-0.296014	0.655386	0.694871	-158.591934	-73.500511	683.801147	
-0.948359	-0.307326	-0.078534	0.167295	-0.694950	0.699325	-0.269498	0.650073	0.710476	-154.669632	-84.771629	672.236267	
-0.948276	-0.298189	-0.108891	0.152370	-0.728465	0.667922	-0.278491	0.616783	0.736221	-149.533752	-89.766731	670.455322	
-0.967153	-0.214019	-0.137157	0.069619	-0.741952	0.666828	-0.244478	0.635376	0.732480	-134.738724	-99.682236	665.000122	
-0.949853	-0.165917	-0.265051	-0.043149	-0.769972	0.636617	-0.309708	0.616129	0.724200	-123.320976	-104.495300	653.713318	
-0.953522	-0.117547	-0.277451	-0.073695	-0.801837	0.592981	-0.292173	0.585868	0.755906	-119.046722	-107.369080	643.683289	
-0.945564	-0.113162	-0.305130	-0.084169	-0.820658	0.565186	-0.314365	0.560102	0.766459	-105.627701	-107.154129	612.300659	
-0.935218	-0.115926	-0.334558	-0.105688	-0.810411	0.576249	-0.337933	0.574278	0.745658	-102.380493	-107.199654	611.184326	
-0.945219	-0.078849	-0.316773	-0.127778	-0.803592	0.581301	-0.300392	0.589934	0.749495	-96.835342	-113.314690	609.967163	
-0.880969	0.472274	0.029158	-0.472265	-0.873789	-0.116010	-0.029311	-0.115972	0.992820	-62.430099	-156.656998	612.107971	
-0.880969	0.472274	0.029158	-0.472265	-0.873789	-0.116010	-0.029311	-0.115972	0.992820	-62.430099	-156.656998	612.107971	
-0.880969	0.472274	0.029158	-0.472265	-0.873789	-0.116010	-0.029311	-0.115972	0.992820	-62.430099	-156.656998	612.107971	
-0.880969	0.472274	0.029158	-0.472265	-0.873789	-0.116010	-0.029311	-0.115972	0.992820	-62.430099	-156.656998	612.107971	
-0.558780	0.829232	0.011743	-0.702255	-0.465590	-0.538575	-0.441136	-0.309191	0.842496	-4.530860	-181.592285	588.989258	
-0.458989	0.887719	0.035831	-0.719519	-0.347759	-0.601128	-0.521172	-0.301692	0.798349	12.868644	-186.132889	585.325195	
-0.351977	0.936009	0.000074	-0.639793	-0.240530	-0.729938	-0.683210	-0.256969	0.683513	18.294378	-188.873352	569.615356	
-0.224893	0.974325	-0.010695	-0.576603	-0.141923	-0.804603	-0.785462	-0.174783	0.593716	25.074862	-191.554092	567.552612	
-0.075299	0.996628	0.032593	-0.629882	-0.022200	-0.776373	-0.773032	-0.078989	0.629430	41.353390	-195.961685	576.391663	
0.034241	0.999123	-0.024116	-0.586122	0.000531	-0.810223	-0.809498	0.041878	0.585626	47.542759	-207.932220	582.008118	
0.128033	0.990138	0.056872	-0.504452	0.114387	-0.855829	-0.853894	0.080885	0.514122	57.347031	-210.408905	567.478577	
0.118511	0.979814	0.160993	-0.324533	0.191452	-0.926296	-0.938420	0.057529	0.340671	54.760910	-205.627686	533.977844	
0.302773	0.952542	-0.031494	-0.223461	0.038827	-0.973939	-0.926496	0.301920	0.224612	74.090797	-192.218994	563.038025	
0.302773	0.952542	-0.031494	-0.223461	0.038827	-0.973939	-0.926496	0.301920	0.224612	74.090797	-192.218994	563.038025	
0.302773	0.952542	-0.031494	-0.223461	0.038827	-0.973939	-0.926496	0.301920	0.224612	74.090797	-192.218994	563.038025	
0.302773	0.952542	-0.031494	-0.223461	0.038827	-0.973939	-0.926496	0.301920	0.224612	74.090797	-192.218994	563.038025	
0.302773	0.952542	-0.031494	-0.223461	0.038827	-0.973939	-0.926496	0.301920	0.224612	74.090797	-192.218994	563.038025	
0.302773	0.952542	-0.031494	-0.223461	0.038827	-0.973939	-0.926496	0.301920	0.224612	74.090797	-192.218994	563.038025	
0.302773	0.952542	-0.031494	-0.223461	0.038827	-0.973939	-0.926496	0.301920	0.224612	74.090797	-192.218994	563.038025	
0.302773	0.952542	-0.031494	-0.223461	0.038827	-0.973939	-0.926496	0.301920	0.224612	74.090797	-192.218994	563.038025	
0.302773	0.952542	-0.031494	-0.223461	0.038827	-0.973939	-0.926496	0.301920	0.224612	74.090797	-192.218994	563.038025	
0.865807	0.470657	-0.169884	0.195034	-0.630084	-0.751635	-0.460804	0.617638	-0.637326	55.105350	-136.824234	566.556396	
0.904060	0.420784	0.074942	0.339049	-0.599296	-0.725182	-0.260233	0.681018	-0.684466	41.974155	-145.401764	612.973694	
0.940611	0.277170	-0.196028	0.109861	-0.794874	-0.596746	-0.321218	0.539770	-0.778118	28.567801	-125.204002	583.866028	
0.940611	0.277170	-0.196028	0.109861	-0.794874	-0.596746	-0.321218	0.539770	-0.778118	28.567801	-125.204002	583.866028	
0.940611	0.277170	-0.196028	0.109861	-0.794874	-0.596746	-0.321218	0.539770	-0.778118	28.567801	-125.204002	583.866028	
0.963601	0.001581	-0.267340	-0.102092	-0.922023	-0.373432	-0.247084	0.387133	-0.888300	-16.226072	-98.809059	613.478210	
0.957960	-0.129213	-0.256158	-0.196274	-0.946369	-0.256635	-0.209260	0.296124	-0.931944	-37.395996	-91.690643	626.215698	
0.930382	-0.271341	-0.246503	-0.310992	-0.940218	-0.138830	-0.194096	0.205826	-0.959146	-51.677521	-77.209999	637.023254	
0.912758	-0.390543	-0.119793	-0.391271	-0.920092	0.018370	-0.117395	0.030104	-0.992628	-66.908020	-70.475159	662.113953	
0.923835	-0.381252	-0.034300	-0.378188	-0.922908	0.072216	-0.059188	-0.053744	-0.996798	-90.536339	-57.418213	679.432068	
0.734318	-0.524879	-0.430441	-0.481986	-0.849681	0.213846	-0.477981	0.050435	-0.876921	-94.892097	-45.540100	649.846008	
0.734318	-0.524879	-0.430441	-0.481986	-0.849681	0.213846	-0.477981	0.050435	-0.876921	-94.892097	-45.540100	649.846008	
0.734318	-0.524879	-0.430441	-0.481986	-0.849681	0.213846	-0.477981	0.050435	-0.876921	-94.892097	-45.540100	649.846008	
0.519857	-0.657235	-0.545702	-0.471671	-0.753440	0.458101	-0.712233	0.019245	-0.701679	-140.492218	-19.790125	678.793518	
0.409944	-0.702660	-0.581562	-0.495523	-0.706872	0.504768	-0.765770	0.081250	-0.637961	-147.897964	-7.405095	687.362305	
0.304723	-0.737645	-0.602514	-0.545969	-0.653632	0.524103	-0.780425	0.169248	-0.601908	-156.279770	-2.312332	711.210510	
0.243398	-0.744982	-0.621094	-0.577459	-0.625799	0.524328	-0.779295	0.231035	-0.582514	-169.983414	1.343908	721.608337	
0.138197	-0.745799	-0.651678	-0.433515	-0.637161	0.637253	-0.890487	0.194445	-0.411369	-181.068817	8.947539	714.511108	
0.030206	-0.718205	-0.695175	-0.453854	-0.629520	0.630653	-0.890565	0.296458	-0.344975	-186.567795	17.460804	724.084778	
-0.117709	-0.662586	-0.739678	-0.445289	-0.630559	0.635701	-0.887617	0.404197	-0.220820	-199.253372	24.513550	753.298096	
-0.129486	-0.610166	-0.781620	-0.421936	-0.679429	0.600290	-0.897332	0.407522	-0.169475	-211.154922	32.439793	793.201233	
-0.143690	-0.608809	-0.780196	-0.386300	-0.691326	0.610607	-0.911112	0.389127	-0.135846	-195.903000	35.338299	753.885010	
-0.143690	-0.608809	-0.780196	-0.386300	-0.691326	0.610607	-0.911112	0.389127	-0.135846	-195.903000	35.338299	753.885010	
-0.143690	-0.608809	-0.780196	-0.386300	-0.691326	0.610607	-0.911112	0.389127	-0.135846	-195.903000	35.338299	753.885010	
-0.143690	-0.608809	-0.780196	-0.386300	-0.691326	0.610607	-0.911112	0.389127	-0.135846	-195.903000	35.338299	753.885010	
-0.262747	-0.424073	-0.866675	-0.294165	-0.820264	0.490544	-0.918929	0.383835	0.090774	-186.228897	42.276360	797.844238	
-0.217152	-0.314143	-0.924207	-0.338598	-0.863773	0.373158	-0.915531	0.393966	0.081201	-179.737335	42.951839	801.858948	
-0.188649	-0.213842	-0.958479	-0.384044	-0.882213	0.272414	-0.903838	0.419488	0.084304	-176.548462	43.349564	812.348572	
-0.125636	-0.102027	-0.986816	-0.354276	-0.924497	0.140688	-0.926663	0.367281	0.080004	-167.292343	40.518013	813.871094	
-0.189334	-0.115551	-0.975090	-0.265611	-0.950002	0.164152	-0.945306	0.290074	0.149176	-167.134995	40.114117	853.172729	
-0.328958	-0.154524	-0.931616	-0.254368	-0.935560	0.244997	-0.909442	0.317567	0.268454	-152.981567	38.919567	872.637756	
-0.315087	-0.140829	-0.938556	-0.353860	-0.900186	0.253867	-0.880627	0.412107	0.233803	-148.034714	30.534847	929.062439	
-0.220847	-0.158662	-0.962317	-0.309235	-0.924379	0.223374	-0.924987	0.346913	0.155082	-124.740562	24.426273	920.391357	
-0.188864	-0.146606	-0.970998	-0.254636	-0.947661	0.192610	-0.948415	0.283627	0.141648	-107.754204	17.012466	945.569702	
-0.104465	-0.215631	-0.970871	-0.267747	-0.934071	0.236267	-0.957810	0.284629	0.039843	-89.652290	14.347135	939.769043	
-0.036918	-0.206707	-0.977706	-0.301383	-0.930515	0.208110	-0.952789	0.302346	-0.027945	-69.163399	3.305057	964.643799	
-0.008772	-0.136962	-0.990537	-0.251210	-0.958506	0.134758	-0.967893	0.250014	-0.025999	-45.604496	-1.483387	959.817993	
0.086946	-0.121915	-0.988725	-0.249714	-0.963465	0.096841	-0.964409	0.238478	-0.114213	-33.415455	-9.005013	978.798035	
0.098094	-0.116244	-0.988365	-0.166084	-0.981138	0.098910	-0.981221	0.154449	-0.115550	-21.189531	-20.887665	997.606689	
0.135749	-0.163433	-0.977170	-0.198797	-0.970734	0.134739	-0.970594	0.175968	-0.164267	0.545080	-28.420912	1021.825073	
0.209903	-0.207136	-0.955529	-0.317216	-0.938861	0.133840	-0.924833	0.275015	-0.262776	19.933611	-31.976616	1003.179749	
0.299484	-0.198924	-0.933134	-0.407482	-0.911008	0.063428	-0.862710	0.361239	-0.353890	27.368690	-34.229683	977.828003	
0.285091	-0.281092	-0.916357	-0.382363	-0.910020	0.160190	-0.878933	0.304712	-0.366918	43.722878	-50.346519	1033.121826	
0.382811	-0.270404	-0.883368	-0.318923	-0.936100	0.148340	-0.867033	0.224940	-0.444587	54.213207	-63.223019	1004.241028	
0.311838	-0.307557	-0.898981	-0.271543	-0.935545	0.225874	-0.910507	0.173675	-0.375253	62.650482	-66.300705	982.416687	
0.335844	-0.366436	-0.867718	-0.330128	-0.908582	0.255919	-0.882171	0.200509	-0.426112	75.780632	-78.444397	975.334106	
0.280938	-0.479539	-0.831334	-0.389432	-0.848662	0.357932	-0.877165	0.223191	-0.425169	87.596954	-90.358505	1004.576904	
0.204793	-0.531448	-0.821963	-0.407657	-0.809773	0.421999	-0.889875	0.248656	-0.382484	93.577820	-111.354713	1044.467896	
0.162841	-0.616668	-0.770197	-0.439210	-0.744314	0.503082	-0.883503	0.256356	-0.392052	96.459702	-113.556999	1017.989990	
0.162841	-0.616668	-0.770197	-0.439210	-0.744314	0.503082	-0.883503	0.256356	-0.392052	96.459702	-113.556999	1017.989990	
0.162841	-0.616668	-0.770197	-0.439210	-0.744314	0.503082	-0.883503	0.256356	-0.392052	96.459702	-113.556999	1017.989990	
0.162841	-0.616668	-0.770197	-0.439210	-0.744314	0.503082	-0.883503	0.256356	-0.392052	96.459702	-113.556999	1017.989990	
0.162841	-0.616668	-0.770197	-0.439210	-0.744314	0.503082	-0.883503	0.256356	-0.392052	96.459702	-113.556999	1017.989990	
-0.170105	-0.793028	-0.584953	-0.383866	-0.493389	0.780522	-0.907586	0.357314	-0.220488	98.767372	-166.655670	1029.401855	
-0.246707	-0.795798	-0.553028	-0.350592	-0.458722	0.816493	-0.903450	0.395321	-0.165831	90.702492	-178.092056	1028.244751	
-0.356717	-0.813420	-0.459455	-0.308599	-0.361604	0.879778	-0.881771	0.455619	-0.122031	86.853256	-182.982452	1028.583496	
-0.393394	-0.823643	-0.408475	-0.177752	-0.367777	0.912768	-0.902024	0.431684	-0.001723	75.948792	-187.755325	1024.963379	
-0.464249	-0.789970	-0.400523	-0.157970	-0.371107	0.915055	-0.871504	0.488084	0.047494	64.771759	-193.036453	1015.469727	
-0.393700	-0.872039	-0.290769	0.020936	-0.324740	0.945572	-0.919001	0.366184	0.146106	64.633217	-196.145798	1021.414917	
-0.292813	-0.926223	-0.237424	0.071543	-0.268835	0.960526	-0.953490	0.264268	0.144983	65.040268	-207.335144	1033.490723	
-0.115936	-0.946652	-0.300678	0.037710	-0.306697	0.951060	-0.992541	0.098924	0.071255	62.033623	-201.225464	1030.157349	
-0.112502	-0.948006	-0.297702	0.098872	-0.308798	0.945975	-0.988721	0.076990	0.128471	63.102509	-194.811783	985.854980	
-0.945336	-0.318582	0.069609	0.248306	-0.564861	0.786941	-0.211386	0.761208	0.613089	12.010900	-214.263000	1011.390015	
-0.945336	-0.318582	0.069609	0.248306	-0.564861	0.786941	-0.211386	0.761208	0.613089	12.010900	-214.263000	1011.390015	
-0.945336	-0.318582	0.069609	0.248306	-0.564861	0.786941	-0.211386	0.761208	0.613089	12.010900	-214.263000	1011.390015	
-0.945336	-0.318582	0.069609	0.248306	-0.564861	0.786941	-0.211386	0.761208	0.613089	12.010900	-214.263000	1011.390015	
-0.947901	-0.080548	0.308212	0.253680	-0.776073	0.577370	0.192689	0.625478	0.756074	-47.115341	-212.607056	982.744934	
-0.909086	0.040755	0.414608	0.166365	-0.876895	0.450975	0.381948	0.478951	0.790393	-57.973549	-214.366562	986.621277	
-0.831268	0.140999	0.537691	0.032259	-0.953428	0.299889	0.554934	0.266634	0.788006	-67.677460	-215.724442	993.584167	
-0.775709	0.243365	0.582278	-0.118394	-0.962392	0.244510	0.619885	0.120729	0.775349	-76.304382	-213.521851	980.440979	
-0.722126	0.336663	0.604312	-0.298385	-0.939728	0.166966	0.624100	-0.059747	0.779057	-94.482300	-201.615997	964.468994	
-0.722126	0.336663	0.604312	-0.298385	-0.939728	0.166966	0.624100	-0.059747	0.779057	-94.482300	-201.615997	964.468994	
-0.722126	0.336663	0.604312	-0.298385	-0.939728	0.166966	0.624100	-0.059747	0.779057	-94.482300	-201.615997	964.468994	
-0.722126	0.336663	0.604312	-0.298385	-0.939728	0.166966	0.624100	-0.059747	0.779057	-94.482300	-201.615997	964.468994	
-0.432641	0.458502	0.776272	-0.796940	-0.597091	-0.091491	0.421556	-0.658224	0.623724	-132.126724	-177.937378	943.315002	
-0.392286	0.408344	0.824237	-0.898623	-0.361493	-0.248598	0.196443	-0.838199	0.508755	-132.598663	-164.719788	919.356995	
-0.289304	0.419901	0.860225	-0.953136	-0.209459	-0.218308	0.088514	-0.883069	0.460819	-141.742142	-153.636841	920.425110	
-0.207724	0.334203	0.919325	-0.977207	-0.028830	-0.210322	-0.043787	-0.942060	0.332573	-143.336838	-139.164352	913.107361	
-0.120609	0.284436	0.951078	-0.988679	0.051726	-0.140847	-0.089258	-0.957299	0.274976	-148.338501	-116.726898	914.926392	
-0.081048	0.190981	0.978242	-0.986743	0.123079	-0.105781	-0.140604	-0.973847	0.178473	-152.149109	-95.968254	910.869507	
-0.026509	0.125781	0.991704	-0.880230	0.467269	-0.082795	-0.473806	-0.875122	0.098329	-145.270996	-102.653000	872.351990	
-0.026509	0.125781	0.991704	-0.880230	0.467269	-0.082795	-0.473806	-0.875122	0.098329	-145.270996	-102.653000	872.351990	
-0.026509	0.125781	0.991704	-0.880230	0.467269	-0.082795	-0.473806	-0.875122	0.098329	-145.270996	-102.653000	872.351990	
-0.007261	-0.105576	0.994385	-0.518323	0.850794	0.086546	-0.855153	-0.514784	-0.060900	-129.478165	-72.186470	825.865051	
0.014828	-0.203631	0.978935	-0.328422	0.923733	0.197122	-0.944414	-0.324427	-0.053179	-120.187332	-64.358017	806.822388	
-0.020320	-0.256259	0.966394	-0.228765	0.942143	0.245018	-0.973269	-0.216098	-0.077767	-112.895950	-56.753880	798.740112	
-0.102458	-0.378912	0.919744	-0.147876	0.920138	0.362600	-0.983684	-0.098857	-0.150307	-105.430527	-40.856339	799.731018	
-0.169085	-0.426239	0.888668	-0.064639	0.904505	0.421536	-0.983479	0.013834	-0.180490	-97.325867	-26.222168	791.926392	
-0.187059	-0.455235	0.870500	0.100361	0.872649	0.477924	-0.977208	0.176765	-0.117549	-79.897415	-13.327593	761.352539	
-0.262364	-0.481142	0.836461	0.296094	0.784871	0.544339	-0.918419	0.390487	-0.063458	-73.150063	-5.541723	768.937561	
-0.307338	-0.528177	0.791563	0.342601	0.714627	0.609862	-0.887788	0.458625	-0.038678	-64.082161	3.368330	753.862244	
-0.355044	-0.593638	0.722175	0.374246	0.617645	0.691704	-0.856669	0.515857	0.002876	-58.306244	18.733742	760.916870	
-0.432013	-0.648131	0.627129	0.426078	0.466194	0.775320	-0.794872	0.602155	0.074752	-40.021008	32.905510	771.933899	
-0.528931	-0.580898	0.618700	0.554026	0.315897	0.770236	-0.642874	0.750178	0.154745	-23.704500	30.945499	720.919006	
-0.528931	-0.580898	0.618700	0.554026	0.315897	0.770236	-0.642874	0.750178	0.154745	-23.704500	30.945499	720.919006	
-0.528931	-0.580898	0.618700	0.554026	0.315897	0.770236	-0.642874	0.750178	0.154745	-23.704500	30.945499	720.919006	
-0.528931	-0.580898	0.618700	0.554026	0.315897	0.770236	-0.642874	0.750178	0.154745	-23.704500	30.945499	720.919006	
-0.829519	-0.443007	0.340062	0.505723	-0.337512	0.793933	-0.236942	0.830561	0.504011	17.595240	50.788067	672.773865	
-0.903095	-0.379447	0.201095	0.380067	-0.488217	0.785616	-0.199921	0.785916	0.585121	33.242016	52.515236	647.166748	
-0.940954	-0.332990	0.061016	0.267367	-0.620421	0.737288	-0.207653	0.710068	0.672818	47.583588	54.503914	634.495422	
-0.976632	-0.214665	0.010390	0.168226	-0.733479	0.658565	-0.133750	0.644924	0.752452	56.636364	56.401340	636.186035	
-0.987985	-0.152025	-0.027810	0.103610	-0.785058	0.610696	-0.114672	0.600478	0.791376	70.023071	58.915619	636.019470	
-0.993581	-0.093980	-0.062973	0.040187	-0.813565	0.580084	-0.105748	0.573830	0.812118	80.366562	59.032822	627.865051	
-0.995208	0.016508	-0.096373	-0.063657	-0.857538	0.510467	-0.074216	0.514156	0.854480	88.836800	57.874020	619.838867	
-0.989746	0.080189	-0.118206	-0.128744	-0.859258	0.495077	-0.061869	0.505219	0.860770	91.898384	55.479774	607.245300	
-0.925317	0.165995	-0.340932	-0.289951	-0.889150	0.354035	-0.244371	0.426448	0.870875	100.279015	52.243748	608.399048	
-0.866503	0.247580	-0.433447	-0.398066	-0.866657	0.300747	-0.301190	0.433138	0.849514	102.251213	50.663822	602.769104	
-0.824364	0.279901	-0.492016	-0.423925	-0.881268	0.208937	-0.375115	0.380818	0.845142	102.842529	44.945297	600.344543	
-0.765377	0.312517	-0.562610	-0.470633	-0.868055	0.158066	-0.438978	0.385764	0.811470	101.847038	37.736954	592.270386	
-0.685784	0.333532	-0.646882	-0.497502	-0.863563	0.082167	-0.531217	0.378173	0.758150	97.580833	28.796503	584.859009	
-0.581557	0.370852	-0.724058	-0.542741	-0.839881	0.005751	-0.605989	0.396320	0.689715	94.788673	19.773680	576.017273	
-0.479943	0.362861	-0.798741	-0.624263	-0.780950	0.020324	-0.616401	0.508379	0.601331	87.587067	13.670170	567.043701	
-0.335627	0.348373	-0.875209	-0.686652	-0.726526	-0.025871	-0.644874	0.592281	0.483053	80.581215	5.586931	555.675720	
-0.248534	0.318659	-0.914706	-0.646306	-0.757937	-0.088438	-0.721470	0.569200	0.394324	67.989632	0.173720	547.081787	
-0.192946	0.301342	-0.933791	-0.614802	-0.778825	-0.124299	-0.764715	0.550113	0.335536	55.199760	-3.441790	539.044434	
-0.222991	0.317170	-0.921780	-0.643100	-0.758493	-0.105411	-0.732597	0.569291	0.373109	34.240200	-19.659201	575.583008	
-0.222991	0.317170	-0.921780	-0.643100	-0.758493	-0.105411	-0.732597	0.569291	0.373109	34.240200	-19.659201	575.583008	
-0.222991	0.317170	-0.921780	-0.643100	-0.758493	-0.105411	-0.732597	0.569291	0.373109	34.240200	-19.659201	575.583008	
-0.222991	0.317170	-0.921780	-0.643100	-0.758493	-0.105411	-0.732597	0.569291	0.373109	34.240200	-19.659201	575.583008	
0.034562	-0.070992	-0.996878	-0.559741	-0.827724	0.039539	-0.827947	0.556627	-0.068344	-20.783167	-58.466129	569.412292	
0.081553	-0.197779	-0.976848	-0.550131	-0.826214	0.121353	-0.831087	0.527498	-0.176184	-42.121304	-67.426361	580.402710	
0.104995	-0.251727	-0.962086	-0.547324	-0.822360	0.155437	-0.830309	0.510253	-0.224120	-67.517090	-84.591026	603.428345	
0.067918	-0.405494	-0.911571	-0.669190	-0.696186	0.259826	-0.739981	0.592367	-0.318636	-82.707298	-97.794403	578.718994	
0.067918	-0.405494	-0.911571	-0.669190	-0.696186	0.259826	-0.739981	0.592367	-0.318636	-82.707298	-97.794403	578.718994	
0.067918	-0.405494	-0.911571	-0.669190	-0.696186	0.259826	-0.739981	0.592367	-0.318636	-82.707298	-97.794403	578.718994	
0.067918	-0.405494	-0.911571	-0.669190	-0.696186	0.259826	-0.739981	0.592367	-0.318636	-82.707298	-97.794403	578.718994	
-0.134728	-0.772255	-0.620863	-0.631917	-0.415661	0.654145	-0.763236	0.480465	-0.431999	-131.831589	-133.140900	594.047485	
-0.211145	-0.799222	-0.562727	-0.617670	-0.337095	0.710528	-0.757562	0.497604	-0.422479	-147.970932	-144.799377	602.137573	
-0.300048	-0.793911	-0.528844	-0.587384	-0.283058	0.758194	-0.751632	0.538129	-0.381399	-156.367172	-160.400482	611.379272	
-0.354044	-0.853081	-0.383283	-0.486695	-0.181899	0.854424	-0.798612	0.489045	-0.350789	-173.602066	-171.122711	627.467102	
-0.460602	-0.845286	-0.270810	-0.410072	-0.067937	0.909520	-0.787202	0.529978	-0.315335	-182.063156	-174.114273	632.753174	
-0.513472	-0.851457	-0.106616	-0.313107	0.070225	0.947118	-0.798943	0.519701	-0.302656	-186.770996	-186.776001	627.853027	
-0.513472	-0.851457	-0.106616	-0.313107	0.070225	0.947118	-0.798943	0.519701	-0.302656	-186.770996	-186.776001	627.853027	
-0.513472	-0.851457	-0.106616	-0.313107	0.070225	0.947118	-0.798943	0.519701	-0.302656	-186.770996	-186.776001	627.853027	
-0.513472	-0.851457	-0.106616	-0.313107	0.070225	0.947118	-0.798943	0.519701	-0.302656	-186.770996	-186.776001	627.853027	
-0.513472	-0.851457	-0.106616	-0.313107	0.070225	0.947118	-0.798943	0.519701	-0.302656	-186.770996	-186.776001	627.853027	
-0.528924	-0.518406	0.671934	0.510483	0.438159	0.739881	-0.677972	0.734352	0.032884	-189.741638	-197.416382	645.048401	
-0.602886	-0.437702	0.667042	0.522974	0.414592	0.744722	-0.602517	0.797829	-0.021045	-202.078995	-209.369003	680.250977	
-0.602886	-0.437702	0.667042	0.522974	0.414592	0.744722	-0.602517	0.797829	-0.021045	-202.078995	-209.369003	680.250977	
-0.602886	-0.437702	0.667042	0.522974	0.414592	0.744722	-0.602517	0.797829	-0.021045	-202.078995	-209.369003	680.250977	
-0.602886	-0.437702	0.667042	0.522974	0.414592	0.744722	-0.602517	0.797829	-0.021045	-202.078995	-209.369003	680.250977	
-0.602886	-0.437702	0.667042	0.522974	0.414592	0.744722	-0.602517	0.797829	-0.021045	-202.078995	-209.369003	680.250977	
-0.265855	-0.070023	0.961466	0.960061	0.070977	0.270636	-0.087193	0.995017	0.048356	-170.089462	-206.617920	741.865051	
-0.152207	-0.026445	0.987994	0.988342	-0.007703	0.152054	0.003589	0.999620	0.027309	-155.978134	-206.922211	771.083252	
-0.054437	-0.031063	0.998034	0.996611	-0.063416	0.052385	0.061664	0.997503	0.034410	-136.333511	-206.407852	782.312439	
0.134518	0.016622	0.990772	0.976210	-0.173812	-0.129625	0.170054	0.984639	-0.039608	-117.306000	-194.544998	781.635010	
0.134518	0.016622	0.990772	0.976210	-0.173812	-0.129625	0.170054	0.984639	-0.039608	-117.306000	-194.544998	781.635010	
0.134518	0.016622	0.990772	0.976210	-0.173812	-0.129625	0.170054	0.984639	-0.039608	-117.306000	-194.544998	781.635010	
0.451617	-0.042332	0.891207	0.793746	-0.437090	-0.422989	0.407443	0.898421	-0.163795	-75.648369	-167.311523	828.745728	
0.551981	-0.085203	0.829493	0.714647	-0.464219	-0.523240	0.429647	0.881613	-0.195350	-63.679478	-161.589645	846.845337	
0.633877	-0.155569	0.757627	0.622524	-0.478684	-0.619133	0.458981	0.864095	-0.206581	-43.190350	-149.848282	846.355347	
0.705342	-0.181064	0.685354	0.469371	-0.605227	-0.642955	0.531210	0.775188	-0.341905	-23.095207	-143.974335	880.982605	
0.761184	-0.268741	0.590236	0.321033	-0.634641	-0.702971	0.563504	0.724575	-0.396803	-3.262492	-129.575577	895.362122	
0.833542	-0.297921	0.465245	0.200524	-0.621551	-0.757275	0.514780	0.724512	-0.458347	5.440810	-116.085083	899.909851	
0.821334	-0.377206	0.427934	0.112664	-0.628131	-0.769908	0.559212	0.680563	-0.473407	15.390699	-109.480392	912.179565	
0.866770	-0.410535	0.283147	-0.024419	-0.602015	-0.798112	0.498110	0.684864	-0.531832	20.716177	-94.546669	930.357910	
0.867343	-0.463950	0.180185	-0.143522	-0.579794	-0.802023	0.476568	0.669768	-0.569466	25.230755	-79.370903	962.919189	
0.843958	-0.533942	0.051383	-0.276918	-0.515725	-0.810768	0.459402	0.670025	-0.583109	36.584702	-67.872498	931.487000	
0.843958	-0.533942	0.051383	-0.276918	-0.515725	-0.810768	0.459402	0.670025	-0.583109	36.584702	-67.872498	931.487000	
0.843958	-0.533942	0.051383	-0.276918	-0.515725	-0.810768	0.459402	0.670025	-0.583109	36.584702	-67.872498	931.487000	
0.713673	-0.668952	-0.207785	-0.539455	-0.335657	-0.772220	0.446833	0.663202	-0.600418	59.303726	-30.704638	960.093567	
0.667689	-0.731525	-0.138068	-0.555754	-0.366410	-0.746245	0.495307	0.574991	-0.651196	59.097885	-20.097372	956.245911	
0.623317	-0.699273	-0.349989	-0.669788	-0.246452	-0.700461	0.403558	0.671028	-0.621983	65.703003	-4.065620	981.427979	
0.623317	-0.699273	-0.349989	-0.669788	-0.246452	-0.700461	0.403558	0.671028	-0.621983	65.703003	-4.065620	981.427979	
0.623317	-0.699273	-0.349989	-0.669788	-0.246452	-0.700461	0.403558	0.671028	-0.621983	65.703003	-4.065620	981.427979	
0.623317	-0.699273	-0.349989	-0.669788	-0.246452	-0.700461	0.403558	0.671028	-0.621983	65.703003	-4.065620	981.427979	
0.456672	-0.658043	-0.598690	-0.828393	-0.069168	-0.555860	0.324370	0.749797	-0.576705	60.845226	37.750980	1004.417053	
0.382858	-0.600962	-0.701616	-0.883579	-0.016534	-0.467989	0.269644	0.799107	-0.537328	54.138939	47.542347	1000.051758	
0.346125	-0.571168	-0.744289	-0.892725	0.043454	-0.448501	0.288512	0.819683	-0.494855	49.108921	57.394341	1007.345215	
0.376164	-0.531595	-0.758887	-0.856767	0.112278	-0.503331	0.352775	0.839525	-0.413218	41.374092	67.532211	1010.197510	
0.386228	-0.482118	-0.786378	-0.819144	0.212668	-0.532704	0.424064	0.849903	-0.312785	31.449539	76.536301	1005.021179	
0.315478	-0.451589	-0.834591	-0.848292	0.259965	-0.461321	0.425292	0.853514	-0.301066	23.915688	84.255173	1037.577026	
0.209203	-0.424803	-0.880782	-0.868758	0.332721	-0.366818	0.448880	0.841926	-0.299445	5.792974	88.421417	1062.774780	
0.136830	-0.331371	-0.933526	-0.868802	0.412577	-0.273793	0.475879	0.848513	-0.231443	-11.944861	92.257179	1082.493286	
0.102678	-0.292723	-0.950668	-0.823287	0.511367	-0.246375	0.558261	0.807971	-0.188489	-31.261036	94.369720	1111.397339	
0.030468	-0.147451	-0.988600	-0.879553	0.465892	-0.096596	0.474824	0.872470	-0.115496	-45.653900	95.131798	1067.459961	
0.030468	-0.147451	-0.988600	-0.879553	0.465892	-0.096596	0.474824	0.872470	-0.115496	-45.653900	95.131798	1067.459961	
0.030468	-0.147451	-0.988600	-0.879553	0.465892	-0.096596	0.474824	0.872470	-0.115496	-45.653900	95.131798	1067.459961	
0.030468	-0.147451	-0.988600	-0.879553	0.465892	-0.096596	0.474824	0.872470	-0.115496	-45.653900	95.131798	1067.459961	
-0.003268	0.240735	-0.970586	-0.806355	0.573399	0.144935	0.591423	0.783110	0.192244	-95.506088	95.449020	1063.963013	
0.005206	0.369911	-0.929052	-0.760404	0.604835	0.236560	0.649429	0.705224	0.284431	-106.131104	94.431458	1076.227295	
0.007684	0.435964	-0.899931	-0.717038	0.629684	0.298923	0.696991	0.642988	0.317442	-121.599884	97.891579	1119.589478	
0.043299	0.468841	-0.882221	-0.722900	0.624220	0.296252	0.689595	0.624930	0.365953	-124.834000	82.265297	1074.770020	
0.043299	0.468841	-0.882221	-0.722900	0.624220	0.296252	0.689595	0.624930	0.365953	-124.834000	82.265297	1074.770020	
0.043299	0.468841	-0.882221	-0.722900	0.624220	0.296252	0.689595	0.624930	0.365953	-124.834000	82.265297	1074.770020	
0.043299	0.468841	-0.882221	-0.722900	0.624220	0.296252	0.689595	0.624930	0.365953	-124.834000	82.265297	1074.770020	
0.043299	0.468841	-0.882221	-0.722900	0.624220	0.296252	0.689595	0.624930	0.365953	-124.834000	82.265297	1074.770020	
0.217949	0.680689	-0.699401	-0.589944	0.662769	0.461197	0.777473	0.312090	0.546018	-164.818359	43.710777	1056.389038	
0.273456	0.745504	-0.607820	-0.576056	0.632981	0.517199	0.770312	0.208707	0.602545	-174.532486	33.299255	1063.104126	
0.429740	0.765017	-0.479659	-0.567365	0.642024	0.515657	0.702438	0.050543	0.709947	-182.746674	37.497337	1085.974487	
0.447501	0.814769	-0.368638	-0.646489	0.579557	0.496151	0.617895	0.016292	0.786092	-186.310822	25.147465	1074.664307	
0.388551	0.866455	-0.313502	-0.615241	0.497240	0.611745	0.685935	-0.044815	0.726281	-191.248642	11.863804	1087.066284	
0.424426	0.890913	-0.161666	-0.610530	0.413433	0.675520	0.668667	-0.188006	0.719401	-183.126999	6.973360	1036.390015	
0.424426	0.890913	-0.161666	-0.610530	0.413433	0.675520	0.668667	-0.188006	0.719401	-183.126999	6.973360	1036.390015	
0.424426	0.890913	-0.161666	-0.610530	0.413433	0.675520	0.668667	-0.188006	0.719401	-183.126999	6.973360	1036.390015	
0.424426	0.890913	-0.161666	-0.610530	0.413433	0.675520	0.668667	-0.188006	0.719401	-183.126999	6.973360	1036.390015	
0.526511	0.818215	0.230890	-0.651531	0.213861	0.727853	0.546163	-0.533655	0.645693	-162.418457	-34.589027	985.954163	
0.542988	0.791897	0.279398	-0.652916	0.188899	0.733496	0.528075	-0.580704	0.619613	-151.944168	-41.629902	989.496277	
0.569544	0.759269	0.314848	-0.645486	0.176002	0.743216	0.508888	-0.626525	0.590339	-139.238022	-47.432056	995.972046	
0.563910	0.719361	0.405617	-0.680627	0.126669	0.721596	0.467710	-0.682989	0.561047	-130.868835	-61.686138	995.299744	
