0.996356	-0.042383	0.074017	0.042761	0.999079	-0.003532	-0.073799	0.006684	0.997251	18.781086	3.933353	547.281982	
0.969889	-0.126042	0.208397	0.128643	0.991690	0.001083	-0.206802	0.025758	0.978044	27.657600	7.702302	547.391052	
0.948327	-0.164532	0.271303	0.172192	0.985053	-0.004502	-0.266507	0.050985	0.962484	36.430740	15.725624	548.505859	
0.906877	-0.201408	0.370147	0.220143	0.975430	-0.008599	-0.359321	0.089283	0.928934	45.150192	18.694405	548.171448	
0.835142	-0.266793	0.480997	0.311981	0.949974	-0.014764	-0.452996	0.162392	0.876598	52.993999	24.561306	550.314941	
0.769782	-0.329885	0.546453	0.387754	0.921707	0.010195	-0.507033	0.204041	0.837428	69.015350	25.813240	550.055603	
0.683163	-0.364750	0.632649	0.483274	0.875300	-0.017212	-0.547480	0.317501	0.774247	76.747963	29.878540	553.798157	
0.592507	-0.349510	0.725795	0.528268	0.848779	-0.022522	-0.608167	0.396759	0.687543	83.797134	31.115974	558.616333	
0.536593	-0.346993	0.769197	0.572400	0.819438	-0.029650	-0.620021	0.456199	0.638324	89.243629	31.765272	560.571899	
0.442189	-0.317557	0.838825	0.621471	0.782813	-0.031258	-0.646717	0.535127	0.543504	99.204597	31.584904	567.464294	
0.371776	-0.323492	0.870136	0.698773	0.714586	-0.032897	-0.611145	0.620258	0.491713	103.054276	30.280434	575.933289	
0.269800	-0.288286	0.918749	0.772670	0.634194	-0.027904	-0.574620	0.717418	0.393855	106.047493	27.711670	580.076355	
0.206963	-0.263569	0.942178	0.836449	0.547186	-0.030666	-0.507464	0.794430	0.333709	108.185181	25.792112	589.722656	
0.130201	-0.179651	0.975076	0.877040	0.479555	-0.028756	-0.462437	0.858925	0.220000	109.543945	21.766502	600.394836	
0.080118	-0.149016	0.985584	0.910059	0.414322	-0.011335	-0.406660	0.897848	0.168807	110.170113	14.607265	604.448914	
0.042828	-0.087399	0.995253	0.938844	0.344190	-0.010176	-0.341667	0.934824	0.096795	107.935295	8.078442	608.507385	
0.015539	-0.032897	0.999339	0.959573	0.281402	-0.005658	-0.281029	0.959026	0.035939	103.880684	4.783676	617.587891	
-0.005479	0.017471	0.999833	0.984926	0.172958	0.002375	-0.172888	0.984774	-0.018156	101.342384	-4.028059	627.965759	
-0.017788	0.081468	0.996518	0.998705	0.048952	0.013825	-0.047656	0.995473	-0.082233	96.816734	-14.595749	633.800781	
-0.000815	0.042368	0.999102	0.995681	-0.092711	0.004744	0.092829	0.994792	-0.042110	91.489761	-23.948214	636.352905	
0.015073	0.070686	0.997385	0.978843	-0.204609	-0.000292	0.204053	0.976289	-0.072274	90.162537	-30.638260	647.091614	
0.016736	0.129379	0.991455	0.976411	-0.215606	0.011654	0.215271	0.967872	-0.129936	86.190811	-38.828621	659.373230	
0.018729	0.232439	0.972431	0.971184	-0.235354	0.037552	0.237594	0.943706	-0.230149	75.262756	-51.965126	676.261780	
0.036985	0.134852	0.990176	0.963697	-0.266997	0.000366	0.264423	0.954216	-0.139831	70.228584	-53.835766	665.018860	
0.082195	-0.059971	0.994811	0.958666	-0.268073	-0.095369	0.272401	0.961531	0.035457	70.622482	-63.164562	661.879028	
0.169944	-0.152104	0.973645	0.960407	-0.195774	-0.198218	0.220763	0.968781	0.112811	59.258934	-87.315392	691.423279	
0.249849	-0.311720	0.916737	0.942110	-0.140384	-0.304500	0.223614	0.939747	0.258600	46.821663	-109.238617	720.466919	
0.310708	-0.420213	0.852574	0.900050	-0.158283	-0.406024	0.305565	0.893515	0.329033	34.929539	-114.154610	740.955139	
0.335582	-0.574421	0.746610	0.769668	-0.289779	-0.568894	0.543136	0.765552	0.344868	23.298288	-120.907799	759.728455	
0.442718	-0.652350	0.615176	0.596625	-0.297840	-0.745205	0.669358	0.696945	0.257349	10.629708	-127.704704	744.059814	
0.556727	-0.613751	0.559790	0.522291	-0.265400	-0.810417	0.645961	0.743555	0.172801	-0.914694	-137.617554	727.295288	
0.684689	-0.517047	0.513677	0.499436	-0.180457	-0.847348	0.530815	0.836719	0.134675	-11.348483	-147.330063	760.024597	
0.728513	-0.467069	0.501115	0.505935	-0.126333	-0.853270	0.461842	0.875150	0.144272	-24.209078	-162.683945	784.837708	
0.769090	-0.504932	0.391847	0.386877	-0.120228	-0.914260	0.508750	0.854745	0.102881	-36.194576	-181.060181	817.660522	
0.795914	0.603449	-0.048680	0.499085	-0.608492	0.616970	0.342688	-0.515351	-0.785480	-56.546001	-181.697998	814.794983	
0.795914	0.603449	-0.048680	0.499085	-0.608492	0.616970	0.342688	-0.515351	-0.785480	-56.546001	-181.697998	814.794983	
0.795914	0.603449	-0.048680	0.499085	-0.608492	0.616970	0.342688	-0.515351	-0.785480	-56.546001	-181.697998	814.794983	
0.857597	0.454739	-0.240290	0.475086	-0.521427	0.708807	0.197028	-0.722030	-0.663214	-94.936668	-215.440643	842.331787	
0.865699	0.415796	-0.278708	0.474457	-0.504129	0.721626	0.159544	-0.756947	-0.633701	-105.810242	-221.696121	865.087463	
0.878867	0.315853	-0.357531	0.473853	-0.491136	0.730923	0.055267	-0.811802	-0.581311	-112.974174	-226.486832	882.572693	
0.887625	0.194934	-0.417280	0.456278	-0.495534	0.739091	-0.062703	-0.846432	-0.528792	-115.535217	-234.523193	898.122498	
0.852027	0.125173	-0.508311	0.503513	-0.461676	0.730295	-0.143262	-0.878173	-0.456386	-117.130211	-238.117218	901.917236	
0.831461	0.068693	-0.551319	0.521516	-0.438635	0.731861	-0.191554	-0.896037	-0.400532	-117.809296	-240.475250	910.907227	
0.780179	0.017466	-0.625311	0.574579	-0.415250	0.705284	-0.247342	-0.909540	-0.334005	-116.922615	-245.498169	924.708191	
0.719586	-0.025646	-0.693929	0.629304	-0.398366	0.667294	-0.293551	-0.916869	-0.270519	-115.443626	-249.073532	927.558899	
0.689885	-0.060586	-0.721378	0.653077	-0.377838	0.656300	-0.312327	-0.923888	-0.221097	-113.054398	-252.844040	942.560608	
0.623252	-0.083123	-0.777590	0.694549	-0.398120	0.599252	-0.359385	-0.913560	-0.190396	-110.013229	-255.280411	952.249329	
0.576102	-0.139690	-0.805352	0.690683	-0.443706	0.571037	-0.437108	-0.885219	-0.159138	-101.033150	-256.636627	970.478149	
0.527229	-0.189652	-0.828287	0.656125	-0.528531	0.538661	-0.539933	-0.827459	-0.154222	-96.412949	-257.364868	974.783752	
0.492809	-0.200637	-0.846689	0.658468	-0.550110	0.513614	-0.568822	-0.810632	-0.138987	-85.086159	-258.395264	985.430664	
0.427302	-0.239299	-0.871865	0.641953	-0.598744	0.478959	-0.636638	-0.764357	-0.102226	-77.912949	-254.000809	986.862122	
0.372097	-0.257293	-0.891820	0.641979	-0.622597	0.447477	-0.670377	-0.739036	-0.066490	-61.401287	-246.359100	993.159363	
0.316533	-0.209786	-0.925092	0.657222	-0.654727	0.373353	-0.684007	-0.726171	-0.069367	-52.073441	-238.678192	998.319031	
0.245763	-0.173950	-0.953594	0.688422	-0.661244	0.298045	-0.682403	-0.729725	-0.042759	-42.107407	-229.746719	1000.871033	
0.215175	-0.157922	-0.963722	0.693045	-0.670569	0.264624	-0.688032	-0.724844	-0.034843	-32.346172	-222.882996	1011.313110	
0.152822	-0.101289	-0.983049	0.684233	-0.706902	0.179206	-0.713071	-0.700022	-0.038726	-22.316158	-216.403122	1025.583984	
0.131906	-0.086332	-0.987496	0.686183	-0.710981	0.153816	-0.715370	-0.697893	-0.034544	-11.107175	-207.043594	1033.426636	
0.095756	-0.030066	-0.994951	0.690434	-0.718004	0.088147	-0.717029	-0.695390	-0.047995	9.253666	-197.356674	1039.900879	
0.000989	-0.002580	-0.999996	0.690516	-0.723312	0.002549	-0.723316	-0.690516	0.001066	16.929300	-176.248001	1021.419983	
0.000989	-0.002580	-0.999996	0.690516	-0.723312	0.002549	-0.723316	-0.690516	0.001066	16.929300	-176.248001	1021.419983	
0.000989	-0.002580	-0.999996	0.690516	-0.723312	0.002549	-0.723316	-0.690516	0.001066	16.929300	-176.248001	1021.419983	
-0.023376	0.233237	-0.972139	0.626191	-0.754605	-0.196103	-0.779320	-0.613329	-0.128411	52.533726	-135.866180	1029.978394	
0.000317	0.278981	-0.960297	0.591321	-0.774471	-0.224800	-0.806436	-0.567772	-0.165213	69.726997	-121.514000	1024.689941	
0.000317	0.278981	-0.960297	0.591321	-0.774471	-0.224800	-0.806436	-0.567772	-0.165213	69.726997	-121.514000	1024.689941	
0.000317	0.278981	-0.960297	0.591321	-0.774471	-0.224800	-0.806436	-0.567772	-0.165213	69.726997	-121.514000	1024.689941	
0.000317	0.278981	-0.960297	0.591321	-0.774471	-0.224800	-0.806436	-0.567772	-0.165213	69.726997	-121.514000	1024.689941	
0.179631	0.400331	-0.898592	0.495812	-0.825788	-0.268782	-0.849649	-0.397251	-0.346826	110.980057	-81.721222	1005.773560	
0.237876	0.387834	-0.890505	0.430243	-0.864043	-0.261380	-0.870808	-0.320958	-0.372398	114.438393	-66.220383	1004.443054	
0.311737	0.390526	-0.866204	0.416149	-0.875661	-0.245022	-0.854190	-0.284088	-0.435493	116.573326	-51.889420	994.460632	
0.389410	0.364444	-0.845897	0.399288	-0.894401	-0.201529	-0.830018	-0.259280	-0.493807	119.894173	-44.738434	984.913879	
0.467486	0.328288	-0.820783	0.361258	-0.918363	-0.161558	-0.806815	-0.220989	-0.547918	123.549500	-30.156895	996.869263	
0.517321	0.325948	-0.791288	0.335284	-0.927904	-0.163023	-0.787378	-0.180971	-0.589310	124.455894	-15.764544	998.790161	
0.589128	0.279196	-0.758273	0.261749	-0.953750	-0.147809	-0.764471	-0.111399	-0.634960	121.114998	-2.384279	991.296021	
0.627456	0.245982	-0.738778	0.238926	-0.963842	-0.117995	-0.741090	-0.102477	-0.663540	117.234772	3.432569	986.598694	
0.666480	0.157242	-0.728752	0.153171	-0.985532	-0.072564	-0.729619	-0.063261	-0.680923	112.880791	8.460824	975.077759	
0.695847	0.121404	-0.707855	0.122823	-0.991205	-0.049260	-0.707610	-0.052664	-0.704638	105.391129	19.891312	967.926331	
0.739290	0.081493	-0.668438	0.092899	-0.995501	-0.018619	-0.666948	-0.048332	-0.743535	94.578163	24.561789	957.989929	
0.790971	-0.007060	-0.611814	0.016663	-0.999314	0.033075	-0.611628	-0.036356	-0.790310	89.167503	30.483757	958.875549	
0.815315	-0.057300	-0.576176	-0.022096	-0.997446	0.067930	-0.578597	-0.042653	-0.814498	76.008049	38.589943	952.828979	
0.820852	-0.114699	-0.559506	-0.032820	-0.987481	0.154286	-0.570198	-0.108283	-0.814340	67.658203	45.057468	946.883911	
0.837784	-0.176419	-0.516715	-0.044760	-0.965367	0.257029	-0.544165	-0.192207	-0.816665	51.369526	48.238037	939.676086	
0.840740	-0.235324	-0.487626	-0.051236	-0.931147	0.361027	-0.539011	-0.278545	-0.794909	32.837608	52.968769	927.872131	
0.818831	-0.347002	-0.457281	-0.161780	-0.903817	0.396160	-0.550767	-0.250408	-0.796211	14.849674	55.091980	914.943115	
0.780729	-0.461549	-0.421232	-0.236262	-0.842105	0.484809	-0.578485	-0.278983	-0.766501	5.859934	55.520592	895.619507	
0.724307	-0.564024	-0.396556	-0.326819	-0.787292	0.522840	-0.607100	-0.249094	-0.754574	-13.432245	55.414516	882.798950	
0.656795	-0.664900	-0.355708	-0.373967	-0.696830	0.612028	-0.654806	-0.268953	-0.706325	-32.545574	54.583565	878.939575	
0.564087	-0.753221	-0.338326	-0.396715	-0.606570	0.688978	-0.724172	-0.254424	-0.640972	-52.219856	53.710091	872.287476	
0.458667	-0.833353	-0.308459	-0.409908	-0.506411	0.758633	-0.788417	-0.221520	-0.573872	-71.959915	50.461716	871.272583	
0.401275	-0.871459	-0.282023	-0.414473	-0.447331	0.792533	-0.816818	-0.201132	-0.540699	-81.682159	45.754990	869.001892	
0.341917	-0.905869	-0.249987	-0.356105	-0.371079	0.857608	-0.869646	-0.204209	-0.449462	-91.138512	40.818428	852.581848	
0.248446	-0.948893	-0.194616	-0.336565	-0.272963	0.901231	-0.908296	-0.158406	-0.387180	-108.109283	38.795906	831.058960	
0.119695	-0.970484	-0.209362	-0.255712	-0.233901	0.938031	-0.959316	-0.058742	-0.276161	-122.133171	35.844795	817.112610	
-0.018466	-0.974085	-0.225427	-0.205145	-0.216978	0.954378	-0.978558	0.063868	-0.195822	-138.553970	30.082182	815.853577	
-0.104510	-0.978488	-0.177874	-0.113045	-0.166008	0.979624	-0.988079	0.122488	-0.093263	-149.210754	23.291828	797.049255	
-0.246953	-0.959353	-0.136591	-0.018567	-0.136247	0.990501	-0.968851	0.247142	0.015834	-154.833420	15.823495	787.067261	
-0.310603	-0.938006	-0.153851	0.072150	-0.184655	0.980152	-0.947799	0.293337	0.125031	-159.890823	10.421619	769.690247	
-0.358854	-0.909905	-0.208082	0.128043	-0.268812	0.954645	-0.924571	0.315933	0.212970	-162.173706	6.299607	750.547302	
-0.488993	-0.864147	-0.118895	0.209216	-0.248513	0.945765	-0.846827	0.437597	0.302314	-171.899414	-11.980083	747.022583	
-0.532637	-0.840775	-0.096940	0.293629	-0.291001	0.910550	-0.793778	0.456527	0.401872	-172.905319	-26.585030	733.736572	
-0.657381	-0.750988	-0.062204	0.315404	-0.349177	0.882381	-0.684378	0.560439	0.466406	-175.311310	-35.303341	733.056213	
-0.702166	-0.710223	-0.050481	0.332255	-0.389540	0.858992	-0.629740	0.586381	0.509495	-172.971268	-42.788605	726.685608	
-0.795018	-0.606149	-0.023089	0.350942	-0.490671	0.797549	-0.494762	0.625960	0.602813	-171.160858	-50.189880	720.170288	
-0.875240	-0.483691	0.001272	0.307616	-0.554599	0.773171	-0.373270	0.677100	0.634196	-164.901260	-65.928917	708.222412	
-0.932868	-0.359828	0.016863	0.254089	-0.624109	0.738870	-0.255341	0.693551	0.673638	-161.312988	-74.217018	693.553223	
-0.970627	-0.238892	0.028594	0.197251	-0.722066	0.663109	-0.137764	0.649270	0.747977	-156.416061	-89.275909	689.804504	
-0.980196	-0.197651	0.012346	0.169059	-0.802674	0.571956	-0.103138	0.562715	0.820191	-143.762756	-97.240005	681.341003	
-0.980207	-0.197969	-0.002583	0.157692	-0.788540	0.594424	-0.119714	0.582249	0.804148	-128.738144	-109.770523	671.864990	
-0.999934	0.010617	0.004433	-0.008690	-0.949464	0.313754	0.007540	0.313695	0.949494	-116.258003	-119.597000	662.375977	
-0.999934	0.010617	0.004433	-0.008690	-0.949464	0.313754	0.007540	0.313695	0.949494	-116.258003	-119.597000	662.375977	
-0.999934	0.010617	0.004433	-0.008690	-0.949464	0.313754	0.007540	0.313695	0.949494	-116.258003	-119.597000	662.375977	
-0.960071	0.279068	0.019603	-0.276755	-0.957674	0.079160	0.040865	0.070574	0.996669	-80.674515	-139.317062	630.643372	
-0.912034	0.407574	0.045569	-0.407105	-0.913172	0.019544	0.049577	-0.000727	0.998770	-71.746536	-144.532852	620.592896	
-0.881323	0.470105	0.047651	-0.472439	-0.874899	-0.106552	-0.008401	-0.116419	0.993165	-62.228386	-155.633301	608.974426	
-0.846291	0.529334	0.059971	-0.528453	-0.819958	-0.220014	-0.067287	-0.217888	0.973652	-52.931812	-160.193253	600.162720	
-0.762491	0.644917	0.051867	-0.628290	-0.718920	-0.297330	-0.154464	-0.259299	0.953366	-32.898445	-170.838577	598.205200	
-0.664953	0.745850	0.039312	-0.689233	-0.592496	-0.417020	-0.287742	-0.304394	0.908047	-23.385859	-175.145935	598.303833	
-0.554624	0.831563	0.029923	-0.709796	-0.454031	-0.538558	-0.434259	-0.319936	0.842057	-3.976390	-181.096069	588.354492	
-0.435576	0.899847	0.023435	-0.727399	-0.336527	-0.598030	-0.530248	-0.277533	0.801132	14.262648	-186.360138	582.524658	
-0.304964	0.952329	0.008141	-0.724529	-0.226451	-0.650982	-0.618105	-0.204424	0.759050	22.896393	-190.852036	575.234131	
-0.175458	0.984433	0.010255	-0.671401	-0.112034	-0.732577	-0.720024	-0.135422	0.680607	30.577450	-193.464005	575.323730	
-0.035973	0.999328	0.007034	-0.567367	-0.014629	-0.823335	-0.822679	-0.033609	0.567512	45.233917	-192.935501	568.567871	
0.099880	0.994836	-0.018006	-0.465210	0.030694	-0.884668	-0.879547	0.096737	0.465874	52.067535	-193.871841	566.100891	
0.146687	0.988989	-0.019593	-0.372576	0.036890	-0.927269	-0.916335	0.143318	0.373885	61.847889	-190.161804	560.151672	
0.213968	0.976792	-0.009688	-0.302791	0.056891	-0.951358	-0.928728	0.206494	0.307937	66.766602	-189.739273	559.227051	
0.278189	0.960417	-0.014506	-0.195635	0.041868	-0.979783	-0.940392	0.275403	0.199539	71.668472	-188.686005	558.264832	
0.365460	0.929207	-0.054884	-0.167893	0.007808	-0.985775	-0.915560	0.369476	0.158861	77.855057	-185.350861	554.658081	
0.431934	0.890847	-0.140797	-0.070969	-0.122056	-0.989983	-0.899108	0.437600	0.010503	75.370430	-173.866623	519.452759	
0.552220	0.831150	-0.065134	0.052187	-0.112435	-0.992288	-0.832063	0.544562	-0.105464	80.893898	-178.850998	563.052002	
0.552220	0.831150	-0.065134	0.052187	-0.112435	-0.992288	-0.832063	0.544562	-0.105464	80.893898	-178.850998	563.052002	
0.552220	0.831150	-0.065134	0.052187	-0.112435	-0.992288	-0.832063	0.544562	-0.105464	80.893898	-178.850998	563.052002	
0.552220	0.831150	-0.065134	0.052187	-0.112435	-0.992288	-0.832063	0.544562	-0.105464	80.893898	-178.850998	563.052002	
0.552220	0.831150	-0.065134	0.052187	-0.112435	-0.992288	-0.832063	0.544562	-0.105464	80.893898	-178.850998	563.052002	
0.552220	0.831150	-0.065134	0.052187	-0.112435	-0.992288	-0.832063	0.544562	-0.105464	80.893898	-178.850998	563.052002	
0.552220	0.831150	-0.065134	0.052187	-0.112435	-0.992288	-0.832063	0.544562	-0.105464	80.893898	-178.850998	563.052002	
0.922201	0.342994	-0.178607	0.152461	-0.746929	-0.647188	-0.355388	0.569607	-0.741112	42.676609	-131.569794	578.802124	
0.944254	0.272478	-0.184764	0.111229	-0.792271	-0.599946	-0.309856	0.545951	-0.778413	28.462854	-124.826607	583.442993	
0.964893	0.191567	-0.179673	0.078423	-0.863038	-0.499014	-0.250660	0.467404	-0.847763	20.672321	-118.005096	591.840088	
0.974479	0.083025	-0.208555	-0.042516	-0.844002	-0.534652	-0.220411	0.529875	-0.818933	5.852181	-106.572449	582.374695	
0.982402	-0.072437	-0.172153	-0.168142	-0.744295	-0.646339	-0.081315	0.663912	-0.743377	-3.113988	-89.382095	563.072937	
0.948679	-0.126217	-0.289960	-0.197265	-0.952833	-0.230643	-0.247173	0.276006	-0.928831	-34.969898	-89.604401	615.853027	
0.948679	-0.126217	-0.289960	-0.197265	-0.952833	-0.230643	-0.247173	0.276006	-0.928831	-34.969898	-89.604401	615.853027	
0.948679	-0.126217	-0.289960	-0.197265	-0.952833	-0.230643	-0.247173	0.276006	-0.928831	-34.969898	-89.604401	615.853027	
0.813196	-0.420988	-0.401847	-0.396385	-0.906203	0.147227	-0.426135	0.039561	-0.903795	-74.933411	-52.659904	643.023193	
0.736286	-0.521615	-0.431046	-0.490106	-0.850301	0.191793	-0.466561	0.070043	-0.881712	-95.185165	-45.649818	650.525696	
0.642519	-0.599651	-0.477061	-0.564669	-0.791382	0.234231	-0.517994	0.118883	-0.847083	-114.659592	-39.224388	666.876099	
0.580093	-0.627952	-0.518814	-0.534437	-0.774087	0.339363	-0.614710	0.080411	-0.784644	-133.764984	-33.202625	683.468567	
0.516007	-0.651129	-0.556567	-0.488068	-0.757455	0.433650	-0.703937	0.047875	-0.708648	-142.822052	-20.840130	690.302185	
0.397141	-0.688915	-0.606362	-0.535441	-0.710526	0.456570	-0.745373	0.143348	-0.651053	-151.285919	-8.111567	698.822510	
0.260746	-0.719990	-0.643138	-0.599738	-0.642845	0.476513	-0.756522	0.261465	-0.599426	-160.752441	-3.634330	721.773682	
0.197893	-0.762156	-0.616406	-0.510805	-0.616892	0.598767	-0.836610	0.196372	-0.511392	-170.401993	2.673390	705.960999	
0.197893	-0.762156	-0.616406	-0.510805	-0.616892	0.598767	-0.836610	0.196372	-0.511392	-170.401993	2.673390	705.960999	
0.197893	-0.762156	-0.616406	-0.510805	-0.616892	0.598767	-0.836610	0.196372	-0.511392	-170.401993	2.673390	705.960999	
0.197893	-0.762156	-0.616406	-0.510805	-0.616892	0.598767	-0.836610	0.196372	-0.511392	-170.401993	2.673390	705.960999	
-0.120627	-0.635508	-0.762612	-0.411575	-0.667067	0.620990	-0.903358	0.388780	-0.181093	-195.350906	29.155815	752.301270	
-0.163890	-0.607196	-0.777466	-0.403056	-0.678119	0.614573	-0.900381	0.414084	-0.133597	-197.605652	36.023785	760.766846	
-0.202876	-0.576205	-0.791725	-0.326949	-0.722277	0.609442	-0.923009	0.382495	-0.041857	-199.135361	38.977398	781.082153	
-0.266773	-0.524510	-0.808530	-0.298041	-0.752911	0.586768	-0.916517	0.397509	0.044531	-199.554764	40.920341	793.798218	
-0.295083	-0.507611	-0.809479	-0.299009	-0.755590	0.582819	-0.907480	0.414021	0.071182	-197.511322	42.018059	821.771423	
-0.290490	-0.445819	-0.846676	-0.286623	-0.803663	0.521509	-0.912942	0.394170	0.105674	-188.669006	42.494301	807.763977	
-0.290490	-0.445819	-0.846676	-0.286623	-0.803663	0.521509	-0.912942	0.394170	0.105674	-188.669006	42.494301	807.763977	
-0.290490	-0.445819	-0.846676	-0.286623	-0.803663	0.521509	-0.912942	0.394170	0.105674	-188.669006	42.494301	807.763977	
-0.290490	-0.445819	-0.846676	-0.286623	-0.803663	0.521509	-0.912942	0.394170	0.105674	-188.669006	42.494301	807.763977	
-0.300328	-0.236978	-0.923929	-0.286451	-0.901525	0.324344	-0.909808	0.362070	0.202870	-164.163834	40.902428	879.626526	
-0.279710	-0.183492	-0.942387	-0.260317	-0.930302	0.258404	-0.924120	0.317598	0.212449	-145.261002	36.186199	875.078979	
-0.279710	-0.183492	-0.942387	-0.260317	-0.930302	0.258404	-0.924120	0.317598	0.212449	-145.261002	36.186199	875.078979	
-0.279710	-0.183492	-0.942387	-0.260317	-0.930302	0.258404	-0.924120	0.317598	0.212449	-145.261002	36.186199	875.078979	
-0.187717	-0.059232	-0.980435	-0.217390	-0.970920	0.100280	-0.957865	0.231961	0.169381	-100.398941	18.556488	907.232422	
-0.149820	-0.027774	-0.988323	-0.212645	-0.975307	0.059643	-0.965576	0.219098	0.140214	-80.736069	15.484052	909.600403	
-0.059652	-0.013971	-0.998122	-0.193354	-0.980803	0.025284	-0.979315	0.194499	0.055805	-59.255047	7.571456	923.834229	
0.017954	-0.018229	-0.999673	-0.207820	-0.978065	0.014102	-0.978003	0.207499	-0.021349	-38.794731	1.939738	943.402893	
0.090452	-0.019674	-0.995706	-0.219407	-0.975633	-0.000654	-0.971432	0.218524	-0.092564	-29.019541	-3.195363	962.306946	
0.126333	-0.020954	-0.991767	-0.227165	-0.973820	-0.008362	-0.965628	0.226351	-0.127786	-19.134804	-15.111625	985.015015	
0.193947	-0.039024	-0.980236	-0.296301	-0.954872	-0.020611	-0.935196	0.294442	-0.196758	0.011375	-20.954357	1008.806763	
0.247913	-0.093352	-0.964274	-0.386609	-0.922188	-0.010118	-0.888299	0.375305	-0.264713	19.939945	-28.319134	1026.860352	
0.262103	-0.170215	-0.949910	-0.413228	-0.909313	0.048921	-0.872092	0.379707	-0.308671	27.094200	-35.896900	986.169983	
0.262103	-0.170215	-0.949910	-0.413228	-0.909313	0.048921	-0.872092	0.379707	-0.308671	27.094200	-35.896900	986.169983	
0.262103	-0.170215	-0.949910	-0.413228	-0.909313	0.048921	-0.872092	0.379707	-0.308671	27.094200	-35.896900	986.169983	
0.330443	-0.313320	-0.890302	-0.258629	-0.937244	0.233848	-0.907699	0.152985	-0.390740	65.155182	-69.435982	1004.938538	
0.306295	-0.382903	-0.871533	-0.326584	-0.902238	0.281617	-0.894162	0.198371	-0.401401	78.084152	-84.495506	1005.884216	
0.285513	-0.483194	-0.827651	-0.397231	-0.845588	0.356634	-0.872175	0.226944	-0.433366	87.978752	-91.918884	1009.493408	
0.230471	-0.550884	-0.802129	-0.394390	-0.806461	0.440542	-0.889573	0.214819	-0.403128	93.004700	-105.703171	1010.127380	
0.159310	-0.607716	-0.778012	-0.446135	-0.747332	0.492399	-0.880672	0.268654	-0.390181	96.116669	-113.151901	1011.179993	
0.120313	-0.685356	-0.718202	-0.447595	-0.683198	0.576973	-0.886106	0.252046	-0.388959	98.260941	-119.884979	1007.443970	
0.091008	-0.716352	-0.691780	-0.427790	-0.655423	0.622427	-0.899285	0.239290	-0.366096	100.925613	-133.590714	1018.495850	
-0.004705	-0.753807	-0.657080	-0.444750	-0.586943	0.676532	-0.895642	0.295419	-0.332494	101.862656	-146.768555	1022.627380	
-0.102092	-0.785061	-0.610947	-0.451958	-0.510504	0.731518	-0.886178	0.350805	-0.302696	102.488731	-153.154190	1030.150269	
-0.167178	-0.808410	-0.564381	-0.363642	-0.481518	0.797437	-0.916415	0.338546	-0.213471	101.013672	-165.880524	1035.491089	
-0.244872	-0.818008	-0.520481	-0.346630	-0.427482	0.834929	-0.905475	0.384865	-0.178867	95.464554	-180.965866	1057.702148	
-0.362415	-0.820847	-0.441436	-0.288809	-0.351413	0.890561	-0.886140	0.450244	-0.109710	89.518684	-183.537354	1043.513184	
-0.457618	-0.782618	-0.422013	-0.178845	-0.383906	0.905886	-0.870977	0.490025	0.035716	79.170639	-191.597824	1066.106812	
-0.523959	-0.768997	-0.366211	-0.089462	-0.377890	0.921518	-0.847032	0.515600	0.129203	64.140503	-193.557999	1028.989990	
-0.523959	-0.768997	-0.366211	-0.089462	-0.377890	0.921518	-0.847032	0.515600	0.129203	64.140503	-193.557999	1028.989990	
-0.523959	-0.768997	-0.366211	-0.089462	-0.377890	0.921518	-0.847032	0.515600	0.129203	64.140503	-193.557999	1028.989990	
-0.523959	-0.768997	-0.366211	-0.089462	-0.377890	0.921518	-0.847032	0.515600	0.129203	64.140503	-193.557999	1028.989990	
-0.523959	-0.768997	-0.366211	-0.089462	-0.377890	0.921518	-0.847032	0.515600	0.129203	64.140503	-193.557999	1028.989990	
-0.963607	-0.248581	0.098333	0.223425	-0.546938	0.806809	-0.146775	0.799417	0.582572	9.200846	-210.211945	996.008484	
-0.969980	-0.192961	0.148005	0.235085	-0.588237	0.773765	-0.062245	0.785330	0.615940	-0.539336	-211.255829	988.526672	
-0.968582	-0.172013	0.179611	0.248674	-0.660822	0.708149	-0.003120	0.730565	0.682835	-18.126190	-213.734558	991.078064	
-0.966628	-0.123210	0.224609	0.243293	-0.716111	0.654212	0.080240	0.687025	0.722189	-27.583672	-213.571793	989.918396	
-0.943492	-0.052316	0.327239	0.245817	-0.772734	0.585198	0.222253	0.632570	0.741929	-47.635075	-213.912170	987.855286	
-0.904186	0.064168	0.422291	0.163150	-0.861806	0.480283	0.394752	0.503161	0.768764	-57.133667	-212.417480	981.447937	
-0.839627	0.163962	0.517826	0.071547	-0.911658	0.404673	0.538431	0.376822	0.753722	-66.979088	-208.979279	977.146179	
-0.811803	0.241982	0.531433	-0.063106	-0.941120	0.332130	0.580512	0.236087	0.779275	-79.158646	-205.712891	970.569092	
-0.722126	0.336663	0.604312	-0.298385	-0.939728	0.166966	0.624100	-0.059747	0.779057	-94.482300	-201.615997	964.468994	
-0.722126	0.336663	0.604312	-0.298385	-0.939728	0.166966	0.624100	-0.059747	0.779057	-94.482300	-201.615997	964.468994	
-0.722126	0.336663	0.604312	-0.298385	-0.939728	0.166966	0.624100	-0.059747	0.779057	-94.482300	-201.615997	964.468994	
-0.722126	0.336663	0.604312	-0.298385	-0.939728	0.166966	0.624100	-0.059747	0.779057	-94.482300	-201.615997	964.468994	
-0.386907	0.468610	0.794171	-0.808507	-0.586544	-0.047794	0.443419	-0.660584	0.605811	-129.937225	-173.090637	926.848816	
-0.292425	0.459221	0.838811	-0.915116	-0.388990	-0.106068	0.277580	-0.798626	0.533990	-134.709625	-162.162582	913.715149	
-0.255439	0.494448	0.830826	-0.961812	-0.217358	-0.166355	0.098333	-0.841592	0.531087	-144.357956	-150.085327	902.725952	
-0.214079	0.549252	0.807770	-0.975259	-0.166854	-0.145015	0.055130	-0.818830	0.571382	-152.102325	-132.113251	884.792053	
-0.201044	0.586407	0.784671	-0.977135	-0.176635	-0.118353	0.069197	-0.790524	0.608509	-161.806992	-114.006332	884.628662	
-0.209114	0.635100	0.743586	-0.969286	-0.235271	-0.071641	0.129444	-0.735728	0.664791	-174.686951	-96.887390	902.005432	
-0.026509	0.125781	0.991704	-0.880230	0.467269	-0.082795	-0.473806	-0.875122	0.098329	-145.270996	-102.653000	872.351990	
-0.026509	0.125781	0.991704	-0.880230	0.467269	-0.082795	-0.473806	-0.875122	0.098329	-145.270996	-102.653000	872.351990	
-0.026509	0.125781	0.991704	-0.880230	0.467269	-0.082795	-0.473806	-0.875122	0.098329	-145.270996	-102.653000	872.351990	
-0.008679	-0.108613	0.994046	-0.519369	0.849972	0.088336	-0.854506	-0.515510	-0.063787	-129.668274	-72.159943	828.445251	
-0.034736	-0.228655	0.972888	-0.371779	0.906567	0.199793	-0.927671	-0.354759	-0.116500	-119.322411	-63.954586	814.993896	
-0.051933	-0.289933	0.955637	-0.260365	0.927764	0.267327	-0.964112	-0.234931	-0.123670	-112.374268	-55.697067	806.011597	
-0.100943	-0.388090	0.916077	-0.154396	0.915736	0.370932	-0.982839	-0.103995	-0.152357	-105.891304	-41.396236	802.086731	
-0.149204	-0.419147	0.895575	-0.057068	0.907854	0.415385	-0.987158	0.010869	-0.159376	-98.523399	-26.933252	792.461609	
-0.194431	-0.470487	0.860720	0.100295	0.863332	0.494570	-0.975775	0.182486	-0.120671	-82.163467	-12.466441	776.612732	
-0.278576	-0.489735	0.826169	0.294918	0.775040	0.558870	-0.914012	0.399340	-0.071476	-73.373932	-5.765829	772.126404	
-0.338874	-0.510223	0.790466	0.371059	0.699594	0.610641	-0.864568	0.500241	-0.047752	-64.695320	2.116431	759.659790	
-0.393381	-0.527243	0.753171	0.474215	0.585470	0.657529	-0.787637	0.615825	0.019713	-53.852726	8.458680	740.544800	
-0.448047	-0.536026	0.715493	0.515577	0.498900	0.696619	-0.730365	0.681011	0.052832	-33.867142	19.626001	720.670715	
-0.568466	-0.468220	0.676474	0.572136	0.365875	0.734027	-0.591190	0.804305	0.059898	-29.587158	27.852751	721.463989	
-0.676263	-0.398578	0.619518	0.583518	0.223479	0.780745	-0.449638	0.889490	0.081446	-24.177155	30.379786	712.308044	
-0.771921	-0.205261	0.601669	0.568149	0.201862	0.797783	-0.285208	0.957664	-0.039203	-19.034588	29.927631	688.792114	
-0.753462	-0.520182	0.402125	0.550053	-0.163652	0.818938	-0.360189	0.838229	0.409433	7.568160	47.533100	689.348999	
-0.753462	-0.520182	0.402125	0.550053	-0.163652	0.818938	-0.360189	0.838229	0.409433	7.568160	47.533100	689.348999	
-0.753462	-0.520182	0.402125	0.550053	-0.163652	0.818938	-0.360189	0.838229	0.409433	7.568160	47.533100	689.348999	
-0.943553	-0.319568	0.087087	0.280263	-0.630172	0.724109	-0.176523	0.707643	0.684164	51.225407	56.250160	648.562500	
-0.978122	-0.204786	0.036610	0.177191	-0.727899	0.662394	-0.109001	0.654389	0.748260	58.534435	58.324562	645.410950	
-0.991045	-0.133403	-0.005815	0.101429	-0.780407	0.616989	-0.086847	0.610874	0.786950	72.486298	59.835091	644.798340	
-0.993423	-0.084265	-0.077518	0.023282	-0.811552	0.583815	-0.112106	0.578171	0.808177	83.457024	59.781475	635.397156	
-0.989284	0.021094	-0.144467	-0.091912	-0.858795	0.504005	-0.113437	0.511883	0.851532	92.585869	58.679008	627.441772	
-0.972839	0.071918	-0.220024	-0.167371	-0.875152	0.453976	-0.159906	0.478472	0.863420	97.168343	57.389862	621.251587	
-0.944280	0.174902	-0.278826	-0.282440	-0.865552	0.413578	-0.169003	0.469285	0.866723	99.491341	53.752052	611.123657	
-0.896313	0.262570	-0.357321	-0.392144	-0.845536	0.362339	-0.206989	0.464891	0.860832	101.279839	51.490028	607.892761	
-0.848344	0.285703	-0.445742	-0.430655	-0.862099	0.267059	-0.307975	0.418519	0.854396	103.016212	46.178642	604.294067	
-0.800161	0.310360	-0.513243	-0.482565	-0.841304	0.243593	-0.356193	0.442587	0.822948	100.786804	39.120140	597.489258	
-0.719479	0.326304	-0.613086	-0.511311	-0.846269	0.149631	-0.470012	0.421134	0.775716	97.073875	29.714975	596.828186	
-0.635391	0.358570	-0.683890	-0.565525	-0.819130	0.095942	-0.525794	0.447718	0.723249	93.390167	20.703142	586.678467	
-0.527789	0.384278	-0.757475	-0.615826	-0.787322	0.029671	-0.584976	0.482133	0.652189	85.359444	14.641071	582.103455	
-0.416589	0.390158	-0.821115	-0.677288	-0.735693	-0.005949	-0.606410	0.553653	0.570731	75.405136	7.801060	580.765381	
-0.350127	0.357237	-0.865905	-0.652234	-0.756472	-0.048359	-0.672310	0.547842	0.497864	63.820385	2.214350	575.134399	
-0.293743	0.334023	-0.895624	-0.626643	-0.774824	-0.083447	-0.721826	0.536726	0.436913	50.106754	-5.611459	573.907654	
-0.234262	0.345542	-0.908692	-0.696352	-0.711883	-0.091183	-0.678391	0.611409	0.407386	34.920013	-21.705767	581.974182	
-0.155947	0.302616	-0.940268	-0.756003	-0.649212	-0.083557	-0.635719	0.697815	0.330022	27.453259	-34.273472	597.377319	
-0.031573	0.144793	-0.988958	-0.857074	-0.512975	-0.047742	-0.514224	0.846103	0.140295	15.074351	-43.467510	610.457214	
0.049393	-0.119359	-0.991622	-0.844994	-0.534313	0.022225	-0.532490	0.836816	-0.127248	14.760429	-48.350136	617.476562	
0.031897	-0.073087	-0.996815	-0.560146	-0.827291	0.042734	-0.827780	0.556999	-0.067327	-21.044701	-58.705200	572.031982	
0.031897	-0.073087	-0.996815	-0.560146	-0.827291	0.042734	-0.827780	0.556999	-0.067327	-21.044701	-58.705200	572.031982	
0.031897	-0.073087	-0.996815	-0.560146	-0.827291	0.042734	-0.827780	0.556999	-0.067327	-21.044701	-58.705200	572.031982	
0.070512	-0.404640	-0.911753	-0.669619	-0.696674	0.257401	-0.739350	0.592377	-0.320079	-81.854774	-97.312347	575.128784	
0.069727	-0.520660	-0.850912	-0.718939	-0.617566	0.318967	-0.691567	0.589512	-0.417384	-92.468491	-106.806053	598.927307	
0.010894	-0.553808	-0.832573	-0.768056	-0.537786	0.347673	-0.640290	0.635675	-0.431214	-96.398552	-116.373291	570.959900	
-0.016891	-0.613727	-0.789337	-0.764714	-0.500666	0.405643	-0.644148	0.610469	-0.460869	-113.839424	-126.066360	572.889099	
-0.133532	-0.776703	-0.615550	-0.632657	-0.411279	0.656197	-0.762833	0.477055	-0.436467	-132.975006	-134.408005	598.591003	
-0.133532	-0.776703	-0.615550	-0.632657	-0.411279	0.656197	-0.762833	0.477055	-0.436467	-132.975006	-134.408005	598.591003	
-0.133532	-0.776703	-0.615550	-0.632657	-0.411279	0.656197	-0.762833	0.477055	-0.436467	-132.975006	-134.408005	598.591003	
-0.364621	-0.847610	-0.385498	-0.498482	-0.171998	0.849666	-0.786491	0.501970	-0.359804	-168.565384	-169.851471	607.726624	
-0.464534	-0.844072	-0.267865	-0.439808	-0.042638	0.897079	-0.768620	0.534533	-0.351422	-175.069809	-175.532593	611.685059	
-0.483738	-0.870732	-0.088453	-0.302660	0.071598	0.950405	-0.821215	0.486519	-0.298170	-184.430771	-185.041763	626.329590	
-0.499251	-0.864363	0.060212	-0.188886	0.176393	0.966026	-0.845618	0.470917	-0.251330	-190.503174	-188.561066	630.917053	
-0.486568	-0.851647	0.194806	-0.062673	0.256434	0.964527	-0.871392	0.457099	-0.178148	-191.821213	-190.115021	626.372925	
-0.511475	-0.792315	0.332612	0.096519	0.331653	0.938451	-0.853860	0.512098	-0.093158	-194.179169	-193.010452	635.872681	
-0.589990	-0.676289	0.441073	0.263855	0.354796	0.896939	-0.763081	0.645565	-0.030883	-198.790298	-202.006943	646.598938	
-0.625291	-0.553952	0.549680	0.484690	0.276369	0.829877	-0.611627	0.785339	0.095683	-198.390701	-207.806198	657.098022	
-0.646146	-0.412174	0.642345	0.591684	0.261093	0.762720	-0.482085	0.872894	0.075173	-206.690231	-213.647675	683.872986	
-0.641038	-0.336460	0.689829	0.645639	0.249583	0.721705	-0.414995	0.908022	0.057239	-206.908478	-220.086304	710.114441	
-0.579570	-0.222579	0.783937	0.752879	0.221921	0.619616	-0.311885	0.949321	0.038957	-199.704834	-220.036560	718.693970	
-0.478490	-0.114025	0.870658	0.851557	0.181661	0.491783	-0.214240	0.976728	0.010175	-194.892868	-217.566895	728.718079	
-0.427307	-0.045886	0.902941	0.894347	0.124895	0.429586	-0.132484	0.991109	-0.012331	-188.284348	-213.554214	732.138550	
-0.300364	0.037859	0.953073	0.952253	0.069248	0.297354	-0.054740	0.996881	-0.056851	-171.897369	-209.539536	729.260132	
-0.148546	0.113357	0.982387	0.987240	0.074640	0.140666	-0.057379	0.990747	-0.122997	-161.965912	-208.937393	759.958679	
-0.007071	0.201297	0.979504	0.992280	0.122695	-0.018052	-0.123814	0.971816	-0.200611	-147.851715	-210.152191	775.719666	
0.138280	0.256636	0.956565	0.984320	0.071181	-0.161390	-0.109507	0.963884	-0.242768	-128.908676	-209.175568	764.525635	
0.212039	0.302298	0.929330	0.966824	0.073720	-0.244574	-0.142444	0.950359	-0.276637	-120.610092	-205.803131	766.697754	
0.325889	0.396525	0.858233	0.927969	0.039391	-0.370569	-0.180746	0.917179	-0.355126	-116.544296	-200.213760	803.597290	
0.417679	0.530840	0.737396	0.872029	-0.006285	-0.489414	-0.255165	0.847449	-0.465532	-105.827263	-197.596893	853.059204	
0.579120	-0.067276	0.812462	0.693227	-0.483813	-0.534192	0.429018	0.872582	-0.233548	-66.103203	-161.871002	850.088013	
0.579120	-0.067276	0.812462	0.693227	-0.483813	-0.534192	0.429018	0.872582	-0.233548	-66.103203	-161.871002	850.088013	
0.579120	-0.067276	0.812462	0.693227	-0.483813	-0.534192	0.429018	0.872582	-0.233548	-66.103203	-161.871002	850.088013	
0.786039	-0.245445	0.567362	0.335782	-0.601075	-0.725232	0.519031	0.760570	-0.390051	-5.887275	-129.929901	875.089966	
0.846794	-0.290234	0.445762	0.207599	-0.591238	-0.779321	0.489737	0.752464	-0.440403	3.780004	-115.648277	880.009094	
0.870882	-0.314376	0.377797	0.121203	-0.607568	-0.784967	0.476312	0.729403	-0.491016	11.587860	-109.910789	898.747803	
0.908163	-0.344306	0.238102	-0.008887	-0.584513	-0.811337	0.418522	0.734709	-0.533892	17.979734	-95.177071	926.829285	
0.931506	-0.353618	0.085148	-0.136962	-0.557886	-0.818539	0.336953	0.750811	-0.568106	25.552433	-79.644608	942.692078	
0.910474	-0.413521	0.006169	-0.232848	-0.524890	-0.818703	0.341788	0.743970	-0.574185	33.386925	-63.606289	959.227722	
0.872287	-0.485124	-0.061405	-0.329988	-0.491315	-0.806052	0.360866	0.723370	-0.588651	41.025238	-48.302078	980.506226	
0.839887	-0.523559	-0.143092	-0.424136	-0.468600	-0.774935	0.338671	0.711548	-0.615630	51.841625	-40.323513	1005.477600	
0.791188	-0.549154	-0.269168	-0.531173	-0.398905	-0.747483	0.303111	0.734374	-0.607303	61.359165	-25.484169	1006.828186	
0.732785	-0.601728	-0.317726	-0.593154	-0.336042	-0.731604	0.333457	0.724568	-0.603163	65.352844	-12.876622	1001.639404	
0.661215	-0.648783	-0.376666	-0.653063	-0.250698	-0.714605	0.369194	0.718493	-0.589459	67.362633	0.343589	997.382690	
0.608038	-0.664473	-0.434473	-0.701093	-0.192636	-0.686557	0.372503	0.722058	-0.582986	68.836807	12.292648	1005.014893	
0.557487	-0.670443	-0.489608	-0.748170	-0.150146	-0.646296	0.359792	0.726611	-0.585308	67.943001	23.743608	1007.320068	
0.509377	-0.670805	-0.539034	-0.782524	-0.100452	-0.614464	0.358038	0.734800	-0.576087	65.525665	28.114786	1009.997131	
0.461990	-0.660965	-0.591348	-0.814901	-0.053226	-0.577150	0.350001	0.748527	-0.563210	62.300758	38.858791	1022.098145	
0.393611	-0.601759	-0.694952	-0.860345	0.025177	-0.509090	0.323846	0.798281	-0.507809	54.695465	49.984711	1025.281616	
0.350224	-0.566266	-0.746115	-0.885041	0.060738	-0.461533	0.306668	0.821982	-0.479896	49.522324	60.646347	1030.992432	
0.311199	-0.527737	-0.790348	-0.899060	0.106018	-0.424796	0.307971	0.842766	-0.441473	38.975697	69.675385	1037.735962	
0.253959	-0.499209	-0.828430	-0.904793	0.180098	-0.385894	0.341840	0.847559	-0.405942	25.664873	78.595772	1048.087891	
0.206506	-0.456380	-0.865490	-0.908921	0.238002	-0.342369	0.362239	0.857364	-0.365663	18.071075	87.446274	1055.165771	
0.160740	-0.404621	-0.900247	-0.909974	0.292486	-0.293936	0.382242	0.866449	-0.321179	2.594127	90.262161	1057.159302	
0.103124	-0.313844	-0.943858	-0.906698	0.360506	-0.218936	0.408978	0.878372	-0.247384	-16.028168	94.840294	1071.268066	
0.072043	-0.264985	-0.961558	-0.894502	0.409307	-0.179814	0.441220	0.873070	-0.207541	-34.377476	95.341194	1066.839966	
0.034104	-0.142672	-0.989182	-0.890686	0.444617	-0.094835	0.453337	0.884285	-0.111911	-45.081295	96.538094	1070.579834	
0.016441	-0.092069	-0.995617	-0.870642	0.488302	-0.059532	0.491642	0.867805	-0.072129	-54.590500	97.123764	1069.771118	
-0.005530	0.016377	-0.999850	-0.853986	0.520128	0.013243	0.520266	0.853931	0.011111	-65.133041	98.295807	1076.714478	
-0.015440	0.144212	-0.989426	-0.836962	0.539524	0.091699	0.547043	0.829528	0.112370	-85.806732	97.385590	1077.297607	
-0.013806	0.222356	-0.974867	-0.813538	0.564347	0.140243	0.581347	0.795029	0.173105	-97.829460	96.347137	1079.914551	
-0.005897	0.348180	-0.937408	-0.801631	0.558747	0.212578	0.597789	0.752710	0.275818	-110.589363	95.245277	1091.718506	
0.000540	0.404301	-0.914625	-0.807355	0.539866	0.238166	0.590065	0.738299	0.326707	-122.322777	92.558289	1102.694336	
0.025088	0.466991	-0.883905	-0.790825	0.550145	0.268211	0.611527	0.692286	0.383111	-134.233536	88.599693	1113.783936	
0.061019	0.512114	-0.856746	-0.752444	0.587576	0.297629	0.655823	0.626493	0.421192	-142.766647	81.295723	1112.545898	
0.101393	0.556951	-0.824332	-0.695593	0.632082	0.341502	0.711245	0.538774	0.451501	-148.373810	71.245613	1099.861206	
0.141242	0.595639	-0.790736	-0.660934	0.651398	0.372623	0.737032	0.469995	0.485683	-155.142685	67.036125	1093.300293	
0.188415	0.643109	-0.742232	-0.617566	0.665230	0.419621	0.763617	0.379315	0.522502	-159.807053	56.244492	1085.379761	
0.210962	0.680890	-0.701343	-0.597741	0.657570	0.458594	0.773434	0.322477	0.545718	-168.543350	44.568768	1070.720703	
0.273914	0.748396	-0.604047	-0.581749	0.629071	0.515596	0.765858	0.210176	0.607689	-176.732025	32.701115	1064.771362	
0.313841	0.808215	-0.498289	-0.578207	0.578957	0.574880	0.753114	0.107694	0.649015	-177.013855	27.119366	1051.976196	
0.337314	0.850610	-0.403337	-0.585804	0.525050	0.617380	0.736921	0.028026	0.675397	-179.543427	20.423389	1037.648682	
0.378261	0.885717	-0.269115	-0.591142	0.454842	0.666087	0.712369	-0.092869	0.695632	-182.688141	13.562119	1030.487305	
0.413228	0.898256	-0.149599	-0.605417	0.393714	0.691709	0.680230	-0.195263	0.706511	-182.422119	6.550084	1029.129028	
0.451585	0.892014	-0.019546	-0.620298	0.329625	0.711743	0.641328	-0.309288	0.702167	-181.786301	-0.104460	1021.421448	
0.530326	0.837775	0.129955	-0.675046	0.324541	0.662561	0.512900	-0.439098	0.737648	-189.883804	-13.323150	1056.859741	
0.538546	0.823218	0.179672	-0.679426	0.298153	0.670437	0.498346	-0.483134	0.719883	-185.235184	-20.888142	1043.406494	
0.506795	0.829262	0.235554	-0.695405	0.231773	0.680217	0.509482	-0.508535	0.694132	-171.902100	-34.830223	1018.336670	
0.514688	0.808874	0.284292	-0.697965	0.202715	0.686842	0.497938	-0.551934	0.668899	-157.430649	-42.238804	991.145569	
0.545038	0.766233	0.340328	-0.705226	0.199463	0.680346	0.453420	-0.610822	0.649081	-143.639603	-48.685471	972.866577	
0.554027	0.731128	0.398130	-0.722931	0.185375	0.665588	0.412826	-0.656574	0.631256	-137.273193	-63.146839	971.739197	
