0.997424	-0.044148	0.056540	0.043491	0.998972	0.012798	-0.057047	-0.010306	0.998319	19.039175	3.905054	546.699280	
0.972453	-0.138505	0.187486	0.121393	0.987562	0.099919	-0.198993	-0.074407	0.977172	27.933956	7.079735	546.471191	
0.943508	-0.195405	0.267602	0.151454	0.972628	0.176227	-0.294713	-0.125742	0.947277	36.585312	14.626991	546.645508	
0.896492	-0.259047	0.359440	0.170754	0.950606	0.259214	-0.408835	-0.171008	0.896443	44.597797	16.418190	543.587891	
0.858979	-0.359230	0.364841	0.238249	0.911154	0.336207	-0.453202	-0.201872	0.868249	51.764946	21.121925	542.503235	
0.833174	-0.457796	0.310231	0.320858	0.857086	0.403056	-0.450412	-0.236276	0.860990	67.118019	22.396889	542.592957	
0.813939	-0.540847	0.212102	0.418644	0.799183	0.431327	-0.402790	-0.262279	0.876910	73.757713	24.383867	542.653137	
0.809201	-0.574143	0.124708	0.461414	0.752420	0.470065	-0.363718	-0.322835	0.873778	78.186348	24.803787	543.576782	
0.787493	-0.608191	0.099786	0.484063	0.710556	0.510679	-0.381494	-0.353854	0.853962	81.968170	25.133875	542.497742	
0.778844	-0.624299	0.060441	0.450054	0.623370	0.639422	-0.436868	-0.470808	0.766477	82.550697	24.679659	533.816956	
0.372398	-0.326487	0.868750	0.694642	0.718825	-0.027622	-0.615461	0.613756	0.494481	103.802002	30.037300	579.940002	
0.372398	-0.326487	0.868750	0.694642	0.718825	-0.027622	-0.615461	0.613756	0.494481	103.802002	30.037300	579.940002	
0.372398	-0.326487	0.868750	0.694642	0.718825	-0.027622	-0.615461	0.613756	0.494481	103.802002	30.037300	579.940002	
0.372398	-0.326487	0.868750	0.694642	0.718825	-0.027622	-0.615461	0.613756	0.494481	103.802002	30.037300	579.940002	
0.372398	-0.326487	0.868750	0.694642	0.718825	-0.027622	-0.615461	0.613756	0.494481	103.802002	30.037300	579.940002	
0.372398	-0.326487	0.868750	0.694642	0.718825	-0.027622	-0.615461	0.613756	0.494481	103.802002	30.037300	579.940002	
0.372398	-0.326487	0.868750	0.694642	0.718825	-0.027622	-0.615461	0.613756	0.494481	103.802002	30.037300	579.940002	
-0.005514	0.013498	0.999894	0.982885	0.184198	0.002934	-0.184139	0.982797	-0.014282	101.167473	-4.536645	626.355469	
-0.016808	0.070093	0.997399	0.998006	0.061881	0.012469	-0.060845	0.995619	-0.070993	97.103798	-14.627428	631.526306	
-0.019380	0.124181	0.992071	0.998643	-0.045570	0.025213	0.048340	0.991213	-0.123129	86.839775	-25.702307	634.378357	
-0.009248	0.231004	0.972909	0.987101	-0.153408	0.045807	0.159834	0.960783	-0.226605	80.419724	-30.957754	640.080261	
0.008138	0.340442	0.940231	0.972458	-0.221722	0.071865	0.232936	0.913750	-0.332870	74.298019	-37.800415	653.803040	
0.029405	0.392889	0.919116	0.952000	-0.291290	0.094059	0.304684	0.872232	-0.382596	67.560135	-49.998398	671.483521	
0.065532	0.491280	0.868533	0.933285	-0.338183	0.120873	0.353106	0.802669	-0.480666	59.575287	-57.148296	685.021790	
0.108679	0.577850	0.808875	0.909468	-0.386293	0.153769	0.401318	0.718935	-0.567519	51.531761	-70.057861	700.048584	
0.189739	0.644096	0.741039	0.850957	-0.484369	0.203121	0.489767	0.592053	-0.640002	32.999531	-83.347656	713.386719	
0.249943	0.708266	0.660218	0.815924	-0.521199	0.250241	0.521342	0.476142	-0.708161	14.653760	-97.472519	727.363586	
0.309961	0.759995	0.571254	0.788841	-0.540971	0.291684	0.530711	0.360219	-0.767196	5.792403	-104.368713	741.141357	
0.359333	0.767082	0.531474	0.742826	-0.579839	0.334658	0.564880	0.274540	-0.778164	-3.197365	-111.298378	744.258423	
0.460765	0.766558	0.447309	0.670337	-0.630895	0.390667	0.581674	0.119843	-0.804546	-13.092269	-124.770752	746.595520	
0.523244	0.775150	0.354059	0.633312	-0.631703	0.447065	0.570203	-0.009694	-0.821447	-22.522915	-139.750778	755.343750	
0.624286	0.738178	0.255657	0.577238	-0.656402	0.485730	0.526369	-0.155659	-0.835887	-31.377338	-146.719864	776.181274	
0.680405	0.719944	0.136856	0.567184	-0.635597	0.523755	0.464060	-0.278743	-0.840804	-39.935482	-161.610809	792.483276	
0.762229	0.646996	0.020077	0.526508	-0.637727	0.562223	0.376559	-0.417972	-0.826742	-48.813992	-174.943649	798.035889	
0.794653	0.601193	-0.084231	0.521723	-0.605395	0.601085	0.310374	-0.521598	-0.794735	-56.772751	-180.868912	814.251465	
0.824380	0.554255	-0.114888	0.486913	-0.590883	0.643253	0.288640	-0.586225	-0.756986	-70.513840	-192.891891	823.466431	
0.838780	0.500303	-0.214815	0.500444	-0.552992	0.666151	0.214486	-0.666256	-0.714212	-83.463722	-203.723389	827.909302	
0.854370	0.447021	-0.265001	0.489372	-0.520524	0.699694	0.174839	-0.727480	-0.663479	-94.566315	-214.938232	839.280273	
0.864900	0.395702	-0.308818	0.486382	-0.508681	0.710406	0.124019	-0.764634	-0.632420	-103.561142	-219.908508	855.185242	
0.873668	0.285245	-0.394133	0.486431	-0.496353	0.719041	0.009474	-0.819921	-0.572399	-110.865936	-224.028122	871.605103	
0.881867	0.187416	-0.432651	0.465044	-0.497047	0.732584	-0.077750	-0.847243	-0.525485	-113.512886	-231.213593	885.936829	
0.851158	0.129883	-0.508587	0.505789	-0.462064	0.728474	-0.140383	-0.877284	-0.458983	-115.282005	-236.320831	894.523132	
0.833287	0.075872	-0.547610	0.522339	-0.432523	0.734906	-0.181095	-0.898425	-0.400046	-115.986008	-238.641632	902.877686	
0.785570	0.028746	-0.618105	0.574894	-0.403366	0.711894	-0.228859	-0.914588	-0.333398	-114.789726	-243.134323	916.064392	
0.725082	-0.017466	-0.688442	0.631122	-0.383179	0.674433	-0.275576	-0.923510	-0.266812	-113.481392	-247.342285	921.074524	
0.689717	-0.055406	-0.721957	0.659753	-0.362756	0.658131	-0.298358	-0.930236	-0.213644	-110.854424	-249.681686	931.423035	
0.620503	-0.090339	-0.778984	0.701165	-0.380956	0.602695	-0.351205	-0.920170	-0.173042	-106.878983	-250.826096	939.250366	
0.569840	-0.156333	-0.806748	0.706115	-0.409019	0.578019	-0.420339	-0.899035	-0.122686	-97.411476	-250.393768	951.858215	
0.514611	-0.211872	-0.830835	0.690622	-0.471847	0.548090	-0.508152	-0.855846	-0.096494	-91.956680	-249.019089	954.096985	
0.462696	-0.227479	-0.856835	0.718283	-0.470291	0.512734	-0.519598	-0.852690	-0.054207	-79.752022	-247.160446	962.963013	
0.404652	-0.265313	-0.875138	0.707984	-0.514826	0.483441	-0.578806	-0.815209	-0.020488	-72.921555	-242.977859	968.773193	
0.348470	-0.288482	-0.891822	0.698396	-0.554670	0.452312	-0.625151	-0.780462	0.008189	-57.838306	-238.153137	981.442505	
0.270581	-0.260766	-0.926708	0.713605	-0.591802	0.374886	-0.646185	-0.762740	0.025954	-48.862415	-231.897507	989.940735	
0.201464	-0.222491	-0.953892	0.743508	-0.599254	0.296804	-0.637659	-0.769022	0.044696	-39.919411	-225.248825	996.742371	
0.163229	-0.210364	-0.963900	0.731909	-0.629317	0.261287	-0.661564	-0.748137	0.051245	-30.346550	-216.932999	1004.079956	
0.105347	-0.162977	-0.980989	0.714107	-0.674130	0.188684	-0.692066	-0.720409	0.045366	-20.801304	-208.383987	1007.605835	
0.076548	-0.136804	-0.987636	0.727466	-0.669737	0.149153	-0.681861	-0.729889	0.048254	-11.029919	-198.240952	1016.505676	
0.028182	-0.077665	-0.996581	0.737623	-0.671237	0.073170	-0.674625	-0.737164	0.038371	7.978967	-186.840652	1022.283997	
-0.003044	-0.007805	-0.999965	0.677533	-0.735485	0.003679	-0.735488	-0.677498	0.007527	17.038727	-174.180634	1020.827454	
-0.017121	0.065640	-0.997696	0.650098	-0.757400	-0.060986	-0.759658	-0.649645	-0.029704	26.872202	-161.764236	1024.565918	
-0.023190	0.140196	-0.989852	0.631571	-0.765466	-0.123211	-0.774972	-0.628019	-0.070792	44.678894	-148.478180	1027.432129	
-0.010392	0.211542	-0.977314	0.601326	-0.779574	-0.175134	-0.798937	-0.589504	-0.119103	53.465389	-134.358475	1024.595703	
-0.002526	0.277727	-0.960657	0.590082	-0.775168	-0.225653	-0.807340	-0.567437	-0.161923	70.194046	-120.386070	1024.795044	
0.037465	0.306933	-0.950994	0.559286	-0.795093	-0.234582	-0.828129	-0.523088	-0.201451	77.420532	-113.048843	1022.805176	
0.086159	0.335848	-0.937968	0.534180	-0.810275	-0.241057	-0.840970	-0.480274	-0.249215	90.997894	-105.862701	1025.390381	
0.129602	0.384908	-0.913811	0.560321	-0.788765	-0.252768	-0.818074	-0.479268	-0.317897	102.097931	-97.715958	1019.944336	
0.199027	0.401056	-0.894172	0.499307	-0.826615	-0.259617	-0.843257	-0.394795	-0.364769	111.768631	-82.128540	1017.000366	
0.259309	0.395839	-0.880949	0.426845	-0.865201	-0.263119	-0.866351	-0.307800	-0.393316	115.519005	-66.803024	1015.310364	
0.327031	0.402144	-0.855179	0.405140	-0.877221	-0.257578	-0.853764	-0.262231	-0.449803	118.699036	-52.001007	1008.670288	
0.409718	0.390380	-0.824461	0.377626	-0.895310	-0.236263	-0.830380	-0.214536	-0.514241	122.926964	-44.756626	1003.974243	
0.471280	0.347250	-0.810749	0.340483	-0.919606	-0.195953	-0.813614	-0.183698	-0.551623	123.692245	-29.899261	991.403076	
0.509951	0.330784	-0.794061	0.323164	-0.929160	-0.179523	-0.797193	-0.165063	-0.580722	124.300415	-15.644502	989.337402	
0.581576	0.277155	-0.764824	0.246329	-0.956033	-0.159134	-0.775302	-0.095850	-0.624276	121.541122	-2.080069	984.613525	
0.621193	0.247258	-0.743629	0.230534	-0.964590	-0.128149	-0.748983	-0.091826	-0.656196	117.795555	3.980340	983.066650	
0.666942	0.168350	-0.725843	0.142090	-0.985002	-0.097897	-0.731438	-0.037843	-0.680858	113.934547	9.918039	979.345825	
0.700686	0.127521	-0.701982	0.113833	-0.991276	-0.066450	-0.704332	-0.033348	-0.709088	105.855011	21.063583	969.734924	
0.739057	0.085233	-0.668230	0.086632	-0.995753	-0.031194	-0.668051	-0.034836	-0.743301	94.788033	25.924129	957.825928	
0.777782	-0.012475	-0.628411	0.019910	-0.998813	0.044472	-0.628221	-0.047100	-0.776609	88.502640	30.943483	949.390442	
0.803667	-0.071493	-0.590770	-0.015650	-0.994953	0.099118	-0.594876	-0.070412	-0.800729	74.511238	39.514347	941.012939	
0.807854	-0.119476	-0.577147	-0.028571	-0.986026	0.164129	-0.588692	-0.116102	-0.799977	66.999924	45.724979	940.577942	
0.826930	-0.178737	-0.533141	-0.042887	-0.965423	0.257141	-0.560668	-0.189773	-0.806002	50.738430	48.185356	931.252563	
0.828620	-0.232052	-0.509452	-0.058883	-0.941122	0.332903	-0.556708	-0.245852	-0.793495	33.111984	52.690536	917.039978	
0.812104	-0.347091	-0.469058	-0.165470	-0.907840	0.385290	-0.559561	-0.235280	-0.794692	15.070725	55.194817	910.037903	
0.784441	-0.458056	-0.418135	-0.242074	-0.846846	0.473554	-0.571011	-0.270255	-0.775183	5.906610	56.071934	896.939880	
0.731649	-0.566735	-0.378816	-0.343385	-0.786463	0.513386	-0.588879	-0.245538	-0.770021	-13.236117	56.021843	886.839294	
0.664565	-0.659301	-0.351677	-0.400529	-0.711620	0.577213	-0.630818	-0.242738	-0.736985	-33.193565	55.752491	882.752075	
0.563029	-0.750357	-0.346358	-0.414080	-0.618829	0.667525	-0.715219	-0.232416	-0.659126	-52.725990	54.893353	875.938843	
0.461937	-0.829817	-0.313080	-0.411873	-0.513337	0.752893	-0.785479	-0.218839	-0.578907	-70.477676	50.432102	864.677185	
0.410771	-0.867751	-0.279780	-0.416017	-0.451446	0.789384	-0.811294	-0.207862	-0.546439	-80.102028	45.714378	864.131226	
0.354447	-0.902874	-0.243283	-0.358885	-0.371604	0.856220	-0.863464	-0.216174	-0.455742	-88.797752	39.702515	846.904602	
0.236232	-0.948733	-0.210004	-0.364691	-0.286889	0.885831	-0.900665	-0.132675	-0.413766	-105.994118	35.762287	831.768677	
0.108529	-0.974864	-0.194586	-0.294229	-0.218474	0.930430	-0.949554	-0.043725	-0.310544	-120.385048	31.673058	811.530090	
-0.023485	-0.983547	-0.179126	-0.218579	-0.169790	0.960935	-0.975538	0.061721	-0.210995	-133.307587	26.420994	797.744019	
-0.095038	-0.981041	-0.168904	-0.119335	-0.157222	0.980327	-0.988296	0.113324	-0.102131	-146.071320	21.570803	781.861938	
-0.240393	-0.960637	-0.139245	-0.031352	-0.135694	0.990255	-0.970170	0.242416	0.002502	-151.616730	15.526326	772.332031	
-0.292646	-0.947549	-0.128496	0.075353	-0.156814	0.984750	-0.953248	0.278500	0.117291	-159.696075	8.868284	764.441956	
-0.350329	-0.929531	-0.115079	0.126657	-0.168753	0.977487	-0.928024	0.327866	0.176850	-164.811462	1.127170	756.189209	
-0.471866	-0.876073	-0.099206	0.209636	-0.220778	0.952529	-0.856386	0.428668	0.287833	-169.928055	-13.216597	741.640442	
-0.532171	-0.841905	-0.089399	0.293719	-0.282626	0.913156	-0.794056	0.459697	0.397688	-171.836441	-26.789928	730.126892	
-0.643220	-0.762935	-0.064823	0.307972	-0.335297	0.890354	-0.701016	0.552729	0.450631	-171.746246	-35.001152	724.303772	
-0.697530	-0.714791	-0.050292	0.335417	-0.387728	0.858583	-0.633206	0.582018	0.510203	-169.477341	-42.120392	717.419800	
-0.784120	-0.619582	-0.035722	0.353722	-0.493471	0.794587	-0.509939	0.610416	0.606098	-169.612808	-49.508247	716.182007	
-0.860864	-0.507994	-0.029275	0.311427	-0.571510	0.759205	-0.402402	0.644455	0.650194	-163.882309	-65.210297	706.476440	
-0.920685	-0.389270	-0.028451	0.250631	-0.645516	0.721454	-0.299205	0.657101	0.691878	-160.569626	-73.584854	690.403259	
-0.964874	-0.261792	-0.022004	0.188426	-0.747969	0.636429	-0.183070	0.609927	0.771022	-156.319275	-89.194435	685.318848	
-0.979729	-0.199639	-0.016620	0.158824	-0.824630	0.542921	-0.122093	0.529275	0.839620	-143.792633	-97.138634	673.182861	
-0.988328	-0.151505	-0.015987	0.124843	-0.865579	0.484965	-0.087312	0.477308	0.874388	-127.710686	-109.729935	652.997620	
-0.999975	0.002770	-0.006564	-0.004845	-0.939888	0.341453	-0.005223	0.341475	0.939877	-115.782982	-119.276817	658.169678	
-0.988988	0.147878	0.006095	-0.143861	-0.970166	0.195157	0.034773	0.192130	0.980754	-108.316711	-127.183456	658.042419	
-0.976582	0.214413	0.017751	-0.209865	-0.967530	0.140875	0.047380	0.133849	0.989869	-90.070869	-133.507294	643.735046	
-0.961767	0.273757	0.007972	-0.271620	-0.957178	0.100186	0.035058	0.094189	0.994937	-81.183578	-139.485489	630.045532	
-0.912417	0.408466	0.025545	-0.407184	-0.912295	0.043839	0.041211	0.029596	0.998712	-72.054947	-145.597824	623.018555	
-0.880085	0.473403	0.036615	-0.474500	-0.874062	-0.104256	-0.017351	-0.109130	0.993877	-62.765087	-156.375824	610.424561	
-0.840355	0.534908	0.087628	-0.541279	-0.819592	-0.187852	-0.028664	-0.205295	0.978281	-52.972569	-160.914856	601.193115	
-0.755362	0.647045	0.103742	-0.652796	-0.729127	-0.205508	-0.057332	-0.222957	0.973142	-33.276047	-169.691071	594.348572	
-0.644131	0.748960	0.155422	-0.762222	-0.611434	-0.212527	-0.064144	-0.255362	0.964716	-23.705061	-173.121643	590.351929	
-0.489828	0.845289	0.213438	-0.870790	-0.486255	-0.072678	0.042352	-0.221461	0.974250	-5.493928	-180.235016	583.920654	
-0.364844	0.915825	0.167795	-0.925025	-0.377043	0.046575	0.105921	-0.138223	0.984721	12.523300	-188.448990	588.001953	
-0.252187	0.965426	0.066000	-0.955437	-0.259232	0.141208	0.153435	-0.027450	0.987778	22.004017	-195.473679	588.261169	
-0.089919	0.992818	0.078921	-0.951008	-0.109128	0.289270	0.295804	-0.049045	0.953989	30.209009	-198.628250	588.662109	
0.101718	0.990368	0.093949	-0.888736	0.048031	0.455898	0.446994	-0.129870	0.885060	42.605495	-200.025192	584.618164	
0.255727	0.963327	0.081285	-0.810012	0.167609	0.561951	0.527718	-0.209549	0.823167	50.092838	-201.248764	582.333496	
0.366240	0.926311	0.088419	-0.751296	0.238297	0.615443	0.549021	-0.291830	0.783207	63.615105	-204.382050	590.592529	
0.448648	0.888505	0.096315	-0.705682	0.286064	0.648214	0.548388	-0.358789	0.755343	71.000565	-206.538162	600.695679	
0.531621	0.839777	0.110251	-0.612833	0.291527	0.734471	0.584651	-0.458027	0.669624	76.690651	-202.857834	595.337830	
0.595091	0.796883	0.104148	-0.537412	0.298229	0.788827	0.597542	-0.525395	0.605727	76.762642	-192.762421	573.318359	
0.669009	0.737684	0.090840	-0.434558	0.289062	0.852996	0.602983	-0.610138	0.513951	78.471870	-181.355270	543.779053	
0.646886	0.761653	0.037746	-0.364046	0.264939	0.892904	0.670082	-0.591349	0.448662	72.815475	-170.599457	520.527100	
0.651316	0.757390	0.046361	-0.344502	0.240708	0.907402	0.676097	-0.606978	0.417700	76.590446	-168.748932	532.960938	
0.637106	0.766347	0.082524	-0.333918	0.177924	0.925657	0.694692	-0.617298	0.369254	75.042442	-159.571869	543.034668	
0.594052	0.801974	0.062776	-0.351036	0.188224	0.917249	0.723794	-0.566931	0.393338	68.052551	-157.491074	546.190796	
0.572700	0.815615	0.082391	-0.425594	0.209919	0.880229	0.700632	-0.539174	0.467342	64.926071	-156.607300	560.125854	
0.534241	0.835990	0.125335	-0.496718	0.190478	0.846752	0.684002	-0.514627	0.517013	61.956871	-154.080658	575.618408	
0.491412	0.857141	0.154352	-0.563367	0.177685	0.806874	0.664178	-0.483466	0.570202	58.731712	-148.849686	592.266968	
0.390893	0.899206	0.196550	-0.677520	0.136550	0.722717	0.623033	-0.415673	0.662607	48.101650	-147.756622	611.325867	
0.339938	0.915095	0.216895	-0.712513	0.100076	0.694485	0.613815	-0.390624	0.686037	34.087738	-144.379227	621.211853	
0.298980	0.924123	0.237922	-0.748111	0.072206	0.659634	0.592404	-0.375211	0.712935	23.759052	-141.576874	627.224365	
0.967483	0.074768	-0.241633	-0.035232	-0.906164	-0.421456	-0.250470	0.416265	-0.874064	2.610090	-111.343002	601.489990	
0.967483	0.074768	-0.241633	-0.035232	-0.906164	-0.421456	-0.250470	0.416265	-0.874064	2.610090	-111.343002	601.489990	
0.967483	0.074768	-0.241633	-0.035232	-0.906164	-0.421456	-0.250470	0.416265	-0.874064	2.610090	-111.343002	601.489990	
0.907954	-0.251929	-0.334888	-0.302574	-0.946995	-0.107939	-0.289945	0.199333	-0.936055	-44.756050	-74.307144	619.841614	
0.851357	-0.371601	-0.370273	-0.392504	-0.919526	0.020353	-0.348039	0.128006	-0.928700	-54.673363	-66.979141	628.613892	
0.810486	-0.424876	-0.403227	-0.396546	-0.904638	0.156150	-0.431119	0.033341	-0.901679	-74.623405	-52.794037	642.259949	
0.730329	-0.523835	-0.438423	-0.483097	-0.849847	0.210663	-0.482945	0.057947	-0.873732	-94.582932	-45.571659	647.179688	
0.638436	-0.607735	-0.472289	-0.554834	-0.788681	0.264844	-0.533441	0.092956	-0.840715	-113.486954	-39.102089	660.826660	
0.580137	-0.639008	-0.505082	-0.516043	-0.768121	0.379066	-0.630191	0.040733	-0.775372	-132.504608	-32.922600	677.562744	
0.523236	-0.656346	-0.543537	-0.462720	-0.754419	0.465557	-0.715622	0.007909	-0.698444	-141.410980	-20.185785	682.531982	
0.413459	-0.699324	-0.583093	-0.500466	-0.709527	0.496091	-0.760648	0.086705	-0.643349	-149.328461	-7.234135	686.819763	
0.306112	-0.737432	-0.602071	-0.536065	-0.656157	0.531124	-0.786721	0.160166	-0.596170	-156.494171	-1.936172	696.538208	
0.194096	-0.760282	-0.619917	-0.509526	-0.618140	0.598570	-0.838277	0.199684	-0.507364	-169.697952	2.613821	702.911072	
0.130377	-0.741799	-0.657826	-0.425081	-0.641237	0.638844	-0.895716	0.196339	-0.398928	-180.369156	7.789628	713.727661	
0.015062	-0.719235	-0.694603	-0.452308	-0.624444	0.636780	-0.891734	0.304584	-0.334722	-184.325302	17.009449	719.065796	
-0.087570	-0.683031	-0.725121	-0.432239	-0.629770	0.645414	-0.897497	0.369944	-0.240085	-187.492355	21.667809	720.406799	
-0.122140	-0.633527	-0.764020	-0.417418	-0.665607	0.618652	-0.900469	0.394477	-0.183149	-191.221298	28.418743	738.528198	
-0.149203	-0.605593	-0.781663	-0.399626	-0.686144	0.607869	-0.904454	0.403068	-0.139637	-193.787598	35.575699	746.213928	
-0.174790	-0.574412	-0.799687	-0.318679	-0.735468	0.597939	-0.931607	0.359357	-0.054501	-195.748032	37.548946	765.542358	
-0.241105	-0.522690	-0.817718	-0.292789	-0.764141	0.574773	-0.925280	0.377999	0.031199	-196.358215	39.329681	778.264038	
-0.270420	-0.485985	-0.831079	-0.290298	-0.781902	0.551686	-0.917932	0.390447	0.070360	-192.958710	40.763981	796.707458	
-0.287140	-0.447303	-0.847037	-0.287396	-0.803306	0.521635	-0.913758	0.393217	0.102108	-187.694412	42.230679	803.309875	
-0.304935	-0.408099	-0.860506	-0.289486	-0.821069	0.491980	-0.907310	0.399126	0.132233	-180.762177	42.624012	815.931274	
-0.295933	-0.346707	-0.890066	-0.302727	-0.849729	0.431646	-0.905969	0.397185	0.146504	-176.577362	42.057983	833.760193	
-0.281208	-0.285485	-0.916199	-0.318428	-0.872875	0.369720	-0.905276	0.395711	0.154552	-165.536209	40.634235	840.261292	
-0.274672	-0.243295	-0.930249	-0.259092	-0.912949	0.315272	-0.925973	0.327616	0.187725	-159.000504	38.179836	853.603210	
-0.280039	-0.188366	-0.941327	-0.263229	-0.927912	0.263991	-0.923195	0.321712	0.210267	-144.349289	36.156277	869.917114	
-0.241678	-0.115654	-0.963440	-0.338739	-0.920355	0.195455	-0.909312	0.373591	0.183252	-136.033279	31.222740	883.317200	
-0.218154	-0.089681	-0.971785	-0.283117	-0.947130	0.150962	-0.933945	0.308061	0.181229	-118.934814	24.754358	896.943054	
-0.188190	-0.061563	-0.980201	-0.218480	-0.970402	0.102894	-0.957523	0.233518	0.169169	-100.759453	17.701355	907.801270	
-0.156565	-0.043689	-0.986701	-0.224355	-0.971332	0.078609	-0.961848	0.233678	0.142274	-81.690033	14.240735	912.721802	
-0.093397	-0.012438	-0.995551	-0.226298	-0.973486	0.033393	-0.969570	0.228409	0.088106	-62.248924	4.840696	929.861511	
-0.021169	0.001118	-0.999775	-0.216511	-0.976274	0.003493	-0.976050	0.216536	0.020908	-41.896301	-0.023536	927.985962	
0.048854	-0.005973	-0.998788	-0.238183	-0.971203	-0.005841	-0.969990	0.238180	-0.048871	-31.327694	-4.353230	937.784363	
0.083502	-0.016164	-0.996376	-0.238654	-0.971095	-0.004246	-0.967508	0.238144	-0.084946	-20.937143	-15.782230	953.084229	
0.150662	-0.047384	-0.987449	-0.300419	-0.953807	-0.000067	-0.941833	0.296658	-0.157938	-1.095343	-21.320156	964.970276	
0.207777	-0.103121	-0.972725	-0.346099	-0.937852	0.025497	-0.914901	0.331362	-0.230554	18.734583	-28.581749	975.394470	
0.256921	-0.169910	-0.951378	-0.414995	-0.908439	0.050172	-0.872794	0.381927	-0.303910	27.069092	-35.036949	975.284241	
0.270633	-0.207063	-0.940150	-0.355535	-0.929051	0.102274	-0.894624	0.306577	-0.325051	35.094521	-48.677444	981.655884	
0.318510	-0.272052	-0.908041	-0.302671	-0.936975	0.174554	-0.898299	0.219240	-0.380778	51.091934	-62.723267	990.455261	
0.327842	-0.313873	-0.891068	-0.258074	-0.937076	0.235129	-0.908799	0.152876	-0.388216	64.561905	-69.514587	1002.109192	
0.302302	-0.385682	-0.871700	-0.327528	-0.900837	0.284989	-0.895175	0.199354	-0.398647	77.480614	-84.229210	1003.622253	
0.280992	-0.480071	-0.831007	-0.397975	-0.846223	0.354293	-0.873303	0.231167	-0.428839	87.404739	-91.612823	1010.426697	
0.226899	-0.549807	-0.803883	-0.394058	-0.806657	0.440480	-0.890637	0.216832	-0.399686	92.848221	-105.742493	1012.120850	
0.155260	-0.606330	-0.779908	-0.443759	-0.748153	0.493300	-0.882593	0.269502	-0.385224	95.661331	-112.891563	1011.712463	
0.127256	-0.680288	-0.721812	-0.442677	-0.690185	0.572435	-0.887605	0.246684	-0.388979	98.376381	-119.830444	1013.715393	
0.087091	-0.717524	-0.691067	-0.427149	-0.653595	0.624786	-0.899977	0.240776	-0.363412	99.989609	-133.968430	1019.078674	
-0.010869	-0.754790	-0.655876	-0.447012	-0.583059	0.678397	-0.894462	0.300558	-0.331063	100.548340	-147.044540	1020.990540	
-0.116116	-0.777862	-0.617614	-0.455864	-0.510721	0.728938	-0.882442	0.366190	-0.295298	99.621582	-152.580551	1018.369019	
-0.170239	-0.792322	-0.585871	-0.371176	-0.499199	0.782961	-0.912823	0.350752	-0.209108	98.306870	-165.319244	1023.388000	
-0.233741	-0.807270	-0.541922	-0.316355	-0.463892	0.827480	-0.919393	0.364856	-0.146954	91.628418	-177.236618	1023.770142	
-0.354120	-0.816629	-0.455758	-0.282774	-0.371028	0.884521	-0.891424	0.442103	-0.099534	87.306664	-182.281845	1022.251953	
-0.452397	-0.791020	-0.411854	-0.174039	-0.374629	0.910694	-0.874670	0.483674	0.031812	78.085571	-186.662964	1015.653564	
-0.555740	-0.748026	-0.362782	-0.082999	-0.384273	0.919481	-0.827202	0.541103	0.151469	65.228531	-192.141510	1015.660278	
-0.635650	-0.720362	-0.277539	0.020858	-0.375413	0.926623	-0.771695	0.583219	0.253656	57.232231	-194.672836	1012.115601	
-0.745567	-0.640963	-0.182477	0.083255	-0.361249	0.928745	-0.661210	0.677249	0.322697	48.790417	-202.973587	1016.694458	
-0.833219	-0.546558	-0.083793	0.143654	-0.360307	0.921706	-0.533956	0.755946	0.378729	41.074272	-205.552963	1012.706604	
-0.890225	-0.455379	0.011382	0.234517	-0.436753	0.868475	-0.390513	0.775808	0.495602	31.912703	-211.440475	1014.149170	
-0.942363	-0.329527	0.058004	0.244770	-0.560749	0.790980	-0.228123	0.759588	0.609086	11.868592	-215.111725	1011.971008	
-0.957742	-0.264756	0.112402	0.256954	-0.611965	0.747980	-0.129245	0.745255	0.654133	2.153448	-215.929413	1006.721375	
-0.966479	-0.192977	0.169347	0.255947	-0.672152	0.694769	-0.020247	0.714824	0.699011	-18.020119	-214.717972	994.476868	
-0.966940	-0.132111	0.218112	0.243947	-0.728347	0.640313	0.074270	0.672353	0.736496	-28.104959	-214.485855	995.177856	
-0.945296	-0.073163	0.317902	0.253189	-0.779040	0.573579	0.205694	0.622692	0.754947	-47.762131	-213.576553	989.837463	
-0.911328	0.042279	0.409503	0.161893	-0.877765	0.450910	0.378512	0.477223	0.793087	-57.763508	-213.303467	989.284119	
-0.848647	0.141986	0.509546	0.069015	-0.925345	0.372794	0.524438	0.351537	0.775492	-67.744835	-210.277069	983.261963	
-0.792073	0.243455	0.559776	-0.103013	-0.957184	0.270532	0.601671	0.156617	0.783239	-77.361504	-207.262344	967.583557	
-0.723304	0.328280	0.607504	-0.292376	-0.942610	0.161255	0.625577	-0.060983	0.777776	-95.086426	-201.312744	965.947632	
-0.683359	0.353386	0.638856	-0.378020	-0.919883	0.104485	0.624596	-0.170099	0.762199	-104.580864	-199.180023	959.595459	
-0.623607	0.411126	0.664897	-0.520066	-0.853199	0.039788	0.583647	-0.320978	0.745875	-114.149506	-196.201248	960.820801	
-0.512565	0.417229	0.750463	-0.678245	-0.732708	-0.055883	0.526555	-0.537642	0.658545	-128.511673	-188.199249	958.241638	
-0.410398	0.456470	0.789434	-0.794472	-0.603939	-0.063807	0.447644	-0.653371	0.610509	-133.732315	-175.572784	941.656250	
-0.313233	0.454334	0.833945	-0.910784	-0.392445	-0.128291	0.268990	-0.799730	0.536727	-137.411789	-163.848450	921.776184	
-0.249691	0.428574	0.868318	-0.960746	-0.221618	-0.166887	0.120912	-0.875905	0.467088	-141.350815	-148.513092	897.969604	
-0.184971	0.355922	0.916026	-0.982015	-0.031064	-0.186227	-0.037827	-0.933999	0.355267	-143.164230	-135.587814	895.510986	
-0.117263	0.287573	0.950553	-0.967870	0.181285	-0.174246	-0.222429	-0.940446	0.257075	-144.916870	-122.396690	881.031982	
-0.051610	0.182250	0.981897	-0.924039	0.364216	-0.116173	-0.378795	-0.913308	0.149609	-144.926254	-108.758118	864.485229	
-0.039215	0.122807	0.991655	-0.892759	0.441457	-0.089975	-0.448822	-0.888839	0.092325	-143.878967	-101.097595	864.781189	
-0.037911	0.065035	0.997163	-0.874049	0.481517	-0.064636	-0.484354	-0.874021	0.038589	-138.824860	-92.045883	850.130676	
-0.005591	-0.040439	0.999166	-0.745321	0.666315	0.022796	-0.666681	-0.744573	-0.033866	-135.553497	-78.545166	846.870178	
-0.011071	-0.106250	0.994278	-0.517754	0.851276	0.085202	-0.855456	-0.513849	-0.064436	-130.016617	-72.378113	830.074768	
-0.033159	-0.219227	0.975110	-0.360899	0.912444	0.192864	-0.932014	-0.345522	-0.109376	-119.703300	-64.219429	813.686096	
-0.062857	-0.271246	0.960455	-0.262991	0.932847	0.246237	-0.962747	-0.237114	-0.129972	-113.308815	-55.902004	806.935974	
-0.095630	-0.374963	0.922095	-0.161867	0.919868	0.357269	-0.982166	-0.115092	-0.148662	-105.871719	-41.112957	797.443115	
-0.137737	-0.422987	0.895607	-0.051533	0.906061	0.419998	-0.989126	0.011695	-0.146597	-98.518227	-27.312145	789.495605	
-0.175666	-0.464733	0.867851	0.093540	0.869691	0.484652	-0.979994	0.166315	-0.109305	-81.585869	-13.100406	769.298584	
-0.273648	-0.484167	0.831084	0.301316	0.777417	0.552115	-0.913413	0.401505	-0.066852	-72.789917	-6.491113	767.637268	
-0.330435	-0.508659	0.795034	0.373062	0.703365	0.605064	-0.866969	0.496532	-0.042656	-63.515537	0.901556	757.027161	
-0.391639	-0.530352	0.751895	0.470552	0.586784	0.658988	-0.790694	0.611891	0.019749	-52.859749	8.328197	740.956970	
-0.458007	-0.537330	0.708171	0.519504	0.484653	0.703724	-0.721348	0.690208	0.057169	-32.234947	19.740572	717.678528	
-0.525294	-0.581463	0.621262	0.561816	0.311349	0.766437	-0.639083	0.751640	0.163124	-23.406651	29.779879	716.020020	
-0.614468	-0.601020	0.511081	0.554075	0.132407	0.821870	-0.561629	0.788190	0.251649	-13.113403	34.918159	705.436646	
-0.695081	-0.562044	0.448294	0.564436	-0.040421	0.824487	-0.445276	0.826119	0.345333	-2.060276	42.791924	701.546875	
-0.751978	-0.528197	0.394381	0.542095	-0.155123	0.825876	-0.375046	0.834833	0.402981	8.179360	46.694798	684.537170	
-0.828507	-0.444320	0.340813	0.504953	-0.329705	0.797696	-0.242064	0.832992	0.497523	17.905922	50.516415	673.653381	
-0.907302	-0.361832	0.214193	0.384328	-0.506998	0.771522	-0.170565	0.782324	0.599063	35.760902	53.758091	658.979858	
-0.944680	-0.315306	0.090333	0.280262	-0.632921	0.721711	-0.170384	0.707102	0.686276	51.533737	55.903809	648.755859	
-0.977265	-0.210594	0.024518	0.175239	-0.737233	0.652519	-0.119340	0.641980	0.757376	58.710262	57.652126	643.986877	
-0.986386	-0.159552	-0.039809	0.101820	-0.782684	0.614037	-0.129127	0.601623	0.788274	71.902359	58.721504	639.669922	
-0.988240	-0.106335	-0.109875	0.023472	-0.815569	0.578186	-0.151091	0.568807	0.808474	82.554077	58.392750	628.278748	
-0.985119	0.005801	-0.171772	-0.090210	-0.868150	0.488037	-0.146291	0.496269	0.855754	92.346176	57.580528	622.760925	
-0.969918	0.057896	-0.236445	-0.159424	-0.885098	0.437249	-0.183961	0.461790	0.867703	96.580330	56.396130	615.947815	
-0.939536	0.161321	-0.302072	-0.274928	-0.881242	0.384485	-0.204171	0.444284	0.872311	99.360016	52.829193	605.225037	
-0.895867	0.255898	-0.363233	-0.380656	-0.863688	0.330372	-0.229177	0.434235	0.871159	101.100594	50.561501	603.127014	
-0.855600	0.295245	-0.425180	-0.422147	-0.873338	0.243054	-0.299563	0.387444	0.871865	102.073776	44.625168	599.224060	
-0.808784	0.328380	-0.487890	-0.468175	-0.861578	0.196209	-0.355922	0.387107	0.850569	100.486710	37.572617	592.178711	
-0.725435	0.341046	-0.597857	-0.492312	-0.864133	0.104427	-0.481011	0.370085	0.794773	96.730156	28.957649	589.919983	
-0.651285	0.393931	-0.648573	-0.560545	-0.825854	0.061282	-0.511484	0.403465	0.758682	93.619965	19.943672	585.972900	
-0.532138	0.403557	-0.744293	-0.623637	-0.781400	0.022200	-0.572630	0.475981	0.667485	85.929207	14.182124	584.711182	
-0.417214	0.387763	-0.821934	-0.675419	-0.737418	-0.005047	-0.608063	0.553043	0.569562	75.609077	8.102566	578.977112	
-0.356501	0.364994	-0.860052	-0.663163	-0.747282	-0.042247	-0.658119	0.555293	0.508456	64.112053	1.373416	575.625977	
-0.298145	0.337351	-0.892920	-0.643363	-0.762065	-0.073093	-0.705119	0.552679	0.444243	50.232101	-5.639332	572.180603	
-0.221428	0.312444	-0.923770	-0.646781	-0.756004	-0.100667	-0.729824	0.575185	0.369482	34.542252	-19.381844	572.472229	
-0.133788	0.214289	-0.967565	-0.613862	-0.784400	-0.088842	-0.777993	0.582065	0.236485	26.267212	-27.688068	568.917725	
-0.056279	0.105369	-0.992840	-0.617234	-0.785293	-0.048354	-0.784763	0.610093	0.109231	8.651798	-35.386570	569.212891	
0.006187	-0.009946	-0.999932	-0.589180	-0.807991	0.004393	-0.807977	0.589113	-0.010861	-0.516581	-43.503792	569.797058	
0.027990	-0.070331	-0.997131	-0.568499	-0.821613	0.041994	-0.822207	0.565692	-0.062982	-20.510342	-57.933922	567.895508	
0.066574	-0.197060	-0.978129	-0.579641	-0.805561	0.122841	-0.812147	0.558786	-0.167855	-40.047855	-66.443893	569.311523	
0.060904	-0.267363	-0.961669	-0.625408	-0.761108	0.171995	-0.777917	0.590960	-0.213567	-60.696377	-81.999252	570.811768	
0.049907	-0.404046	-0.913376	-0.670474	-0.691373	0.269204	-0.740252	0.598960	-0.305409	-81.716469	-97.101494	575.389282	
0.033140	-0.529314	-0.847779	-0.682742	-0.631472	0.367572	-0.729907	0.566633	-0.382313	-93.395836	-105.003113	581.070862	
-0.021279	-0.639907	-0.768158	-0.684462	-0.550717	0.477728	-0.728738	0.535940	-0.426275	-103.891861	-112.773888	585.783081	
-0.054120	-0.691345	-0.720495	-0.651414	-0.522423	0.550215	-0.756790	0.499118	-0.422079	-122.564590	-119.652565	587.621582	
-0.137794	-0.773500	-0.618637	-0.629993	-0.413518	0.657353	-0.764277	0.480317	-0.430321	-131.977188	-133.551559	594.157288	
-0.218870	-0.797246	-0.562579	-0.629377	-0.325242	0.705764	-0.745641	0.508545	-0.430584	-148.336288	-146.676529	599.920410	
-0.304038	-0.807453	-0.505552	-0.588826	-0.257893	0.766013	-0.748895	0.530580	-0.397042	-155.693207	-159.076492	601.705627	
-0.366483	-0.848484	-0.381796	-0.502001	-0.165179	0.848947	-0.783380	0.502787	-0.365405	-169.951721	-171.156616	611.264160	
-0.463763	-0.850106	-0.249492	-0.429189	-0.030788	0.902689	-0.775061	0.525714	-0.350579	-175.817444	-176.019638	615.621399	
-0.514637	-0.850046	-0.112137	-0.310832	0.063077	0.948369	-0.799082	0.522922	-0.296685	-185.736542	-185.836029	623.422913	
-0.555924	-0.830707	0.029616	-0.203225	0.170377	0.964194	-0.806006	0.530001	-0.263539	-193.840652	-190.492950	631.790527	
-0.586686	-0.792756	0.165348	-0.092427	0.268395	0.958864	-0.804522	0.547270	-0.230738	-199.745132	-194.546753	636.487061	
-0.631763	-0.714826	0.299837	0.069154	0.333289	0.940285	-0.772070	0.614773	-0.161128	-204.078537	-197.745117	651.032410	
-0.655667	-0.621156	0.429265	0.238150	0.369374	0.898247	-0.716508	0.691181	-0.094260	-204.772705	-203.769028	656.742065	
-0.649797	-0.520175	0.554240	0.384470	0.404081	0.830001	-0.655702	0.752422	-0.062581	-204.186508	-207.892395	671.660828	
-0.601544	-0.439994	0.666747	0.527475	0.408045	0.745164	-0.599928	0.799942	-0.013373	-202.296936	-209.231155	680.123962	
-0.587065	-0.359779	0.725200	0.632739	0.354865	0.688268	-0.504970	0.862921	0.019315	-199.148682	-211.794205	688.895508	
-0.521706	-0.263367	0.811456	0.763174	0.281039	0.581879	-0.381297	0.922853	0.054373	-191.169327	-211.067108	694.662903	
-0.427967	-0.175303	0.886630	0.859757	0.223523	0.459191	-0.278678	0.958806	0.055056	-186.086716	-209.759384	709.281189	
-0.379604	-0.137543	0.914867	0.902828	0.160836	0.398790	-0.201993	0.977352	0.063122	-180.670486	-206.809250	720.725830	
-0.260317	-0.084296	0.961836	0.959823	0.085488	0.267265	-0.104753	0.992768	0.058654	-166.809097	-204.031067	732.492493	
-0.131663	-0.044923	0.990276	0.990682	0.029114	0.133039	-0.034806	0.998567	0.040669	-150.647873	-199.657196	748.648315	
0.004893	-0.008309	0.999954	0.999890	-0.013921	-0.005007	0.013963	0.999870	0.008238	-133.831573	-197.944443	760.799805	
0.139998	0.011687	0.990083	0.979850	-0.145495	-0.136832	0.142454	0.989291	-0.031822	-116.730972	-194.773788	777.514343	
0.206129	0.003815	0.978518	0.948094	-0.248220	-0.198751	0.242130	0.968697	-0.054784	-106.786736	-187.654190	791.542603	
0.341795	0.009736	0.939725	0.888421	-0.329369	-0.319721	0.306404	0.944152	-0.121227	-96.723816	-178.282425	808.934692	
0.465541	-0.031194	0.884477	0.800190	-0.412125	-0.435712	0.378107	0.910594	-0.166902	-77.024460	-168.131271	828.473816	
0.581710	-0.057486	0.811363	0.705576	-0.460626	-0.538502	0.404691	0.885732	-0.227390	-66.387917	-162.136383	847.360291	
0.680962	-0.123755	0.721787	0.572183	-0.525225	-0.629874	0.457050	0.841918	-0.286849	-46.298626	-150.408417	854.721741	
0.725477	-0.157855	0.669899	0.483507	-0.575794	-0.659302	0.489797	0.802213	-0.341402	-25.652811	-144.291977	867.481995	
0.794198	-0.235532	0.560155	0.335708	-0.598306	-0.727549	0.506505	0.765870	-0.396104	-6.339863	-131.670914	881.140625	
0.850765	-0.287974	0.439624	0.193169	-0.606603	-0.771179	0.488756	0.741017	-0.460450	3.307748	-118.069611	888.524475	
0.868849	-0.326439	0.372207	0.099674	-0.621080	-0.777382	0.484938	0.712531	-0.507088	12.435537	-111.265678	894.805542	
0.879507	-0.409781	0.241960	-0.056968	-0.595445	-0.801373	0.472461	0.691033	-0.547044	21.275669	-97.084045	908.211304	
0.885925	-0.452191	0.103231	-0.187155	-0.552147	-0.812469	0.424390	0.700471	-0.573793	29.177532	-82.313339	914.050415	
0.851620	-0.522697	0.039093	-0.281875	-0.519576	-0.806590	0.441914	0.675892	-0.589818	36.075520	-67.713715	929.958740	
0.810907	-0.584431	-0.029453	-0.372100	-0.476139	-0.796764	0.451629	0.657065	-0.603573	42.082584	-53.010139	944.607117	
0.761647	-0.641598	-0.090787	-0.457202	-0.432809	-0.776944	0.459192	0.633269	-0.622989	52.872593	-46.357544	962.844299	
0.723227	-0.653612	-0.223003	-0.553586	-0.355618	-0.753046	0.412895	0.668079	-0.619025	61.263119	-32.220943	968.256958	
0.686860	-0.665337	-0.292482	-0.616778	-0.320733	-0.718828	0.384455	0.674135	-0.630666	64.217827	-18.438038	975.410461	
0.626224	-0.693104	-0.356996	-0.674795	-0.252500	-0.693466	0.390502	0.675169	-0.625827	65.691872	-4.175207	982.097717	
0.586314	-0.694332	-0.417294	-0.716583	-0.204290	-0.666913	0.377811	0.690051	-0.617327	67.571915	8.837442	995.418457	
0.543205	-0.689050	-0.479724	-0.761721	-0.164132	-0.626770	0.353138	0.705885	-0.614023	66.783844	21.344242	1000.478943	
0.499747	-0.676908	-0.540412	-0.795413	-0.111667	-0.595690	0.342882	0.727550	-0.594229	64.761261	26.919186	1008.342773	
0.455015	-0.664345	-0.592961	-0.825291	-0.064522	-0.561009	0.334445	0.744637	-0.577638	61.671959	38.380066	1021.738281	
0.386576	-0.608391	-0.693120	-0.866700	0.017248	-0.498529	0.315256	0.793451	-0.520627	54.331276	49.792709	1025.078125	
0.337790	-0.577333	-0.743358	-0.892211	0.055120	-0.448241	0.299759	0.814648	-0.496485	48.849949	60.391632	1029.796875	
0.293633	-0.539376	-0.789208	-0.906828	0.103992	-0.408469	0.302390	0.835620	-0.458588	37.831291	69.252625	1034.287720	
0.240684	-0.514561	-0.822979	-0.907934	0.180376	-0.378310	0.343110	0.838268	-0.423776	24.571095	77.951477	1048.198486	
0.190136	-0.474756	-0.859333	-0.908742	0.246134	-0.337053	0.371530	0.845001	-0.384633	16.370878	85.425896	1046.891113	
0.141888	-0.434584	-0.889383	-0.903610	0.309983	-0.295629	0.404170	0.845606	-0.348713	0.617807	88.833549	1055.006104	
0.082416	-0.326869	-0.941468	-0.899822	0.381675	-0.211286	0.428398	0.864571	-0.262670	-17.158352	91.941002	1061.172363	
0.060822	-0.267790	-0.961555	-0.891301	0.419070	-0.173089	0.449311	0.867566	-0.213195	-35.199074	93.706573	1065.759277	
0.025763	-0.148218	-0.988619	-0.886966	0.452777	-0.090998	0.461112	0.879220	-0.119801	-45.301933	95.417015	1069.051636	
0.010962	-0.083994	-0.996406	-0.867429	0.494909	-0.051264	0.497437	0.864877	-0.067436	-55.672600	96.935638	1073.858521	
-0.001630	0.043931	-0.999033	-0.840608	0.541056	0.025161	0.541638	0.839840	0.036045	-66.051865	96.877724	1073.955322	
-0.016984	0.140882	-0.989881	-0.880133	0.467648	0.081655	0.474420	0.872617	0.116050	-85.929688	101.835342	1091.903564	
-0.010534	0.233191	-0.972374	-0.802768	0.577817	0.147264	0.596196	0.782146	0.181110	-96.653633	94.203316	1073.063110	
-0.000312	0.352126	-0.935953	-0.772972	0.593718	0.223626	0.634437	0.723539	0.271997	-106.202011	91.033829	1070.800903	
0.014096	0.412257	-0.910960	-0.756969	0.599644	0.259655	0.653296	0.685911	0.320517	-115.554619	87.077774	1069.372314	
0.035970	0.470703	-0.881560	-0.723468	0.620815	0.301958	0.689418	0.626922	0.362868	-124.608894	82.165527	1069.465454	
0.070442	0.524728	-0.848352	-0.692122	0.638148	0.337239	0.718332	0.563410	0.408127	-133.465393	75.755280	1066.962646	
0.097185	0.568172	-0.817153	-0.655595	0.654288	0.376958	0.748830	0.499089	0.436077	-141.297363	68.020294	1065.805542	
0.141788	0.609410	-0.780077	-0.628498	0.664244	0.404680	0.764777	0.432900	0.477194	-148.428497	63.962128	1061.090088	
0.183556	0.647038	-0.740036	-0.599223	0.670431	0.437549	0.779253	0.363134	0.510781	-154.533157	54.466225	1061.015869	
0.213037	0.686494	-0.695230	-0.582350	0.660573	0.473823	0.784526	0.303927	0.540506	-164.916031	43.082851	1054.167114	
0.271465	0.745576	-0.608628	-0.572216	0.633496	0.520814	0.773869	0.206885	0.598602	-174.152634	31.366253	1051.823975	
0.308617	0.799518	-0.515297	-0.578566	0.587786	0.565478	0.754993	0.123618	0.643975	-176.372803	25.736423	1048.121216	
0.356402	0.844880	-0.398949	-0.595071	0.534442	0.600214	0.720323	0.023485	0.693241	-181.946701	19.419180	1048.203979	
0.388784	0.877332	-0.281319	-0.615341	0.474514	0.629435	0.685711	-0.071608	0.724343	-185.732513	12.791366	1046.335693	
0.420760	0.893648	-0.156069	-0.625097	0.410282	0.664016	0.657428	-0.181834	0.731249	-184.669678	5.940616	1040.743652	
0.465739	0.884641	-0.022378	-0.642511	0.355436	0.678853	0.608493	-0.301791	0.733934	-183.004150	-0.296084	1032.973633	
0.493996	0.862160	0.112478	-0.677703	0.300765	0.671011	0.544687	-0.407704	0.732867	-180.440704	-14.216710	1029.516113	
0.511286	0.843896	0.162570	-0.669884	0.272835	0.690516	0.538367	-0.461956	0.704811	-176.082687	-21.402121	1015.057800	
0.512652	0.815827	0.267614	-0.690130	0.206108	0.693712	0.510789	-0.540323	0.668691	-166.356262	-36.277916	1002.807983	
0.520201	0.792376	0.318643	-0.698170	0.179665	0.693019	0.491880	-0.582979	0.646678	-155.812958	-43.690948	987.018250	
0.537797	0.756864	0.371394	-0.707752	0.165937	0.686694	0.458103	-0.632159	0.624915	-143.330231	-50.502308	972.626221	
0.543773	0.730928	0.412379	-0.709700	0.138236	0.690807	0.447922	-0.668310	0.593911	-135.939774	-64.900436	963.970703	
