0.997449	-0.044543	0.055779	0.043055	0.998691	0.027606	-0.056936	-0.025134	0.998062	18.862129	4.064254	542.474304	
0.978322	-0.131112	0.160301	0.127257	0.991282	0.034133	-0.163378	-0.012994	0.986478	27.725883	7.700310	543.170715	
0.958877	-0.171670	0.226018	0.175696	0.984441	0.002335	-0.222903	0.037471	0.974121	36.564106	15.528911	545.816101	
0.908056	-0.202546	0.366618	0.217744	0.976006	-0.000102	-0.357801	0.079921	0.930372	45.041809	18.439898	546.892212	
0.834165	-0.266341	0.482941	0.311586	0.950112	-0.014206	-0.455064	0.162327	0.875538	53.026089	24.262314	548.782898	
0.777832	-0.327623	0.536321	0.398539	0.916977	-0.017850	-0.485947	0.227629	0.843825	69.816238	26.031242	551.290344	
0.678319	-0.359981	0.640545	0.485664	0.873837	-0.023215	-0.551375	0.326837	0.767570	76.488678	29.426363	550.934265	
0.592936	-0.348849	0.725763	0.531936	0.846329	-0.027782	-0.604543	0.402532	0.687384	83.503990	30.605000	556.564575	
0.532370	-0.348525	0.771436	0.577183	0.816077	-0.029622	-0.619227	0.461029	0.635618	88.859528	31.462822	557.954712	
0.436965	-0.318847	0.841070	0.622279	0.782339	-0.026713	-0.649485	0.535052	0.540267	98.986198	31.258005	565.302063	
0.371206	-0.331127	0.867503	0.695575	0.718067	-0.023550	-0.615127	0.612155	0.496875	102.975243	29.863314	574.750000	
0.271482	-0.282347	0.920097	0.774948	0.631054	-0.035005	-0.570747	0.722531	0.390124	105.608269	27.367521	578.049683	
0.202024	-0.268591	0.941831	0.838139	0.544912	-0.024384	-0.506665	0.794311	0.335201	108.291931	25.653927	588.891968	
0.127074	-0.180307	0.975368	0.871670	0.489549	-0.023066	-0.473331	0.853130	0.219377	109.411278	20.972855	598.453247	
0.077625	-0.143145	0.986653	0.916929	0.398795	-0.014282	-0.391428	0.905799	0.162210	109.600296	15.092630	601.741394	
0.037668	-0.094282	0.994833	0.940279	0.340388	-0.003343	-0.338313	0.935546	0.101473	107.326729	7.851617	603.793640	
0.014944	-0.045260	0.998864	0.959231	0.282617	-0.001545	-0.282226	0.958164	0.047638	103.675514	4.439251	613.520752	
0.005910	-0.007629	0.999954	0.989504	0.144425	-0.004747	-0.144383	0.989486	0.008402	100.867424	-2.246911	617.254211	
-0.006539	0.051841	0.998634	0.999177	0.040315	0.004450	-0.040029	0.997841	-0.052063	96.820877	-13.419809	623.303223	
-0.015851	0.120999	0.992526	0.998822	-0.043596	0.021267	0.045843	0.991695	-0.120166	86.162521	-26.186974	630.797546	
-0.010815	0.235365	0.971847	0.983791	-0.171467	0.052475	0.178990	0.956662	-0.229696	80.236526	-31.500072	643.045410	
0.006869	0.347651	0.937599	0.969771	-0.231026	0.078557	0.243919	0.908716	-0.338729	73.903976	-37.641121	654.600098	
0.031696	0.390740	0.919955	0.951684	-0.293070	0.091689	0.305437	0.872600	-0.381151	67.338905	-49.677750	671.762085	
0.066838	0.480989	0.874175	0.931752	-0.343473	0.117746	0.356889	0.806645	-0.471120	58.941479	-56.293896	680.362549	
0.103357	0.563288	0.819771	0.911601	-0.383331	0.148462	0.397870	0.731959	-0.553114	50.950489	-69.391434	697.747253	
0.189519	0.637260	0.746982	0.856234	-0.479612	0.191925	0.480567	0.603218	-0.636540	32.829811	-83.600929	714.786499	
0.240647	0.689801	0.682835	0.829491	-0.511475	0.224361	0.504017	0.512414	-0.695269	14.252665	-97.302231	722.502136	
0.299738	0.740672	0.601300	0.820656	-0.521585	0.233396	0.486498	0.423502	-0.764176	5.297864	-103.664734	736.035217	
0.317611	0.725426	0.610639	0.800210	-0.550548	0.237827	0.508711	0.413102	-0.755354	-3.690408	-109.726067	733.795410	
0.413015	0.740561	0.530082	0.744793	-0.609622	0.271376	0.524120	0.282718	-0.803348	-14.194610	-123.449577	746.581360	
0.491056	0.762733	0.420835	0.689718	-0.635510	0.347011	0.532121	0.119856	-0.838142	-24.065208	-140.334290	760.447266	
0.602220	0.744555	0.288041	0.579931	-0.655963	0.483107	0.548644	-0.123893	-0.826826	-32.051311	-145.474457	772.958984	
0.672535	0.721236	0.165875	0.560925	-0.642982	0.521476	0.482761	-0.257668	-0.836988	-39.829189	-160.263931	785.599426	
0.754873	0.652036	0.070821	0.485777	-0.628385	0.607580	0.440666	-0.424242	-0.791096	-47.776630	-171.888214	783.994324	
0.796573	0.603519	-0.035141	0.481317	-0.597962	0.640917	0.365793	-0.527451	-0.766806	-55.428204	-177.584824	797.540405	
0.824726	0.559299	-0.083733	0.462903	-0.582563	0.668088	0.324882	-0.589749	-0.739356	-69.130501	-189.451141	807.565247	
0.844426	0.508568	-0.168236	0.468175	-0.548063	0.693137	0.260303	-0.664066	-0.700898	-81.517403	-200.858063	814.586975	
0.862721	0.454895	-0.220869	0.461448	-0.529547	0.711791	0.206830	-0.715996	-0.666762	-93.096649	-212.461838	829.198975	
0.873327	0.406953	-0.267748	0.463338	-0.524250	0.714479	0.150392	-0.748032	-0.646399	-102.373245	-217.338440	846.048706	
0.875559	0.288272	-0.387679	0.483064	-0.511240	0.710833	0.006716	-0.809650	-0.586875	-109.193405	-220.985733	860.505676	
0.887054	0.186545	-0.422298	0.453498	-0.523390	0.721389	-0.086456	-0.831423	-0.548874	-112.241936	-229.890182	880.125183	
0.847168	0.134179	-0.514103	0.507857	-0.488881	0.709279	-0.156164	-0.861970	-0.482309	-114.684311	-235.857117	890.303711	
0.828516	0.080437	-0.554158	0.524875	-0.456374	0.718491	-0.195110	-0.886145	-0.420333	-115.865845	-239.655472	903.116577	
0.785394	0.029118	-0.618311	0.570216	-0.422706	0.704396	-0.240853	-0.905799	-0.348595	-114.673767	-244.056870	916.807312	
0.724610	-0.017371	-0.688941	0.628454	-0.393596	0.670916	-0.282818	-0.919119	-0.274288	-113.529205	-248.834335	922.328186	
0.685613	-0.057322	-0.725707	0.658455	-0.376291	0.651800	-0.310439	-0.924727	-0.220246	-109.818443	-249.033142	926.876953	
0.620528	-0.091803	-0.778793	0.699531	-0.384029	0.602643	-0.354403	-0.918746	-0.174082	-105.702881	-250.556488	934.848999	
0.590269	-0.145437	-0.793997	0.694240	-0.410390	0.591280	-0.411843	-0.900238	-0.141273	-96.358231	-248.929504	944.917969	
0.537972	-0.201981	-0.818407	0.678968	-0.471569	0.562695	-0.499589	-0.858386	-0.116553	-91.103416	-248.220749	949.357910	
0.494104	-0.216113	-0.842115	0.702892	-0.470757	0.533227	-0.511668	-0.855384	-0.080700	-78.381699	-243.825684	948.913025	
0.452093	-0.252209	-0.855572	0.690578	-0.508124	0.514696	-0.564547	-0.823529	-0.055550	-72.171288	-240.682617	957.064758	
0.388554	-0.279463	-0.878025	0.685883	-0.548592	0.478134	-0.615298	-0.788002	-0.021479	-57.292450	-236.299438	969.179260	
0.306835	-0.248802	-0.918668	0.707597	-0.585893	0.395014	-0.636521	-0.771250	-0.003722	-48.520950	-229.840637	975.456116	
0.232681	-0.215451	-0.948389	0.743156	-0.589648	0.316282	-0.627359	-0.778393	0.022913	-39.393700	-223.240997	982.288513	
0.197373	-0.195594	-0.960618	0.737914	-0.615462	0.276931	-0.645389	-0.763511	0.022855	-30.118839	-214.503036	983.583801	
0.134249	-0.156591	-0.978497	0.717614	-0.665595	0.204972	-0.683379	-0.729700	0.023016	-20.321360	-204.938568	984.743896	
0.102915	-0.128398	-0.986369	0.732663	-0.660914	0.162476	-0.672766	-0.739396	0.026054	-11.043914	-194.789398	989.833191	
0.134684	-0.072035	-0.988267	0.713872	-0.684633	0.147192	-0.687203	-0.725320	-0.040786	7.572206	-182.593094	990.254944	
0.094053	-0.004698	-0.995557	0.675497	-0.734287	0.067281	-0.731340	-0.678823	-0.065889	16.749804	-171.322876	994.168579	
0.116668	0.069982	-0.990703	0.643980	-0.764731	0.021816	-0.756095	-0.640537	-0.134288	26.046623	-158.046463	993.248047	
0.290927	0.148131	-0.945209	0.533042	-0.845500	0.031560	-0.794499	-0.513017	-0.324939	42.545395	-145.653397	992.865662	
0.449417	0.243417	-0.859519	0.407380	-0.912135	-0.045312	-0.795027	-0.329786	-0.509092	51.022228	-134.706985	988.474304	
0.356721	0.317508	-0.878601	0.484928	-0.866780	-0.116351	-0.798496	-0.384552	-0.463168	68.224930	-122.450020	1002.335754	
0.175667	0.325735	-0.928999	0.553479	-0.813084	-0.180433	-0.814127	-0.482484	-0.323120	75.868164	-112.392586	1004.018738	
0.118651	0.345069	-0.931048	0.535439	-0.811893	-0.232672	-0.836198	-0.470912	-0.281096	88.910332	-105.060196	1002.775574	
0.139674	0.388381	-0.910852	0.567696	-0.785089	-0.247705	-0.811304	-0.482488	-0.330140	99.667831	-96.150604	997.983765	
0.208988	0.399491	-0.892598	0.502878	-0.826726	-0.252269	-0.838713	-0.396145	-0.373671	111.530403	-82.098465	1003.894104	
0.229601	0.401166	-0.886764	0.423101	-0.861652	-0.280256	-0.876510	-0.310842	-0.367570	116.132385	-66.479797	1006.613098	
0.329990	0.409316	-0.850627	0.392378	-0.879046	-0.270774	-0.858573	-0.244414	-0.450684	119.525780	-52.098827	1000.387817	
0.405000	0.411519	-0.816473	0.342452	-0.896259	-0.281866	-0.847764	-0.165446	-0.503910	122.483025	-44.490517	988.340027	
0.456778	0.365084	-0.811214	0.311762	-0.919769	-0.238394	-0.833163	-0.144012	-0.533949	124.012749	-30.091410	982.932312	
0.499161	0.347741	-0.793671	0.306404	-0.927601	-0.213718	-0.810529	-0.136503	-0.569572	123.712212	-15.784803	979.063293	
0.576137	0.288473	-0.764754	0.253940	-0.952520	-0.167992	-0.776905	-0.097414	-0.622037	121.211884	-2.329335	980.957764	
0.598716	0.259023	-0.757922	0.223882	-0.962668	-0.152144	-0.769037	-0.078594	-0.634355	116.417511	3.781368	970.378845	
0.651945	0.190975	-0.733823	0.107954	-0.981283	-0.159469	-0.750544	0.024746	-0.660359	114.098801	10.160046	976.581848	
0.693381	0.139974	-0.706846	0.087495	-0.990048	-0.110229	-0.715241	0.014586	-0.698727	105.306587	20.906387	962.672791	
0.718785	0.098509	-0.688218	0.066597	-0.995115	-0.072885	-0.692037	0.006556	-0.721834	94.249237	25.725323	951.390991	
0.752967	-0.006097	-0.658031	0.020322	-0.999265	0.032509	-0.657746	-0.037851	-0.752290	87.067444	30.471357	936.223816	
0.788123	-0.051936	-0.613324	-0.029067	-0.998463	0.047195	-0.614832	-0.019368	-0.788421	73.716721	38.169468	929.511108	
0.798508	-0.105532	-0.592663	-0.038160	-0.991408	0.125119	-0.600775	-0.077292	-0.795674	65.334496	43.633869	918.637329	
0.816497	-0.173029	-0.550813	-0.033933	-0.966768	0.253392	-0.576353	-0.188203	-0.795235	49.933586	46.659416	916.892151	
0.809124	-0.231295	-0.540205	-0.036403	-0.937245	0.346765	-0.586510	-0.260910	-0.766768	31.920101	50.232300	899.622375	
0.797522	-0.344325	-0.495380	-0.153110	-0.909765	0.385855	-0.583539	-0.231879	-0.778278	14.041870	53.551857	897.066650	
0.774499	-0.458580	-0.435726	-0.236646	-0.848841	0.472724	-0.586644	-0.263011	-0.765948	5.443861	54.609627	886.537048	
0.686491	-0.565787	-0.456745	-0.260949	-0.777992	0.571518	-0.678702	-0.273155	-0.681727	-13.240622	55.092960	879.283325	
0.518644	-0.625923	-0.582434	0.022160	-0.671147	0.740992	-0.854704	-0.397217	-0.334217	-30.208717	54.298454	871.457092	
0.383245	-0.645194	-0.660946	0.342976	-0.565013	0.750419	-0.857608	-0.514282	0.004746	-48.041172	52.370037	868.152649	
0.253953	-0.771316	-0.583593	0.365195	-0.482247	0.796286	-0.895624	-0.415343	0.159211	-69.090057	48.040039	876.748291	
0.240895	-0.821954	-0.516103	0.335484	-0.428464	0.838969	-0.910725	-0.375246	0.172537	-78.373917	42.837433	870.309265	
0.297840	-0.854166	-0.426256	0.265464	-0.354799	0.896464	-0.916963	-0.380156	0.121076	-88.326050	37.654671	858.379456	
0.316531	-0.890336	-0.327278	0.203430	-0.273276	0.940179	-0.926512	-0.364173	0.094620	-105.989807	33.758461	841.433899	
0.366552	-0.891154	-0.267368	0.179781	-0.214112	0.960123	-0.912863	-0.400001	0.081728	-120.977493	28.933857	806.507446	
0.457585	-0.866062	-0.201379	0.098666	-0.175625	0.979501	-0.883675	-0.468073	0.005086	-135.386826	24.156977	792.451782	
0.524866	-0.833074	-0.174657	0.068481	-0.163198	0.984214	-0.848426	-0.528540	-0.028608	-147.533478	19.867920	774.733948	
0.599981	-0.793681	-0.100477	-0.032099	-0.149374	0.988260	-0.799371	-0.589710	-0.115099	-154.883041	14.499130	770.693176	
0.640247	-0.766955	-0.043204	-0.138095	-0.170242	0.975678	-0.755655	-0.618707	-0.214911	-164.870667	8.813167	770.221130	
0.689552	-0.723210	0.038573	-0.242393	-0.180267	0.953283	-0.682470	-0.666687	-0.299606	-171.898071	2.557243	771.787292	
0.768686	-0.621819	0.149884	-0.364590	-0.233418	0.901437	-0.525544	-0.747568	-0.406136	-179.922501	-10.503295	769.336426	
0.792122	-0.545232	0.274351	-0.475452	-0.269328	0.837500	-0.382740	-0.793842	-0.472574	-182.766953	-23.432079	759.904480	
0.853740	-0.430633	0.292722	-0.447657	-0.319880	0.835033	-0.265955	-0.843939	-0.465871	-186.216675	-32.795044	766.262695	
-0.689540	-0.721763	-0.059933	0.328686	-0.385601	0.862135	-0.645368	0.574778	0.503121	-171.132004	-42.098000	723.101990	
-0.689540	-0.721763	-0.059933	0.328686	-0.385601	0.862135	-0.645368	0.574778	0.503121	-171.132004	-42.098000	723.101990	
-0.689540	-0.721763	-0.059933	0.328686	-0.385601	0.862135	-0.645368	0.574778	0.503121	-171.132004	-42.098000	723.101990	
-0.689540	-0.721763	-0.059933	0.328686	-0.385601	0.862135	-0.645368	0.574778	0.503121	-171.132004	-42.098000	723.101990	
-0.963770	-0.265053	-0.029886	0.184909	-0.744669	0.641309	-0.192236	0.612549	0.766700	-154.894852	-88.340332	679.191956	
-0.978534	-0.204417	-0.026149	0.156536	-0.819796	0.550845	-0.134039	0.534929	0.834197	-143.005112	-96.429993	670.201172	
-0.991194	-0.128867	-0.030458	0.104114	-0.900563	0.422075	-0.081821	0.415188	0.906049	-131.518066	-111.802589	669.922607	
-0.999463	-0.024040	-0.022238	0.012589	-0.908932	0.416755	-0.030232	0.416252	0.908747	-113.367416	-114.453995	637.965332	
-0.991345	0.130574	-0.013621	-0.130192	-0.964467	0.229898	0.016881	0.229682	0.973119	-107.456741	-125.501450	652.278625	
-0.976276	0.215694	0.019013	-0.211584	-0.968950	0.127943	0.046019	0.120885	0.991599	-89.957184	-132.363922	640.958069	
-0.957044	0.287788	0.035279	-0.285593	-0.956680	0.056581	0.050033	0.044075	0.997774	-81.214630	-138.874023	629.460327	
-0.909468	0.415103	0.023626	-0.415597	-0.909271	-0.022496	0.012144	-0.030278	0.999467	-72.183075	-145.432175	623.434265	
-0.878477	0.476128	0.039754	-0.476822	-0.868389	-0.136167	-0.030311	-0.138575	0.989888	-62.463821	-155.812439	609.065979	
-0.844764	0.528853	0.081786	-0.531319	-0.810652	-0.246057	-0.063828	-0.251314	0.965798	-52.461197	-160.481552	599.892212	
-0.745229	0.636466	0.198862	-0.666119	-0.724146	-0.178604	0.030329	-0.265566	0.963615	-32.888519	-167.297180	586.498657	
-0.648097	0.741393	0.174090	-0.758654	-0.608590	-0.232513	-0.066435	-0.282765	0.956885	-22.980705	-170.760590	583.151489	
-0.536658	0.822240	0.189528	-0.835348	-0.485997	-0.256905	-0.119127	-0.296192	0.947670	-4.291776	-177.259476	574.926025	
-0.418737	0.889053	0.185055	-0.887473	-0.357441	-0.290908	-0.192487	-0.286045	0.938683	13.733228	-184.706421	576.839844	
-0.313527	0.943351	0.108583	-0.856194	-0.231389	-0.461942	-0.410649	-0.237799	0.880238	22.830122	-190.752258	573.014038	
-0.199267	0.978056	0.060828	-0.694443	-0.097143	-0.712959	-0.691405	-0.184311	0.698561	30.470638	-190.787964	566.212341	
-0.049359	0.998573	0.020432	-0.601989	-0.013420	-0.798391	-0.796977	-0.051707	0.601792	44.823296	-193.107513	568.386108	
0.096997	0.995275	-0.004445	-0.475516	0.042418	-0.878683	-0.874343	0.087344	0.477383	51.664104	-193.525925	563.946106	
0.158548	0.987340	-0.004764	-0.414568	0.062190	-0.907890	-0.896100	0.145920	0.419180	63.002525	-193.588776	561.260681	
0.231560	0.972618	-0.019894	-0.355959	0.065679	-0.932190	-0.905358	0.222940	0.361421	68.435028	-193.021011	559.769775	
0.293218	0.955599	-0.029216	-0.226135	0.039630	-0.973288	-0.928916	0.291993	0.227715	73.141411	-191.131226	559.395874	
0.366087	0.929578	-0.043179	-0.169582	0.021017	-0.985291	-0.914998	0.368025	0.165334	78.031059	-186.390366	559.136597	
0.490367	0.869932	-0.052524	-0.056599	-0.028353	-0.997993	-0.869676	0.492356	0.035334	79.408051	-184.013428	559.930969	
0.551968	0.830855	-0.070793	0.045886	-0.115034	-0.992300	-0.832602	0.544470	-0.101619	80.150444	-177.933197	560.512085	
0.611069	0.787061	-0.084437	0.078605	-0.166476	-0.982906	-0.787665	0.593987	-0.163595	80.285118	-174.105743	561.361694	
0.659956	0.744239	-0.102794	0.104858	-0.226725	-0.968297	-0.743951	0.628255	-0.227666	76.503273	-165.266876	563.708130	
0.757533	0.644778	-0.101997	0.165190	-0.340501	-0.925619	-0.631549	0.684340	-0.364451	70.717613	-160.629395	567.135498	
0.800229	0.589488	-0.110165	0.215541	-0.454150	-0.864459	-0.559620	0.668021	-0.490482	66.768028	-155.895020	569.014099	
0.835680	0.532031	-0.136315	0.201894	-0.528408	-0.824635	-0.510761	0.661611	-0.548993	61.874115	-150.447968	571.691345	
0.867461	0.470950	-0.160365	0.208185	-0.636382	-0.742749	-0.451851	0.610921	-0.650080	55.673782	-137.824600	571.969604	
0.921808	0.344949	-0.176860	0.151773	-0.740977	-0.654154	-0.356699	0.576163	-0.735391	42.941269	-131.181686	576.371033	
0.941161	0.276878	-0.193787	0.110292	-0.793650	-0.598294	-0.319453	0.541718	-0.777489	28.504480	-124.698524	582.367249	
0.952136	0.211933	-0.220274	0.083964	-0.874231	-0.478196	-0.293916	0.436813	-0.850180	20.086752	-117.652641	591.030579	
0.969256	0.073870	-0.234703	-0.034486	-0.903671	-0.426837	-0.243625	0.421808	-0.873340	2.608490	-110.640503	599.058960	
0.960054	0.009878	-0.279640	-0.096473	-0.926414	-0.363936	-0.262657	0.376376	-0.888454	-15.687548	-96.631645	607.134094	
0.950249	-0.121599	-0.286777	-0.191500	-0.954173	-0.229962	-0.245671	0.273439	-0.929986	-34.973713	-89.280418	614.986694	
0.910390	-0.252424	-0.327831	-0.296569	-0.950606	-0.091627	-0.288509	0.180640	-0.940281	-44.716450	-74.359352	623.264893	
0.853006	-0.371755	-0.366306	-0.388797	-0.920861	0.029178	-0.348164	0.117529	-0.930036	-54.598595	-66.806244	631.418152	
0.818919	-0.424645	-0.386068	-0.403313	-0.904401	0.139272	-0.408301	0.041653	-0.911895	-74.714493	-52.699833	644.763306	
0.735045	-0.527860	-0.425528	-0.490507	-0.847283	0.203751	-0.468094	0.058958	-0.881708	-94.721794	-45.372860	649.205200	
0.638045	-0.612178	-0.467051	-0.557414	-0.785680	0.268323	-0.531214	0.089138	-0.842534	-113.308029	-38.866673	661.532471	
0.575722	-0.637693	-0.511755	-0.524417	-0.768184	0.367259	-0.627320	0.056934	-0.776676	-132.306107	-32.747654	676.942505	
0.529896	-0.655231	-0.538407	-0.465240	-0.755405	0.461427	-0.709057	0.005980	-0.705124	-141.222031	-20.335209	682.654602	
0.447024	-0.699964	-0.556974	-0.493669	-0.712288	0.498935	-0.745963	0.051924	-0.663959	-149.662781	-7.309619	689.761292	
0.320222	-0.740047	-0.591429	-0.543695	-0.654817	0.524985	-0.775792	0.153445	-0.612045	-157.367218	-2.076177	702.268433	
0.255962	-0.764707	-0.591360	-0.540064	-0.620490	0.568615	-0.801757	0.173828	-0.571810	-171.302643	2.523684	709.708252	
0.160186	-0.745956	-0.646444	-0.457496	-0.636419	0.621021	-0.874665	0.196266	-0.443215	-181.640656	8.015095	718.390015	
0.041202	-0.722106	-0.690553	-0.452365	-0.629729	0.631511	-0.890881	0.286363	-0.352600	-185.809387	16.705643	722.518494	
-0.064296	-0.682413	-0.728133	-0.421159	-0.642925	0.639743	-0.904705	0.347793	-0.246065	-190.894974	21.085745	728.342163	
-0.106149	-0.637464	-0.763132	-0.414088	-0.669415	0.616776	-0.904026	0.381475	-0.192907	-192.948975	28.140675	743.014282	
-0.152263	-0.606990	-0.779986	-0.391825	-0.687448	0.611463	-0.907353	0.398722	-0.133159	-194.673584	35.075684	748.999268	
-0.185595	-0.577013	-0.795367	-0.314193	-0.732091	0.604421	-0.931041	0.362077	-0.045420	-196.603912	37.248573	769.575745	
-0.260919	-0.527093	-0.808760	-0.287834	-0.757198	0.586346	-0.921452	0.385778	0.045853	-195.872177	38.974915	777.746094	
-0.276137	-0.487628	-0.828230	-0.286514	-0.780793	0.555222	-0.917420	0.390617	0.075894	-192.927246	40.639191	797.887085	
-0.285920	-0.447154	-0.847526	-0.285706	-0.804445	0.520807	-0.914670	0.391053	0.102254	-187.448654	42.394238	804.193970	
-0.315188	-0.403953	-0.858764	-0.285516	-0.822605	0.491733	-0.905062	0.400180	0.143941	-180.245575	42.932373	815.262939	
-0.292889	-0.342508	-0.892693	-0.296979	-0.854874	0.425433	-0.908856	0.389717	0.148667	-176.651184	42.628464	835.286499	
-0.285717	-0.274507	-0.918155	-0.301758	-0.883587	0.358073	-0.909565	0.379370	0.169621	-164.725418	41.214550	838.057617	
-0.289344	-0.240247	-0.926584	-0.248202	-0.916055	0.315021	-0.924487	0.321131	0.205426	-158.424927	38.496090	851.834717	
-0.291867	-0.182756	-0.938835	-0.254470	-0.931360	0.260410	-0.921987	0.314911	0.225328	-144.051620	36.653473	869.029053	
-0.253637	-0.117118	-0.960181	-0.329793	-0.922698	0.199661	-0.909343	0.367304	0.195407	-135.576401	31.465054	883.421631	
-0.230967	-0.091919	-0.968608	-0.284216	-0.945732	0.157519	-0.930524	0.311677	0.192309	-119.178627	25.204239	899.419189	
-0.203546	-0.062613	-0.977059	-0.226916	-0.967763	0.109289	-0.952406	0.243957	0.182777	-100.287788	18.534756	906.271301	
-0.177529	-0.043426	-0.983155	-0.224796	-0.970824	0.083472	-0.958097	0.235829	0.162588	-80.688507	14.611692	908.209106	
-0.118163	-0.013565	-0.992900	-0.217964	-0.975167	0.039262	-0.968777	0.221057	0.112272	-61.663338	5.146850	926.488220	
-0.063179	-0.007342	-0.997973	-0.216676	-0.976020	0.020897	-0.974197	0.217558	0.060074	-41.045853	-0.037203	931.434326	
0.055639	-0.008956	-0.998409	-0.238567	-0.971115	-0.004584	-0.969531	0.238444	-0.056167	-31.135162	-4.917419	937.288940	
0.098255	-0.017653	-0.995003	-0.233285	-0.972392	-0.005785	-0.967432	0.232688	-0.099659	-20.533468	-16.146631	950.817566	
0.165170	-0.046162	-0.985183	-0.317544	-0.948203	-0.008809	-0.933748	0.314295	-0.171271	-0.775128	-21.906631	967.665894	
0.233988	-0.100240	-0.967057	-0.378366	-0.925646	0.004399	-0.895594	0.364873	-0.254516	18.811138	-29.046024	977.147461	
0.283763	-0.170466	-0.943619	-0.408882	-0.911633	0.041729	-0.867349	0.373989	-0.328386	27.381874	-35.919353	981.143494	
0.304883	-0.212037	-0.928485	-0.377807	-0.921839	0.086460	-0.874247	0.324429	-0.361160	35.439316	-48.625496	982.711243	
0.303738	-0.268528	-0.914130	-0.349618	-0.923942	0.155241	-0.886290	0.272444	-0.374517	51.747238	-62.532547	994.028076	
0.322502	-0.315765	-0.892347	-0.295599	-0.929169	0.221962	-0.899230	0.192194	-0.392996	65.459122	-69.015411	1004.326660	
0.275543	-0.383306	-0.881562	-0.354257	-0.893009	0.277555	-0.893632	0.235821	-0.381849	78.226646	-83.709381	1004.539978	
0.287649	-0.491071	-0.822257	-0.396310	-0.842622	0.364591	-0.871892	0.220995	-0.436994	88.207466	-91.218262	1007.699829	
0.223767	-0.551860	-0.803354	-0.400628	-0.803483	0.440355	-0.888496	0.223310	-0.400882	93.312614	-105.496819	1009.561951	
0.161608	-0.612093	-0.774096	-0.462763	-0.739821	0.488379	-0.871627	0.279298	-0.402813	96.097534	-112.126266	1008.498047	
0.131698	-0.684656	-0.716869	-0.448825	-0.685981	0.572700	-0.883862	0.246325	-0.397631	99.211105	-119.874275	1014.643555	
0.094362	-0.723426	-0.683923	-0.443838	-0.645507	0.621553	-0.891125	0.244900	-0.381993	100.511543	-133.801453	1018.292664	
-0.009777	-0.753995	-0.656808	-0.467736	-0.577103	0.669458	-0.883814	0.313758	-0.347026	101.162880	-147.149918	1022.009155	
-0.083991	-0.787167	-0.610993	-0.489056	-0.501669	0.713548	-0.868199	0.358742	-0.342831	100.802536	-153.786362	1025.064941	
-0.165773	-0.787369	-0.593775	-0.416391	-0.489917	0.765897	-0.893945	0.374208	-0.246637	98.908516	-164.922424	1020.569946	
-0.264039	-0.781577	-0.565173	-0.374650	-0.456846	0.806801	-0.888775	0.424770	-0.172191	91.789444	-175.185791	1014.672668	
-0.360136	-0.805480	-0.470641	-0.320243	-0.367096	0.873317	-0.876211	0.465233	-0.125743	86.936081	-180.892075	1015.350525	
-0.414059	-0.815234	-0.404904	-0.168833	-0.368326	0.914236	-0.894455	0.446910	0.014871	76.692062	-187.451126	1020.461670	
-0.525585	-0.766569	-0.368960	-0.097416	-0.376611	0.921233	-0.845145	0.520131	0.123266	63.547253	-192.690292	1019.993958	
-0.651733	-0.710078	-0.266521	0.020853	-0.368047	0.929572	-0.758162	0.600276	0.254676	57.164951	-195.862244	1015.039429	
-0.752705	-0.636077	-0.169826	0.089270	-0.354181	0.930904	-0.652278	0.685538	0.323377	49.063633	-200.624039	1006.681702	
-0.836604	-0.543338	-0.069833	0.162495	-0.367875	0.915565	-0.523153	0.754620	0.396056	40.427765	-205.794968	1012.988525	
-0.903292	-0.427523	0.035882	0.248681	-0.453599	0.855805	-0.349602	0.781967	0.516049	31.034706	-210.930923	1014.669983	
-0.944649	-0.319026	0.076552	0.253566	-0.561879	0.787397	-0.208188	0.763226	0.611673	11.786263	-213.393829	1004.684326	
-0.955393	-0.264783	0.130822	0.270684	-0.607875	0.746469	-0.118130	0.748584	0.652432	2.216778	-214.969055	1002.548340	
-0.964005	-0.190741	0.185236	0.265652	-0.661839	0.700996	-0.011113	0.724973	0.688687	-17.898930	-216.069153	999.531128	
-0.966944	-0.130266	0.219205	0.244767	-0.715154	0.654708	0.071479	0.686721	0.723398	-27.734545	-214.848312	996.237549	
-0.945853	-0.062895	0.318444	0.246881	-0.776334	0.579961	0.210742	0.627176	0.749824	-47.907612	-213.437485	988.525879	
-0.911585	0.041624	0.409000	0.158027	-0.882951	0.442068	0.379527	0.467617	0.798306	-57.524166	-212.784637	987.136841	
-0.844216	0.151882	0.514035	0.066176	-0.922143	0.381147	0.531902	0.355788	0.768436	-67.932808	-208.484802	976.915222	
-0.788810	0.241827	0.565064	-0.089182	-0.954650	0.284058	0.608132	0.173675	0.774604	-77.264343	-205.332047	958.187744	
-0.712578	0.335641	0.616099	-0.277398	-0.941373	0.192007	0.644424	-0.034084	0.763907	-94.153526	-198.141312	951.897949	
-0.662505	0.357720	0.658121	-0.359196	-0.922710	0.139947	0.657317	-0.143679	0.739790	-102.138565	-195.094757	938.227966	
-0.633988	0.405343	0.658602	-0.361882	-0.908133	0.210561	0.683447	-0.104842	0.722430	-109.007317	-190.091537	922.735474	
-0.627050	0.397942	0.669665	-0.334977	-0.913874	0.229400	0.703277	-0.080477	0.706345	-117.406181	-177.590820	891.049377	
-0.386693	0.460730	0.798872	-0.812382	-0.580171	-0.058634	0.436468	-0.671662	0.598636	-130.998001	-174.375000	934.012024	
-0.386693	0.460730	0.798872	-0.812382	-0.580171	-0.058634	0.436468	-0.671662	0.598636	-130.998001	-174.375000	934.012024	
-0.386693	0.460730	0.798872	-0.812382	-0.580171	-0.058634	0.436468	-0.671662	0.598636	-130.998001	-174.375000	934.012024	
-0.386693	0.460730	0.798872	-0.812382	-0.580171	-0.058634	0.436468	-0.671662	0.598636	-130.998001	-174.375000	934.012024	
-0.122145	0.262089	0.957282	-0.970196	0.171853	-0.170843	-0.209289	-0.949618	0.233287	-144.265747	-123.123535	883.775024	
-0.077585	0.186862	0.979317	-0.957533	0.259629	-0.125398	-0.277692	-0.947457	0.158784	-147.319962	-103.481865	878.062378	
-0.060374	0.116164	0.991393	-0.928159	0.358895	-0.098576	-0.367257	-0.926121	0.086152	-147.016907	-96.016563	887.496643	
-0.038580	0.115521	0.992555	-0.901414	0.424640	-0.084460	-0.431236	-0.897961	0.087750	-147.950958	-86.914001	890.218567	
0.001278	-0.047871	0.998853	-0.703553	0.709784	0.034917	-0.710642	-0.702790	-0.032772	-134.714005	-80.352600	844.242981	
0.001278	-0.047871	0.998853	-0.703553	0.709784	0.034917	-0.710642	-0.702790	-0.032772	-134.714005	-80.352600	844.242981	
0.001278	-0.047871	0.998853	-0.703553	0.709784	0.034917	-0.710642	-0.702790	-0.032772	-134.714005	-80.352600	844.242981	
0.001278	-0.047871	0.998853	-0.703553	0.709784	0.034917	-0.710642	-0.702790	-0.032772	-134.714005	-80.352600	844.242981	
-0.127309	-0.385716	0.913792	-0.160483	0.917160	0.364780	-0.978794	-0.100208	-0.178663	-104.913124	-41.041412	792.387329	
-0.032262	-0.402763	0.914736	-0.153342	0.906372	0.393672	-0.987646	-0.127567	-0.091002	-96.520096	-25.752981	768.413025	
0.054360	-0.413225	0.909005	-0.243770	0.877314	0.413396	-0.968308	-0.244061	-0.053041	-80.982605	-10.012684	748.558105	
0.209244	-0.407978	0.888690	-0.361297	0.812247	0.457953	-0.908670	-0.416905	0.022557	-74.212608	-3.801907	756.004517	
0.379974	-0.405898	0.831184	-0.437165	0.713091	0.548078	-0.815173	-0.571620	0.093512	-66.040108	2.848060	758.446167	
0.413255	-0.430900	0.802213	-0.536071	0.597010	0.596831	-0.736103	-0.676686	0.015725	-56.829498	10.701517	760.852173	
0.359542	-0.480177	0.800100	-0.675273	0.457872	0.578238	-0.643999	-0.748187	-0.159627	-36.011967	23.562883	750.703674	
0.419719	-0.550104	0.721957	-0.754515	0.230669	0.614409	-0.504521	-0.802607	-0.318246	-25.853020	36.744663	760.682922	
0.482773	-0.595404	0.642203	-0.796186	0.006991	0.605011	-0.364715	-0.803396	-0.470678	-15.559693	43.491047	756.580750	
-0.701099	-0.545209	0.459573	0.577873	-0.056835	0.814145	-0.417760	0.836371	0.354909	-2.949520	43.913200	704.908020	
-0.701099	-0.545209	0.459573	0.577873	-0.056835	0.814145	-0.417760	0.836371	0.354909	-2.949520	43.913200	704.908020	
-0.701099	-0.545209	0.459573	0.577873	-0.056835	0.814145	-0.417760	0.836371	0.354909	-2.949520	43.913200	704.908020	
-0.907278	-0.359355	0.218427	0.386779	-0.509187	0.768850	-0.165069	0.782044	0.600964	35.344585	53.811295	657.040100	
-0.945622	-0.309218	0.100912	0.284029	-0.633799	0.719463	-0.158512	0.709002	0.687160	51.266918	56.272560	647.729309	
-0.977991	-0.206942	0.026626	0.174691	-0.742355	0.646833	-0.114090	0.637248	0.762166	58.446564	58.107643	644.237000	
-0.988169	-0.150667	-0.028674	0.102194	-0.786236	0.609417	-0.114363	0.599276	0.792331	72.073647	59.277313	639.142456	
-0.990062	-0.098535	-0.100335	0.025537	-0.827590	0.560753	-0.138290	0.552618	0.821881	83.285233	59.500778	632.057312	
-0.986531	0.011728	-0.163152	-0.089314	-0.874239	0.477211	-0.137036	0.485355	0.863510	92.563896	58.450256	623.892761	
-0.972188	0.065631	-0.224819	-0.161583	-0.882838	0.441010	-0.169534	0.465071	0.868888	96.416122	57.034866	614.028442	
-0.942420	0.165319	-0.290714	-0.272209	-0.884186	0.379628	-0.194285	0.436904	0.878275	99.018440	53.450279	604.254517	
-0.894749	0.259368	-0.363528	-0.382321	-0.865574	0.323440	-0.230770	0.428381	0.873632	100.279549	51.080231	600.422607	
-0.855153	0.296936	-0.424904	-0.418250	-0.879469	0.227160	-0.306237	0.371972	0.876273	101.200035	45.236298	597.109314	
-0.811055	0.330953	-0.482349	-0.460795	-0.869416	0.178283	-0.360358	0.366861	0.857644	99.963181	38.017632	591.912964	
-0.733529	0.343038	-0.586738	-0.476226	-0.875340	0.083600	-0.484917	0.340742	0.805449	96.472656	29.564636	590.099426	
-0.659781	0.397444	-0.637752	-0.551793	-0.832350	0.052138	-0.510111	0.386306	0.768474	93.463684	20.393034	585.783508	
-0.549892	0.410447	-0.727429	-0.614175	-0.788938	0.019127	-0.566045	0.457286	0.685916	86.007576	14.613634	585.385498	
-0.415566	0.388498	-0.822420	-0.676773	-0.736170	-0.005784	-0.607687	0.554187	0.568851	75.025955	7.965186	576.853882	
-0.359012	0.367604	-0.857891	-0.656426	-0.752868	-0.047899	-0.663487	0.545946	0.511593	63.537502	1.168898	575.294739	
-0.292114	0.339245	-0.894193	-0.630518	-0.771322	-0.086652	-0.719108	0.538493	0.439213	49.557808	-6.213592	571.699463	
-0.207945	0.320472	-0.924152	-0.637289	-0.761138	-0.120545	-0.742039	0.563884	0.362507	34.088268	-19.260284	570.148132	
-0.146945	0.226783	-0.962796	-0.600280	-0.794076	-0.095424	-0.786175	0.563925	0.252818	26.438770	-27.227840	573.528381	
-0.095902	0.113038	-0.988951	-0.630045	-0.776068	-0.027607	-0.770614	0.620436	0.145644	8.816921	-34.479698	564.528137	
-0.029420	-0.006967	-0.999542	-0.600276	-0.799455	0.023241	-0.799251	0.600685	0.019337	-0.445294	-42.854206	564.804199	
0.071122	-0.069689	-0.995029	-0.564947	-0.824944	0.017396	-0.822056	0.560902	-0.098043	-20.946304	-58.098701	566.682617	
0.057733	-0.199590	-0.978176	-0.581341	-0.803274	0.129591	-0.811610	0.561172	-0.162406	-40.288166	-65.860489	567.358826	
0.070201	-0.275321	-0.958785	-0.620816	-0.764392	0.174045	-0.780807	0.583011	-0.224586	-61.691452	-82.526108	575.981384	
0.067159	-0.405028	-0.911833	-0.673309	-0.692828	0.258157	-0.736305	0.596608	-0.319240	-82.409859	-97.168304	577.429016	
0.031198	-0.520978	-0.852998	-0.691273	-0.627644	0.358058	-0.721920	0.578484	-0.379720	-92.359764	-104.037315	577.138245	
-0.007390	-0.639027	-0.769148	-0.690072	-0.553407	0.466414	-0.723703	0.534214	-0.436885	-103.297302	-112.298775	585.564941	
-0.045913	-0.693111	-0.719366	-0.662629	-0.517760	0.541154	-0.747539	0.501519	-0.435504	-122.299004	-120.097443	589.574280	
-0.120821	-0.783338	-0.609740	-0.632122	-0.412892	0.655700	-0.765392	0.464653	-0.445279	-131.730072	-133.948456	597.856873	
-0.208685	-0.800659	-0.561601	-0.637768	-0.323927	0.698801	-0.741419	0.504001	-0.443037	-148.181915	-147.062973	602.277222	
-0.306340	-0.806348	-0.505923	-0.597747	-0.250685	0.761483	-0.740847	0.535687	-0.405198	-155.064346	-158.751511	601.252686	
-0.369260	-0.844980	-0.386854	-0.512891	-0.161840	0.843060	-0.774977	0.509723	-0.373622	-168.495239	-170.121658	608.746582	
-0.460320	-0.849997	-0.256146	-0.445889	-0.028128	0.894646	-0.767651	0.526036	-0.366057	-175.208969	-176.304642	616.660889	
-0.519229	-0.845773	-0.122762	-0.327112	0.063969	0.942818	-0.789557	0.529695	-0.309878	-184.413620	-185.484146	621.849548	
-0.562505	-0.826511	0.021627	-0.211147	0.168892	0.962752	-0.799378	0.536986	-0.269518	-191.653580	-189.631805	627.807739	
-0.591134	-0.791057	0.157449	-0.105926	0.269655	0.957112	-0.799588	0.549104	-0.243197	-198.161148	-194.295502	633.533325	
-0.639386	-0.710529	0.293828	0.065084	0.330761	0.941467	-0.766127	0.621084	-0.165241	-201.880676	-197.237518	646.219727	
-0.657848	-0.615168	0.434517	0.227500	0.387676	0.893280	-0.717970	0.686495	-0.115082	-203.572464	-204.232422	654.114624	
-0.653148	-0.515122	0.555019	0.372507	0.419564	0.827770	-0.659270	0.747405	-0.082152	-202.887573	-208.211990	668.135681	
-0.611307	-0.434447	0.661483	0.509707	0.423262	0.749031	-0.605395	0.795050	-0.037303	-202.870483	-211.082657	681.942200	
-0.613578	-0.353859	0.705908	0.611136	0.353298	0.708302	-0.500035	0.866005	-0.000521	-199.897141	-212.719650	690.603455	
-0.543007	-0.251115	0.801301	0.747462	0.290325	0.597504	-0.382680	0.923392	0.030049	-192.498642	-212.625107	697.684448	
-0.452475	-0.158484	0.877581	0.849225	0.223779	0.478267	-0.272182	0.961668	0.033333	-188.085846	-211.254959	713.908020	
-0.404577	-0.121637	0.906378	0.890058	0.175258	0.420811	-0.210036	0.976979	0.037357	-182.418793	-209.102448	725.551086	
-0.279496	-0.075376	0.957183	0.954837	0.082882	0.285337	-0.100841	0.993704	0.048805	-166.640701	-203.322510	729.090454	
-0.170365	-0.011490	0.985313	0.985373	0.002161	0.170401	-0.004087	0.999931	0.010952	-151.682205	-196.990952	742.044800	
-0.121655	0.075126	0.989724	0.983633	-0.124402	0.130349	0.132917	0.989383	-0.058763	-137.111816	-188.834030	745.667480	
-0.088738	0.281480	0.955454	0.965826	-0.210210	0.151630	0.243528	0.936258	-0.253208	-131.130020	-190.405670	779.128052	
0.057086	0.421189	0.905173	0.988020	-0.154041	0.009367	0.143379	0.893795	-0.424938	-130.389755	-200.539078	833.856384	
0.221662	0.371998	0.901377	0.973273	-0.141327	-0.181015	0.060052	0.917411	-0.393383	-117.627647	-194.419296	843.707214	
0.463622	-0.035548	0.885320	0.787341	-0.441759	-0.430050	0.406385	0.896429	-0.176820	-77.000801	-167.643005	831.103027	
0.463622	-0.035548	0.885320	0.787341	-0.441759	-0.430050	0.406385	0.896429	-0.176820	-77.000801	-167.643005	831.103027	
0.463622	-0.035548	0.885320	0.787341	-0.441759	-0.430050	0.406385	0.896429	-0.176820	-77.000801	-167.643005	831.103027	
0.725006	-0.162010	0.669418	0.479405	-0.579134	-0.659374	0.494508	0.798972	-0.342207	-25.238520	-142.323730	859.542297	
0.793406	-0.240814	0.559031	0.332901	-0.597214	-0.729734	0.509592	0.765078	-0.393666	-5.882510	-129.376221	871.296387	
0.855334	-0.293396	0.426993	0.177560	-0.608254	-0.773627	0.486699	0.737527	-0.468165	3.816278	-116.371361	881.743408	
0.864185	-0.332137	0.377981	0.101771	-0.620292	-0.777741	0.492775	0.710579	-0.502245	13.424419	-108.912872	883.817078	
0.875368	-0.413440	0.250596	-0.046671	-0.588185	-0.807378	0.481199	0.695058	-0.534174	21.661581	-94.866791	893.570740	
0.884828	-0.451798	0.113832	-0.168314	-0.537776	-0.826116	0.434454	0.711811	-0.551883	29.189478	-80.288826	894.068726	
0.852982	-0.520388	0.040223	-0.273290	-0.510951	-0.815011	0.444674	0.684196	-0.578049	36.418777	-66.434174	914.929932	
0.817183	-0.575583	-0.030263	-0.355523	-0.462033	-0.812484	0.453669	0.674706	-0.582199	42.350052	-51.913612	928.210022	
0.770066	-0.632101	-0.086297	-0.435847	-0.422481	-0.794700	0.465871	0.649583	-0.600838	52.480724	-45.683483	947.884766	
0.727162	-0.648075	-0.226350	-0.546675	-0.347268	-0.761940	0.415190	0.677793	-0.606806	60.670937	-31.757805	952.726440	
0.699712	-0.645162	-0.306869	-0.603747	-0.304340	-0.736796	0.381960	0.700815	-0.602465	63.302895	-18.061787	955.686829	
0.634842	-0.684020	-0.359294	-0.665304	-0.247494	-0.704357	0.392871	0.686195	-0.612200	65.304947	-3.992999	968.436829	
0.598585	-0.675616	-0.430394	-0.704107	-0.187527	-0.684886	0.382009	0.713005	-0.587956	66.662605	8.790731	977.343750	
0.554925	-0.680851	-0.478017	-0.746253	-0.153466	-0.647732	0.367649	0.716163	-0.593249	66.110695	21.412468	986.737488	
0.511066	-0.668949	-0.539740	-0.782847	-0.102971	-0.613636	0.354913	0.736142	-0.576309	64.510330	26.609161	998.067139	
0.463465	-0.662658	-0.588289	-0.813927	-0.055887	-0.578275	0.350321	0.746834	-0.565257	61.817726	37.909737	1010.712036	
0.401564	-0.604946	-0.687595	-0.852325	0.027850	-0.522272	0.335095	0.795779	-0.504427	54.097115	49.218048	1014.975342	
0.352202	-0.582884	-0.732257	-0.877321	0.066889	-0.475221	0.325978	0.809797	-0.487818	49.104210	59.996391	1028.695068	
0.310122	-0.534109	-0.786481	-0.895536	0.113571	-0.430253	0.319123	0.837752	-0.443093	37.761368	68.145882	1026.909302	
0.254937	-0.502290	-0.826263	-0.901373	0.185891	-0.391117	0.350049	0.844481	-0.405361	24.193447	76.488411	1032.463501	
0.195746	-0.470249	-0.860552	-0.904658	0.252123	-0.343552	0.378520	0.845754	-0.376063	16.625546	84.375816	1034.604004	
0.160586	-0.432524	-0.887206	-0.896013	0.313120	-0.314830	0.413974	0.845505	-0.337265	0.920172	87.920486	1048.002686	
0.091373	-0.327265	-0.940505	-0.894334	0.388412	-0.222043	0.437970	0.861413	-0.257194	-17.003057	90.935089	1054.782227	
0.073241	-0.262060	-0.962268	-0.888578	0.420957	-0.182275	0.452841	0.868400	-0.202030	-35.069916	92.445007	1053.046387	
0.011445	-0.142627	-0.989711	-0.876619	0.474731	-0.078552	0.481050	0.868497	-0.119597	-45.384514	93.488861	1059.204712	
-0.009650	-0.082170	-0.996572	-0.855721	0.516300	-0.034285	0.517348	0.852456	-0.075297	-54.559959	95.213562	1062.486084	
-0.025551	0.046320	-0.998601	-0.825167	0.562911	0.047223	0.564311	0.825218	0.023839	-65.579346	95.874283	1071.533325	
-0.013498	0.171996	-0.985006	-0.812604	0.572140	0.111038	0.582660	0.801918	0.132042	-84.701347	94.039223	1060.746216	
-0.018331	0.231014	-0.972778	-0.799119	0.581346	0.153115	0.600893	0.780172	0.173951	-95.399734	93.020081	1062.219727	
0.007800	0.351945	-0.935989	-0.780012	0.587840	0.214536	0.625717	0.728408	0.279106	-104.640701	89.453621	1053.954712	
0.028677	0.414652	-0.909529	-0.760484	0.599568	0.249363	0.648723	0.684530	0.332530	-114.656624	85.514404	1057.963501	
0.052134	0.469368	-0.881463	-0.724422	0.625328	0.290133	0.687383	0.623425	0.372621	-123.415359	80.220375	1057.285889	
0.077679	0.517606	-0.852086	-0.699204	0.637528	0.323530	0.710690	0.570650	0.411435	-131.774780	74.198105	1055.019775	
0.102369	0.564137	-0.819311	-0.668429	0.648987	0.363344	0.736698	0.510455	0.443522	-139.750214	67.204559	1057.906616	
0.158155	0.611026	-0.775652	-0.637931	0.662818	0.392066	0.753678	0.432804	0.494621	-147.168259	63.232597	1053.628906	
0.201274	0.657736	-0.725860	-0.589961	0.672944	0.446197	0.781943	0.338421	0.523486	-152.702591	52.927879	1046.244751	
0.229887	0.687918	-0.688420	-0.607829	0.653924	0.450474	0.760064	0.314883	0.568466	-163.275833	42.225960	1041.226807	
0.314701	0.764422	-0.562693	-0.556056	0.628910	0.543390	0.769263	0.141883	0.622981	-170.524200	31.183912	1032.040894	
0.326250	0.810209	-0.486952	-0.546583	0.581979	0.602119	0.771239	0.069718	0.632718	-172.432419	25.912409	1025.235596	
0.339870	0.843905	-0.415106	-0.592449	0.534908	0.602393	0.730406	0.041194	0.681771	-178.345978	19.629047	1028.604248	
0.393039	0.876348	-0.278450	-0.595299	0.473300	0.649312	0.700814	-0.089444	0.707715	-179.455261	13.525230	1015.754089	
0.429043	0.892090	-0.141768	-0.622728	0.405806	0.668977	0.654318	-0.198737	0.729639	-179.042450	6.667986	1013.711914	
0.468832	0.882699	-0.032231	-0.615433	0.352616	0.704914	0.633593	-0.310650	0.708561	-177.205933	0.447451	1003.194641	
0.505809	0.858899	0.080313	-0.636157	0.308507	0.707196	0.582633	-0.408798	0.702442	-172.884186	-12.864944	991.395874	
0.516669	0.846156	0.130667	-0.635276	0.276553	0.721070	0.574002	-0.455564	0.680430	-170.624481	-20.496666	988.410828	
0.519485	0.816691	0.251298	-0.672661	0.209501	0.709673	0.526936	-0.537703	0.658190	-161.118439	-35.225479	974.397095	
0.525818	0.796094	0.299583	-0.680890	0.182845	0.709194	0.509808	-0.576890	0.638197	-150.906555	-42.550194	961.421204	
0.551625	0.757230	0.349732	-0.683540	0.170110	0.709814	0.478000	-0.630607	0.611435	-139.045105	-49.139359	946.978699	
0.548182	0.729693	0.408710	-0.707785	0.144398	0.691513	0.445576	-0.668354	0.595623	-132.496857	-63.465519	944.638672	
