0.993446	-0.043286	0.105787	0.042630	0.999055	0.008462	-0.106053	-0.003896	0.994353	18.781937	3.967469	543.776001	
0.973118	-0.128232	0.191306	0.130631	0.991431	0.000074	-0.189676	0.024918	0.981531	27.681734	7.623215	543.782654	
0.946769	-0.166574	0.275467	0.173763	0.984786	-0.001718	-0.270990	0.049492	0.961309	36.414642	15.582719	544.753906	
0.909920	-0.199119	0.363864	0.225811	0.973649	-0.031873	-0.347929	0.111166	0.930907	44.875801	18.206387	545.541931	
0.842494	-0.257929	0.472945	0.315999	0.947638	-0.046101	-0.436290	0.188290	0.879885	52.861702	24.141964	548.088684	
0.789905	-0.307046	0.530822	0.402778	0.912497	-0.071546	-0.462406	0.270318	0.844458	69.701744	25.831692	550.329834	
0.697658	-0.341262	0.629932	0.487990	0.870112	-0.069077	-0.524538	0.355592	0.773573	76.605980	29.514681	550.804016	
0.606592	-0.326952	0.724671	0.534611	0.842404	-0.067430	-0.588420	0.428319	0.685788	83.437790	30.658421	554.035950	
0.547440	-0.328210	0.769797	0.576442	0.814739	-0.062563	-0.606650	0.477992	0.635215	88.477928	31.237078	554.936401	
0.442301	-0.300747	0.844939	0.622160	0.781445	-0.047536	-0.645977	0.546712	0.532747	98.213921	30.976793	560.557434	
0.366932	-0.313037	0.875996	0.693799	0.719387	-0.033541	-0.619681	0.620072	0.481151	101.783531	29.484533	568.368530	
0.263168	-0.267785	0.926841	0.771673	0.635019	-0.035639	-0.579019	0.724597	0.373760	104.614914	26.846329	571.443237	
0.198298	-0.254712	0.946467	0.836831	0.546735	-0.028191	-0.510286	0.797622	0.321567	106.865318	25.062656	581.802429	
0.116084	-0.173956	0.977887	0.866969	0.498156	-0.014300	-0.484653	0.849458	0.208642	107.978729	20.217926	591.372742	
0.069440	-0.149839	0.986269	0.917309	0.398155	-0.004095	-0.392074	0.904997	0.165097	108.539955	14.864420	595.340759	
0.036458	-0.113208	0.992902	0.951103	0.308874	0.000293	-0.306714	0.944341	0.118934	106.856140	8.963189	597.133362	
0.026956	-0.125078	0.991780	0.974607	0.223914	0.001750	-0.222292	0.966549	0.127938	104.630951	6.208226	603.413208	
-0.000679	-0.139620	0.990205	0.984732	0.172273	0.024966	-0.174071	0.975104	0.137371	103.362511	-3.996405	609.886353	
-0.028488	-0.135417	0.990378	0.994082	0.100065	0.042277	-0.104827	0.985722	0.131765	100.749886	-15.325806	613.225037	
-0.006096	-0.105604	0.994389	0.999975	-0.004036	0.005701	0.003411	0.994400	0.105626	92.027924	-26.761318	620.144958	
0.014161	0.028983	0.999479	0.997416	-0.070812	-0.012078	0.070425	0.997068	-0.029911	85.518784	-33.331387	633.252686	
-0.049280	0.136709	0.989384	0.991569	-0.112159	0.064887	0.119839	0.984241	-0.130029	78.069077	-38.187386	637.615601	
-0.089166	0.199510	0.975830	0.980311	-0.155716	0.121412	0.176175	0.967444	-0.181698	69.218292	-49.006813	645.240295	
-0.152536	0.209887	0.965753	0.971393	-0.148122	0.185618	0.182009	0.966440	-0.181289	60.324539	-53.965378	638.526917	
0.104698	0.577357	0.809751	0.906255	-0.390707	0.161400	0.409561	0.716943	-0.564139	51.838100	-70.394997	704.843994	
0.104698	0.577357	0.809751	0.906255	-0.390707	0.161400	0.409561	0.716943	-0.564139	51.838100	-70.394997	704.843994	
0.251561	0.697108	0.671385	0.820382	-0.521638	0.234234	0.513507	0.491868	-0.703119	14.629436	-97.045731	721.688354	
0.306746	0.741947	0.596172	0.806424	-0.535300	0.251265	0.505557	0.403693	-0.762525	5.830132	-103.675949	732.898315	
0.355345	0.750587	0.557090	0.764146	-0.576511	0.289336	0.538341	0.322884	-0.778419	-3.066015	-111.015678	738.085083	
0.468941	0.760419	0.449286	0.694071	-0.631860	0.344991	0.546224	0.150057	-0.824090	-12.911692	-124.788200	743.223816	
0.529091	0.769632	0.357393	0.647037	-0.638399	0.416881	0.549004	0.010679	-0.835752	-22.504848	-138.361359	746.541321	
0.619380	0.737504	0.269177	0.560038	-0.655331	0.506851	0.550205	-0.163184	-0.818929	-30.834696	-144.043854	759.227783	
0.681835	0.715773	0.150896	0.526992	-0.623707	0.577294	0.507327	-0.314098	-0.802472	-39.441086	-158.229324	773.511902	
0.766176	0.642428	0.016174	0.492395	-0.603044	0.627603	0.412943	-0.472890	-0.778366	-47.905350	-171.559509	780.227112	
0.794506	0.603126	-0.070702	0.480719	-0.553535	0.680080	0.371038	-0.574315	-0.729721	-55.670357	-177.477600	796.789246	
0.824832	0.549338	-0.133716	0.471315	-0.537468	0.699279	0.312272	-0.639810	-0.702231	-69.108452	-188.988632	807.061096	
0.843657	0.500950	-0.193112	0.475511	-0.530209	0.701974	0.249264	-0.684052	-0.685522	-81.598877	-198.898560	809.552429	
0.856476	0.456434	-0.241075	0.474248	-0.511400	0.716631	0.203809	-0.728106	-0.654464	-92.613358	-208.990326	819.639648	
0.867745	0.405082	-0.287970	0.474851	-0.504640	0.721010	0.146747	-0.762396	-0.630252	-102.005447	-214.725174	838.852783	
0.877905	0.292025	-0.379479	0.477991	-0.487447	0.730698	0.028407	-0.822871	-0.567517	-108.498566	-218.680756	853.526123	
0.887955	0.192038	-0.417921	0.455216	-0.496727	0.738946	-0.065687	-0.846395	-0.528489	-111.110619	-226.384628	869.245300	
0.859918	0.133927	-0.492548	0.494392	-0.458533	0.738460	-0.126949	-0.878528	-0.460513	-112.762367	-230.272842	874.404358	
0.849553	0.093135	-0.519215	0.504449	-0.431240	0.748039	-0.154237	-0.897418	-0.413343	-113.869133	-233.040268	885.436401	
0.802288	0.037754	-0.595742	0.558248	-0.400897	0.726389	-0.211407	-0.915345	-0.342711	-112.415916	-237.373886	897.825134	
0.746674	-0.006801	-0.665156	0.611759	-0.385638	0.690677	-0.261206	-0.922625	-0.283784	-111.192238	-241.554489	902.485596	
0.712849	-0.038719	-0.700248	0.642142	-0.365393	0.673901	-0.281959	-0.930048	-0.235607	-108.338860	-243.186768	911.466187	
0.645738	-0.080938	-0.759257	0.681004	-0.388673	0.620618	-0.345334	-0.917814	-0.195861	-104.646271	-245.150238	920.629333	
0.594077	-0.139511	-0.792218	0.689188	-0.419617	0.590712	-0.414839	-0.896916	-0.153135	-94.924507	-244.448792	932.459961	
0.538364	-0.186141	-0.821898	0.688671	-0.464928	0.556393	-0.485691	-0.865559	-0.122110	-89.557518	-243.431717	935.323486	
0.477849	-0.208834	-0.853258	0.715866	-0.470371	0.516029	-0.509112	-0.857403	-0.075269	-77.453865	-240.467865	938.899963	
0.405572	-0.251696	-0.878727	0.714584	-0.512158	0.476512	-0.569983	-0.821184	-0.027859	-70.798866	-236.554764	941.328369	
0.357011	-0.274159	-0.892962	0.707701	-0.544554	0.450133	-0.609673	-0.792652	-0.000389	-56.086281	-231.714844	953.448242	
0.289932	-0.241105	-0.926179	0.726101	-0.575025	0.376991	-0.623471	-0.781802	0.008349	-47.709526	-226.392960	962.965576	
0.222101	-0.204994	-0.953231	0.754767	-0.582765	0.301184	-0.617250	-0.786360	0.025290	-38.562965	-219.416824	969.378418	
0.195744	-0.190003	-0.962073	0.750594	-0.602330	0.271673	-0.631104	-0.775305	0.024713	-29.477755	-210.215744	966.935486	
0.114307	-0.149414	-0.982146	0.738681	-0.648286	0.184595	-0.664292	-0.746593	0.036266	-19.957886	-202.198105	972.425842	
0.097323	-0.121379	-0.987824	0.742487	-0.652088	0.153277	-0.662752	-0.748364	0.026660	-10.391727	-191.201447	975.539246	
0.036665	-0.069147	-0.996933	0.749703	-0.657714	0.073191	-0.660757	-0.750087	0.027725	7.794562	-179.058228	970.813171	
0.012370	-0.000931	-0.999923	0.708210	-0.705939	0.009419	-0.705893	-0.708272	-0.008073	16.225994	-168.776840	980.439636	
0.005712	0.066709	-0.997757	0.679538	-0.732254	-0.045068	-0.733617	-0.677757	-0.049513	25.259781	-156.726089	984.559082	
0.019223	0.125278	-0.991936	0.628348	-0.773222	-0.085479	-0.777695	-0.621638	-0.093581	41.953213	-143.535431	983.306091	
-0.010756	0.208229	-0.978021	0.622193	-0.764280	-0.169565	-0.782790	-0.610342	-0.121338	51.386162	-131.368515	992.797180	
0.003863	0.270339	-0.962758	0.606105	-0.766398	-0.212770	-0.795375	-0.582711	-0.166814	67.001854	-117.362022	992.018066	
0.002392	0.287145	-0.957884	0.578640	-0.781633	-0.232866	-0.815580	-0.553713	-0.168023	73.813599	-109.562141	988.823730	
0.074501	0.312001	-0.947156	0.574794	-0.789581	-0.214883	-0.814900	-0.528411	-0.238160	87.699913	-103.233337	998.554810	
0.133487	0.380110	-0.915258	0.571064	-0.784291	-0.242432	-0.809979	-0.490310	-0.321759	98.935196	-95.264801	995.110413	
0.184528	0.390359	-0.901981	0.499111	-0.827813	-0.256153	-0.846662	-0.402921	-0.347587	108.135300	-79.555954	987.901794	
0.276273	0.393199	-0.876966	0.433421	-0.865395	-0.251469	-0.857799	-0.310622	-0.409505	111.572472	-64.515343	984.547668	
0.356907	0.417487	-0.835657	0.377167	-0.882818	-0.279961	-0.854612	-0.215262	-0.472545	113.307602	-49.960102	964.578369	
0.412193	0.390178	-0.823321	0.380553	-0.894788	-0.233524	-0.827814	-0.217060	-0.517309	123.684998	-45.199200	1008.369995	
0.412193	0.390178	-0.823321	0.380553	-0.894788	-0.233524	-0.827814	-0.217060	-0.517309	123.684998	-45.199200	1008.369995	
0.412193	0.390178	-0.823321	0.380553	-0.894788	-0.233524	-0.827814	-0.217060	-0.517309	123.684998	-45.199200	1008.369995	
0.412193	0.390178	-0.823321	0.380553	-0.894788	-0.233524	-0.827814	-0.217060	-0.517309	123.684998	-45.199200	1008.369995	
0.618784	0.250984	-0.744388	0.223945	-0.964626	-0.139083	-0.752964	-0.080640	-0.653102	115.339294	4.017002	967.741089	
0.657941	0.171167	-0.733359	0.144684	-0.984416	-0.099958	-0.739040	-0.040339	-0.672453	111.524429	9.246511	959.327698	
0.687222	0.125066	-0.715600	0.115421	-0.991353	-0.062415	-0.717220	-0.039702	-0.695716	103.483078	20.181564	946.343750	
0.734471	0.096368	-0.671762	0.089335	-0.994981	-0.045060	-0.672734	-0.026916	-0.739395	92.696388	25.096582	937.059814	
0.768026	0.003639	-0.640408	0.017710	-0.999722	0.015559	-0.640175	-0.023291	-0.767877	86.391739	29.984028	928.975403	
0.789216	-0.056809	-0.611481	-0.034345	-0.998236	0.048412	-0.613155	-0.017206	-0.789776	73.029007	37.937862	923.347229	
0.781922	-0.098219	-0.615588	-0.062899	-0.994900	0.078846	-0.620194	-0.022932	-0.784113	64.680000	42.899403	907.724121	
0.789920	-0.141040	-0.596768	-0.095599	-0.989614	0.107346	-0.605712	-0.027744	-0.795201	48.773560	44.569382	893.091248	
0.834986	-0.229845	-0.499969	-0.060264	-0.941319	0.332095	-0.546961	-0.247164	-0.799840	32.887299	52.029900	924.633972	
0.834986	-0.229845	-0.499969	-0.060264	-0.941319	0.332095	-0.546961	-0.247164	-0.799840	32.887299	52.029900	924.633972	
0.834986	-0.229845	-0.499969	-0.060264	-0.941319	0.332095	-0.546961	-0.247164	-0.799840	32.887299	52.029900	924.633972	
0.750978	-0.563132	-0.344839	-0.335339	-0.775111	0.535492	-0.568840	-0.286505	-0.770932	-13.172934	55.686199	883.037048	
0.680226	-0.657616	-0.323781	-0.368752	-0.688761	0.624204	-0.633493	-0.305205	-0.711011	-32.925217	54.762363	875.109131	
0.579517	-0.747692	-0.324219	-0.398533	-0.607023	0.687528	-0.710867	-0.269222	-0.649760	-52.205582	53.311745	866.090942	
0.492390	-0.820465	-0.290498	-0.378564	-0.502419	0.777344	-0.783735	-0.272785	-0.557985	-70.312584	49.866978	860.743530	
0.428311	-0.863974	-0.264763	-0.425008	-0.451175	0.784735	-0.797444	-0.223585	-0.560440	-79.859764	45.153343	856.743347	
0.356817	-0.902736	-0.240313	-0.396942	-0.379381	0.835768	-0.845646	-0.202826	-0.493703	-88.623222	39.173946	835.330688	
0.275461	-0.942615	-0.188674	-0.371194	-0.285341	0.883627	-0.886755	-0.173370	-0.428494	-104.764236	35.066711	818.625183	
0.196623	-0.963028	-0.184166	-0.396487	-0.249884	0.883378	-0.896737	-0.100673	-0.430961	-119.894707	30.959503	796.550049	
0.080339	-0.975381	-0.205375	-0.380596	-0.220447	0.898082	-0.921244	0.006014	-0.388936	-133.518112	26.157244	786.400940	
0.015510	-0.975938	-0.217495	-0.338635	-0.209793	0.917232	-0.940789	0.059425	-0.333740	-145.984955	21.660709	772.596008	
-0.141129	-0.963177	-0.228850	-0.283720	-0.182116	0.941455	-0.948464	0.197796	-0.247570	-150.823090	15.819530	763.218384	
-0.281757	-0.938716	-0.198556	-0.076396	-0.184334	0.979891	-0.956439	0.291260	-0.019777	-158.563538	8.755011	758.318726	
-0.363350	-0.923810	-0.120631	0.106248	-0.169723	0.979748	-0.925574	0.343175	0.159823	-162.451447	1.016685	747.504822	
-0.484643	-0.867983	-0.108286	0.182204	-0.221255	0.958044	-0.855524	0.444580	0.265381	-166.340347	-12.763393	728.907837	
-0.534504	-0.841462	-0.079031	0.301000	-0.276904	0.912537	-0.789749	0.463967	0.401287	-168.435959	-26.125042	717.274109	
-0.643898	-0.762434	-0.063946	0.302226	-0.330236	0.894205	-0.702890	0.556451	0.443067	-168.116348	-33.989494	711.712158	
-0.691218	-0.721050	-0.048007	0.333410	-0.377145	0.864060	-0.641135	0.581248	0.501095	-166.768997	-41.235851	706.949890	
-0.786671	-0.616958	-0.022595	0.355921	-0.483125	0.799944	-0.504448	0.621251	0.599650	-165.095047	-48.394642	700.542725	
-0.856207	-0.515745	-0.030263	0.308932	-0.558062	0.770147	-0.414088	0.650057	0.637148	-159.983948	-63.496368	690.703308	
-0.922404	-0.385920	-0.015365	0.257622	-0.644420	0.719968	-0.287752	0.660143	0.693838	-157.288574	-71.785324	677.446960	
-0.966618	-0.256220	-0.000516	0.196738	-0.743504	0.639136	-0.164143	0.617700	0.769094	-152.591843	-87.032654	670.859192	
-0.981270	-0.192494	0.007400	0.165712	-0.823914	0.541945	-0.098225	0.533022	0.840382	-140.568390	-95.017509	660.758911	
-0.991651	-0.128752	0.007096	0.118493	-0.888166	0.443983	-0.050861	0.441118	0.896008	-128.296143	-110.351517	658.594238	
-0.998518	-0.009772	-0.053539	-0.009072	-0.940094	0.340793	-0.053662	0.340774	0.938613	-114.034561	-117.488922	651.185852	
-0.989160	0.126165	-0.075129	-0.139757	-0.965879	0.218049	-0.045056	0.226186	0.973042	-106.137009	-124.908096	649.409973	
-0.979237	0.198106	-0.042981	-0.202714	-0.956563	0.209508	0.000390	0.213871	0.976863	-88.592667	-131.362961	637.151428	
-0.961981	0.270732	-0.036006	-0.273073	-0.955752	0.109402	-0.004795	0.115075	0.993346	-79.911186	-137.788345	625.210876	
-0.914650	0.401771	-0.044663	-0.402379	-0.915459	0.005179	-0.038806	0.022709	0.998990	-71.024620	-143.762909	617.364014	
-0.883552	0.467897	-0.020202	-0.463468	-0.879762	-0.105905	-0.067326	-0.084209	0.994172	-61.828342	-154.728607	606.503662	
-0.842441	0.533044	0.078468	-0.535602	-0.812715	-0.229404	-0.058511	-0.235286	0.970164	-52.011757	-159.255493	596.051392	
-0.806248	0.562311	0.183770	-0.590932	-0.751012	-0.294584	-0.027635	-0.346103	0.937790	-34.284306	-167.769897	595.130432	
-0.676654	0.732991	0.069740	-0.688184	-0.595914	-0.413872	-0.261806	-0.328041	0.907661	-23.532972	-173.566055	593.500916	
-0.668967	0.719877	0.185098	-0.631885	-0.419650	-0.651625	-0.391413	-0.552876	0.735612	-6.727587	-179.531631	591.728455	
-0.656965	0.644627	0.390966	-0.675295	-0.272567	-0.685335	-0.335221	-0.714257	0.614381	8.799751	-184.775803	587.710571	
-0.449451	0.813663	0.368711	-0.786373	-0.164558	-0.595432	-0.423806	-0.557561	0.713803	19.630688	-197.142563	600.311523	
-0.261690	0.933867	0.243744	-0.779202	-0.055400	-0.624319	-0.569527	-0.353304	0.742170	29.284418	-198.278427	591.631897	
-0.197919	0.907196	0.371247	-0.720239	0.122310	-0.682858	-0.664894	-0.402536	0.629191	44.362892	-198.309219	583.903259	
-0.199882	0.835737	0.511461	-0.624003	0.293871	-0.724058	-0.755425	-0.463879	0.462763	51.092434	-196.242905	573.176514	
-0.313277	0.743487	0.590835	-0.523302	0.384022	-0.760711	-0.792472	-0.547498	0.268764	62.547466	-196.335831	569.086304	
-0.449965	0.612069	0.650311	-0.489365	0.440138	-0.752861	-0.747029	-0.657000	0.101479	65.926674	-194.041428	552.719482	
-0.525545	0.475590	0.705421	-0.491673	0.506886	-0.708041	-0.694305	-0.718944	-0.032557	68.488060	-190.727890	528.769104	
0.368220	0.928918	-0.039043	-0.162684	0.023028	-0.986409	-0.915395	0.369568	0.159599	79.005501	-187.468002	562.640015	
0.368220	0.928918	-0.039043	-0.162684	0.023028	-0.986409	-0.915395	0.369568	0.159599	79.005501	-187.468002	562.640015	
0.368220	0.928918	-0.039043	-0.162684	0.023028	-0.986409	-0.915395	0.369568	0.159599	79.005501	-187.468002	562.640015	
0.368220	0.928918	-0.039043	-0.162684	0.023028	-0.986409	-0.915395	0.369568	0.159599	79.005501	-187.468002	562.640015	
0.368220	0.928918	-0.039043	-0.162684	0.023028	-0.986409	-0.915395	0.369568	0.159599	79.005501	-187.468002	562.640015	
0.368220	0.928918	-0.039043	-0.162684	0.023028	-0.986409	-0.915395	0.369568	0.159599	79.005501	-187.468002	562.640015	
0.368220	0.928918	-0.039043	-0.162684	0.023028	-0.986409	-0.915395	0.369568	0.159599	79.005501	-187.468002	562.640015	
0.368220	0.928918	-0.039043	-0.162684	0.023028	-0.986409	-0.915395	0.369568	0.159599	79.005501	-187.468002	562.640015	
0.866615	0.470403	-0.166429	0.200925	-0.634286	-0.746532	-0.456735	0.613516	-0.644198	55.336330	-136.983078	568.372681	
0.923918	0.339747	-0.175919	0.147607	-0.740751	-0.655362	-0.352970	0.579535	-0.734542	42.279915	-130.122559	571.389282	
0.943133	0.274131	-0.188020	0.109192	-0.789717	-0.603675	-0.313969	0.548816	-0.774742	27.998362	-123.200874	574.819519	
0.956433	0.211400	-0.201361	0.084762	-0.861064	-0.501383	-0.279377	0.462471	-0.841468	19.752001	-116.031006	581.438354	
0.970907	0.077516	-0.226563	-0.032502	-0.894738	-0.445407	-0.237241	0.439813	-0.866188	2.450212	-109.069412	589.513794	
0.965123	0.004567	-0.261755	-0.103072	-0.912465	-0.395960	-0.240651	0.409130	-0.880170	-15.279417	-94.973480	595.884705	
0.951463	-0.116008	-0.285061	-0.200837	-0.935876	-0.289483	-0.233200	0.332683	-0.913750	-34.348587	-87.654709	603.925293	
0.918825	-0.246362	-0.308327	-0.308665	-0.935416	-0.172407	-0.245940	0.253582	-0.935526	-44.251328	-73.089165	613.722351	
0.873007	-0.361325	-0.327570	-0.403153	-0.912619	-0.067784	-0.274455	0.191237	-0.942392	-54.368603	-65.982269	624.963440	
0.864344	-0.414259	-0.285126	-0.437699	-0.898880	-0.020880	-0.247645	0.142847	-0.958262	-75.335617	-52.692089	647.645569	
0.791123	-0.499599	-0.352879	-0.529190	-0.848376	0.014713	-0.306725	0.175100	-0.935553	-95.225136	-45.452656	651.650574	
0.678300	-0.590874	-0.436778	-0.597943	-0.789350	0.139251	-0.427051	0.166715	-0.888726	-114.101448	-38.809395	663.038025	
0.600074	-0.624093	-0.500418	-0.552294	-0.775768	0.305213	-0.578690	0.093227	-0.810202	-132.176941	-32.442406	673.896973	
0.519062	-0.652139	-0.552528	-0.473957	-0.757549	0.448870	-0.711293	0.028883	-0.702302	-139.536057	-19.735401	672.954102	
0.423189	-0.693363	-0.583231	-0.512549	-0.714017	0.476941	-0.747130	0.097098	-0.657547	-147.215317	-7.119914	676.499329	
0.305469	-0.731337	-0.609782	-0.552013	-0.657812	0.512410	-0.775867	0.180082	-0.604649	-154.209000	-1.892369	687.170898	
0.213591	-0.753300	-0.622027	-0.533311	-0.623384	0.571814	-0.818509	0.209600	-0.534893	-167.306778	2.576824	692.902039	
0.160296	-0.735422	-0.658376	-0.453427	-0.647324	0.612679	-0.876760	0.200315	-0.437224	-177.974792	8.137026	702.974792	
0.066384	-0.713419	-0.697586	-0.483783	-0.634468	0.602830	-0.872666	0.297462	-0.387259	-181.925613	16.860844	706.720520	
-0.035101	-0.674516	-0.737425	-0.448235	-0.648874	0.614855	-0.893226	0.352122	-0.279566	-186.363510	21.124306	711.675659	
-0.114320	-0.631710	-0.766729	-0.415725	-0.670543	0.614446	-0.902276	0.388992	-0.185962	-188.730209	27.902203	727.745361	
-0.156025	-0.601011	-0.783863	-0.404662	-0.685036	0.605783	-0.901057	0.411717	-0.136324	-190.225861	34.730103	733.146301	
-0.200936	-0.574161	-0.793702	-0.317717	-0.728232	0.607234	-0.926650	0.374188	-0.036093	-190.495056	36.681751	747.752869	
-0.275797	-0.527813	-0.803336	-0.278540	-0.756006	0.592343	-0.919973	0.387128	0.061487	-191.356094	38.212051	760.588928	
-0.269639	-0.481465	-0.833958	-0.309337	-0.776827	0.548498	-0.911923	0.405871	0.060527	-187.734070	40.079742	776.564026	
-0.292739	-0.449176	-0.844123	-0.290651	-0.799225	0.526081	-0.910947	0.399350	0.103411	-183.177841	41.567177	784.860168	
-0.320936	-0.409903	-0.853803	-0.291388	-0.815029	0.500819	-0.901161	0.409519	0.142131	-176.648376	41.924877	798.127869	
-0.310673	-0.345523	-0.885492	-0.304125	-0.846484	0.437003	-0.900549	0.405066	0.157898	-171.971008	41.785343	814.052734	
-0.298825	-0.287646	-0.909925	-0.310283	-0.872399	0.377682	-0.902456	0.395195	0.171443	-161.521637	40.229912	822.578979	
-0.282996	-0.241504	-0.928218	-0.271484	-0.908031	0.319022	-0.919896	0.342279	0.191404	-154.876724	37.919662	832.535278	
-0.319544	-0.206033	-0.924901	-0.253123	-0.922046	0.292848	-0.913137	0.327692	0.242483	-141.559799	35.732494	853.946167	
-0.287685	-0.137944	-0.947738	-0.327224	-0.915863	0.232633	-0.900089	0.377049	0.218341	-133.284119	30.714748	867.932434	
-0.254516	-0.101076	-0.961772	-0.269825	-0.947605	0.170991	-0.928663	0.303030	0.213908	-116.262108	24.453487	877.461731	
-0.243894	-0.071331	-0.967175	-0.211775	-0.969305	0.124891	-0.946396	0.235284	0.221301	-98.332268	17.465389	887.388855	
-0.236192	-0.060611	-0.969814	-0.211208	-0.970988	0.112122	-0.948474	0.231315	0.216538	-79.789406	14.014925	895.855652	
-0.186915	-0.030622	-0.981898	-0.225445	-0.971500	0.073214	-0.956157	0.235049	0.174684	-60.618305	4.784657	910.264648	
-0.175991	-0.034738	-0.983778	-0.212567	-0.974457	0.072436	-0.961167	0.221868	0.164111	-40.466434	-0.273540	914.079895	
-0.107774	-0.031573	-0.993674	-0.236408	-0.970011	0.056461	-0.965658	0.240998	0.097078	-30.001190	-4.776581	916.647095	
-0.103746	-0.043681	-0.993644	-0.227229	-0.971572	0.066435	-0.968299	0.232677	0.090871	-19.590115	-15.558620	925.291687	
-0.085937	-0.073633	-0.993576	-0.296804	-0.950092	0.096081	-0.951063	0.303155	0.059793	-0.287384	-20.765327	940.182678	
-0.007862	-0.111926	-0.993685	-0.405573	-0.907956	0.105478	-0.914028	0.403841	-0.038256	18.324289	-26.491718	945.148010	
0.179712	-0.175879	-0.967869	-0.471236	-0.879043	0.072239	-0.863504	0.443113	-0.240855	26.356178	-34.213425	951.822327	
0.255802	-0.216855	-0.942093	-0.384607	-0.916901	0.106625	-0.886928	0.335061	-0.317949	34.573105	-47.087608	955.973816	
0.333808	-0.267287	-0.903952	-0.324573	-0.932908	0.155991	-0.884999	0.241328	-0.398167	49.666527	-60.580750	961.730530	
0.356597	-0.299944	-0.884800	-0.270843	-0.939581	0.209357	-0.894137	0.164986	-0.416290	63.152908	-67.080032	971.685791	
0.331319	-0.373567	-0.866415	-0.340716	-0.903687	0.259347	-0.879852	0.209275	-0.426689	75.958733	-81.740623	977.132385	
0.297881	-0.476690	-0.827063	-0.410899	-0.846052	0.339642	-0.861643	0.238667	-0.447894	85.191269	-88.052795	973.234009	
0.250029	-0.541160	-0.802889	-0.414431	-0.809241	0.416382	-0.875060	0.228634	-0.426608	90.393188	-102.069382	978.672974	
0.180201	-0.596495	-0.782126	-0.465352	-0.752227	0.466476	-0.866587	0.279905	-0.413133	93.558334	-109.385979	982.204712	
0.137083	-0.673225	-0.726620	-0.460469	-0.692779	0.554999	-0.877026	0.258505	-0.404969	96.176971	-116.132774	983.363647	
0.095529	-0.713822	-0.693781	-0.449148	-0.652896	0.609911	-0.888335	0.253346	-0.382983	98.309486	-129.261673	987.130554	
-0.001742	-0.748726	-0.662876	-0.467196	-0.585475	0.662529	-0.884151	0.310847	-0.348783	98.574585	-142.256607	990.914612	
-0.124542	-0.772284	-0.622949	-0.472289	-0.506008	0.721732	-0.872600	0.384099	-0.301723	98.595863	-148.261017	993.237732	
-0.181814	-0.789317	-0.586448	-0.384266	-0.491934	0.781242	-0.905142	0.367393	-0.213868	96.691017	-160.257767	995.671448	
-0.231693	-0.800603	-0.552588	-0.353003	-0.460130	0.814658	-0.906480	0.383816	-0.176006	89.424042	-170.972961	992.876892	
-0.344897	-0.809578	-0.475004	-0.319085	-0.374792	0.870468	-0.882740	0.451789	-0.129060	84.335800	-175.091904	988.756714	
-0.389615	-0.809181	-0.439801	-0.228629	-0.377609	0.897295	-0.892148	0.450151	-0.037880	74.509827	-181.664856	995.462769	
-0.500918	-0.765451	-0.403937	-0.132062	-0.393649	0.909725	-0.855360	0.509042	0.096098	62.241489	-183.695724	981.903381	
-0.649877	-0.690680	-0.317207	-0.042679	-0.383534	0.922540	-0.758840	0.613076	0.219772	55.459694	-188.716629	985.890381	
-0.777505	-0.572628	-0.259968	-0.042791	-0.364253	0.930316	-0.627420	0.734449	0.258705	47.552612	-194.250061	980.449036	
-0.856323	-0.500846	-0.125951	0.077184	-0.365259	0.927700	-0.510640	0.784689	0.351437	39.413719	-199.115036	982.576721	
-0.905790	-0.423419	0.016117	0.226549	-0.451793	0.862878	-0.358078	0.785238	0.505155	30.335396	-203.744919	983.196350	
-0.946241	-0.316916	0.064746	0.238549	-0.548530	0.801380	-0.218455	0.773743	0.594641	11.893749	-206.316284	971.765442	
-0.960641	-0.252644	0.115495	0.248847	-0.597859	0.761997	-0.123464	0.760746	0.637198	1.948470	-207.211014	968.022339	
-0.966202	-0.192453	0.171509	0.256809	-0.660732	0.705324	-0.022420	0.725530	0.687825	-17.154387	-207.975479	965.246216	
-0.967843	-0.133812	0.213012	0.243510	-0.710800	0.659898	0.063107	0.690548	0.720528	-26.521658	-206.084412	956.790588	
-0.944523	-0.064672	0.322015	0.252106	-0.771166	0.584589	0.210521	0.633340	0.744689	-45.629707	-205.992157	954.398865	
-0.911413	0.046961	0.408804	0.167119	-0.865603	0.472019	0.376029	0.498523	0.781074	-54.930271	-204.697220	947.404602	
-0.864901	0.146363	0.480128	0.068658	-0.913054	0.402016	0.497224	0.380669	0.779653	-65.081772	-202.852280	948.356995	
-0.819621	0.247283	0.516790	-0.090262	-0.946522	0.309753	0.565750	0.207234	0.798111	-74.880356	-201.613632	940.279358	
-0.759333	0.351708	0.547461	-0.268977	-0.935750	0.228085	0.592506	0.025938	0.805148	-92.454987	-197.456894	948.121216	
-0.663370	0.361248	0.655316	-0.395914	-0.912573	0.102283	0.634975	-0.191597	0.748397	-99.409775	-190.960526	916.809021	
-0.574376	0.408889	0.709156	-0.546966	-0.836238	0.039151	0.609032	-0.365397	0.703964	-107.622849	-186.615860	910.154480	
-0.465956	0.426939	0.774989	-0.707676	-0.705578	-0.036784	0.531111	-0.565580	0.630904	-120.263214	-177.669342	905.197449	
-0.378967	0.459059	0.803523	-0.817261	-0.573353	-0.057886	0.434130	-0.678624	0.592453	-126.042366	-167.553040	898.876038	
-0.299371	0.473388	0.828421	-0.918032	-0.379494	-0.114899	0.259990	-0.794913	0.548195	-130.707993	-157.188812	886.419189	
-0.250208	0.423486	0.870664	-0.960631	-0.220757	-0.168688	0.120769	-0.878592	0.462049	-138.773590	-147.010406	886.751038	
-0.180980	0.460515	0.869007	-0.982610	-0.121973	-0.140003	0.041523	-0.879231	0.474581	-142.594513	-130.877701	871.680847	
-0.125269	0.499506	0.857206	-0.992116	-0.066395	-0.106295	0.003820	-0.863762	0.503885	-148.462341	-113.740334	860.597534	
-0.124803	0.475351	0.870899	-0.982000	0.066247	-0.176884	-0.141776	-0.877298	0.458527	-152.672226	-100.153732	858.278748	
-0.138319	0.352533	0.925521	-0.957693	0.190523	-0.215699	-0.252374	-0.916199	0.311265	-150.081955	-94.968880	862.897827	
-0.121841	0.261393	0.957512	-0.958439	0.219751	-0.181949	-0.257975	-0.939884	0.223754	-146.789993	-88.344887	866.870483	
0.009215	0.218336	0.975830	-0.945580	0.319329	-0.062519	-0.325261	-0.922148	0.209396	-140.908905	-75.823074	848.859131	
0.145505	0.132138	0.980494	-0.831152	0.553909	0.048694	-0.536671	-0.822023	0.190423	-135.611740	-72.209373	843.687866	
0.215783	0.062813	0.974419	-0.740170	0.661393	0.121274	-0.636857	-0.747403	0.189210	-129.000519	-67.894859	855.384949	
0.169839	-0.207469	0.963385	-0.331739	0.908496	0.254133	-0.927957	-0.362754	0.085471	-114.741600	-56.644638	808.145691	
0.085499	-0.352686	0.931827	-0.096720	0.927896	0.360074	-0.991633	-0.120912	0.045221	-105.294632	-41.481762	791.049866	
0.202200	-0.345561	0.916353	-0.142766	0.915283	0.376660	-0.968883	-0.206984	0.135736	-97.909409	-27.097307	776.242920	
0.362812	-0.319841	0.875254	-0.347293	0.825175	0.445502	-0.864729	-0.465602	0.188304	-83.810631	-11.962559	773.627930	
0.441657	-0.312762	0.840904	-0.470494	0.717311	0.513905	-0.763921	-0.622609	0.169653	-76.051971	-3.198316	771.183289	
0.480759	-0.325180	0.814328	-0.532917	0.629137	0.565850	-0.696327	-0.706005	0.129169	-68.038567	4.881718	766.461548	
0.498173	-0.344568	0.795674	-0.639480	0.473716	0.605523	-0.585569	-0.810471	0.015647	-58.582161	13.361058	760.137024	
0.509793	-0.389466	0.767091	-0.705316	0.321330	0.631884	-0.492587	-0.863169	-0.110886	-39.209003	27.676952	750.952209	
0.625207	-0.404886	0.667222	-0.715637	0.043718	0.697103	-0.311416	-0.913321	-0.262419	-29.567335	39.596855	749.673950	
0.681289	-0.453490	0.574624	-0.682770	-0.110614	0.722212	-0.263954	-0.884370	-0.384990	-18.849783	42.504929	733.965759	
0.707304	-0.447075	0.547582	-0.676197	-0.202045	0.708474	-0.206105	-0.871378	-0.445219	-7.054065	47.560474	724.458435	
0.759711	-0.408914	0.505598	-0.629173	-0.265842	0.730390	-0.164257	-0.872992	-0.459241	3.797362	50.124756	702.274597	
0.800756	-0.298042	0.519579	-0.571974	-0.122885	0.811015	-0.177868	-0.946609	-0.268874	14.124506	45.846806	675.533142	
0.788477	-0.336186	0.515057	-0.546832	0.000186	0.837242	-0.281565	-0.941794	-0.183691	32.177071	42.971920	649.700928	
0.799706	-0.330195	0.501441	-0.521023	0.033341	0.852891	-0.298338	-0.943323	-0.145377	46.056503	42.545498	632.436951	
0.834891	-0.334223	0.437326	-0.462256	0.005552	0.886729	-0.298793	-0.942477	-0.149862	53.707527	43.383049	618.915283	
0.836204	-0.390472	0.385090	-0.418591	-0.000766	0.908174	-0.354322	-0.920613	-0.164089	67.470436	44.340275	617.067688	
0.852928	-0.410167	0.322920	-0.361746	-0.018410	0.932095	-0.376369	-0.911824	-0.164079	77.615852	44.305576	604.276306	
0.853824	-0.464688	0.234628	-0.283352	-0.036772	0.958311	-0.436688	-0.884709	-0.163068	89.606483	43.441578	600.664124	
0.882819	-0.435290	0.176501	-0.220305	-0.051849	0.974052	-0.414844	-0.898795	-0.141670	96.513664	42.689827	605.182251	
0.902970	-0.424350	0.067622	-0.103341	-0.061704	0.992730	-0.417093	-0.903392	-0.099571	100.069603	38.822880	594.035889	
0.911265	-0.407946	-0.056363	0.040297	-0.047879	0.998040	-0.409845	-0.911749	-0.027192	103.965263	35.822937	594.853821	
0.899745	-0.412095	-0.143656	0.132138	-0.056481	0.989621	-0.415932	-0.909387	0.003635	107.748589	30.255419	600.302979	
0.886627	-0.402430	-0.227908	0.222440	-0.060986	0.973038	-0.405479	-0.913416	0.035444	109.513168	23.133690	605.785767	
0.862961	-0.397809	-0.311523	0.310958	-0.067822	0.948002	-0.398251	-0.914957	0.065173	110.192780	13.900154	621.400757	
0.795789	-0.367089	-0.481628	0.489603	-0.078043	0.868447	-0.356385	-0.926905	0.117622	108.848831	3.493052	623.663086	
0.536919	-0.323563	-0.779118	0.799599	-0.099296	0.592270	-0.269000	-0.940981	0.205407	103.860817	-1.125964	626.919922	
-0.413022	0.386775	-0.824511	-0.674607	-0.738130	-0.008324	-0.611816	0.552782	0.565785	75.962997	7.706150	583.494995	
-0.413022	0.386775	-0.824511	-0.674607	-0.738130	-0.008324	-0.611816	0.552782	0.565785	75.962997	7.706150	583.494995	
-0.413022	0.386775	-0.824511	-0.674607	-0.738130	-0.008324	-0.611816	0.552782	0.565785	75.962997	7.706150	583.494995	
-0.222631	0.317790	-0.921653	-0.645267	-0.756701	-0.105045	-0.730798	0.571326	0.373525	33.832970	-19.296209	570.135681	
-0.158150	0.218739	-0.962882	-0.616787	-0.783389	-0.076658	-0.771079	0.581770	0.258809	26.034542	-27.227375	568.035889	
-0.081396	0.110252	-0.990565	-0.617521	-0.785698	-0.036707	-0.782332	0.608707	0.132035	8.418540	-35.121334	566.213501	
-0.008982	-0.006773	-0.999937	-0.592783	-0.805291	0.010779	-0.805313	0.592842	0.003218	-0.755958	-43.001934	564.546265	
0.062991	-0.067392	-0.995736	-0.669533	-0.742740	0.007914	-0.740107	0.666180	-0.091907	-20.272175	-55.871590	555.817993	
-0.035736	-0.160513	-0.986387	-0.677886	-0.721335	0.141941	-0.734298	0.673730	-0.083032	-37.722580	-62.761665	549.513123	
0.073499	-0.272293	-0.959403	-0.621062	-0.765193	0.169594	-0.780308	0.583384	-0.225352	-61.751598	-82.858101	575.432007	
0.073499	-0.272293	-0.959403	-0.621062	-0.765193	0.169594	-0.780308	0.583384	-0.225352	-61.751598	-82.858101	575.432007	
0.073499	-0.272293	-0.959403	-0.621062	-0.765193	0.169594	-0.780308	0.583384	-0.225352	-61.751598	-82.858101	575.432007	
-0.009051	-0.642395	-0.766320	-0.693316	-0.548206	0.467742	-0.720576	0.535536	-0.440422	-102.894691	-111.739334	581.748901	
-0.047015	-0.688757	-0.723466	-0.662894	-0.520284	0.538402	-0.747236	0.504894	-0.432112	-122.165710	-119.048798	585.637268	
-0.133539	-0.768293	-0.626014	-0.637448	-0.417078	0.647848	-0.758833	0.485565	-0.434051	-131.118713	-132.435043	590.752380	
-0.216168	-0.793655	-0.568669	-0.637706	-0.326271	0.697767	-0.739326	0.513479	-0.435589	-146.704315	-145.002655	593.576599	
-0.311027	-0.800537	-0.512254	-0.590376	-0.259645	0.764226	-0.744794	0.540118	-0.391861	-153.178238	-156.485535	593.489258	
-0.367272	-0.846071	-0.386362	-0.506138	-0.166706	0.846188	-0.780344	0.506334	-0.367002	-166.561127	-167.709152	601.456970	
-0.469427	-0.843705	-0.260384	-0.443983	-0.029359	0.895554	-0.763228	0.536004	-0.360809	-172.719711	-173.298691	607.853149	
-0.517509	-0.847510	-0.117953	-0.320455	0.064143	0.945090	-0.793406	0.526891	-0.304783	-182.438858	-182.814789	614.886230	
-0.560434	-0.827827	0.024836	-0.205259	0.167886	0.964201	-0.802360	0.535274	-0.264008	-189.587051	-186.587753	619.921448	
-0.583830	-0.793506	0.171728	-0.086447	0.271076	0.958669	-0.807260	0.544855	-0.226858	-195.033585	-190.282898	623.368042	
-0.624952	-0.715587	0.312044	0.077617	0.340780	0.936934	-0.776795	0.609759	-0.157429	-198.311920	-192.937363	634.947815	
-0.652525	-0.621893	0.432968	0.240882	0.371502	0.896640	-0.718462	0.689374	-0.092611	-198.721588	-198.349457	638.859192	
-0.654601	-0.522877	0.545984	0.382121	0.394312	0.835764	-0.652289	0.755724	-0.058315	-198.105972	-202.215256	652.902954	
-0.606849	-0.445680	0.658106	0.517843	0.406440	0.752759	-0.602970	0.797607	-0.015855	-197.161545	-204.319656	663.951172	
-0.599278	-0.365661	0.712150	0.632895	0.328334	0.701172	-0.490214	0.870913	0.034661	-194.219070	-206.166214	672.563721	
-0.529830	-0.269649	0.804096	0.762004	0.264880	0.590922	-0.372330	0.925813	0.065132	-185.978470	-205.359818	676.700867	
-0.442180	-0.197611	0.874887	0.853740	0.206298	0.478089	-0.274963	0.958328	0.077488	-180.431503	-203.355911	689.338074	
-0.404925	-0.147795	0.902326	0.892856	0.148802	0.425049	-0.197088	0.977761	0.071706	-175.526199	-201.236771	701.264709	
-0.245538	-0.104748	0.963711	0.955785	0.139795	0.258713	-0.161822	0.984625	0.065792	-161.129791	-200.108383	711.357178	
-0.111813	-0.037399	0.993026	0.983086	0.141700	0.116030	-0.145051	0.989204	0.020923	-146.190750	-197.770645	727.611328	
0.008207	0.055211	0.998441	0.993544	0.112529	-0.014389	-0.113148	0.992114	-0.053931	-131.195084	-195.630157	735.776306	
0.147526	0.160156	0.976006	0.977025	0.129862	-0.168989	-0.153810	0.978513	-0.137319	-116.284340	-195.443741	748.360474	
0.202177	0.204419	0.957778	0.952749	0.185329	-0.240671	-0.226702	0.961180	-0.157291	-107.571251	-192.192978	759.701782	
0.298020	0.272136	0.914946	0.920976	0.170035	-0.350559	-0.250973	0.947117	-0.199957	-99.847946	-185.694611	780.668762	
0.390898	0.348604	0.851865	0.881814	0.123439	-0.455155	-0.263822	0.929107	-0.259152	-84.027817	-176.628494	800.585938	
0.482384	0.421231	0.768030	0.823301	0.081391	-0.561739	-0.299132	0.903294	-0.307539	-75.621964	-170.555054	819.952698	
0.531225	0.482378	0.696500	0.774215	0.057478	-0.630308	-0.344079	0.874076	-0.342930	-58.636845	-159.303040	825.012817	
0.516312	0.538331	0.666050	0.764761	0.060208	-0.641495	-0.385437	0.840581	-0.380609	-40.065758	-153.634644	837.642578	
0.544729	0.596986	0.588964	0.721395	0.024541	-0.692089	-0.427620	0.801877	-0.417295	-23.232504	-139.502457	848.043518	
0.556449	0.650917	0.516404	0.683862	-0.005795	-0.729589	-0.471908	0.759128	-0.448362	-14.579507	-125.526306	856.189209	
0.548053	0.690599	0.471924	0.665789	-0.018645	-0.745907	-0.506323	0.722999	-0.470011	-6.114576	-118.467644	861.904297	
0.560100	0.743837	0.364686	0.611124	-0.073787	-0.788089	-0.559299	0.664277	-0.495904	0.720770	-103.185661	873.808655	
0.569948	0.774773	0.273653	0.559029	-0.121546	-0.820191	-0.602200	0.620447	-0.502396	7.844416	-87.484924	878.840332	
0.572283	0.795829	0.197864	0.510136	-0.156572	-0.845723	-0.642069	0.584930	-0.495584	13.955844	-71.894272	887.879456	
0.558010	0.821323	0.118551	0.482599	-0.204970	-0.851520	-0.675072	0.532369	-0.510745	19.374063	-56.986420	906.964783	
0.758422	-0.646164	-0.085258	-0.453693	-0.429485	-0.780836	0.467931	0.630884	-0.618891	53.008499	-46.544201	965.359985	
0.758422	-0.646164	-0.085258	-0.453693	-0.429485	-0.780836	0.467931	0.630884	-0.618891	53.008499	-46.544201	965.359985	
0.758422	-0.646164	-0.085258	-0.453693	-0.429485	-0.780836	0.467931	0.630884	-0.618891	53.008499	-46.544201	965.359985	
0.758422	-0.646164	-0.085258	-0.453693	-0.429485	-0.780836	0.467931	0.630884	-0.618891	53.008499	-46.544201	965.359985	
0.588498	-0.688945	-0.423113	-0.714227	-0.197759	-0.671395	0.378880	0.697313	-0.608444	66.540298	9.029881	980.117126	
0.550133	-0.679773	-0.485040	-0.750468	-0.147692	-0.644193	0.366269	0.718398	-0.591398	65.418068	21.372402	976.822510	
0.509525	-0.671757	-0.537706	-0.780014	-0.096774	-0.618233	0.363267	0.734423	-0.573289	63.125580	26.752378	981.201477	
0.464773	-0.650930	-0.600231	-0.812257	-0.043598	-0.581668	0.352457	0.757885	-0.548986	59.817314	37.241383	991.132385	
0.400911	-0.597037	-0.694851	-0.856379	0.025169	-0.515734	0.325402	0.801818	-0.501200	52.303879	48.326843	995.434509	
0.337174	-0.578970	-0.742367	-0.888381	0.065322	-0.454436	0.311598	0.812728	-0.492321	47.473030	58.689793	1003.416077	
0.320533	-0.524171	-0.788989	-0.896254	0.101753	-0.431711	0.306573	0.845512	-0.437176	36.680847	66.584053	1002.378540	
0.250266	-0.513250	-0.820940	-0.902753	0.182701	-0.389430	0.349862	0.838567	-0.417615	23.925611	75.063179	1011.526611	
0.211781	-0.471234	-0.856205	-0.903548	0.239498	-0.355304	0.372492	0.848869	-0.375062	16.044449	82.467789	1015.817566	
0.151919	-0.429960	-0.889975	-0.900982	0.309979	-0.303552	0.406390	0.847966	-0.340295	1.339655	85.948151	1022.701538	
0.118302	-0.294664	-0.948250	-0.895712	0.380529	-0.229994	0.428608	0.876567	-0.218918	-16.597748	87.453171	1017.070496	
0.082405	-0.257512	-0.962755	-0.893812	0.408192	-0.185684	0.440805	0.875824	-0.196531	-33.430870	89.670120	1021.050537	
0.035926	-0.141890	-0.989230	-0.887404	0.450698	-0.096873	0.459590	0.881327	-0.109723	-43.847561	91.056938	1027.878784	
0.019828	-0.073919	-0.997067	-0.852344	0.520028	-0.055502	0.522606	0.850944	-0.052694	-53.686066	91.387688	1027.781250	
-0.023797	0.008787	-0.999678	-0.842339	0.538377	0.024784	0.538422	0.842658	-0.005411	-62.870533	92.017159	1030.786621	
-0.003829	0.152175	-0.988346	-0.841236	0.533871	0.085460	0.540655	0.831759	0.125971	-83.215775	92.661140	1037.763550	
-0.018821	0.224545	-0.974282	-0.817509	0.557548	0.144293	0.575609	0.799199	0.173074	-93.403893	91.628311	1038.908813	
0.002702	0.332084	-0.943246	-0.784052	0.586171	0.204125	0.620689	0.739002	0.261954	-103.782463	89.095627	1044.582642	
0.003704	0.394087	-0.919066	-0.758906	0.599602	0.254047	0.651190	0.696543	0.301295	-112.084343	84.563698	1041.061157	
0.036204	0.450242	-0.892173	-0.732679	0.619084	0.282695	0.679611	0.643440	0.352295	-121.126595	79.837051	1043.376099	
0.072474	0.505875	-0.859557	-0.710638	0.630898	0.311387	0.699815	0.588265	0.405217	-130.045486	74.805161	1048.952148	
0.104159	0.547724	-0.830151	-0.690118	0.640845	0.336235	0.716162	0.537879	0.444744	-137.906448	67.181755	1044.571167	
0.142607	0.581884	-0.800671	-0.657427	0.660401	0.362851	0.739901	0.474637	0.476723	-144.906891	63.309776	1040.627197	
0.168920	0.617742	-0.768024	-0.639751	0.661488	0.391346	0.749790	0.425237	0.506940	-150.942627	53.475986	1036.855591	
0.225817	0.669314	-0.707832	-0.604729	0.665964	0.436801	0.763747	0.329409	0.555139	-162.797012	43.434422	1040.397217	
0.278284	0.762060	-0.584657	-0.542603	0.626995	0.558981	0.792553	0.161680	0.587978	-168.127213	31.158157	1020.364075	
0.315342	0.806981	-0.499341	-0.541891	0.585088	0.603346	0.779047	0.080328	0.621798	-171.203918	25.875809	1018.155823	
0.335701	0.836669	-0.432770	-0.559044	0.546732	0.623341	0.758139	0.032681	0.651273	-173.749329	19.937096	1003.686951	
0.404749	0.874847	-0.266123	-0.583766	0.471210	0.661196	0.703844	-0.112265	0.701427	-178.734558	12.877617	1006.874207	
0.438359	0.889226	-0.130840	-0.605935	0.399892	0.687700	0.663841	-0.222179	0.714108	-178.652130	6.131430	1005.166931	
0.478623	0.878019	-0.001502	-0.624235	0.341482	0.702654	0.617455	-0.335369	0.711531	-176.984818	0.323126	996.378662	
0.504332	0.856870	0.106872	-0.653661	0.297962	0.695664	0.564249	-0.420704	0.710374	-172.498032	-13.151184	985.404724	
0.521177	0.835353	0.174809	-0.660175	0.264794	0.702891	0.540872	-0.481735	0.689483	-169.223175	-20.171839	977.671570	
0.519125	0.811004	0.269780	-0.673668	0.193997	0.713119	0.526005	-0.551940	0.647055	-160.001099	-34.719601	964.520874	
0.528418	0.787053	0.318308	-0.679535	0.167346	0.714303	0.508926	-0.593753	0.623258	-150.094376	-41.753811	951.309265	
0.546751	0.746900	0.378420	-0.695769	0.153856	0.701595	0.465799	-0.646891	0.603790	-138.301117	-48.374794	938.621216	
0.549300	0.732058	0.402938	-0.695857	0.133752	0.705617	0.462658	-0.667983	0.582878	-131.659897	-62.392025	935.611633	
