0.996856	-0.042933	0.066593	0.043498	0.999028	-0.007057	-0.066226	0.009932	0.997755	18.952003	4.195775	547.596313	
0.970848	-0.126835	0.203388	0.132074	0.991163	-0.012335	-0.200026	0.038837	0.979021	27.526537	7.864566	546.337891	
0.952044	-0.165252	0.257493	0.174498	0.984567	-0.013315	-0.251319	0.057608	0.966189	36.121605	15.786212	548.237183	
0.899832	-0.199017	0.388193	0.220169	0.975407	-0.010283	-0.376600	0.094721	0.921521	44.221607	18.487226	547.345825	
0.816175	-0.262771	0.514597	0.307080	0.951683	-0.001082	-0.489449	0.158905	0.857432	51.615936	23.941494	548.344666	
0.767561	-0.324481	0.552777	0.396434	0.917989	-0.011608	-0.503677	0.228050	0.833248	69.066231	26.093863	551.780090	
0.671892	-0.361234	0.646585	0.480866	0.876738	-0.009870	-0.563320	0.317552	0.762779	76.329971	29.557035	553.103516	
0.586406	-0.348791	0.731076	0.528088	0.848987	-0.018541	-0.614207	0.396945	0.682044	83.470505	30.518787	558.372498	
0.534277	-0.351883	0.768587	0.572598	0.819518	-0.022835	-0.621836	0.452292	0.639338	89.015717	31.340296	561.322632	
0.439661	-0.322358	0.838322	0.620663	0.783705	-0.024153	-0.649211	0.530935	0.544640	99.195763	31.244278	569.041138	
0.368802	-0.327891	0.869754	0.698429	0.715187	-0.026534	-0.613337	0.617247	0.492772	102.795860	29.786371	576.709717	
0.266432	-0.281305	0.921890	0.770725	0.636529	-0.028514	-0.578789	0.718121	0.386401	106.079338	27.329899	580.878113	
0.208944	-0.259590	0.942845	0.839440	0.542209	-0.036744	-0.501681	0.799138	0.331202	108.471527	25.449257	590.082581	
0.144861	-0.177381	0.973423	0.870546	0.490445	-0.040180	-0.470283	0.853229	0.225464	110.442146	21.167257	600.902283	
0.085700	-0.136655	0.986905	0.914449	0.404019	-0.023464	-0.395522	0.904485	0.159589	110.876923	14.902804	605.418213	
0.051544	-0.083074	0.995210	0.941553	0.336227	-0.020699	-0.332897	0.938110	0.095550	109.058029	8.009815	609.888123	
0.023296	-0.032327	0.999206	0.960259	0.278789	-0.013369	-0.278136	0.959808	0.037538	105.231941	4.501811	619.974792	
0.001424	0.017103	0.999853	0.986002	0.166681	-0.004255	-0.166730	0.985862	-0.016626	102.022896	-4.530418	628.776001	
-0.013972	0.067181	0.997643	0.998647	0.050922	0.010557	-0.050093	0.996440	-0.067802	97.292686	-14.227907	633.713318	
-0.013148	0.126600	0.991867	0.997594	-0.065872	0.021631	0.068075	0.989764	-0.125429	87.081200	-25.771318	638.545654	
-0.004833	0.235561	0.971848	0.981311	-0.185840	0.049925	0.192369	0.953925	-0.230261	81.004173	-31.607792	648.652405	
0.015715	0.343954	0.938855	0.967745	-0.241359	0.072225	0.251443	0.907437	-0.336652	74.576851	-38.078972	658.339783	
0.038584	0.393367	0.918572	0.948611	-0.303357	0.090063	0.314084	0.867892	-0.384857	67.984299	-50.643456	675.819641	
0.076302	0.493379	0.866462	0.930450	-0.347579	0.115981	0.358386	0.797349	-0.485586	60.366745	-57.826000	689.679382	
0.118258	0.568637	0.814044	0.907309	-0.394996	0.144112	0.403492	0.721546	-0.562641	54.164951	-72.762276	715.622742	
0.191823	0.635990	0.747477	0.844381	-0.495137	0.204596	0.500225	0.591909	-0.631997	35.888325	-87.769432	730.964417	
0.254608	0.763430	0.593590	0.776788	-0.527063	0.344682	0.576000	0.373334	-0.727218	19.124447	-101.705681	740.148560	
0.321342	0.785080	0.529517	0.764109	-0.545260	0.344717	0.559355	0.293837	-0.775102	8.171048	-105.791626	739.380676	
0.361658	0.778697	0.512673	0.725157	-0.580562	0.370264	0.585963	0.237859	-0.774643	-1.823929	-112.321259	743.003357	
0.462757	0.777299	0.426219	0.662796	-0.622658	0.415931	0.588691	0.090022	-0.803330	-12.247661	-125.850067	748.379272	
0.521272	0.778092	0.350497	0.629355	-0.627889	0.457895	0.576358	-0.018102	-0.816997	-22.406567	-140.804993	757.212524	
0.622872	0.738460	0.258277	0.569590	-0.654381	0.497346	0.536282	-0.162671	-0.828215	-31.100554	-147.402740	775.624390	
0.672815	0.721116	0.165266	0.544877	-0.634118	0.548638	0.500430	-0.279081	-0.819563	-39.634701	-161.203186	785.609009	
0.756103	0.651752	0.059398	0.501093	-0.634914	0.588039	0.420968	-0.414854	-0.806649	-48.292149	-173.760788	789.885254	
0.792118	0.609299	-0.036127	0.494089	-0.605337	0.624054	0.358367	-0.512173	-0.780546	-56.481705	-180.664093	811.152344	
0.824266	0.559204	-0.088750	0.470941	-0.590095	0.655746	0.314325	-0.582304	-0.749748	-70.495872	-193.458008	825.374451	
0.842399	0.504814	-0.188485	0.480379	-0.545070	0.687121	0.244131	-0.669373	-0.701669	-83.374382	-205.427551	832.978455	
0.860355	0.456554	-0.226602	0.465501	-0.522749	0.714172	0.207602	-0.719924	-0.662276	-95.627617	-216.942551	846.937866	
0.871829	0.403684	-0.277407	0.467062	-0.514559	0.719084	0.147540	-0.756483	-0.637153	-105.646721	-222.478363	867.361450	
0.879706	0.293453	-0.374171	0.474798	-0.498737	0.725140	0.026181	-0.815565	-0.578073	-112.604652	-225.734360	879.540161	
0.886904	0.180760	-0.425120	0.454705	-0.503981	0.734334	-0.081514	-0.844587	-0.529176	-115.433212	-234.310120	896.724731	
0.855553	0.122225	-0.503082	0.496359	-0.469870	0.729965	-0.147163	-0.874232	-0.462666	-116.627151	-238.636597	901.868530	
0.835849	0.067438	-0.544803	0.513417	-0.447332	0.732323	-0.194321	-0.891821	-0.408526	-117.039986	-240.341751	909.138794	
0.786727	0.021684	-0.616921	0.566966	-0.420657	0.708235	-0.244155	-0.906960	-0.343236	-115.976501	-245.267914	923.423035	
0.734270	-0.019658	-0.678573	0.615587	-0.402106	0.677763	-0.286182	-0.915381	-0.283153	-114.901001	-249.009201	927.098938	
0.698463	-0.058222	-0.713274	0.645558	-0.378915	0.663082	-0.308877	-0.923597	-0.227072	-111.417885	-250.978226	936.727051	
0.622893	-0.095502	-0.776456	0.690779	-0.398713	0.603201	-0.367190	-0.912089	-0.182384	-107.423729	-252.651459	944.564575	
0.576695	-0.155532	-0.802019	0.689909	-0.433071	0.580065	-0.437550	-0.887839	-0.142446	-97.443085	-252.612732	959.445068	
0.512976	-0.216166	-0.830740	0.670057	-0.504071	0.544919	-0.536545	-0.836172	-0.113732	-92.660568	-251.476028	961.355286	
0.480391	-0.218577	-0.849382	0.700829	-0.486600	0.521593	-0.527318	-0.845839	-0.080573	-80.324738	-248.771027	966.590637	
0.416640	-0.255003	-0.872574	0.703311	-0.517746	0.487127	-0.575991	-0.816646	-0.036366	-73.516663	-245.473862	973.003357	
0.355674	-0.277103	-0.892586	0.697828	-0.556568	0.450854	-0.621719	-0.783227	-0.004586	-58.004147	-239.800156	982.027039	
0.270818	-0.257019	-0.927685	0.716404	-0.589880	0.372568	-0.642981	-0.765494	0.024380	-48.855988	-235.095230	994.799622	
0.204909	-0.220293	-0.953668	0.746025	-0.595584	0.297871	-0.633610	-0.772495	0.042304	-39.507626	-228.069702	1002.543457	
0.170643	-0.205662	-0.963630	0.743525	-0.614864	0.262893	-0.646570	-0.761344	0.047994	-29.594221	-219.268616	1005.875244	
0.104049	-0.172901	-0.979428	0.727259	-0.658520	0.193510	-0.678432	-0.732431	0.057226	-18.922419	-210.005753	1009.514404	
0.074374	-0.139728	-0.987393	0.743923	-0.651614	0.148246	-0.664114	-0.745569	0.055484	-9.745586	-199.566727	1015.615295	
0.023520	-0.084399	-0.996154	0.745669	-0.662227	0.073713	-0.665903	-0.744534	0.047359	9.441691	-187.509140	1015.317993	
-0.006131	-0.017950	-0.999820	0.701698	-0.712423	0.008488	-0.712449	-0.701519	0.016964	18.490238	-174.435822	1015.106689	
-0.022679	0.064497	-0.997660	0.657660	-0.750636	-0.063477	-0.752974	-0.657560	-0.025393	27.082886	-162.386215	1019.990173	
-0.032894	0.139236	-0.989713	0.604924	-0.785498	-0.130611	-0.795604	-0.602997	-0.058389	45.482853	-148.834808	1017.196289	
-0.034348	0.206742	-0.977793	0.521394	-0.830967	-0.194013	-0.852625	-0.516478	-0.079251	54.773300	-132.882126	1017.678589	
-0.025499	0.264278	-0.964110	0.391432	-0.884777	-0.252885	-0.919855	-0.383831	-0.080885	70.596535	-112.413834	993.062012	
0.008710	0.271719	-0.962337	0.404582	-0.881043	-0.245104	-0.914461	-0.387209	-0.117606	77.672394	-107.965324	987.351196	
0.090160	0.292889	-0.951886	0.405942	-0.883586	-0.233424	-0.909442	-0.365364	-0.198560	90.016922	-102.157715	976.545654	
0.123748	0.385062	-0.914557	0.558720	-0.788704	-0.256473	-0.820072	-0.479243	-0.312742	102.260002	-98.239502	1019.320007	
0.123748	0.385062	-0.914557	0.558720	-0.788704	-0.256473	-0.820072	-0.479243	-0.312742	102.260002	-98.239502	1019.320007	
0.123748	0.385062	-0.914557	0.558720	-0.788704	-0.256473	-0.820072	-0.479243	-0.312742	102.260002	-98.239502	1019.320007	
0.123748	0.385062	-0.914557	0.558720	-0.788704	-0.256473	-0.820072	-0.479243	-0.312742	102.260002	-98.239502	1019.320007	
0.408879	0.388125	-0.825940	0.352444	-0.901992	-0.249387	-0.841784	-0.189128	-0.505598	122.069977	-45.303123	993.809631	
0.468765	0.342541	-0.814201	0.311618	-0.926615	-0.210424	-0.826530	-0.155080	-0.541107	123.782600	-31.303413	986.848877	
0.505546	0.331424	-0.796606	0.298254	-0.933491	-0.199095	-0.809609	-0.136939	-0.570771	124.573380	-16.997322	987.799927	
0.593363	0.280194	-0.754593	0.250071	-0.955239	-0.158058	-0.765105	-0.094916	-0.636872	122.106041	-2.942242	992.732544	
0.620611	0.250061	-0.743176	0.227823	-0.964403	-0.134249	-0.750292	-0.085996	-0.655489	117.947525	3.279938	985.635742	
0.656510	0.170706	-0.734747	0.159712	-0.983430	-0.085777	-0.737216	-0.061034	-0.672895	113.401123	9.289237	974.324707	
0.712243	0.121882	-0.691270	0.124347	-0.991142	-0.046635	-0.690832	-0.052741	-0.721089	104.959183	20.087105	965.506409	
0.745987	0.091267	-0.659677	0.092444	-0.995166	-0.033144	-0.659513	-0.036258	-0.750818	94.271362	25.191338	958.298706	
0.785257	-0.000150	-0.619169	0.021196	-0.999407	0.027123	-0.618806	-0.034423	-0.784788	88.045059	30.627251	953.719910	
0.801850	-0.047538	-0.595631	-0.022695	-0.998533	0.049140	-0.597094	-0.025885	-0.801753	74.494804	38.632954	948.533630	
0.800277	-0.105589	-0.590260	-0.026018	-0.989561	0.141742	-0.599065	-0.098076	-0.794670	66.854225	44.814960	947.441162	
0.826280	-0.171082	-0.536649	-0.045045	-0.969775	0.239805	-0.561455	-0.173972	-0.809012	50.722733	47.665905	938.671936	
0.833033	-0.233608	-0.501481	-0.058381	-0.938530	0.340222	-0.550134	-0.254139	-0.795465	32.705673	52.017307	923.234680	
0.815552	-0.346131	-0.463754	-0.164954	-0.907197	0.387017	-0.554675	-0.239134	-0.796962	14.406611	54.735565	914.487305	
0.784569	-0.457853	-0.418117	-0.238419	-0.845261	0.478215	-0.572371	-0.275505	-0.772326	5.222465	55.485264	901.946594	
0.726245	-0.569742	-0.384658	-0.324372	-0.777359	0.538976	-0.606095	-0.266656	-0.749361	-14.538345	55.155190	901.796204	
0.648313	-0.665920	-0.369108	-0.367029	-0.698089	0.614785	-0.667068	-0.263100	-0.696992	-35.038658	54.576542	895.492432	
0.562958	-0.755687	-0.334686	-0.405767	-0.605498	0.684635	-0.720022	-0.249615	-0.647503	-55.310165	53.756271	889.773254	
0.460186	-0.828709	-0.318544	-0.403959	-0.514944	0.756075	-0.790598	-0.219256	-0.571734	-72.736427	50.440048	873.463745	
0.408610	-0.867813	-0.282731	-0.412114	-0.451819	0.791215	-0.814371	-0.206781	-0.542256	-81.281204	45.599518	866.777649	
0.349691	-0.902574	-0.251148	-0.359067	-0.376721	0.853905	-0.865325	-0.208423	-0.455820	-89.785477	39.743309	848.539978	
0.239163	-0.947284	-0.213195	-0.359732	-0.290386	0.886718	-0.901883	-0.135377	-0.410218	-106.107018	35.708382	830.066589	
0.110802	-0.974852	-0.193356	-0.290064	-0.217804	0.931893	-0.950571	-0.047169	-0.306902	-122.231705	31.471399	817.493408	
-0.022029	-0.982994	-0.182308	-0.215927	-0.173370	0.960895	-0.976161	0.060533	-0.208435	-136.145569	26.157373	807.102051	
-0.088756	-0.982117	-0.166032	-0.115383	-0.155431	0.981085	-0.989347	0.106235	-0.099524	-147.684799	21.346369	786.090454	
-0.199449	-0.968837	-0.146881	-0.029972	-0.143792	0.989154	-0.979449	0.201689	-0.000358	-154.787888	15.543116	780.536377	
-0.269845	-0.953192	-0.136407	0.074216	-0.161830	0.984024	-0.960039	0.255411	0.114412	-163.286255	8.681402	774.736084	
-0.348129	-0.930484	-0.114035	0.128183	-0.167751	0.977460	-0.928641	0.325665	0.177672	-165.554550	1.036093	759.780945	
-0.470639	-0.876051	-0.105032	0.207585	-0.225639	0.951838	-0.857558	0.426170	0.288050	-170.278320	-12.625516	744.477356	
-0.509988	-0.844918	-0.161321	0.248438	-0.324233	0.912771	-0.823523	0.425425	0.375266	-174.159195	-25.365189	742.694275	
-0.616834	-0.771392	-0.156422	0.253643	-0.382945	0.888267	-0.745104	0.508238	0.431872	-171.219177	-33.615540	730.385681	
-0.678203	-0.723998	-0.125961	0.291603	-0.422467	0.858190	-0.674542	0.545296	0.497639	-170.558380	-41.241623	727.104675	
-0.778846	-0.623357	-0.069455	0.335608	-0.507731	0.793459	-0.529873	0.594672	0.604648	-168.832794	-49.260548	717.397217	
-0.856127	-0.515338	-0.038347	0.308258	-0.568847	0.762489	-0.414754	0.640967	0.645864	-162.755005	-65.019531	702.538208	
-0.916010	-0.399948	-0.031081	0.254791	-0.639895	0.724993	-0.309849	0.656182	0.688055	-158.902817	-73.521118	686.377747	
-0.962362	-0.271705	-0.005856	0.204844	-0.739371	0.641381	-0.178597	0.616041	0.767201	-153.343979	-89.464844	680.141113	
-0.979179	-0.202793	0.009041	0.175194	-0.821747	0.542254	-0.102537	0.532547	0.840166	-143.072372	-98.295006	674.288330	
-0.988598	-0.146937	0.032899	0.145150	-0.871837	0.467794	-0.040054	0.467235	0.883225	-129.488495	-113.742500	667.499390	
-0.998554	-0.018355	0.050504	0.036962	-0.916811	0.397608	0.039004	0.398899	0.916165	-115.259132	-121.067284	662.029724	
-0.991636	0.119907	0.047735	-0.104046	-0.961588	0.254012	0.076358	0.246920	0.966023	-108.002701	-128.750961	661.320618	
-0.977168	0.210741	0.027007	-0.204366	-0.967059	0.151758	0.058098	0.142774	0.988049	-89.822754	-133.902969	646.320435	
-0.959112	0.279962	0.041527	-0.275377	-0.956974	0.091470	0.065347	0.076294	0.994942	-80.686798	-139.549667	632.135193	
-0.909785	0.412053	0.050039	-0.411820	-0.911135	0.015347	0.051915	-0.006645	0.998630	-71.905136	-144.884949	622.547119	
-0.877280	0.477181	0.051743	-0.479816	-0.869078	-0.120331	-0.012452	-0.130392	0.991385	-62.579227	-155.018631	609.783325	
-0.845689	0.532524	0.035030	-0.524010	-0.816150	-0.243540	-0.101102	-0.224315	0.969259	-53.466393	-161.412048	605.338196	
-0.768581	0.638716	0.036387	-0.614437	-0.721134	-0.320048	-0.178181	-0.268341	0.946703	-34.026993	-169.333878	595.335999	
-0.679720	0.731196	0.057728	-0.686368	-0.606345	-0.401550	-0.258609	-0.312564	0.914017	-24.067020	-170.687195	590.278442	
-0.562282	0.825093	0.055315	-0.722291	-0.457451	-0.518683	-0.402658	-0.331600	0.853176	-4.711627	-177.589966	580.209290	
-0.435111	0.894138	0.105807	-0.773819	-0.311282	-0.551639	-0.460305	-0.321900	0.827346	14.074028	-183.006439	573.932861	
-0.305335	0.951530	0.036876	-0.751529	-0.217013	-0.622983	-0.584785	-0.217932	0.781367	22.006130	-190.061920	571.904602	
-0.185790	0.982084	0.031507	-0.712383	-0.112544	-0.692706	-0.676750	-0.151143	0.720532	29.866550	-193.160706	575.686157	
-0.043574	0.998981	-0.011736	-0.746211	-0.040354	-0.664484	-0.664280	-0.020197	0.747211	43.611664	-191.613815	574.867310	
0.016601	0.987950	-0.153879	-0.732832	-0.092674	-0.674067	-0.680205	0.123958	0.722466	46.608173	-189.716400	559.309021	
0.093999	0.973958	-0.206323	-0.704463	-0.081369	-0.705060	-0.703487	0.211621	0.678472	55.426426	-184.712662	549.712402	
0.127299	0.970720	-0.203705	-0.636873	-0.077448	-0.767068	-0.760386	0.227381	0.608369	57.411404	-180.716232	539.616333	
0.193979	0.956933	-0.215987	-0.550293	-0.076123	-0.831494	-0.812126	0.280148	0.511829	57.718628	-173.898804	524.284790	
0.368220	0.928918	-0.039043	-0.162684	0.023028	-0.986409	-0.915395	0.369568	0.159599	79.005501	-187.468002	562.640015	
0.368220	0.928918	-0.039043	-0.162684	0.023028	-0.986409	-0.915395	0.369568	0.159599	79.005501	-187.468002	562.640015	
0.368220	0.928918	-0.039043	-0.162684	0.023028	-0.986409	-0.915395	0.369568	0.159599	79.005501	-187.468002	562.640015	
0.368220	0.928918	-0.039043	-0.162684	0.023028	-0.986409	-0.915395	0.369568	0.159599	79.005501	-187.468002	562.640015	
0.368220	0.928918	-0.039043	-0.162684	0.023028	-0.986409	-0.915395	0.369568	0.159599	79.005501	-187.468002	562.640015	
0.368220	0.928918	-0.039043	-0.162684	0.023028	-0.986409	-0.915395	0.369568	0.159599	79.005501	-187.468002	562.640015	
0.368220	0.928918	-0.039043	-0.162684	0.023028	-0.986409	-0.915395	0.369568	0.159599	79.005501	-187.468002	562.640015	
0.368220	0.928918	-0.039043	-0.162684	0.023028	-0.986409	-0.915395	0.369568	0.159599	79.005501	-187.468002	562.640015	
0.866925	0.469382	-0.167695	0.196912	-0.631596	-0.749875	-0.457893	0.617064	-0.639974	55.426067	-137.352753	569.183289	
0.921543	0.343060	-0.181844	0.149072	-0.745056	-0.650130	-0.358518	0.572015	-0.737742	43.098701	-131.945999	579.059998	
0.921543	0.343060	-0.181844	0.149072	-0.745056	-0.650130	-0.358518	0.572015	-0.737742	43.098701	-131.945999	579.059998	
0.921543	0.343060	-0.181844	0.149072	-0.745056	-0.650130	-0.358518	0.572015	-0.737742	43.098701	-131.945999	579.059998	
0.968277	0.076439	-0.237901	-0.033860	-0.903145	-0.427999	-0.247575	0.422477	-0.871906	2.575905	-110.713638	598.328796	
0.959466	0.028092	-0.280421	-0.082744	-0.923087	-0.375584	-0.269403	0.383564	-0.883346	-13.129977	-96.463409	602.109436	
0.929149	-0.076979	-0.361602	-0.174455	-0.953633	-0.245255	-0.325955	0.290962	-0.899497	-32.572567	-89.750130	613.969604	
0.893249	-0.230801	-0.385794	-0.277250	-0.958345	-0.068603	-0.353890	0.168241	-0.920031	-45.043232	-76.015533	627.602905	
0.849382	-0.368948	-0.377395	-0.346837	-0.929181	0.127776	-0.397810	0.022364	-0.917195	-55.336906	-69.065132	637.086121	
0.791050	-0.401959	-0.461161	-0.339498	-0.915549	0.215660	-0.508902	-0.014035	-0.860710	-74.057983	-54.233936	644.037170	
0.696435	-0.466746	-0.545093	-0.395193	-0.883476	0.251578	-0.599000	0.040210	-0.799739	-92.779213	-46.964916	645.249695	
0.621680	-0.587863	-0.517620	-0.516407	-0.804495	0.293446	-0.588928	0.084873	-0.803716	-113.415741	-39.518570	663.349915	
0.572018	-0.630235	-0.524974	-0.501011	-0.775215	0.384745	-0.649448	0.042937	-0.759192	-132.231308	-32.906780	676.594910	
0.518367	-0.658906	-0.545104	-0.457945	-0.752214	0.473772	-0.722206	0.004040	-0.691665	-140.471863	-20.136030	679.943787	
0.414724	-0.701477	-0.579598	-0.501929	-0.707644	0.497300	-0.758993	0.084675	-0.645568	-148.704071	-7.082045	686.629761	
0.306981	-0.736481	-0.602792	-0.541342	-0.656055	0.525871	-0.782759	0.164884	-0.600085	-155.966614	-1.919947	696.438477	
0.209723	-0.759409	-0.615884	-0.527092	-0.618339	0.582950	-0.823523	0.202370	-0.529958	-170.178177	2.604300	708.359985	
0.137562	-0.742105	-0.656016	-0.428085	-0.641804	0.636263	-0.893207	0.193305	-0.405972	-181.432800	8.158978	715.873047	
0.025502	-0.718650	-0.694904	-0.444975	-0.630630	0.635849	-0.895180	0.292999	-0.335863	-187.508575	16.939278	725.104492	
-0.093691	-0.665727	-0.740290	-0.454766	-0.632842	0.626657	-0.885669	0.395371	-0.243458	-203.768875	20.687891	756.422974	
-0.134468	-0.615872	-0.776286	-0.452273	-0.658899	0.601084	-0.881684	0.431920	-0.189941	-211.812805	27.905674	787.225220	
-0.143690	-0.608809	-0.780196	-0.386300	-0.691326	0.610607	-0.911112	0.389127	-0.135846	-195.903000	35.338299	753.885010	
-0.143690	-0.608809	-0.780196	-0.386300	-0.691326	0.610607	-0.911112	0.389127	-0.135846	-195.903000	35.338299	753.885010	
-0.143690	-0.608809	-0.780196	-0.386300	-0.691326	0.610607	-0.911112	0.389127	-0.135846	-195.903000	35.338299	753.885010	
-0.143690	-0.608809	-0.780196	-0.386300	-0.691326	0.610607	-0.911112	0.389127	-0.135846	-195.903000	35.338299	753.885010	
-0.284104	-0.441486	-0.851102	-0.286313	-0.808112	0.514759	-0.915046	0.389927	0.103185	-187.159653	42.184765	802.048462	
-0.332489	-0.421878	-0.843487	-0.282761	-0.808632	0.515905	-0.899721	0.410038	0.149570	-178.289703	41.380005	808.751099	
-0.486146	-0.456085	-0.745418	-0.257464	-0.740386	0.620918	-0.835090	0.493775	0.242510	-167.839340	36.740646	811.432373	
-0.278917	-0.279606	-0.918709	-0.313508	-0.877746	0.362319	-0.907699	0.389079	0.157160	-166.296005	41.045399	845.341980	
-0.278917	-0.279606	-0.918709	-0.313508	-0.877746	0.362319	-0.907699	0.389079	0.157160	-166.296005	41.045399	845.341980	
-0.278917	-0.279606	-0.918709	-0.313508	-0.877746	0.362319	-0.907699	0.389079	0.157160	-166.296005	41.045399	845.341980	
-0.251643	-0.127964	-0.959323	-0.341474	-0.915734	0.211723	-0.905578	0.380863	0.186742	-136.602722	30.866997	889.696533	
-0.224755	-0.100873	-0.969180	-0.279605	-0.946123	0.163314	-0.933438	0.307693	0.184442	-119.750420	25.016104	905.079895	
-0.199661	-0.076601	-0.976866	-0.220937	-0.967747	0.121043	-0.954632	0.239993	0.176298	-101.665436	18.109482	919.406433	
-0.149676	-0.074407	-0.985931	-0.216837	-0.970418	0.106155	-0.964665	0.229675	0.129114	-83.125603	14.609627	922.725830	
-0.081576	-0.045794	-0.995614	-0.210276	-0.975667	0.062106	-0.974233	0.214420	0.069961	-63.919498	4.802433	935.299866	
-0.035242	-0.030463	-0.998914	-0.197957	-0.979517	0.036856	-0.979577	0.199041	0.028490	-42.249763	-2.144076	937.753418	
0.036455	-0.034029	-0.998756	-0.203283	-0.978776	0.025929	-0.978441	0.202085	-0.042599	-31.719189	-5.811125	949.588501	
0.119145	-0.003020	-0.992872	-0.233027	-0.972148	-0.025007	-0.965144	0.234346	-0.116531	-22.506092	-14.951296	945.665161	
0.214264	-0.024707	-0.976463	-0.308662	-0.950167	-0.043688	-0.926725	0.310758	-0.211213	-5.173137	-19.703720	948.891235	
0.286394	-0.080219	-0.954747	-0.376316	-0.925825	-0.035094	-0.881116	0.369338	-0.295339	13.987153	-26.531349	959.354187	
0.273021	-0.175461	-0.945871	-0.419342	-0.906603	0.047135	-0.865801	0.383775	-0.321100	26.375408	-35.370327	982.313843	
0.291710	-0.201714	-0.934995	-0.406693	-0.910906	0.069632	-0.865740	0.359944	-0.347757	36.093910	-46.277771	982.025635	
0.324024	-0.270206	-0.906640	-0.318551	-0.933543	0.164377	-0.890805	0.235550	-0.388566	51.908669	-62.252899	991.801636	
0.303228	-0.315068	-0.899324	-0.258910	-0.935495	0.240442	-0.917070	0.159936	-0.365243	63.331345	-67.363380	986.666260	
0.292999	-0.371906	-0.880816	-0.331319	-0.903660	0.271340	-0.896872	0.212329	-0.387991	76.309593	-81.527802	989.312805	
0.272843	-0.478777	-0.834463	-0.388414	-0.848358	0.359751	-0.880165	0.225962	-0.417433	87.178284	-91.231255	1008.358521	
0.212848	-0.542467	-0.812665	-0.389467	-0.809897	0.438613	-0.896109	0.223148	-0.383658	92.693298	-107.721016	1023.973755	
0.171837	-0.594213	-0.785737	-0.432057	-0.762255	0.481966	-0.885324	0.256664	-0.387718	95.534164	-123.081345	1062.114136	
0.109319	-0.664948	-0.738845	-0.448560	-0.696314	0.560303	-0.887042	0.270165	-0.374390	98.488411	-127.944641	1058.050415	
0.070957	-0.713112	-0.697449	-0.435430	-0.651217	0.621543	-0.897421	0.259589	-0.356719	100.445969	-139.888321	1052.189941	
-0.018695	-0.758156	-0.651805	-0.442492	-0.578323	0.685377	-0.896577	0.301232	-0.324667	100.795731	-148.534927	1030.864746	
-0.115558	-0.779110	-0.616144	-0.459539	-0.507990	0.728538	-0.880607	0.367332	-0.299330	100.662544	-154.752274	1032.896484	
-0.172166	-0.790919	-0.587201	-0.385674	-0.494392	0.778993	-0.906429	0.360585	-0.219920	100.186371	-168.699707	1041.099976	
-0.226899	-0.805534	-0.547386	-0.356378	-0.454391	0.816408	-0.906373	0.380319	-0.183974	92.736855	-180.389679	1044.886353	
-0.337217	-0.807820	-0.483436	-0.338986	-0.374877	0.862876	-0.878278	0.454855	-0.147425	87.207733	-185.526581	1046.947266	
-0.353521	-0.823275	-0.444118	-0.215807	-0.390187	0.895087	-0.910192	0.412276	-0.039729	75.519051	-191.704803	1048.937256	
-0.444929	-0.790044	-0.421744	-0.133866	-0.406963	0.903582	-0.885504	0.458488	0.075309	63.577080	-198.571579	1056.337891	
-0.583024	-0.736957	-0.342019	-0.035788	-0.397266	0.917005	-0.811666	0.546877	0.205241	55.630997	-206.014420	1075.481934	
-0.744460	-0.643256	-0.178889	0.088155	-0.360286	0.928667	-0.661822	0.675585	0.324925	49.048401	-203.804001	1023.390015	
-0.744460	-0.643256	-0.178889	0.088155	-0.360286	0.928667	-0.661822	0.675585	0.324925	49.048401	-203.804001	1023.390015	
-0.744460	-0.643256	-0.178889	0.088155	-0.360286	0.928667	-0.661822	0.675585	0.324925	49.048401	-203.804001	1023.390015	
-0.744460	-0.643256	-0.178889	0.088155	-0.360286	0.928667	-0.661822	0.675585	0.324925	49.048401	-203.804001	1023.390015	
-0.958783	-0.256705	0.121808	0.259209	-0.614621	0.745018	-0.116384	0.745884	0.655828	2.094732	-213.326981	997.414673	
-0.965751	-0.199050	0.166442	0.257809	-0.663712	0.702155	-0.029294	0.721017	0.692297	-17.312469	-212.788925	986.140381	
-0.962629	-0.132607	0.236137	0.258729	-0.707945	0.657171	0.080027	0.693707	0.715797	-27.450279	-212.638321	982.971680	
-0.940419	-0.093739	0.326841	0.285384	-0.740171	0.608855	0.184845	0.665853	0.722821	-46.670845	-212.392685	975.013855	
-0.906513	0.042955	0.419987	0.180340	-0.860082	0.477219	0.381722	0.508345	0.771928	-58.028305	-215.783066	989.005737	
-0.821089	0.149925	0.550758	0.052205	-0.941121	0.334017	0.568407	0.303009	0.764917	-68.727791	-214.311142	988.147888	
-0.773636	0.258740	0.578395	-0.118592	-0.955824	0.268957	0.622433	0.139481	0.770144	-76.654305	-208.114655	965.417053	
-0.713712	0.339337	0.612751	-0.303123	-0.938285	0.166549	0.631451	-0.066872	0.772526	-93.244911	-201.845398	961.552307	
-0.673259	0.377998	0.635482	-0.400256	-0.908953	0.116617	0.621705	-0.175843	0.763258	-102.069733	-197.836761	944.880493	
-0.624834	0.468452	0.624607	-0.546537	-0.833742	0.078568	0.557566	-0.292279	0.776977	-108.611710	-192.960602	931.070923	
-0.576339	0.473863	0.665798	-0.702594	-0.703417	-0.107553	0.417367	-0.529773	0.738340	-125.608948	-183.291153	926.762085	
-0.517577	0.480084	0.708260	-0.794018	-0.577928	-0.188506	0.318824	-0.659939	0.680319	-131.602051	-172.061066	916.504517	
-0.484638	0.452501	0.748577	-0.867235	-0.360240	-0.343700	0.114142	-0.815764	0.567012	-135.517303	-157.177719	886.589478	
-0.503592	0.451033	0.736861	-0.861155	-0.193612	-0.470028	-0.069334	-0.871254	0.485912	-146.402634	-151.078842	901.477539	
-0.584795	0.429774	0.687974	-0.802796	-0.184998	-0.566828	-0.116334	-0.883782	0.453208	-149.484497	-141.115829	919.392273	
-0.562015	0.406332	0.720439	-0.822326	-0.180786	-0.539533	-0.088985	-0.895663	0.435743	-148.192001	-123.866615	880.792053	
-0.348064	0.480342	0.805060	-0.932087	-0.269215	-0.242356	0.100320	-0.834743	0.541426	-139.140060	-103.655151	842.764526	
-0.188512	0.522280	0.831677	-0.940727	-0.339165	-0.000239	0.281950	-0.782426	0.555261	-133.865173	-93.122421	839.034973	
-0.098648	0.608502	0.787397	-0.872044	-0.434036	0.226171	0.479383	-0.664334	0.573457	-134.203430	-90.114243	885.768127	
0.001278	-0.047871	0.998853	-0.703553	0.709784	0.034917	-0.710642	-0.702790	-0.032772	-134.714005	-80.352600	844.242981	
0.001278	-0.047871	0.998853	-0.703553	0.709784	0.034917	-0.710642	-0.702790	-0.032772	-134.714005	-80.352600	844.242981	
0.001278	-0.047871	0.998853	-0.703553	0.709784	0.034917	-0.710642	-0.702790	-0.032772	-134.714005	-80.352600	844.242981	
0.001278	-0.047871	0.998853	-0.703553	0.709784	0.034917	-0.710642	-0.702790	-0.032772	-134.714005	-80.352600	844.242981	
-0.103719	-0.382085	0.918288	-0.147630	0.918955	0.365688	-0.983589	-0.097638	-0.151720	-106.244125	-41.205681	801.566650	
-0.148966	-0.426943	0.891924	-0.056446	0.904189	0.423386	-0.987230	0.012725	-0.158792	-98.619499	-26.851950	791.367126	
-0.196594	-0.464304	0.863581	0.102137	0.866280	0.489006	-0.975151	0.184339	-0.122883	-81.564842	-12.312842	772.823364	
-0.272913	-0.486510	0.829956	0.286832	0.782320	0.552905	-0.918284	0.388953	-0.073958	-72.943390	-5.452401	768.499268	
-0.326107	-0.518227	0.790630	0.352578	0.709329	0.610363	-0.877122	0.477802	-0.048601	-63.838398	2.114259	758.541809	
-0.382418	-0.534854	0.753451	0.465873	0.592588	0.657117	-0.797947	0.602305	0.022558	-53.200661	8.717749	740.182556	
-0.440081	-0.549846	0.709928	0.509817	0.497830	0.701607	-0.739199	0.670698	0.061236	-34.024910	21.022379	723.694092	
-0.530458	-0.585871	0.612675	0.551653	0.310193	0.774248	-0.643656	0.748690	0.158653	-23.887390	30.471668	716.686829	
-0.611617	-0.600056	0.515615	0.561245	0.130261	0.817335	-0.557611	0.789282	0.257108	-13.785332	35.248756	705.938843	
-0.703106	-0.535291	0.468088	0.584423	-0.060007	0.809228	-0.405083	0.842534	0.355028	-3.125698	43.782146	698.205322	
-0.753878	-0.517393	0.404936	0.551379	-0.163065	0.818163	-0.357280	0.840069	0.408211	7.575344	47.110462	685.768738	
-0.829075	-0.440762	0.344042	0.507904	-0.336362	0.793029	-0.233814	0.832220	0.502734	17.736885	50.921974	675.354309	
-0.906882	-0.360993	0.217370	0.385687	-0.503306	0.773258	-0.169736	0.785091	0.595670	35.201008	53.297581	656.452515	
-0.945619	-0.312125	0.091563	0.279130	-0.634124	0.721092	-0.167007	0.707436	0.686763	51.036922	55.762928	647.280029	
-0.977776	-0.208799	0.018907	0.171132	-0.742779	0.647298	-0.121111	0.636148	0.762003	58.426262	57.707390	644.613342	
-0.987684	-0.151430	-0.039361	0.096848	-0.789289	0.606337	-0.122884	0.595057	0.794234	72.020157	59.268993	640.884094	
-0.990593	-0.095153	-0.098344	0.022493	-0.822117	0.568874	-0.134980	0.561310	0.816524	82.941055	59.127583	631.192871	
-0.987622	0.014230	-0.156210	-0.088810	-0.871607	0.482095	-0.129293	0.490000	0.862081	92.101128	58.116177	624.037781	
-0.969993	0.063951	-0.234573	-0.162223	-0.888869	0.428483	-0.181102	0.453678	0.872570	97.065079	57.085400	618.989014	
-0.937633	0.162367	-0.307378	-0.275896	-0.885508	0.373842	-0.211485	0.435331	0.875078	100.225693	53.735004	608.789673	
-0.890245	0.253481	-0.378432	-0.382465	-0.867209	0.318858	-0.247355	0.428598	0.868976	102.535736	51.427895	607.107910	
-0.851915	0.291117	-0.435308	-0.419425	-0.877031	0.234307	-0.313567	0.382189	0.869257	104.093880	45.845825	605.327942	
-0.808242	0.323704	-0.491895	-0.458857	-0.869756	0.181592	-0.369046	0.372480	0.851507	102.622429	39.006016	597.958740	
-0.725239	0.337118	-0.600318	-0.486412	-0.867964	0.100211	-0.487270	0.364679	0.793459	97.914993	29.410225	592.251953	
-0.646338	0.389419	-0.656202	-0.555694	-0.829564	0.055041	-0.522927	0.400222	0.752576	94.943504	20.554661	587.713257	
-0.528118	0.393981	-0.752244	-0.618932	-0.785099	0.023337	-0.581391	0.477912	0.658472	87.268494	14.814416	584.334106	
-0.405976	0.369155	-0.836008	-0.681449	-0.731826	0.007769	-0.608943	0.572850	0.548663	77.184311	7.900711	577.380920	
-0.360960	0.350925	-0.864037	-0.667397	-0.744332	-0.023496	-0.651375	0.568174	0.502880	64.719475	0.873758	576.330444	
-0.294539	0.335119	-0.894954	-0.633505	-0.769624	-0.079695	-0.715485	0.543484	0.438983	50.491413	-6.446601	577.888306	
-0.220869	0.313953	-0.923391	-0.644343	-0.757702	-0.103495	-0.732146	0.572121	0.369646	34.481594	-19.522406	575.146973	
-0.136017	0.224329	-0.964975	-0.619621	-0.779274	-0.093821	-0.773026	0.585157	0.244993	26.657963	-26.226429	576.257019	
-0.075581	0.135372	-0.987908	-0.663303	-0.746574	-0.051556	-0.744524	0.651386	0.146219	10.436567	-31.631706	570.151428	
-0.019858	0.061229	-0.997927	-0.640496	-0.767195	-0.034327	-0.767705	0.638486	0.054451	3.842464	-39.016457	572.480408	
-0.004013	0.059801	-0.998203	-0.643422	-0.764293	-0.043202	-0.765502	0.642091	0.041544	-12.889877	-50.908157	582.984497	
0.011571	0.038089	-0.999208	-0.642687	-0.765254	-0.036613	-0.766041	0.642602	0.015624	-26.988495	-61.032284	587.068909	
-0.036763	0.109331	-0.993326	-0.624300	-0.778673	-0.062600	-0.780319	0.617832	0.096882	-40.920750	-81.025307	594.525818	
-0.081358	0.093081	-0.992329	-0.632696	-0.774123	-0.020740	-0.770114	0.626155	0.121873	-57.578640	-99.115158	620.873108	
0.036686	-0.531374	-0.846343	-0.682383	-0.632046	0.367250	-0.730074	0.564057	-0.385787	-93.528503	-105.179001	582.885986	
0.036686	-0.531374	-0.846343	-0.682383	-0.632046	0.367250	-0.730074	0.564057	-0.385787	-93.528503	-105.179001	582.885986	
0.036686	-0.531374	-0.846343	-0.682383	-0.632046	0.367250	-0.730074	0.564057	-0.385787	-93.528503	-105.179001	582.885986	
-0.136060	-0.774049	-0.618334	-0.634360	-0.411339	0.654513	-0.760970	0.481299	-0.435058	-132.159561	-133.473816	595.153015	
-0.224123	-0.783181	-0.579997	-0.649442	-0.323708	0.688068	-0.726632	0.530886	-0.436080	-146.406830	-146.176285	589.666382	
-0.312973	-0.792940	-0.522774	-0.592765	-0.266984	0.759835	-0.742077	0.547690	-0.386468	-154.320496	-158.529770	595.710754	
-0.367461	-0.840978	-0.397149	-0.506528	-0.177168	0.843825	-0.780001	0.511240	-0.360876	-170.262115	-169.744232	610.941895	
-0.469281	-0.839546	-0.273745	-0.426117	-0.056222	0.902919	-0.773434	0.540371	-0.331360	-179.300156	-174.126938	622.005493	
-0.510783	-0.850509	-0.125438	-0.300287	0.039784	0.953019	-0.805561	0.524453	-0.275717	-195.343796	-186.721832	645.352295	
-0.560101	-0.828414	-0.004028	-0.193289	0.125953	0.973024	-0.805560	0.545770	-0.230669	-211.358704	-191.848953	670.122070	
-0.582947	-0.794285	0.171124	-0.096518	0.276816	0.956063	-0.806757	0.540818	-0.238032	-200.464005	-195.283005	639.450012	
-0.582947	-0.794285	0.171124	-0.096518	0.276816	0.956063	-0.806757	0.540818	-0.238032	-200.464005	-195.283005	639.450012	
-0.582947	-0.794285	0.171124	-0.096518	0.276816	0.956063	-0.806757	0.540818	-0.238032	-200.464005	-195.283005	639.450012	
-0.582947	-0.794285	0.171124	-0.096518	0.276816	0.956063	-0.806757	0.540818	-0.238032	-200.464005	-195.283005	639.450012	
-0.582947	-0.794285	0.171124	-0.096518	0.276816	0.956063	-0.806757	0.540818	-0.238032	-200.464005	-195.283005	639.450012	
-0.572257	-0.371780	0.730959	0.642083	0.351354	0.681382	-0.510149	0.859261	0.037649	-192.665024	-206.716797	673.409546	
-0.521066	-0.340509	0.782652	0.753625	0.246915	0.609166	-0.400675	0.907241	0.127957	-175.259979	-197.971909	655.075500	
-0.519088	-0.300958	0.799982	0.817107	0.099869	0.567771	-0.250767	0.948394	0.194074	-176.684738	-201.275787	698.704285	
-0.446521	-0.293173	0.845381	0.879758	0.028517	0.474567	-0.163237	0.955634	0.245188	-169.240112	-200.405167	726.310913	
-0.437814	-0.253337	0.862635	0.894786	-0.029264	0.445537	-0.087626	0.966935	0.239495	-162.657074	-198.555664	758.265442	
-0.423648	-0.233839	0.875124	0.903619	-0.041671	0.426307	-0.063219	0.971382	0.228955	-150.914825	-198.317261	800.626953	
-0.245359	-0.162129	0.955779	0.969079	-0.014397	0.246331	-0.026176	0.986664	0.160648	-131.558609	-200.257980	807.648376	
-0.069571	-0.158686	0.984875	0.997566	-0.006226	0.069465	-0.004890	0.987309	0.158733	-108.827881	-191.464600	808.606140	
0.011658	-0.137410	0.990446	0.999380	-0.031310	-0.016107	0.033225	0.990019	0.136960	-96.672577	-188.151443	823.232727	
0.129082	-0.109856	0.985530	0.990751	-0.027653	-0.132848	0.041848	0.993563	0.105271	-84.498795	-175.300430	814.924133	
0.249779	-0.075258	0.965374	0.966468	-0.041974	-0.253334	0.059587	0.996280	0.062250	-64.410637	-162.528641	809.904419	
0.305849	-0.161614	0.938263	0.932398	-0.148501	-0.329517	0.192588	0.975617	0.105270	-54.566444	-161.189865	818.873108	
0.465235	-0.284022	0.838384	0.799278	-0.272238	-0.535761	0.380409	0.919357	0.100359	-39.793663	-156.370590	849.880188	
0.528465	-0.290398	0.797743	0.751389	-0.277375	-0.598730	0.395145	0.915823	0.071619	-21.011133	-146.290405	835.058044	
0.642150	-0.297450	0.706517	0.664263	-0.244108	-0.706517	0.382621	0.923003	0.040831	-4.874273	-133.830673	841.416260	
0.708147	-0.357357	0.608953	0.565550	-0.229253	-0.792209	0.422707	0.905394	0.039759	5.187914	-122.891151	871.082031	
0.789090	-0.422890	0.445535	0.150008	-0.570678	-0.807356	0.595681	0.703910	-0.386879	16.684519	-113.209183	919.152771	
0.877549	-0.411388	0.246308	-0.050705	-0.590429	-0.805495	0.476799	0.694372	-0.538990	22.992130	-97.211578	922.645020	
0.882342	-0.458970	0.104012	-0.188375	-0.546986	-0.815672	0.431263	0.700108	-0.569087	29.538958	-81.790810	923.175415	
0.847462	-0.529451	0.038605	-0.281421	-0.509732	-0.813004	0.450124	0.678125	-0.580977	36.081997	-67.420364	940.234985	
0.806689	-0.589876	-0.036042	-0.379710	-0.470609	-0.796459	0.452851	0.656180	-0.603616	42.298569	-52.595642	957.867981	
0.757700	-0.645225	-0.097858	-0.463957	-0.427128	-0.776084	0.458951	0.633440	-0.622990	52.285759	-45.620728	980.668579	
0.710380	-0.686944	-0.153191	-0.537863	-0.389479	-0.747669	0.453943	0.613525	-0.646160	59.646816	-30.031162	1006.485352	
0.667338	-0.730371	-0.145662	-0.578584	-0.385278	-0.718889	0.468935	0.564020	-0.679692	59.982521	-18.869701	1004.020813	
0.605346	-0.762800	-0.227356	-0.658916	-0.320003	-0.680755	0.446526	0.561901	-0.696334	62.678501	-4.782950	1012.928040	
0.571635	-0.735235	-0.364227	-0.716115	-0.230371	-0.658870	0.400518	0.637461	-0.658201	64.842056	7.541019	1002.760559	
0.534903	-0.699818	-0.473426	-0.765633	-0.164500	-0.621889	0.357331	0.695121	-0.623795	66.032440	20.360863	1000.006775	
0.497377	-0.680634	-0.537915	-0.793379	-0.106032	-0.599423	0.350952	0.724909	-0.592738	64.694061	25.840050	1005.830811	
0.450480	-0.668433	-0.591831	-0.826156	-0.060817	-0.560150	0.338430	0.741281	-0.579627	61.389694	36.951023	1017.272461	
0.380394	-0.605545	-0.699010	-0.873159	0.013936	-0.487237	0.304785	0.795689	-0.523436	53.994755	48.167397	1019.656921	
0.335526	-0.580906	-0.741599	-0.890865	0.060253	-0.450257	0.306241	0.811737	-0.497292	48.866402	58.893948	1031.633545	
0.294447	-0.546630	-0.783897	-0.901287	0.113917	-0.417978	0.317779	0.829589	-0.459128	37.852318	67.775261	1033.440063	
0.243663	-0.513578	-0.822718	-0.903076	0.189191	-0.385566	0.353670	0.836925	-0.417701	24.620409	76.920273	1046.933960	
0.205275	-0.468623	-0.859217	-0.898165	0.258554	-0.355598	0.388796	0.844713	-0.367826	17.047873	84.802872	1049.889648	
0.155056	-0.425329	-0.891657	-0.896857	0.317867	-0.307586	0.414255	0.847381	-0.332172	1.561298	88.027847	1055.000488	
0.088152	-0.327681	-0.940666	-0.888021	0.401972	-0.223246	0.451276	0.855010	-0.255553	-16.211996	91.192848	1061.544800	
0.073291	-0.263672	-0.961823	-0.886526	0.424545	-0.183938	0.456837	0.866162	-0.202637	-34.237091	93.217506	1060.533691	
0.037629	-0.145450	-0.988649	-0.875638	0.471910	-0.102757	0.481501	0.869565	-0.109604	-44.854385	95.283752	1069.696899	
0.013396	-0.085172	-0.996275	-0.858173	0.510387	-0.055173	0.513187	0.855716	-0.066255	-54.786324	96.163773	1066.028931	
-0.000046	0.024268	-0.999705	-0.876289	0.481643	0.011731	0.481788	0.876030	0.021244	-62.984802	99.997437	1053.436768	
-0.077566	0.064923	-0.994870	-0.932607	0.348049	0.095423	0.352461	0.935225	0.033551	-77.795410	101.140732	1028.317749	
-0.004040	0.215914	-0.976403	-0.805681	0.577665	0.131073	0.592336	0.787199	0.171625	-94.911804	98.907364	1089.197876	
0.014349	0.364508	-0.931089	-0.760318	0.608745	0.226596	0.649394	0.704672	0.285877	-106.922096	94.664749	1089.495605	
0.023697	0.414272	-0.909844	-0.747534	0.611637	0.259022	0.663802	0.674001	0.324177	-116.554062	90.626884	1087.534912	
0.043420	0.470820	-0.881159	-0.707952	0.636823	0.305382	0.704925	0.610559	0.360970	-127.184082	86.208138	1089.010132	
0.070091	0.515532	-0.853998	-0.685241	0.647033	0.334353	0.724937	0.561759	0.398615	-134.576111	77.945518	1078.241821	
0.104325	0.567247	-0.816912	-0.654899	0.657353	0.372818	0.748482	0.496100	0.440068	-141.929474	69.001030	1070.861938	
0.147781	0.606947	-0.780880	-0.624501	0.669505	0.402193	0.766916	0.428224	0.477980	-148.374374	64.681419	1063.461548	
0.184488	0.644668	-0.741866	-0.595484	0.673819	0.437451	0.781897	0.361065	0.508202	-154.599564	55.104237	1062.793701	
0.207089	0.680003	-0.703355	-0.583681	0.662846	0.468986	0.785132	0.313413	0.534174	-165.249878	44.165565	1059.414795	
0.272922	0.746946	-0.606286	-0.570975	0.632977	0.522804	0.774275	0.203490	0.599242	-174.063843	32.541740	1058.245972	
0.304884	0.805310	-0.508449	-0.571541	0.581756	0.578704	0.761832	0.114162	0.637637	-177.446259	27.103876	1056.110718	
0.371852	0.843548	-0.387493	-0.587217	0.537046	0.605603	0.718960	0.002348	0.695048	-180.618698	20.827057	1043.653687	
0.405219	0.872359	-0.273471	-0.599230	0.479354	0.641202	0.690451	-0.095955	0.716988	-182.810760	13.777715	1033.558472	
0.432591	0.888603	-0.152477	-0.614799	0.414437	0.671015	0.659461	-0.196532	0.725594	-182.090012	6.597455	1029.031860	
0.474458	0.879830	-0.028068	-0.627096	0.360200	0.690655	0.617771	-0.310085	0.722638	-179.580475	0.435625	1015.744080	
0.500347	0.862483	0.075990	-0.633763	0.305029	0.710844	0.589915	-0.403828	0.699231	-175.200638	-13.456930	1005.223816	
0.515361	0.844751	0.144215	-0.643897	0.270650	0.715641	0.565510	-0.461672	0.683416	-171.878738	-20.913805	995.301331	
0.525351	0.814949	0.244669	-0.661551	0.210363	0.719789	0.535124	-0.540002	0.649646	-162.304550	-34.901718	984.008484	
0.532591	0.792962	0.295900	-0.671697	0.183292	0.717792	0.514948	-0.581044	0.630251	-151.914902	-42.327358	971.811951	
0.553065	0.757154	0.347617	-0.679698	0.168767	0.713811	0.481801	-0.631058	0.607975	-140.746033	-48.574772	966.974548	
0.555389	0.729474	0.399263	-0.694785	0.143210	0.704814	0.456966	-0.668847	0.586366	-134.294373	-63.393009	964.592834	
