0.997273	-0.041487	0.061029	0.042898	0.998837	-0.021981	-0.060046	0.024539	0.997894	18.865410	3.319397	544.638977	
0.974043	-0.125159	0.188615	0.135556	0.989826	-0.043218	-0.181287	0.067664	0.981100	27.777630	6.361856	542.445129	
0.954883	-0.164964	0.246950	0.185250	0.980788	-0.061135	-0.232121	0.104125	0.967098	36.025993	13.876765	541.063782	
0.908201	-0.202865	0.366082	0.230350	0.972564	-0.032519	-0.349442	0.113861	0.930014	44.307652	17.592018	542.367188	
0.835470	-0.268898	0.479252	0.315576	0.948733	-0.017824	-0.449889	0.166132	0.877497	52.507351	24.043962	546.676270	
0.775919	-0.330005	0.537630	0.401068	0.915897	-0.016639	-0.486923	0.228536	0.843017	69.895424	25.944695	551.831421	
0.677472	-0.365223	0.638470	0.486385	0.873592	-0.016377	-0.551781	0.321637	0.769473	76.825691	29.706631	552.891541	
0.587668	-0.353947	0.727576	0.534441	0.844954	-0.020623	-0.607469	0.400966	0.685717	83.980217	30.683712	557.871338	
0.533436	-0.356039	0.767256	0.574680	0.818137	-0.019898	-0.620636	0.451540	0.641033	89.581787	31.680147	561.550598	
0.435317	-0.321606	0.840873	0.623053	0.781825	-0.023531	-0.649848	0.534152	0.540721	99.500313	31.592159	568.360901	
0.366222	-0.327901	0.870840	0.697083	0.716611	-0.023322	-0.616406	0.615589	0.491013	103.213295	30.012274	575.839050	
0.262175	-0.288114	0.921007	0.767281	0.641062	-0.017875	-0.585273	0.711357	0.389135	106.264923	27.181238	579.437134	
0.201199	-0.265854	0.942783	0.834265	0.550897	-0.022694	-0.513343	0.791096	0.332634	108.778717	25.801199	591.242065	
0.120925	-0.178178	0.976540	0.866721	0.498525	-0.016366	-0.483913	0.848366	0.214715	109.819321	20.931581	600.594360	
0.079524	-0.142047	0.986661	0.915321	0.402414	-0.015840	-0.394795	0.904370	0.162021	110.005287	15.092231	603.071289	
0.049949	-0.094190	0.994300	0.942479	0.333894	-0.015717	-0.330510	0.937892	0.105451	107.749352	8.351044	604.820068	
0.021642	-0.043394	0.998824	0.960874	0.276846	-0.008793	-0.276138	0.959934	0.047688	103.810059	4.890861	614.101685	
0.002915	0.007101	0.999971	0.985819	0.167760	-0.004066	-0.167783	0.985802	-0.006511	100.731056	-3.715653	623.546692	
-0.008180	0.068670	0.997606	0.998853	0.047621	0.004912	-0.047170	0.996502	-0.068980	96.542038	-13.908391	627.596191	
-0.010837	0.128767	0.991616	0.997812	-0.063291	0.019123	0.065223	0.989653	-0.127799	86.633949	-24.905878	633.537537	
-0.004424	0.239097	0.970986	0.981169	-0.186461	0.050385	0.193099	0.952924	-0.233770	80.695755	-31.200779	644.715576	
0.012982	0.348100	0.937368	0.967626	-0.240679	0.075977	0.252053	0.906035	-0.339956	74.674042	-37.609970	657.604065	
0.032333	0.393279	0.918851	0.949864	-0.298140	0.094182	0.310986	0.869738	-0.383202	67.721779	-49.597717	670.136597	
0.058279	0.492461	0.868381	0.926941	-0.349658	0.136083	0.370653	0.797007	-0.476861	59.422646	-56.659695	684.929688	
0.102707	0.578257	0.809364	0.906368	-0.389629	0.163357	0.409814	0.716803	-0.564132	51.375126	-69.711914	698.377808	
0.185775	0.646595	0.739866	0.847141	-0.486895	0.212803	0.497835	0.587238	-0.638211	32.821663	-83.839348	715.086670	
0.244210	0.708486	0.662125	0.811476	-0.523130	0.260464	0.530913	0.473691	-0.702673	14.600090	-97.510979	726.156189	
0.302265	0.753615	0.583694	0.788442	-0.541798	0.291229	0.535719	0.372181	-0.757949	6.056526	-103.499290	733.982788	
0.358418	0.762948	0.538002	0.743034	-0.582027	0.330371	0.565188	0.281343	-0.775506	-3.048912	-111.096855	740.175354	
0.459986	0.768044	0.445557	0.673760	-0.628743	0.388238	0.578325	0.121615	-0.806691	-12.684706	-124.935051	745.547363	
0.525964	0.774106	0.352308	0.636021	-0.633004	0.441342	0.564659	-0.008054	-0.825286	-22.800314	-139.966522	754.819336	
0.628350	0.734707	0.255697	0.571236	-0.658884	0.489449	0.528076	-0.161482	-0.833702	-31.389563	-146.195496	770.161438	
0.677090	0.718809	0.157677	0.558528	-0.641470	0.525892	0.479161	-0.268009	-0.835809	-39.244450	-160.296494	781.776123	
0.763647	0.643217	0.055803	0.503168	-0.647072	0.572817	0.404555	-0.409352	-0.817782	-47.771809	-172.687363	784.113525	
0.794342	0.606237	-0.038688	0.499721	-0.615909	0.609043	0.345396	-0.503122	-0.792193	-55.905113	-178.851501	803.409302	
0.822975	0.559672	-0.097362	0.480661	-0.594682	0.644451	0.302782	-0.577165	-0.758422	-69.587624	-191.188004	815.569580	
0.838548	0.514171	-0.180183	0.489881	-0.566818	0.662369	0.238440	-0.643696	-0.727188	-82.837837	-203.930679	828.041626	
0.856143	0.452509	-0.249508	0.482895	-0.528753	0.698020	0.183932	-0.718091	-0.671203	-93.492714	-212.507660	832.263916	
0.869782	0.399766	-0.289250	0.476645	-0.529079	0.702057	0.127623	-0.748506	-0.650731	-103.753044	-219.944794	858.843079	
0.876967	0.288052	-0.384650	0.480510	-0.515200	0.709703	0.006260	-0.807213	-0.590226	-109.937675	-222.064072	867.134766	
0.884701	0.183099	-0.428695	0.457501	-0.517456	0.723140	-0.089425	-0.835890	-0.541562	-113.309708	-231.038269	887.915100	
0.854171	0.130336	-0.503393	0.498250	-0.482148	0.720611	-0.148788	-0.866340	-0.476777	-115.411354	-236.966919	897.924683	
0.834608	0.078294	-0.545251	0.517141	-0.452288	0.726636	-0.189720	-0.888428	-0.417973	-115.784485	-238.275131	903.645386	
0.784077	0.030328	-0.619923	0.571151	-0.426172	0.701543	-0.242917	-0.904133	-0.351474	-114.903519	-244.525726	921.877075	
0.725746	-0.014035	-0.687820	0.625804	-0.401824	0.668510	-0.285765	-0.915608	-0.282839	-113.862984	-248.915436	927.939087	
0.691456	-0.056708	-0.720190	0.649759	-0.386912	0.654302	-0.315755	-0.920370	-0.230686	-110.668594	-249.953033	934.305420	
0.621798	-0.087336	-0.778293	0.691481	-0.405378	0.597932	-0.367724	-0.909967	-0.191672	-108.020248	-253.835876	951.582642	
0.577018	-0.150447	-0.802756	0.692954	-0.430040	0.578688	-0.432279	-0.890185	-0.143887	-97.050957	-250.195526	953.368042	
0.525200	-0.203648	-0.826253	0.676592	-0.488956	0.550585	-0.516127	-0.848203	-0.119013	-92.532768	-250.868378	962.459656	
0.484458	-0.219591	-0.846806	0.697535	-0.487228	0.525407	-0.527963	-0.845214	-0.082869	-80.228256	-248.802811	969.804565	
0.431709	-0.250750	-0.866460	0.692480	-0.523411	0.496499	-0.578012	-0.814349	-0.052321	-73.117462	-243.932663	970.781616	
0.362718	-0.278850	-0.889201	0.691148	-0.559550	0.457403	-0.625099	-0.780478	-0.010232	-58.088554	-238.588608	980.905212	
0.289988	-0.245259	-0.925071	0.717318	-0.584166	0.379740	-0.633530	-0.773690	0.006528	-49.145576	-231.095169	982.484009	
0.216840	-0.209795	-0.953398	0.743556	-0.597319	0.300554	-0.632538	-0.774076	0.026472	-40.173664	-225.215027	993.036133	
0.180175	-0.192234	-0.964667	0.738883	-0.620920	0.261739	-0.649297	-0.759935	0.030164	-31.048500	-216.773712	996.523743	
0.115846	-0.147295	-0.982285	0.719762	-0.669057	0.185211	-0.684486	-0.728467	0.028510	-20.925301	-208.520142	1000.716125	
0.086034	-0.120259	-0.989008	0.733445	-0.664197	0.144566	-0.674282	-0.737820	0.031060	-11.070309	-197.809738	1005.574402	
0.032450	-0.070697	-0.996970	0.766148	-0.638813	0.070236	-0.641843	-0.766106	0.033435	7.950285	-184.500549	999.119446	
0.005523	-0.002782	-0.999981	0.701491	-0.712652	0.005856	-0.712656	-0.701510	-0.001984	17.027464	-174.538498	1011.502197	
-0.008043	0.073534	-0.997260	0.656487	-0.751887	-0.060736	-0.754294	-0.655177	-0.042226	26.434971	-162.549530	1018.708069	
-0.027011	0.143244	-0.989319	0.639825	-0.757918	-0.127209	-0.768045	-0.636427	-0.071179	44.361732	-148.968506	1019.889221	
-0.008749	0.216276	-0.976293	0.600967	-0.779199	-0.178001	-0.799225	-0.588278	-0.123157	53.216866	-135.454193	1025.124268	
0.048807	0.307849	-0.950183	0.614648	-0.759111	-0.214373	-0.787290	-0.573565	-0.226268	69.443321	-118.925163	1008.656006	
0.076141	0.332884	-0.939889	0.563972	-0.791731	-0.234724	-0.822276	-0.512199	-0.248020	77.017555	-112.116280	1011.810059	
0.134014	0.354952	-0.925230	0.518929	-0.820542	-0.239627	-0.844246	-0.448016	-0.294159	90.543167	-104.927116	1011.727661	
0.210993	0.410895	-0.886932	0.522631	-0.814194	-0.252869	-0.826038	-0.410185	-0.386535	102.007050	-97.613342	999.408386	
0.197850	0.393041	-0.897983	0.495268	-0.830641	-0.254446	-0.845910	-0.394401	-0.359004	111.894051	-82.103394	1014.575684	
0.259957	0.390767	-0.883020	0.434345	-0.864043	-0.254501	-0.862418	-0.317377	-0.394342	115.165390	-66.229614	1004.961243	
0.326699	0.399709	-0.856446	0.404579	-0.878090	-0.255482	-0.854156	-0.263035	-0.448586	119.678284	-52.064068	1013.330627	
0.417875	0.391330	-0.819903	0.376179	-0.896005	-0.235929	-0.826964	-0.209842	-0.521629	123.996666	-45.289124	1011.456970	
0.475826	0.350214	-0.806809	0.344115	-0.918312	-0.195669	-0.809428	-0.184532	-0.557471	125.251328	-30.189501	1002.486572	
0.516940	0.333003	-0.788594	0.324066	-0.928795	-0.179775	-0.792309	-0.162624	-0.588047	125.086060	-15.950135	995.989929	
0.595955	0.283705	-0.751232	0.256164	-0.953799	-0.156990	-0.761064	-0.098880	-0.641096	122.293388	-2.449570	993.598083	
0.630109	0.256104	-0.733057	0.236097	-0.962537	-0.133337	-0.739743	-0.089056	-0.666970	117.530830	3.748668	981.566467	
0.678038	0.176337	-0.713561	0.142533	-0.983911	-0.107710	-0.721074	-0.028675	-0.692263	114.677872	9.121692	982.600647	
0.711143	0.136185	-0.689731	0.118214	-0.990253	-0.073637	-0.693037	-0.029170	-0.720311	105.617928	20.254211	964.309998	
0.748820	0.095029	-0.655925	0.088487	-0.995141	-0.043155	-0.656839	-0.025726	-0.753591	95.059120	24.942957	957.819763	
0.787403	-0.000137	-0.616438	0.023729	-0.999251	0.030533	-0.615981	-0.038670	-0.786811	88.617477	30.227062	949.082153	
0.811231	-0.055754	-0.582062	-0.009912	-0.996610	0.081650	-0.584642	-0.060469	-0.809034	75.050835	38.634010	944.166443	
0.818627	-0.110087	-0.563676	-0.013399	-0.984849	0.172884	-0.574169	-0.133975	-0.807700	66.602844	45.524647	937.149109	
0.837343	-0.169138	-0.519854	-0.044589	-0.968894	0.243418	-0.544855	-0.180646	-0.818840	51.508377	47.671158	935.311401	
0.837334	-0.224885	-0.498294	-0.060220	-0.943867	0.324786	-0.543364	-0.241948	-0.803876	32.982353	51.844872	918.265686	
0.818134	-0.344668	-0.460282	-0.173410	-0.911071	0.374000	-0.548255	-0.226166	-0.805149	15.184542	54.546150	912.301941	
0.783301	-0.457493	-0.420879	-0.245881	-0.849841	0.466166	-0.570948	-0.261663	-0.778171	6.128483	55.290039	897.611938	
0.725370	-0.568670	-0.387880	-0.338313	-0.785249	0.518581	-0.599484	-0.244939	-0.761986	-12.919072	55.247417	889.102234	
0.647504	-0.666029	-0.370327	-0.386171	-0.705709	0.594008	-0.656970	-0.241613	-0.714151	-33.059689	54.219742	882.017822	
0.556580	-0.751057	-0.355147	-0.404488	-0.618366	0.673804	-0.725677	-0.231373	-0.647965	-53.231960	53.446056	878.555359	
0.463581	-0.827167	-0.317624	-0.408657	-0.517666	0.751679	-0.786188	-0.218665	-0.578008	-72.237457	50.199017	875.755554	
0.410103	-0.867372	-0.281919	-0.416460	-0.453093	0.788205	-0.811404	-0.205838	-0.547041	-81.427979	45.146019	868.758972	
0.349610	-0.903118	-0.249297	-0.367835	-0.377034	0.850025	-0.861667	-0.205477	-0.464013	-90.337502	39.312489	852.612732	
0.241493	-0.947111	-0.211328	-0.370726	-0.291299	0.881877	-0.896796	-0.134623	-0.421465	-106.684677	35.285431	833.174072	
0.132847	-0.972548	-0.191050	-0.308482	-0.223756	0.924539	-0.941908	-0.063887	-0.329738	-122.050034	31.210146	815.473816	
0.017605	-0.983555	-0.179745	-0.214784	-0.179295	0.960063	-0.976503	0.021704	-0.214408	-135.722794	26.205908	804.972778	
-0.076307	-0.982494	-0.169943	-0.113720	-0.160752	0.980421	-0.990578	0.094138	-0.099462	-148.765823	21.174513	789.791626	
-0.214363	-0.965900	-0.145200	-0.018228	-0.144674	0.989311	-0.976584	0.214717	0.013408	-153.628433	14.821971	776.423706	
-0.286150	-0.949224	-0.130731	0.085984	-0.161323	0.983148	-0.954319	0.270086	0.127782	-162.341095	8.245434	770.824829	
-0.353449	-0.928395	-0.114695	0.136406	-0.172448	0.975528	-0.925455	0.329154	0.187591	-166.296906	1.006821	760.136414	
-0.473581	-0.874279	-0.106565	0.214491	-0.231835	0.948812	-0.854233	0.426482	0.297319	-169.732620	-13.084482	739.846497	
-0.527305	-0.844632	-0.092442	0.300006	-0.286866	0.909782	-0.794950	0.451998	0.404662	-172.334564	-26.907429	730.194092	
-0.630618	-0.772746	-0.071995	0.310986	-0.336596	0.888814	-0.711061	0.538112	0.452578	-172.833649	-34.941929	727.597900	
-0.685221	-0.725945	-0.058948	0.334824	-0.385846	0.859660	-0.646811	0.569319	0.507455	-170.980743	-41.935177	720.824829	
-0.778938	-0.625601	-0.043343	0.352771	-0.494281	0.794505	-0.518466	0.603580	0.605709	-169.244385	-49.422306	713.847839	
-0.857383	-0.513651	-0.032519	0.311825	-0.568685	0.761157	-0.409462	0.642462	0.647751	-163.391281	-64.717278	703.250977	
-0.919755	-0.391264	-0.031041	0.250756	-0.646614	0.720424	-0.301947	0.654829	0.692839	-159.821381	-72.854675	687.891235	
-0.965604	-0.259479	-0.016665	0.190425	-0.749365	0.634183	-0.177046	0.609196	0.773003	-155.388031	-88.430550	681.902039	
-0.980943	-0.193773	-0.014163	0.156184	-0.829815	0.535735	-0.115564	0.523314	0.844267	-141.838852	-95.933540	666.387817	
-0.991836	-0.127462	-0.003649	0.113509	-0.895582	0.430171	-0.058099	0.426245	0.902740	-129.673416	-111.475517	665.996582	
-0.999914	0.008958	0.009504	-0.005558	-0.950348	0.311137	0.011819	0.311058	0.950317	-114.998390	-118.648361	656.452332	
-0.988734	0.149149	0.012583	-0.144116	-0.971320	0.189120	0.040429	0.185176	0.981873	-106.133461	-125.381653	649.701965	
-0.976761	0.213790	0.015177	-0.209811	-0.968235	0.136011	0.043773	0.129666	0.990591	-88.845306	-131.822464	637.727051	
-0.959991	0.278857	0.025575	-0.276393	-0.958238	0.073388	0.044971	0.063384	0.996976	-80.381363	-137.981583	626.081665	
-0.913501	0.405735	0.029878	-0.405538	-0.913990	0.012658	0.032443	-0.000554	0.999474	-71.587593	-144.358704	619.275146	
-0.882655	0.468477	0.038048	-0.469510	-0.875034	-0.117791	-0.021890	-0.121833	0.992309	-61.751751	-154.710205	604.757751	
-0.846003	0.533103	-0.008792	-0.521145	-0.830285	-0.197568	-0.112625	-0.162561	0.980250	-52.954029	-158.005112	595.316406	
-0.764506	0.644464	0.013971	-0.620017	-0.729230	-0.289483	-0.176374	-0.229973	0.957081	-33.281548	-169.430740	594.781189	
-0.665192	0.746426	0.019140	-0.682003	-0.596945	-0.422524	-0.303958	-0.294113	0.906149	-23.442345	-173.250656	590.869995	
-0.557052	0.830385	0.012285	-0.711985	-0.469905	-0.521790	-0.427515	-0.299411	0.852986	-4.290308	-178.255600	578.347656	
-0.439789	0.897514	0.032429	-0.734879	-0.338870	-0.587467	-0.516272	-0.282193	0.808598	13.669285	-185.253845	578.145142	
-0.309473	0.950513	0.027357	-0.736264	-0.221312	-0.639480	-0.601780	-0.218044	0.768321	22.958254	-191.135208	574.472656	
-0.171904	0.985014	0.013897	-0.671253	-0.106798	-0.733493	-0.721018	-0.135419	0.679555	30.656551	-193.349945	573.132141	
-0.037610	0.999246	0.009534	-0.583237	-0.014203	-0.812177	-0.811430	-0.036107	0.583333	45.486290	-194.492218	571.481995	
0.101440	0.994840	0.000830	-0.468569	0.048514	-0.882094	-0.877583	0.089090	0.471074	52.343643	-194.563538	566.913635	
0.173536	0.984802	-0.006901	-0.407399	0.065406	-0.910905	-0.896610	0.160885	0.412559	63.902981	-194.374695	564.213989	
0.244212	0.969411	-0.024493	-0.351209	0.064876	-0.934047	-0.903887	0.236707	0.356311	68.894691	-193.695145	561.636169	
0.310452	0.949995	-0.033581	-0.230243	0.040873	-0.972274	-0.922283	0.309576	0.231420	73.538239	-191.962463	561.061768	
0.368474	0.928857	-0.038058	-0.164238	0.024750	-0.986110	-0.915014	0.369606	0.161674	78.757637	-187.607300	561.832642	
0.488437	0.871315	-0.047297	-0.053322	-0.024298	-0.998282	-0.870967	0.490119	0.034593	80.406731	-185.361267	563.330444	
0.546332	0.835079	-0.064518	0.051905	-0.110637	-0.992505	-0.835958	0.538887	-0.103789	81.053925	-178.961594	563.229187	
0.608226	0.790229	-0.074814	0.094708	-0.165827	-0.981597	-0.788092	0.589947	-0.175701	80.856354	-175.008530	562.613342	
0.658300	0.746787	-0.094598	0.119646	-0.227874	-0.966312	-0.743185	0.624804	-0.239360	77.221695	-166.081390	565.648865	
0.759970	0.641884	-0.102115	0.170847	-0.348869	-0.921467	-0.627100	0.682841	-0.374795	71.040932	-160.952652	566.845825	
0.801222	0.587682	-0.112568	0.208205	-0.450180	-0.868325	-0.560975	0.672283	-0.483053	66.187027	-154.786880	563.274902	
0.841571	0.522965	-0.135142	0.195570	-0.528235	-0.826268	-0.503496	0.668933	-0.546825	61.248436	-149.128464	564.666992	
0.866232	0.471225	-0.166095	0.202659	-0.635224	-0.745264	-0.456694	0.611910	-0.645751	55.970573	-138.165787	572.256714	
0.919406	0.346993	-0.185169	0.149461	-0.743719	-0.651569	-0.363802	0.571380	-0.735643	42.889462	-131.255249	576.188354	
0.938937	0.280556	-0.199212	0.109051	-0.791740	-0.601044	-0.326350	0.542618	-0.773990	28.659691	-124.658562	580.906189	
0.955347	0.211405	-0.206446	0.084497	-0.864943	-0.494703	-0.283146	0.455168	-0.844186	20.448198	-117.301704	587.555786	
0.967024	0.076009	-0.243077	-0.037196	-0.902043	-0.430039	-0.251952	0.424899	-0.869471	2.786252	-110.434860	597.450195	
0.960802	0.007141	-0.277141	-0.096407	-0.928669	-0.358157	-0.259929	0.370837	-0.891581	-15.483747	-96.299469	606.377869	
0.948912	-0.122211	-0.290912	-0.193548	-0.953573	-0.230730	-0.249206	0.275248	-0.928512	-34.781300	-89.047089	614.218567	
0.911929	-0.250841	-0.324750	-0.296218	-0.950084	-0.097947	-0.283970	0.185518	-0.940715	-44.722790	-74.373306	620.660583	
0.855504	-0.369740	-0.362499	-0.384412	-0.922544	0.033756	-0.346900	0.110470	-0.931373	-54.602833	-66.682549	628.785400	
0.814159	-0.419095	-0.401876	-0.388154	-0.907580	0.160110	-0.431834	0.025635	-0.901588	-74.929848	-52.404480	643.356812	
0.736208	-0.522305	-0.430341	-0.476063	-0.851649	0.219221	-0.480999	0.043477	-0.875642	-94.679176	-44.939621	646.553284	
0.641023	-0.609191	-0.466877	-0.551311	-0.788672	0.272126	-0.533989	0.082955	-0.841412	-113.601166	-38.534809	660.601074	
0.586240	-0.637586	-0.499806	-0.516085	-0.769472	0.376257	-0.624482	0.037365	-0.780145	-132.200485	-32.440731	675.911621	
0.524254	-0.660840	-0.537073	-0.475168	-0.750389	0.459491	-0.706663	0.014309	-0.707405	-141.038757	-20.238701	681.312683	
0.416170	-0.711269	-0.566478	-0.530782	-0.695864	0.483781	-0.738289	0.099341	-0.667127	-148.658966	-7.609584	685.183533	
0.312490	-0.748600	-0.584763	-0.568127	-0.640642	0.516536	-0.761301	0.170806	-0.625495	-156.366165	-2.673120	697.124756	
0.202104	-0.765837	-0.610448	-0.529369	-0.609834	0.589806	-0.823966	0.203949	-0.528661	-170.264206	2.162416	705.303894	
0.159170	-0.748685	-0.643533	-0.450078	-0.635193	0.627662	-0.878688	0.189734	-0.438071	-181.083984	7.577260	715.761108	
0.049319	-0.723392	-0.688673	-0.455114	-0.630046	0.629217	-0.889065	0.282391	-0.360299	-186.517395	16.613159	724.450623	
-0.049529	-0.684799	-0.727047	-0.405070	-0.651613	0.641343	-0.912943	0.326269	-0.245117	-192.580307	21.393595	734.492432	
-0.098672	-0.637146	-0.764401	-0.390616	-0.681698	0.618634	-0.915249	0.359629	-0.181614	-194.578949	28.347946	749.900696	
-0.140036	-0.608033	-0.781464	-0.377384	-0.696892	0.609856	-0.915407	0.380313	-0.131872	-196.275299	35.197483	755.795166	
-0.176895	-0.577696	-0.796854	-0.310079	-0.735682	0.602183	-0.934108	0.353610	-0.048992	-197.626602	37.438385	773.984619	
-0.255067	-0.524756	-0.812141	-0.287279	-0.760868	0.581852	-0.923261	0.381721	0.043321	-197.168045	39.110500	782.429626	
-0.277838	-0.488078	-0.827397	-0.276434	-0.784254	0.555455	-0.919994	0.383046	0.082974	-194.223511	40.868126	801.978027	
-0.288584	-0.449671	-0.845290	-0.282975	-0.803355	0.523971	-0.914682	0.390404	0.104591	-189.753250	42.845924	811.925171	
-0.310589	-0.408452	-0.858314	-0.283569	-0.822039	0.493802	-0.907261	0.396759	0.139493	-181.800232	43.229736	819.759827	
-0.280970	-0.349833	-0.893686	-0.289741	-0.856826	0.426497	-0.914934	0.378769	0.139382	-178.520279	42.600357	841.028137	
-0.267510	-0.284911	-0.920470	-0.311106	-0.878583	0.362361	-0.911948	0.383298	0.146393	-167.130875	41.213940	847.133545	
-0.270310	-0.243676	-0.931427	-0.244337	-0.918405	0.311179	-0.931252	0.311696	0.188716	-160.441452	38.483780	860.053223	
-0.270183	-0.183809	-0.945101	-0.259271	-0.931457	0.255276	-0.927242	0.314008	0.204009	-145.922913	36.290745	876.785156	
-0.246907	-0.118555	-0.961760	-0.338181	-0.919546	0.200171	-0.908113	0.374672	0.186950	-137.908310	31.634365	894.824951	
-0.222556	-0.088996	-0.970850	-0.295352	-0.942873	0.154138	-0.929104	0.321046	0.183557	-119.701836	25.041117	899.253662	
-0.212918	-0.056311	-0.975447	-0.218945	-0.970200	0.103799	-0.952223	0.235669	0.194245	-101.329803	17.621994	912.369324	
-0.178124	-0.036108	-0.983346	-0.221841	-0.972126	0.075881	-0.958675	0.231662	0.165150	-81.330505	13.274752	912.057373	
-0.107127	-0.007530	-0.994218	-0.227214	-0.973324	0.031854	-0.967934	0.229312	0.102559	-62.425255	4.454535	935.841797	
-0.042203	0.005823	-0.999093	-0.221385	-0.975179	0.003668	-0.974272	0.221338	0.042446	-42.180103	-0.769654	942.580627	
0.013802	0.007285	-0.999879	-0.221686	-0.975065	-0.010164	-0.975020	0.221798	-0.011842	-31.664251	-5.648026	946.290039	
0.048685	-0.005458	-0.998800	-0.203509	-0.979062	-0.004569	-0.977861	0.203486	-0.048776	-20.994135	-16.891233	962.289917	
0.148058	-0.042283	-0.988076	-0.284936	-0.958545	-0.001677	-0.947042	0.281786	-0.153968	-1.313692	-22.378090	976.986755	
0.233596	-0.102606	-0.966906	-0.353324	-0.935398	0.013903	-0.905866	0.338382	-0.254758	18.477814	-29.492613	982.736023	
0.277367	-0.178219	-0.944091	-0.436392	-0.898801	0.041461	-0.855937	0.400492	-0.327072	27.626841	-36.670418	983.891907	
0.299520	-0.218160	-0.928814	-0.394487	-0.914713	0.087636	-0.868715	0.340155	-0.360037	35.936954	-50.201012	987.923035	
0.330894	-0.281020	-0.900854	-0.339716	-0.926099	0.164115	-0.880398	0.251729	-0.401908	51.924644	-63.682529	994.379822	
0.330240	-0.325327	-0.886062	-0.294237	-0.927432	0.230854	-0.896864	0.184474	-0.401999	66.066994	-70.832397	1008.149719	
0.313624	-0.395931	-0.863064	-0.359809	-0.890692	0.277858	-0.878735	0.223395	-0.421803	79.106743	-85.814064	1009.743042	
0.276665	-0.491456	-0.825790	-0.410104	-0.837531	0.361048	-0.869062	0.238769	-0.433265	88.596817	-91.928947	1008.654724	
0.225999	-0.558658	-0.798014	-0.419143	-0.795264	0.438034	-0.879342	0.235486	-0.413887	94.170311	-107.010933	1016.753784	
0.159172	-0.613921	-0.773153	-0.457146	-0.739952	0.493445	-0.875031	0.274900	-0.398432	96.538666	-114.242096	1015.542908	
0.131125	-0.688892	-0.712906	-0.448882	-0.682431	0.576882	-0.883917	0.244366	-0.398716	99.200371	-120.796257	1017.107178	
0.091444	-0.724749	-0.682918	-0.458164	-0.639514	0.617339	-0.884150	0.256435	-0.390535	100.850433	-135.043076	1021.123291	
-0.008393	-0.757529	-0.652749	-0.487967	-0.566670	0.663908	-0.872821	0.324091	-0.364893	101.318115	-149.338196	1028.128052	
-0.102378	-0.781981	-0.614837	-0.477296	-0.503671	0.720073	-0.872757	0.367178	-0.321672	100.308266	-154.489700	1025.334351	
-0.160059	-0.799564	-0.578860	-0.396703	-0.484875	0.779438	-0.903884	0.354391	-0.239581	98.548271	-167.089417	1026.482788	
-0.229221	-0.808241	-0.542406	-0.361452	-0.446720	0.818410	-0.903774	0.383650	-0.189743	91.842384	-179.317749	1031.710815	
-0.333444	-0.822729	-0.460360	-0.340977	-0.350006	0.872486	-0.878947	0.447897	-0.163825	86.282738	-183.676178	1026.998657	
-0.373441	-0.828656	-0.416978	-0.209668	-0.362467	0.908107	-0.903648	0.426550	-0.038382	75.948616	-189.156479	1027.675537	
-0.498415	-0.785026	-0.367854	-0.092508	-0.373732	0.922913	-0.861988	0.494022	0.113653	63.401619	-193.698166	1027.088867	
-0.608500	-0.742069	-0.281177	0.021980	-0.369951	0.928792	-0.793248	0.558988	0.241427	56.402744	-198.676407	1031.708130	
-0.719210	-0.669677	-0.185119	0.093275	-0.357090	0.929402	-0.688502	0.651167	0.319288	47.862240	-204.789139	1026.972412	
-0.806617	-0.582909	-0.097906	0.144778	-0.355440	0.923419	-0.573068	0.730670	0.371097	39.356812	-208.789810	1030.052490	
-0.885284	-0.465050	0.000425	0.231455	-0.439815	0.867751	-0.403359	0.768304	0.497000	30.082050	-211.665634	1022.121338	
-0.939289	-0.340350	0.043569	0.239558	-0.559563	0.793412	-0.245657	0.755679	0.607125	10.468159	-214.972336	1019.036987	
-0.958624	-0.266766	0.099378	0.248501	-0.613861	0.749282	-0.138878	0.742973	0.654755	1.354873	-213.411438	997.391724	
-0.966340	-0.219905	0.133524	0.246802	-0.645871	0.722454	-0.072631	0.731089	0.678405	-16.969872	-213.026123	981.268799	
-0.970349	-0.228366	0.079186	0.213823	-0.658295	0.721754	-0.112696	0.717284	0.687607	-23.650904	-213.474121	976.493408	
-0.944183	-0.065471	0.322849	0.250459	-0.779286	0.574442	0.213982	0.623239	0.752186	-47.513802	-214.682999	994.314026	
-0.944183	-0.065471	0.322849	0.250459	-0.779286	0.574442	0.213982	0.623239	0.752186	-47.513802	-214.682999	994.314026	
-0.944183	-0.065471	0.322849	0.250459	-0.779286	0.574442	0.213982	0.623239	0.752186	-47.513802	-214.682999	994.314026	
-0.944183	-0.065471	0.322849	0.250459	-0.779286	0.574442	0.213982	0.623239	0.752186	-47.513802	-214.682999	994.314026	
-0.727745	0.339844	0.595730	-0.299520	-0.938877	0.169703	0.616989	-0.054932	0.785053	-93.529510	-200.536011	958.863159	
-0.675012	0.382274	0.631053	-0.404267	-0.907117	0.117076	0.617193	-0.176086	0.766855	-101.418823	-197.083481	946.819946	
-0.604969	0.442833	0.661750	-0.544044	-0.836721	0.062559	0.581403	-0.322175	0.747110	-108.815262	-192.360580	935.359070	
-0.481520	0.454597	0.749321	-0.705407	-0.708412	-0.023523	0.520134	-0.539903	0.661790	-122.795387	-184.001633	934.763672	
-0.388973	0.465473	0.795007	-0.814381	-0.577166	-0.060524	0.430679	-0.670981	0.603574	-129.234177	-172.950806	925.459229	
-0.299224	0.465818	0.832754	-0.916023	-0.384578	-0.114023	0.267145	-0.796940	0.541775	-134.014679	-162.212875	913.576233	
-0.248437	0.436297	0.864827	-0.961664	-0.218111	-0.166220	0.116107	-0.872968	0.473757	-141.944611	-150.183914	905.235474	
-0.174281	0.359097	0.916884	-0.984107	-0.031310	-0.174796	-0.034060	-0.932775	0.358846	-144.729935	-137.014114	901.048035	
-0.103299	0.288205	0.951981	-0.974415	0.162751	-0.155005	-0.199609	-0.943637	0.264019	-146.256088	-122.692009	885.727783	
-0.052906	0.180868	0.982084	-0.928567	0.352896	-0.115014	-0.367375	-0.918015	0.149277	-145.899246	-108.991348	869.161865	
-0.025659	0.126836	0.991592	-0.880344	0.467101	-0.082528	-0.473641	-0.875060	0.099674	-144.790497	-101.976585	867.233459	
-0.010676	0.070922	0.997425	-0.820548	0.569451	-0.049273	-0.571478	-0.818961	0.052115	-140.382843	-94.867905	856.770508	
0.001486	-0.048166	0.998839	-0.710634	0.702695	0.034943	-0.703561	-0.709860	-0.033184	-133.593246	-80.013725	836.918823	
-0.010990	-0.105646	0.994343	-0.525115	0.846859	0.084173	-0.850960	-0.521219	-0.064783	-129.626633	-72.038910	827.963806	
-0.039285	-0.222382	0.974168	-0.375558	0.906727	0.191842	-0.925966	-0.358319	-0.119138	-118.814667	-63.889881	808.320984	
-0.062106	-0.278463	0.958437	-0.263942	0.930686	0.253298	-0.962537	-0.237240	-0.131299	-113.035278	-55.900707	805.450989	
-0.111123	-0.383305	0.916913	-0.172866	0.916018	0.361981	-0.978657	-0.118278	-0.168051	-106.339088	-41.508354	800.858704	
-0.147174	-0.426433	0.892466	-0.071665	0.904518	0.420374	-0.986511	-0.002090	-0.163682	-98.612556	-27.094471	790.971313	
-0.183849	-0.472887	0.861729	0.114215	0.860458	0.496557	-0.976296	0.189715	-0.104183	-82.236885	-12.073424	776.956055	
-0.265964	-0.491071	0.829526	0.305035	0.773429	0.555664	-0.914449	0.400822	-0.055910	-73.032776	-5.375264	769.196472	
-0.317554	-0.515622	0.795798	0.373083	0.703611	0.604766	-0.871762	0.488945	-0.031064	-63.541924	1.868065	758.086609	
-0.377142	-0.533253	0.757235	0.475351	0.590254	0.652413	-0.794861	0.606006	0.030874	-53.078041	8.504695	740.599792	
-0.441075	-0.545340	0.712781	0.513149	0.498336	0.698813	-0.736295	0.673993	0.060038	-33.643299	20.621704	725.890625	
-0.523337	-0.584996	0.619595	0.553721	0.319216	0.769087	-0.647697	0.745576	0.156868	-23.836412	30.878681	720.561218	
-0.607331	-0.607008	0.512533	0.559993	0.130522	0.818151	-0.563521	0.783905	0.260651	-13.901249	35.446602	710.252625	
-0.699672	-0.548411	0.457935	0.577590	-0.056909	0.814341	-0.420534	0.834271	0.356575	-3.107887	43.634132	700.898926	
-0.753194	-0.520731	0.401917	0.550882	-0.165432	0.818022	-0.359480	0.837540	0.411464	7.483279	46.887638	682.960815	
-0.827802	-0.445582	0.340882	0.507412	-0.335443	0.793733	-0.239327	0.830022	0.503774	17.214340	50.277134	671.479919	
-0.906974	-0.358281	0.221430	0.389178	-0.511861	0.765859	-0.161053	0.780791	0.603680	35.278530	53.467220	656.700806	
-0.944632	-0.315388	0.090551	0.282568	-0.641597	0.713098	-0.166806	0.699204	0.695192	51.338463	56.163490	647.912170	
-0.977500	-0.209369	0.025619	0.176545	-0.745622	0.642559	-0.115431	0.632626	0.765809	58.518742	57.956760	642.606384	
-0.986715	-0.157355	-0.040405	0.101411	-0.790876	0.603517	-0.126922	0.591403	0.796326	71.910385	59.265686	638.920959	
-0.988687	-0.104400	-0.107694	0.026854	-0.829609	0.557701	-0.147569	0.548500	0.823027	83.021202	59.392578	631.131531	
-0.984595	0.007100	-0.174702	-0.089087	-0.880120	0.466318	-0.150449	0.474700	0.867195	92.553169	58.490116	624.133484	
-0.969822	0.061045	-0.236048	-0.158502	-0.893505	0.420151	-0.185263	0.444887	0.876217	96.688545	57.000996	616.751587	
-0.939761	0.166741	-0.298407	-0.276637	-0.883774	0.377379	-0.200800	0.437198	0.876664	98.481514	53.272179	601.896118	
-0.897010	0.259222	-0.358018	-0.379577	-0.866780	0.323442	-0.226480	0.426028	0.875905	100.034309	50.733582	599.171387	
-0.857760	0.302108	-0.415907	-0.428321	-0.867398	0.253301	-0.284233	0.395415	0.873419	99.773422	45.252583	590.512451	
-0.812008	0.334207	-0.478485	-0.467394	-0.863355	0.190161	-0.349550	0.378055	0.857258	99.780869	37.984882	591.238281	
-0.728890	0.345604	-0.590997	-0.490157	-0.866102	0.098044	-0.477979	0.361146	0.800694	96.436241	29.013302	589.760193	
-0.651816	0.398568	-0.645197	-0.561188	-0.825733	0.056853	-0.510101	0.399136	0.761899	93.651207	19.801603	587.886414	
-0.535222	0.410460	-0.738281	-0.624397	-0.780888	0.018514	-0.568916	0.470891	0.674240	85.862350	13.842892	585.291138	
-0.414556	0.388873	-0.822752	-0.674824	-0.737926	-0.008759	-0.610536	0.551584	0.568334	75.655785	7.641600	581.832214	
-0.355159	0.368324	-0.859186	-0.655214	-0.753635	-0.052231	-0.666751	0.544402	0.508992	63.828800	0.815384	579.094788	
-0.295346	0.341657	-0.892212	-0.634634	-0.768223	-0.084097	-0.714150	0.541392	0.443720	49.797607	-6.664217	574.737488	
-0.219569	0.319532	-0.921786	-0.645558	-0.755995	-0.108290	-0.731467	0.571290	0.372270	34.252117	-19.743574	572.737610	
-0.139079	0.220771	-0.965359	-0.614531	-0.783663	-0.090683	-0.776536	0.580632	0.244663	25.811077	-27.539925	571.309814	
-0.069611	0.114277	-0.991008	-0.619796	-0.783366	-0.046798	-0.781669	0.610966	0.125360	8.033923	-35.306885	567.873962	
0.004597	-0.009949	-0.999941	-0.588228	-0.808677	0.005342	-0.808682	0.588170	-0.009568	-1.131218	-43.696480	568.259949	
0.020575	-0.068677	-0.997428	-0.556413	-0.829651	0.045647	-0.830651	0.554044	-0.055281	-20.884380	-58.134377	568.845154	
0.061094	-0.195530	-0.978794	-0.568307	-0.812967	0.126931	-0.820545	0.548502	-0.160787	-40.636585	-66.785767	570.423523	
0.075285	-0.267096	-0.960726	-0.604817	-0.778234	0.168965	-0.792798	0.568343	-0.220132	-61.203072	-82.568703	570.682617	
0.055885	-0.380075	-0.923267	-0.651805	-0.714365	0.254624	-0.756325	0.587561	-0.287656	-81.260056	-97.432404	572.623413	
0.029839	-0.522570	-0.852076	-0.677669	-0.637205	0.367061	-0.734761	0.566473	-0.373142	-92.745682	-104.598091	579.388184	
-0.013222	-0.641672	-0.766867	-0.682970	-0.554365	0.475638	-0.730326	0.530036	-0.430912	-103.174576	-111.956795	583.694580	
-0.052378	-0.690568	-0.721370	-0.652547	-0.523141	0.548185	-0.755936	0.499441	-0.423226	-122.811798	-119.807411	588.561401	
-0.132958	-0.775467	-0.617233	-0.644832	-0.405250	0.648046	-0.752670	0.484175	-0.446164	-131.496704	-133.015503	592.280151	
-0.214098	-0.798584	-0.562519	-0.646152	-0.316093	0.694675	-0.732563	0.512202	-0.448331	-147.143433	-145.631409	595.727661	
-0.302113	-0.809209	-0.503895	-0.603020	-0.247165	0.758471	-0.738305	0.533003	-0.413296	-154.276047	-157.770401	597.691528	
-0.355194	-0.854499	-0.379038	-0.511854	-0.161505	0.843755	-0.782203	0.493710	-0.380013	-169.857849	-170.750641	611.198181	
-0.447448	-0.860478	-0.243657	-0.434199	-0.029161	0.900346	-0.781832	0.508654	-0.360569	-178.376755	-178.334274	625.491699	
-0.505321	-0.856195	-0.107610	-0.316748	0.068039	0.946068	-0.802696	0.512154	-0.305579	-186.943985	-186.754593	628.305908	
-0.539681	-0.841479	0.025643	-0.221713	0.171449	0.959923	-0.812150	0.512368	-0.279094	-194.490311	-190.946381	634.930725	
-0.580763	-0.796912	0.166265	-0.107426	0.277477	0.954709	-0.806953	0.536600	-0.246756	-199.356613	-194.379089	635.584534	
-0.630764	-0.714332	0.303093	0.061495	0.343353	0.937193	-0.773534	0.609787	-0.172646	-202.156647	-196.265045	645.397095	
-0.652096	-0.620845	0.435111	0.231508	0.383442	0.894080	-0.721924	0.683758	-0.106309	-204.102676	-203.001404	654.811218	
-0.663701	-0.509060	0.548050	0.374231	0.408411	0.832559	-0.647651	0.757668	-0.080556	-200.438934	-204.377304	659.114746	
-0.610495	-0.433594	0.662791	0.516762	0.416108	0.748206	-0.600210	0.799282	-0.029965	-199.824203	-206.473984	671.752625	
-0.602323	-0.348453	0.718184	0.632435	0.340651	0.695689	-0.487065	0.873235	0.015193	-197.191422	-208.726166	681.552795	
-0.538878	-0.252120	0.803770	0.756196	0.275654	0.593449	-0.371183	0.927606	0.042110	-189.247528	-207.958038	686.883240	
-0.444018	-0.168262	0.880078	0.855810	0.211287	0.472172	-0.265399	0.962833	0.050186	-183.716324	-206.156998	700.108276	
-0.388521	-0.129848	0.912246	0.899496	0.161325	0.406054	-0.199894	0.978323	0.054121	-179.965469	-205.805283	718.163574	
-0.266500	-0.075491	0.960875	0.958426	0.084706	0.272476	-0.101963	0.993543	0.049780	-166.665466	-203.800735	732.068542	
-0.128200	-0.043131	0.990811	0.991449	0.018943	0.129107	-0.024339	0.998891	0.040335	-148.728546	-197.274704	740.966980	
0.005501	-0.008961	0.999946	0.999002	-0.044278	-0.005893	0.044327	0.998980	0.008710	-132.111038	-195.056152	753.154846	
0.133408	0.035777	0.990416	0.977978	-0.166599	-0.125716	0.160503	0.985376	-0.057214	-116.387199	-191.945770	769.209900	
0.214236	0.010996	0.976721	0.940869	-0.270973	-0.203323	0.262427	0.962525	-0.068397	-105.665268	-185.302948	786.439331	
0.344933	-0.003839	0.938620	0.879077	-0.349194	-0.324481	0.329004	0.937044	-0.117073	-94.419807	-174.677368	796.972900	
0.456655	-0.051346	0.888161	0.793177	-0.428636	-0.432600	0.402908	0.902018	-0.155011	-75.824341	-164.340683	813.470520	
0.576599	-0.065811	0.814373	0.697954	-0.478482	-0.532839	0.424727	0.875629	-0.229958	-65.262367	-160.599228	843.842407	
0.671681	-0.134560	0.728518	0.569575	-0.535033	-0.623961	0.473739	0.834048	-0.282728	-45.424732	-149.909958	852.575623	
0.718331	-0.164736	0.675917	0.482880	-0.581356	-0.654870	0.500827	0.796799	-0.338058	-24.972862	-144.275238	869.693909	
0.787971	-0.248108	0.563511	0.330154	-0.602261	-0.726831	0.519711	0.758766	-0.392650	-5.783571	-130.452667	877.159058	
0.839492	-0.308640	0.447208	0.187036	-0.608599	-0.771122	0.510167	0.730993	-0.453186	3.880365	-117.377655	886.880249	
0.858457	-0.343290	0.381058	0.095404	-0.623121	-0.776287	0.503935	0.702762	-0.502171	13.575905	-110.953125	896.061829	
0.868626	-0.427195	0.250987	-0.063065	-0.597774	-0.799182	0.491438	0.678361	-0.546182	21.669104	-96.734947	910.747620	
0.878818	-0.464587	0.108809	-0.193396	-0.555276	-0.808869	0.436207	0.689804	-0.577835	29.417845	-81.778488	912.202026	
0.845982	-0.530644	0.052282	-0.271830	-0.513555	-0.813862	0.458719	0.674300	-0.578703	36.458748	-67.671539	926.755188	
0.805602	-0.592231	-0.016413	-0.362849	-0.471302	-0.803876	0.468343	0.653559	-0.594573	42.771553	-53.302628	951.150940	
0.761796	-0.642108	-0.085826	-0.447950	-0.426414	-0.785820	0.467982	0.637079	-0.612473	52.639668	-46.448715	961.568176	
0.722076	-0.656891	-0.217032	-0.546138	-0.348680	-0.761680	0.424664	0.668519	-0.610527	61.001709	-32.190582	967.778992	
0.686776	-0.669343	-0.283408	-0.607100	-0.313808	-0.730037	0.399708	0.673429	-0.621874	63.878731	-18.221117	972.573425	
0.624244	-0.700852	-0.345149	-0.666439	-0.247196	-0.703387	0.407649	0.669105	-0.621386	65.332008	-3.950380	977.968445	
0.583517	-0.700019	-0.411685	-0.712934	-0.198808	-0.672458	0.388886	0.685894	-0.615076	67.221832	9.105822	991.509888	
0.533011	-0.705503	-0.467085	-0.766414	-0.168686	-0.619802	0.358480	0.688341	-0.630619	67.178848	22.270504	1003.317383	
0.495248	-0.669099	-0.554110	-0.791230	-0.084026	-0.605718	0.358724	0.738409	-0.571026	63.015465	27.653568	995.169373	
0.457857	-0.657834	-0.598016	-0.819855	-0.052294	-0.570179	0.343809	0.751346	-0.563272	61.246658	38.407219	1016.662842	
0.396816	-0.581264	-0.710402	-0.860127	0.034764	-0.508893	0.320496	0.812972	-0.486167	53.376358	49.273369	1015.448547	
0.346818	-0.550961	-0.759053	-0.883642	0.079406	-0.461381	0.314475	0.830745	-0.459313	47.003231	59.257412	1012.498657	
0.298026	-0.540515	-0.786782	-0.898250	0.120100	-0.422757	0.322998	0.832718	-0.449725	36.981258	68.112061	1018.095154	
0.243099	-0.498764	-0.831949	-0.909355	0.181326	-0.374425	0.337603	0.847559	-0.409473	24.988302	76.553970	1033.273804	
0.165666	-0.432786	-0.886145	-0.932978	0.222370	-0.283026	0.319541	0.873641	-0.366941	15.614491	83.431999	1013.964417	
0.136121	-0.416537	-0.898871	-0.908747	0.308826	-0.280725	0.394526	0.855058	-0.336489	0.528797	86.455986	1031.636475	
0.064641	-0.334673	-0.940116	-0.901359	0.384686	-0.198920	0.428221	0.860240	-0.276794	-15.217741	87.727859	1024.551392	
0.063949	-0.270275	-0.960657	-0.886414	0.426843	-0.179097	0.458455	0.862992	-0.212280	-35.323799	93.615799	1062.819946	
0.063949	-0.270275	-0.960657	-0.886414	0.426843	-0.179097	0.458455	0.862992	-0.212280	-35.323799	93.615799	1062.819946	
0.063949	-0.270275	-0.960657	-0.886414	0.426843	-0.179097	0.458455	0.862992	-0.212280	-35.323799	93.615799	1062.819946	
0.063949	-0.270275	-0.960657	-0.886414	0.426843	-0.179097	0.458455	0.862992	-0.212280	-35.323799	93.615799	1062.819946	
-0.013331	0.176924	-0.984134	-0.812068	0.572340	0.113894	0.583410	0.800703	0.136043	-85.598495	94.793312	1064.309204	
-0.011139	0.229253	-0.973303	-0.796211	0.586807	0.147329	0.604917	0.776596	0.175996	-97.009636	95.135612	1078.967651	
0.006807	0.345252	-0.938486	-0.775782	0.594002	0.212896	0.630965	0.726611	0.271883	-107.241623	91.081924	1071.264771	
0.013995	0.406455	-0.913564	-0.748029	0.610541	0.260177	0.663519	0.679731	0.312584	-117.225906	88.162209	1080.677612	
0.047543	0.470335	-0.881206	-0.720721	0.626969	0.295754	0.691594	0.621043	0.368788	-124.417709	82.317490	1070.549194	
0.076453	0.520628	-0.850354	-0.692467	0.641344	0.330404	0.717387	0.563582	0.409549	-133.221375	76.166481	1071.146118	
0.113987	0.569035	-0.814375	-0.664079	0.653322	0.363551	0.738923	0.499370	0.452353	-140.095490	68.021706	1063.325562	
0.152800	0.609494	-0.777927	-0.628422	0.667447	0.399500	0.762718	0.427823	0.485004	-148.164078	64.653030	1063.302124	
0.196953	0.650060	-0.733915	-0.598422	0.672665	0.435216	0.776596	0.353474	0.521493	-154.116333	54.635612	1058.883545	
0.229507	0.687775	-0.688689	-0.587368	0.662078	0.465458	0.776097	0.297687	0.555928	-164.437164	44.271221	1054.531128	
0.282081	0.749771	-0.598561	-0.580546	0.630103	0.515691	0.763805	0.202025	0.613015	-173.028946	32.738945	1051.165894	
0.310664	0.806204	-0.503511	-0.581081	0.580292	0.570619	0.752219	0.115310	0.648745	-175.358673	27.642838	1046.718994	
0.352109	0.849667	-0.392538	-0.583898	0.527187	0.617363	0.731494	0.011823	0.681745	-181.143066	21.175308	1047.341431	
0.384769	0.878039	-0.284606	-0.587815	0.470829	0.657871	0.711637	-0.085833	0.697284	-183.815567	14.442180	1036.685791	
0.421526	0.892574	-0.160085	-0.601744	0.407389	0.686978	0.678396	-0.193249	0.708826	-183.002930	7.252735	1032.095581	
0.464399	0.884716	-0.040156	-0.613850	0.354238	0.705482	0.638375	-0.302975	0.707590	-180.333847	1.020146	1020.308594	
0.506622	0.858372	0.080816	-0.633750	0.307207	0.709920	0.584547	-0.410879	0.699631	-176.079803	-12.796089	1007.836487	
0.518207	0.844682	0.134068	-0.634658	0.274711	0.722318	0.573299	-0.459398	0.678441	-172.987045	-19.994038	1000.447205	
0.526203	0.813280	0.248368	-0.666285	0.212839	0.714678	0.528370	-0.541550	0.653872	-163.366287	-34.634300	984.412170	
0.524139	0.796030	0.302681	-0.680048	0.177263	0.711417	0.512654	-0.578719	0.634248	-153.641190	-42.378227	975.865967	
0.540856	0.760295	0.359759	-0.691185	0.158006	0.705194	0.479310	-0.630069	0.610963	-141.040100	-49.340916	958.405701	
0.539096	0.732056	0.416497	-0.711310	0.130920	0.690579	0.451014	-0.668547	0.591297	-134.090332	-63.812935	952.109314	
