0.997320	-0.048294	0.054962	0.044066	0.996156	0.075704	-0.058407	-0.073079	0.995615	18.775305	5.323708	543.912598	
0.977263	-0.134754	0.163705	0.115006	0.985510	0.124677	-0.178134	-0.103015	0.978599	27.470116	10.162930	545.178955	
0.953202	-0.176182	0.245694	0.150568	0.981344	0.119553	-0.262174	-0.076964	0.961947	36.182842	18.373852	549.507751	
0.887235	-0.208806	0.411356	0.186206	0.977928	0.094781	-0.422068	-0.007496	0.906534	44.714321	20.780493	552.563110	
0.802875	-0.274051	0.529422	0.274493	0.958274	0.079772	-0.529193	0.081275	0.844600	52.725780	26.347155	555.834778	
0.721443	-0.340643	0.602895	0.357342	0.928898	0.097233	-0.593150	0.145292	0.791874	69.824890	27.924305	559.579956	
0.647519	-0.367325	0.667676	0.482615	0.875724	0.013738	-0.589746	0.313335	0.744326	76.657509	31.414347	560.210510	
0.570959	-0.313321	0.758838	0.591468	0.798008	-0.115534	-0.569360	0.514793	0.640950	82.686447	33.974506	563.020691	
0.546355	-0.301927	0.781240	0.638045	0.754299	-0.154698	-0.542581	0.582986	0.604759	87.821091	35.215080	565.143982	
0.526024	-0.268396	0.807008	0.672944	0.711583	-0.201980	-0.520042	0.649317	0.554926	98.435226	36.295349	577.106567	
0.481944	-0.261563	0.836251	0.740151	0.632326	-0.228781	-0.468942	0.729210	0.498342	101.854218	36.198154	588.955750	
0.501575	-0.217202	0.837404	0.769800	0.553741	-0.317456	-0.394753	0.803861	0.444945	105.586525	34.917580	599.921265	
0.530289	-0.168050	0.830995	0.793406	0.443842	-0.416546	-0.298830	0.880206	0.368697	106.131653	33.722992	605.334717	
0.535097	-0.108728	0.837765	0.789619	0.416874	-0.450243	-0.300288	0.902437	0.308922	111.162086	31.420345	638.485291	
0.514059	-0.059991	0.855655	0.820008	0.327040	-0.469715	-0.251654	0.943104	0.217311	110.918045	26.315334	645.887817	
0.521841	-0.020253	0.852803	0.826677	0.258634	-0.499713	-0.210443	0.965763	0.151709	110.201370	19.193775	655.128479	
0.018432	-0.041178	0.998982	0.960376	0.278638	-0.006234	-0.278097	0.959513	0.044682	104.724998	4.812450	620.288025	
0.018432	-0.041178	0.998982	0.960376	0.278638	-0.006234	-0.278097	0.959513	0.044682	104.724998	4.812450	620.288025	
0.018432	-0.041178	0.998982	0.960376	0.278638	-0.006234	-0.278097	0.959513	0.044682	104.724998	4.812450	620.288025	
0.018432	-0.041178	0.998982	0.960376	0.278638	-0.006234	-0.278097	0.959513	0.044682	104.724998	4.812450	620.288025	
-0.018305	0.242295	0.970030	0.980431	-0.185849	0.064923	0.196010	0.952236	-0.234152	81.295937	-31.764450	648.924805	
0.013956	0.357024	0.933991	0.965817	-0.246620	0.079841	0.258846	0.900951	-0.348261	76.145607	-38.687977	668.318237	
0.025499	0.395783	0.917990	0.950382	-0.294395	0.100527	0.310039	0.869878	-0.383651	68.652962	-50.701233	676.787964	
0.064151	0.494628	0.866733	0.930542	-0.343416	0.127107	0.360521	0.798379	-0.482303	60.702911	-57.857140	688.713318	
0.097484	0.562241	0.821207	0.911934	-0.380927	0.152548	0.398589	0.734016	-0.549861	52.954384	-71.076736	700.996826	
0.225438	0.582418	0.781003	0.888417	-0.451911	0.080561	0.399865	0.675696	-0.619308	38.168045	-87.529633	715.898010	
0.363177	0.589939	0.721162	0.875418	-0.481041	-0.047350	0.318976	0.648515	-0.691146	21.333876	-99.779556	705.998413	
0.402035	0.691923	0.599675	0.851187	-0.523778	0.033697	0.337413	0.496889	-0.799533	11.348085	-105.346970	718.349426	
0.412120	0.734228	0.539505	0.793628	-0.580138	0.183286	0.447562	0.352630	-0.821790	0.137666	-112.754326	735.997253	
0.484157	0.774280	0.407532	0.653266	-0.629728	0.420340	0.582096	0.062716	-0.810698	-12.477078	-125.071960	744.894043	
0.481102	0.777681	0.404664	0.543276	-0.626754	0.558597	0.688035	-0.048898	-0.724028	-22.036289	-140.589096	756.994629	
0.570791	0.738316	0.359287	0.472872	-0.653301	0.591260	0.671260	-0.167589	-0.722027	-31.022579	-147.655457	777.776123	
0.585130	0.721459	0.370298	0.406134	-0.655944	0.636232	0.701910	-0.221887	-0.676821	-39.246876	-160.614944	785.707092	
0.529005	0.665749	0.526243	0.208769	-0.703156	0.679696	0.822538	-0.249699	-0.510960	-45.970978	-171.234283	775.353333	
0.421545	0.636562	0.645823	0.078857	-0.735230	0.673214	0.903373	-0.232862	-0.360130	-52.337337	-174.895782	779.384644	
0.401733	0.598874	0.692790	0.024506	-0.763283	0.645599	0.915429	-0.242381	-0.321312	-66.023270	-188.850861	796.172974	
0.396425	0.562906	0.725247	-0.025858	-0.782813	0.621719	0.917703	-0.265218	-0.295771	-80.044220	-204.771240	819.475281	
0.390321	0.517641	0.761378	-0.054669	-0.812485	0.580412	0.919055	-0.268170	-0.288831	-93.047165	-219.080673	844.109985	
0.393742	0.460999	0.795265	-0.082161	-0.844039	0.529950	0.915542	-0.274003	-0.294458	-103.532043	-225.517136	865.648254	
0.424395	0.358506	0.831482	-0.090994	-0.896746	0.433089	0.900894	-0.259460	-0.347953	-110.697937	-230.223251	885.178040	
0.507397	0.214942	0.834474	-0.161994	-0.927333	0.337359	0.846349	-0.306355	-0.435707	-115.631607	-243.772598	918.772339	
0.853696	0.127297	-0.504973	0.500304	-0.469647	0.727412	-0.144562	-0.873629	-0.464623	-115.860001	-238.270996	901.768005	
0.853696	0.127297	-0.504973	0.500304	-0.469647	0.727412	-0.144562	-0.873629	-0.464623	-115.860001	-238.270996	901.768005	
0.853696	0.127297	-0.504973	0.500304	-0.469647	0.727412	-0.144562	-0.873629	-0.464623	-115.860001	-238.270996	901.768005	
0.853696	0.127297	-0.504973	0.500304	-0.469647	0.727412	-0.144562	-0.873629	-0.464623	-115.860001	-238.270996	901.768005	
0.853696	0.127297	-0.504973	0.500304	-0.469647	0.727412	-0.144562	-0.873629	-0.464623	-115.860001	-238.270996	901.768005	
0.652505	-0.074715	-0.754092	0.685824	-0.365030	0.629601	-0.322307	-0.927992	-0.186943	-104.989578	-246.806030	925.882324	
0.662054	-0.112842	-0.740912	0.675136	-0.339414	0.654973	-0.325384	-0.933844	-0.148527	-92.686134	-240.462128	916.447021	
0.522662	-0.202933	-0.828035	0.681231	-0.484557	0.548752	-0.512590	-0.850895	-0.115015	-93.022003	-252.479004	968.301025	
0.522662	-0.202933	-0.828035	0.681231	-0.484557	0.548752	-0.512590	-0.850895	-0.115015	-93.022003	-252.479004	968.301025	
0.522662	-0.202933	-0.828035	0.681231	-0.484557	0.548752	-0.512590	-0.850895	-0.115015	-93.022003	-252.479004	968.301025	
0.522662	-0.202933	-0.828035	0.681231	-0.484557	0.548752	-0.512590	-0.850895	-0.115015	-93.022003	-252.479004	968.301025	
0.222247	-0.238991	-0.945246	0.762090	-0.562121	0.321307	-0.608132	-0.791772	0.057202	-48.974968	-229.038910	974.943970	
0.149142	-0.204437	-0.967451	0.782720	-0.573463	0.241845	-0.604240	-0.793313	0.074490	-39.879913	-224.051956	987.807617	
0.153909	-0.176161	-0.972255	0.801223	-0.553580	0.227136	-0.578233	-0.813951	0.055943	-30.315014	-211.236465	971.388245	
0.122403	-0.153531	-0.980534	0.743071	-0.640752	0.193088	-0.657923	-0.752240	0.035654	-20.841883	-205.115616	984.642761	
0.093297	-0.121386	-0.988211	0.765394	-0.626037	0.149159	-0.636763	-0.770287	0.034501	-10.802933	-195.642838	994.021240	
0.039498	-0.062435	-0.997267	0.768637	-0.635816	0.070248	-0.638465	-0.769311	0.022876	7.547873	-183.811340	993.761719	
0.095717	-0.009343	-0.995365	0.745613	-0.661808	0.077912	-0.659468	-0.749615	-0.056380	17.389988	-172.401413	996.102661	
0.105321	0.023128	-0.994169	0.750195	-0.658095	0.064165	-0.652774	-0.752579	-0.086662	27.228790	-156.755096	981.957092	
-0.025843	0.139531	-0.989880	0.639835	-0.758505	-0.123621	-0.768078	-0.636555	-0.069675	44.483299	-149.996002	1024.770020	
-0.025843	0.139531	-0.989880	0.639835	-0.758505	-0.123621	-0.768078	-0.636555	-0.069675	44.483299	-149.996002	1024.770020	
-0.025843	0.139531	-0.989880	0.639835	-0.758505	-0.123621	-0.768078	-0.636555	-0.069675	44.483299	-149.996002	1024.770020	
-0.025843	0.139531	-0.989880	0.639835	-0.758505	-0.123621	-0.768078	-0.636555	-0.069675	44.483299	-149.996002	1024.770020	
0.148563	0.301928	-0.941684	0.668189	-0.732637	-0.129486	-0.729008	-0.609986	-0.310588	86.802437	-102.296661	986.792114	
0.137765	0.354139	-0.924990	0.644531	-0.741164	-0.187765	-0.752064	-0.570317	-0.330360	100.446823	-97.380722	1001.672791	
0.158129	0.349934	-0.923332	0.597248	-0.778546	-0.192776	-0.786315	-0.520974	-0.332107	110.872894	-81.671021	1005.072144	
0.176449	0.344643	-0.922002	0.568792	-0.800176	-0.190251	-0.803332	-0.490857	-0.337220	115.820412	-66.195908	1014.193359	
0.138826	0.308932	-0.940898	0.648681	-0.746269	-0.149317	-0.748291	-0.589613	-0.304000	118.484016	-51.206062	1000.942505	
0.110704	0.262154	-0.958656	0.682226	-0.721473	-0.118511	-0.722712	-0.640900	-0.258718	120.804413	-43.798401	978.346497	
0.130926	0.205504	-0.969860	0.713746	-0.698498	-0.051653	-0.688059	-0.685470	-0.238129	120.380196	-28.835487	961.333252	
0.518555	0.330956	-0.788396	0.326615	-0.928802	-0.175070	-0.790204	-0.166718	-0.589731	125.502998	-15.991500	998.991028	
0.518555	0.330956	-0.788396	0.326615	-0.928802	-0.175070	-0.790204	-0.166718	-0.589731	125.502998	-15.991500	998.991028	
0.518555	0.330956	-0.788396	0.326615	-0.928802	-0.175070	-0.790204	-0.166718	-0.589731	125.502998	-15.991500	998.991028	
0.518555	0.330956	-0.788396	0.326615	-0.928802	-0.175070	-0.790204	-0.166718	-0.589731	125.502998	-15.991500	998.991028	
0.518555	0.330956	-0.788396	0.326615	-0.928802	-0.175070	-0.790204	-0.166718	-0.589731	125.502998	-15.991500	998.991028	
0.775944	0.088602	-0.624548	0.083489	-0.995802	-0.037542	-0.625253	-0.023013	-0.780083	94.211334	25.312107	951.770386	
0.811200	0.001189	-0.584767	0.017755	-0.999587	0.022598	-0.584499	-0.028714	-0.810886	88.613129	30.525787	952.927612	
0.801484	-0.059033	-0.595096	-0.032001	-0.997924	0.055893	-0.597160	-0.025754	-0.801708	75.141670	38.729744	949.934875	
0.798757	-0.102702	-0.592824	-0.085313	-0.994701	0.057374	-0.595576	0.004748	-0.803285	66.308418	44.108749	935.009583	
0.883562	-0.164687	-0.438403	-0.140058	-0.986208	0.088198	-0.446882	-0.016527	-0.894440	49.642845	45.952866	915.700745	
0.896610	-0.237232	-0.373914	-0.167706	-0.963408	0.209098	-0.409837	-0.124772	-0.903585	32.019901	49.924973	912.255432	
0.753786	-0.356037	-0.552308	-0.165053	-0.916137	0.365310	-0.636054	-0.184206	-0.749335	13.634446	53.639095	910.470459	
0.740893	-0.462365	-0.487131	-0.202340	-0.845270	0.494549	-0.640419	-0.267842	-0.719808	4.731121	54.711510	892.197205	
0.744115	-0.541124	-0.391764	-0.230387	-0.758313	0.609822	-0.627069	-0.363521	-0.688939	-13.606972	55.132244	876.383850	
0.757541	-0.539512	-0.367504	-0.048972	-0.608359	0.792149	-0.650949	-0.582089	-0.487277	-30.952000	52.982903	840.948364	
0.705248	-0.625466	-0.333793	-0.094669	-0.549686	0.829990	-0.702612	-0.553749	-0.446877	-50.202347	52.359535	854.561646	
0.698906	-0.682132	-0.215005	-0.187151	-0.464566	0.865536	-0.690294	-0.564690	-0.452350	-70.194504	49.828152	863.948669	
0.658284	-0.735551	-0.160086	-0.257302	-0.419713	0.870423	-0.707431	-0.531796	-0.465548	-80.746765	45.144814	866.972412	
0.698212	-0.713254	-0.061392	-0.266721	-0.338758	0.902276	-0.664350	-0.613606	-0.426764	-87.278389	39.417221	836.676819	
0.733951	-0.677568	0.047100	-0.292753	-0.253014	0.922105	-0.612872	-0.690570	-0.384060	-102.167259	34.869461	810.766235	
0.782058	-0.608635	0.133977	-0.304729	-0.185934	0.934113	-0.543623	-0.771358	-0.330880	-113.818939	29.116848	768.461609	
-0.020271	-0.983170	-0.181567	-0.217388	-0.172925	0.960645	-0.975875	0.058944	-0.210224	-136.233994	26.266600	806.614990	
-0.020271	-0.983170	-0.181567	-0.217388	-0.172925	0.960645	-0.975875	0.058944	-0.210224	-136.233994	26.266600	806.614990	
-0.020271	-0.983170	-0.181567	-0.217388	-0.172925	0.960645	-0.975875	0.058944	-0.210224	-136.233994	26.266600	806.614990	
-0.020271	-0.983170	-0.181567	-0.217388	-0.172925	0.960645	-0.975875	0.058944	-0.210224	-136.233994	26.266600	806.614990	
-0.427973	-0.900953	-0.071575	0.169856	-0.157963	0.972726	-0.887687	0.404143	0.220637	-162.908722	0.996559	741.308716	
-0.473611	-0.876614	-0.085097	0.214870	-0.208706	0.954082	-0.854121	0.433579	0.287203	-169.215881	-12.344595	735.769409	
-0.546410	-0.831105	-0.103445	0.223388	-0.263665	0.938391	-0.807176	0.489638	0.329728	-170.082672	-24.978247	717.971008	
-0.692287	-0.712963	-0.111454	0.174113	-0.314918	0.933012	-0.700302	0.626507	0.342150	-167.626892	-32.881226	699.055725	
-0.749983	-0.645245	-0.145554	0.104054	-0.332398	0.937381	-0.653222	0.687875	0.316433	-163.708694	-40.245377	680.148254	
-0.821896	-0.536590	-0.191202	0.077986	-0.438488	0.895347	-0.564274	0.720971	0.402238	-166.456223	-49.739120	687.216064	
-0.908628	-0.405028	-0.101727	0.166782	-0.575279	0.800773	-0.382857	0.710639	0.590265	-168.715118	-64.709030	699.144348	
-0.920830	-0.389137	-0.025402	0.252947	-0.645596	0.720571	-0.296801	0.657098	0.692915	-160.873993	-73.622200	691.382019	
-0.920830	-0.389137	-0.025402	0.252947	-0.645596	0.720571	-0.296801	0.657098	0.692915	-160.873993	-73.622200	691.382019	
-0.920830	-0.389137	-0.025402	0.252947	-0.645596	0.720571	-0.296801	0.657098	0.692915	-160.873993	-73.622200	691.382019	
-0.987636	-0.147931	-0.051883	0.100318	-0.850713	0.515968	-0.120465	0.504383	0.855035	-126.680405	-109.208725	648.682983	
-0.998920	-0.031492	-0.034176	0.011701	-0.882133	0.470856	-0.044976	0.469947	0.881548	-111.951134	-116.518463	638.231567	
-0.984073	0.173930	-0.036727	-0.177414	-0.973919	0.141439	-0.011168	0.145702	0.989266	-110.457283	-129.549469	666.773376	
-0.970571	0.235773	0.049033	-0.231604	-0.969664	0.078173	0.065976	0.064516	0.995734	-90.628082	-135.784042	649.435730	
-0.953938	0.299049	0.023925	-0.299765	-0.953322	-0.036295	0.011954	-0.041795	0.999055	-80.156631	-136.235611	620.069885	
-0.899356	0.429950	-0.079391	-0.432463	-0.901493	0.016884	-0.064311	0.049518	0.996701	-71.025154	-135.386490	593.977356	
-0.880969	0.472274	0.029158	-0.472265	-0.873789	-0.116010	-0.029311	-0.115972	0.992820	-62.430099	-156.656998	612.107971	
-0.880969	0.472274	0.029158	-0.472265	-0.873789	-0.116010	-0.029311	-0.115972	0.992820	-62.430099	-156.656998	612.107971	
-0.880969	0.472274	0.029158	-0.472265	-0.873789	-0.116010	-0.029311	-0.115972	0.992820	-62.430099	-156.656998	612.107971	
-0.880969	0.472274	0.029158	-0.472265	-0.873789	-0.116010	-0.029311	-0.115972	0.992820	-62.430099	-156.656998	612.107971	
-0.554778	0.831600	0.025737	-0.742483	-0.480895	-0.466324	-0.375417	-0.277816	0.884239	-4.740011	-175.494141	569.477051	
-0.488229	0.871040	0.054051	-0.730240	-0.373824	-0.571843	-0.477892	-0.318661	0.818580	9.683002	-176.077515	555.520813	
-0.473057	0.878847	0.062001	-0.528478	-0.226748	-0.818105	-0.704930	-0.419777	0.571716	16.320517	-180.993057	551.294800	
-0.177803	0.983972	0.013633	-0.673159	-0.111511	-0.731042	-0.717804	-0.139159	0.682196	30.762600	-193.748993	574.645020	
-0.177803	0.983972	0.013633	-0.673159	-0.111511	-0.731042	-0.717804	-0.139159	0.682196	30.762600	-193.748993	574.645020	
-0.177803	0.983972	0.013633	-0.673159	-0.111511	-0.731042	-0.717804	-0.139159	0.682196	30.762600	-193.748993	574.645020	
-0.177803	0.983972	0.013633	-0.673159	-0.111511	-0.731042	-0.717804	-0.139159	0.682196	30.762600	-193.748993	574.645020	
-0.177803	0.983972	0.013633	-0.673159	-0.111511	-0.731042	-0.717804	-0.139159	0.682196	30.762600	-193.748993	574.645020	
-0.177803	0.983972	0.013633	-0.673159	-0.111511	-0.731042	-0.717804	-0.139159	0.682196	30.762600	-193.748993	574.645020	
0.407805	0.910423	-0.069458	-0.186370	0.008528	-0.982442	-0.893847	0.413590	0.173153	78.618484	-185.060730	556.197571	
0.589813	0.799373	-0.114559	-0.103071	-0.066181	-0.992469	-0.800935	0.597179	0.043358	80.038818	-179.320969	546.653748	
0.634261	0.762656	-0.126760	-0.033134	-0.136994	-0.990017	-0.772409	0.632129	-0.061620	79.731125	-172.822876	542.804932	
0.660042	0.739918	-0.129864	0.002436	-0.174976	-0.984569	-0.751225	0.649541	-0.117294	80.213768	-170.898392	548.701294	
0.683045	0.719563	-0.125213	0.062875	-0.228730	-0.971457	-0.727665	0.655676	-0.201476	76.820404	-164.041351	557.547119	
0.771498	0.628208	-0.100724	0.155731	-0.339956	-0.927457	-0.616879	0.699846	-0.360107	71.195847	-160.486649	564.393250	
0.802771	0.588353	-0.096946	0.223979	-0.448204	-0.865417	-0.552623	0.673018	-0.491584	67.500809	-157.013458	569.848877	
0.838399	0.523643	-0.151276	0.171840	-0.517327	-0.838357	-0.517260	0.676883	-0.523710	62.354923	-150.523071	569.896912	
0.866004	0.462209	-0.190788	0.163882	-0.622826	-0.765003	-0.472420	0.631229	-0.615117	55.853607	-137.439819	567.777405	
0.937895	0.327802	-0.113574	0.165692	-0.710888	-0.683509	-0.304794	0.622241	-0.721052	43.936943	-132.874191	572.719910	
0.967076	0.252921	-0.028193	0.174695	-0.740329	-0.649149	-0.185057	0.622851	-0.760139	28.985979	-123.676765	565.025818	
0.981833	0.181154	0.056449	0.178012	-0.776417	-0.604556	-0.065690	0.603621	-0.794560	20.142532	-113.538895	554.182617	
0.997250	0.065532	0.034611	0.073283	-0.802355	-0.592330	-0.011047	0.593237	-0.804951	2.603772	-108.070648	565.867004	
0.999408	0.003921	0.034190	0.023114	-0.812533	-0.582457	0.025496	0.582902	-0.812142	-15.150808	-94.577690	572.231812	
0.990217	-0.067328	0.122215	-0.009132	-0.905278	-0.424720	0.139233	0.419449	-0.897037	-32.776100	-89.089821	603.933350	
0.959684	-0.210654	0.186094	-0.151348	-0.945165	-0.289407	0.236854	0.249574	-0.938942	-44.720703	-75.186134	624.472595	
0.866377	-0.347732	0.358431	-0.292399	-0.935066	-0.200385	0.404837	0.068804	-0.911796	-55.146557	-67.523186	634.445740	
0.665906	-0.393087	0.634075	-0.300045	-0.919270	-0.254783	0.683039	-0.020590	-0.730091	-74.534225	-53.409058	643.946045	
0.564053	-0.487795	0.666259	-0.353390	-0.871840	-0.339131	0.746298	-0.044162	-0.664145	-93.004288	-45.253033	641.126038	
0.471641	-0.570973	0.671970	-0.385413	-0.818889	-0.425297	0.793103	-0.058399	-0.606282	-110.377007	-38.357891	649.248230	
0.339898	-0.592642	0.730236	-0.359554	-0.799366	-0.481388	0.869017	-0.098937	-0.484789	-127.834946	-33.043343	660.385925	
0.267019	-0.620792	0.737101	-0.322451	-0.778339	-0.538714	0.908145	-0.093833	-0.408005	-138.108963	-21.071428	671.968567	
0.219416	-0.661796	0.716856	-0.293445	-0.745504	-0.598426	0.930455	-0.079054	-0.357775	-146.113022	-7.185051	676.095215	
0.206819	-0.701565	0.681932	-0.301960	-0.708746	-0.637572	0.930616	-0.074055	-0.358426	-152.783173	-1.403452	685.208252	
0.178593	-0.724323	0.665928	-0.311432	-0.683625	-0.660051	0.933335	-0.089511	-0.347668	-163.809006	3.658113	681.872559	
0.197920	-0.699532	0.686646	-0.343822	-0.705540	-0.619678	0.917940	-0.113438	-0.380154	-173.474503	7.743797	690.374451	
0.258840	-0.676433	0.689522	-0.323939	-0.733299	-0.597776	0.909981	-0.068635	-0.408930	-178.642105	17.159882	702.420959	
0.381608	-0.650263	0.656913	-0.330976	-0.759700	-0.559742	0.863036	-0.003821	-0.505128	-185.869553	21.876732	718.185242	
0.649093	-0.634256	0.419998	-0.287211	-0.715581	-0.636753	0.704407	0.292683	-0.646642	-194.774155	28.156132	752.878113	
0.709061	-0.609437	0.354710	-0.200255	-0.656354	-0.727391	0.676114	0.444732	-0.587437	-198.585724	31.717735	760.404480	
0.709285	-0.581864	0.397931	-0.245329	-0.732970	-0.634483	0.660854	0.352405	-0.662632	-202.615906	34.684040	791.338989	
0.747082	-0.549651	0.373835	-0.338621	-0.798631	-0.497519	0.572017	0.245099	-0.782766	-206.739944	37.336239	822.296082	
0.829641	-0.501454	0.245439	-0.346851	-0.807435	-0.477224	0.437481	0.310794	-0.843811	-200.891251	38.759644	830.019287	
0.888637	-0.457404	-0.033256	-0.385810	-0.706401	-0.593420	0.247940	0.540165	-0.804205	-182.256790	38.218933	781.097778	
-0.304941	-0.404095	-0.862391	-0.287989	-0.824001	0.487939	-0.907785	0.397151	0.134897	-181.865997	43.062599	820.690002	
-0.304941	-0.404095	-0.862391	-0.287989	-0.824001	0.487939	-0.907785	0.397151	0.134897	-181.865997	43.062599	820.690002	
-0.304941	-0.404095	-0.862391	-0.287989	-0.824001	0.487939	-0.907785	0.397151	0.134897	-181.865997	43.062599	820.690002	
-0.304941	-0.404095	-0.862391	-0.287989	-0.824001	0.487939	-0.907785	0.397151	0.134897	-181.865997	43.062599	820.690002	
-0.329948	-0.153817	-0.931384	-0.070318	-0.979890	0.186738	-0.941377	0.127108	0.312497	-140.037750	35.745136	844.082397	
-0.372106	-0.070930	-0.925476	-0.085967	-0.990156	0.110452	-0.924201	0.120661	0.362346	-132.134811	30.841969	863.443481	
-0.431539	-0.048787	-0.900774	-0.060292	-0.994744	0.082761	-0.900078	0.090025	0.426329	-115.177917	23.957008	877.169617	
-0.532366	-0.039403	-0.845597	-0.056406	-0.995044	0.081879	-0.844633	0.091286	0.527506	-98.482285	16.750057	899.573730	
-0.598103	-0.024104	-0.801057	-0.069334	-0.994243	0.081685	-0.798415	0.104397	0.592989	-79.994461	13.064102	910.171631	
-0.706398	0.007582	-0.707775	-0.087379	-0.993228	0.076569	-0.702402	0.115933	0.702277	-61.858604	3.034645	939.472900	
-0.848073	0.027305	-0.529176	-0.099672	-0.989064	0.108704	-0.520422	0.144933	0.841520	-41.995502	-2.681210	952.806641	
-0.806423	0.018595	-0.591048	-0.106674	-0.987682	0.114472	-0.581640	0.155362	0.798473	-31.492504	-7.723450	957.417786	
-0.842503	0.003113	-0.538684	-0.120565	-0.975705	0.182927	-0.525028	0.219063	0.822410	-21.293650	-17.933607	967.967651	
-0.805582	-0.027914	-0.591827	-0.164225	-0.949230	0.268312	-0.569270	0.313340	0.760099	-1.296574	-24.471487	987.570068	
-0.741197	-0.092702	-0.664856	-0.140581	-0.947021	0.288769	-0.656403	0.307502	0.688897	17.870745	-30.446426	987.819153	
-0.643040	-0.128474	-0.754980	-0.387752	-0.795509	0.465632	-0.660416	0.592165	0.461728	25.333397	-36.454021	948.896851	
-0.643826	-0.158233	-0.748633	-0.355188	-0.804785	0.475565	-0.677740	0.572086	0.461940	33.072605	-50.270271	957.912720	
-0.658769	-0.213233	-0.721495	-0.264382	-0.832218	0.487354	-0.704363	0.511804	0.491865	49.386425	-65.130692	983.642090	
-0.668865	-0.251518	-0.699542	-0.186603	-0.854087	0.485504	-0.719584	0.455273	0.524335	63.632877	-71.737152	1001.501160	
-0.695101	-0.308249	-0.649475	-0.146519	-0.823708	0.547756	-0.703825	0.475906	0.527396	76.486267	-86.196182	1001.771790	
-0.738769	-0.381391	-0.555664	-0.082540	-0.767068	0.636233	-0.668887	0.515894	0.535206	85.574646	-92.912346	996.092651	
-0.739839	-0.453207	-0.497235	0.019358	-0.753103	0.657618	-0.672507	0.476906	0.565948	91.352776	-107.657028	1007.522217	
-0.740053	-0.515138	-0.432382	0.082396	-0.707502	0.701891	-0.667484	0.483810	0.566035	93.753120	-114.130722	1005.669739	
-0.751297	-0.562626	-0.344971	0.138583	-0.645549	0.751040	-0.645252	0.516447	0.562970	95.711609	-120.940277	1002.970825	
-0.710300	-0.627954	-0.318037	0.224936	-0.630623	0.742778	-0.666993	0.456057	0.589181	97.871292	-134.942825	1013.019775	
-0.505641	-0.785825	-0.356099	0.436465	-0.589034	0.680102	-0.744195	0.188463	0.640825	99.572105	-144.759766	1007.492737	
-0.390755	-0.856785	-0.336495	0.522853	-0.507454	0.684920	-0.757586	0.091699	0.646263	98.916733	-149.852646	1005.047546	
-0.387473	-0.869957	-0.305023	0.546735	-0.483255	0.683773	-0.742258	0.098177	0.662884	96.358765	-160.987350	1001.023560	
-0.358600	-0.893370	-0.270731	0.577629	-0.440187	0.687446	-0.733316	0.090137	0.673887	88.850891	-170.669418	991.889893	
-0.264730	-0.940145	-0.214580	0.622058	-0.336521	0.706965	-0.736861	0.053675	0.673912	83.874207	-175.948059	991.445068	
-0.217937	-0.945080	-0.243573	0.644755	-0.326777	0.691020	-0.732663	-0.006445	0.680562	72.159233	-180.436035	984.367188	
-0.266432	-0.937815	-0.222523	0.670111	-0.346173	0.656595	-0.692796	0.025824	0.720672	61.825363	-191.021866	1007.300842	
-0.348892	-0.926088	-0.143647	0.787802	-0.372840	0.490265	-0.507586	0.057885	0.859655	57.564831	-206.351654	1063.103149	
-0.744460	-0.643256	-0.178889	0.088155	-0.360286	0.928667	-0.661822	0.675585	0.324925	49.048401	-203.804001	1023.390015	
-0.744460	-0.643256	-0.178889	0.088155	-0.360286	0.928667	-0.661822	0.675585	0.324925	49.048401	-203.804001	1023.390015	
-0.744460	-0.643256	-0.178889	0.088155	-0.360286	0.928667	-0.661822	0.675585	0.324925	49.048401	-203.804001	1023.390015	
-0.744460	-0.643256	-0.178889	0.088155	-0.360286	0.928667	-0.661822	0.675585	0.324925	49.048401	-203.804001	1023.390015	
-0.959722	-0.196168	0.201125	0.274264	-0.498923	0.822104	-0.060924	0.844153	0.532629	3.595993	-191.328369	883.209839	
-0.966220	-0.192613	0.171227	0.257080	-0.673633	0.692912	-0.018120	0.713525	0.700395	-17.657900	-215.533997	1000.650024	
-0.966220	-0.192613	0.171227	0.257080	-0.673633	0.692912	-0.018120	0.713525	0.700395	-17.657900	-215.533997	1000.650024	
-0.966220	-0.192613	0.171227	0.257080	-0.673633	0.692912	-0.018120	0.713525	0.700395	-17.657900	-215.533997	1000.650024	
-0.966220	-0.192613	0.171227	0.257080	-0.673633	0.692912	-0.018120	0.713525	0.700395	-17.657900	-215.533997	1000.650024	
-0.806132	0.118063	0.579839	0.268660	-0.800052	0.536412	0.527231	0.588199	0.613228	-62.670998	-193.091919	894.476318	
-0.788701	0.253060	0.560278	-0.112360	-0.955336	0.273327	0.604422	0.152620	0.781908	-77.584198	-207.570999	968.568970	
-0.788701	0.253060	0.560278	-0.112360	-0.955336	0.273327	0.604422	0.152620	0.781908	-77.584198	-207.570999	968.568970	
-0.788701	0.253060	0.560278	-0.112360	-0.955336	0.273327	0.604422	0.152620	0.781908	-77.584198	-207.570999	968.568970	
-0.788701	0.253060	0.560278	-0.112360	-0.955336	0.273327	0.604422	0.152620	0.781908	-77.584198	-207.570999	968.568970	
-0.338104	0.410890	0.846673	-0.807834	-0.588239	-0.037123	0.482792	-0.696523	0.530818	-119.352676	-174.918732	895.348267	
-0.248475	0.426416	0.869730	-0.880530	-0.473593	-0.019365	0.403640	-0.770636	0.493149	-125.088486	-165.541656	889.531982	
-0.301946	0.466372	0.831460	-0.917689	-0.378426	-0.120999	0.258215	-0.799557	0.542249	-135.354996	-163.128006	919.111023	
-0.301946	0.466372	0.831460	-0.917689	-0.378426	-0.120999	0.258215	-0.799557	0.542249	-135.354996	-163.128006	919.111023	
-0.301946	0.466372	0.831460	-0.917689	-0.378426	-0.120999	0.258215	-0.799557	0.542249	-135.354996	-163.128006	919.111023	
-0.301946	0.466372	0.831460	-0.917689	-0.378426	-0.120999	0.258215	-0.799557	0.542249	-135.354996	-163.128006	919.111023	
-0.049443	0.181120	0.982217	-0.931463	0.346559	-0.110793	-0.360462	-0.920376	0.151572	-144.007111	-107.467278	858.725037	
-0.079172	0.133353	0.987901	-0.883265	0.450045	-0.131536	-0.462141	-0.882993	0.082155	-142.370529	-100.285103	853.364136	
-0.106469	0.082047	0.990925	-0.835418	0.533057	-0.133896	-0.539205	-0.842092	0.011790	-136.942841	-92.477386	834.663269	
-0.102047	-0.018064	0.994615	-0.766352	0.638916	-0.067023	-0.634265	-0.769064	-0.079043	-128.926636	-77.513817	807.657715	
-0.158762	-0.065043	0.985172	-0.661917	0.747382	-0.057326	-0.732571	-0.661203	-0.161708	-124.114975	-68.982552	796.648499	
-0.161980	-0.150862	0.975194	-0.620965	0.783630	0.018084	-0.766919	-0.602632	-0.220612	-114.211670	-61.498306	784.056458	
-0.164638	-0.169762	0.971635	-0.623651	0.781097	0.030797	-0.764170	-0.600890	-0.234469	-107.555855	-54.320419	775.374451	
-0.113269	-0.220788	0.968723	-0.683125	0.725288	0.085430	-0.721465	-0.652081	-0.232977	-100.391342	-41.349861	773.617371	
-0.099919	-0.228100	0.968497	-0.721263	0.687124	0.087419	-0.685418	-0.689805	-0.233176	-92.897263	-26.326904	758.687561	
-0.085749	-0.283966	0.954993	-0.708121	0.691650	0.142079	-0.700866	-0.664066	-0.260390	-76.790298	-12.674495	739.751221	
-0.068423	-0.321931	0.944288	-0.733879	0.657418	0.170953	-0.675826	-0.681295	-0.281241	-67.352234	-7.104990	734.549438	
-0.014753	-0.355094	0.934715	-0.787776	0.579838	0.207844	-0.615787	-0.733278	-0.288287	-57.925011	-0.389601	726.081970	
0.074568	-0.346151	0.935211	-0.861552	0.449893	0.235214	-0.502164	-0.823271	-0.264679	-47.587559	6.205783	709.151367	
0.134242	-0.389259	0.911294	-0.889341	0.358309	0.284059	-0.437097	-0.848582	-0.298083	-27.802711	16.402809	688.046570	
0.171871	-0.490874	0.854110	-0.921746	0.225820	0.315264	-0.347630	-0.841456	-0.413648	-18.714575	26.784576	709.806946	
0.029003	-0.579154	0.814703	-0.995741	0.054631	0.074283	-0.087529	-0.813386	-0.575102	-8.281746	32.985786	713.038147	
0.193384	-0.479539	0.855947	-0.980789	-0.117274	0.155887	0.025628	-0.869649	-0.493005	3.790813	42.090286	668.302979	
0.350669	-0.469109	0.810536	-0.935291	-0.219402	0.277660	0.047582	-0.855453	-0.515690	13.734352	47.297001	645.911133	
0.367038	-0.525974	0.767226	-0.888803	-0.441634	0.122435	0.274436	-0.726850	-0.629583	22.695353	56.236443	693.305176	
0.365575	-0.481866	0.796342	-0.773844	-0.632772	-0.027643	0.517225	-0.606139	-0.604214	40.710861	59.324532	685.285034	
0.492580	-0.412595	0.766245	-0.675997	-0.735908	0.038304	0.548083	-0.536847	-0.641405	54.944832	60.466537	667.141846	
0.539090	-0.291836	0.790073	-0.566157	-0.820068	0.083390	0.623579	-0.492260	-0.607315	60.706963	61.390312	648.953003	
0.683523	-0.252795	0.684757	-0.418003	-0.904619	0.083288	0.598391	-0.343160	-0.723997	74.751511	62.047329	653.932861	
0.773448	-0.194738	0.603205	-0.249025	-0.968474	0.006649	0.582895	-0.155356	-0.797558	85.096214	59.925774	640.457336	
0.806682	-0.066824	0.587197	-0.106837	-0.993706	0.033687	0.581251	-0.089909	-0.808743	93.395020	57.227570	624.614014	
0.823670	0.002975	0.567063	0.018951	-0.999572	-0.022280	0.566754	0.029097	-0.823374	96.553383	55.420074	609.446472	
0.891100	0.132936	0.433902	0.216839	-0.964650	-0.149774	0.398653	0.227551	-0.888424	99.929764	54.495281	604.555054	
0.912386	0.244246	0.328475	0.339406	-0.899991	-0.273533	0.228815	0.361054	-0.904038	101.503868	51.249855	603.610352	
0.893861	0.287984	0.343625	0.377635	-0.896730	-0.230798	0.241673	0.336066	-0.910305	101.971016	44.806290	598.299561	
0.874544	0.320850	0.363633	0.405139	-0.895503	-0.184220	0.266527	0.308431	-0.913145	100.696266	38.184509	593.787598	
0.778202	0.341693	0.526923	0.440823	-0.894799	-0.070790	0.447302	0.287368	-0.846960	97.223160	29.591904	592.016785	
0.695283	0.403138	0.595030	0.523381	-0.851392	-0.034735	0.492601	0.335578	-0.802952	94.468925	20.260719	589.695251	
0.539247	0.418564	0.730765	0.618949	-0.785402	-0.006876	0.571066	0.456013	-0.682595	86.470291	13.853947	585.036194	
0.411931	0.402973	0.817267	0.669378	-0.742371	0.028655	0.618262	0.535256	-0.575547	75.953735	7.492042	579.540222	
0.366829	0.373116	0.852186	0.681674	-0.731171	0.026701	0.633055	0.571117	-0.522558	64.165710	0.182076	570.179993	
0.361080	0.349690	0.864487	0.657677	-0.752713	0.029778	0.661124	0.557800	-0.501773	51.009815	-6.515510	569.189880	
0.333708	0.322277	0.885876	0.668104	-0.743829	0.018929	0.665040	0.585539	-0.463536	35.897934	-19.036629	566.393921	
0.290857	0.241561	0.925770	0.640984	-0.767554	-0.001105	0.710312	0.593725	-0.378086	27.712437	-26.727360	566.044556	
0.197021	0.150709	0.968746	0.620812	-0.783949	-0.004299	0.758800	0.602255	-0.248017	10.637295	-34.019196	577.291443	
0.082387	0.044825	0.995592	0.571546	-0.820506	-0.010354	0.816425	0.569878	-0.093219	1.120327	-42.232418	584.078430	
-0.008088	0.010793	0.999909	0.631295	-0.775426	0.013477	0.775501	0.631346	-0.000542	-18.811262	-55.267254	583.904602	
-0.147183	-0.051267	0.987780	0.678704	-0.731692	0.063154	0.719513	0.679704	0.142487	-36.338486	-61.921741	594.038879	
0.073499	-0.272293	-0.959403	-0.621062	-0.765193	0.169594	-0.780308	0.583384	-0.225352	-61.751598	-82.858101	575.432007	
0.073499	-0.272293	-0.959403	-0.621062	-0.765193	0.169594	-0.780308	0.583384	-0.225352	-61.751598	-82.858101	575.432007	
0.073499	-0.272293	-0.959403	-0.621062	-0.765193	0.169594	-0.780308	0.583384	-0.225352	-61.751598	-82.858101	575.432007	
-0.045252	-0.641476	-0.765808	-0.674465	-0.545878	0.497107	-0.736919	0.539006	-0.407951	-102.953140	-111.883347	579.569885	
-0.057366	-0.693984	-0.717701	-0.597827	-0.551869	0.581416	-0.799570	0.462415	-0.383224	-121.282349	-120.100143	576.750488	
-0.182714	-0.717395	-0.672280	-0.590395	-0.466714	0.658492	-0.786161	0.517227	-0.338271	-124.463257	-129.044144	559.256409	
-0.260829	-0.740620	-0.619234	-0.613356	-0.368200	0.698730	-0.745495	0.562060	-0.358227	-141.946457	-141.883820	572.110596	
-0.322578	-0.801737	-0.503151	-0.571960	-0.258443	0.778504	-0.754192	0.538912	-0.375193	-155.138184	-158.091782	598.727539	
-0.221780	-0.888388	-0.401972	-0.656068	-0.169026	0.735530	-0.721380	0.426847	-0.545356	-175.972855	-181.382919	643.984009	
-0.244047	-0.838411	-0.487348	-0.850937	-0.055898	0.522284	-0.465131	0.542165	-0.699793	-175.359131	-177.633957	615.471069	
-0.260681	-0.797455	-0.544160	-0.897651	-0.007251	0.440647	-0.355342	0.603335	-0.713946	-180.165283	-179.483917	600.324463	
-0.366926	-0.784755	-0.499526	-0.866159	0.092345	0.491162	-0.339313	0.612889	-0.713607	-190.704056	-184.542679	614.664001	
-0.478370	-0.769768	-0.422634	-0.809259	0.199558	0.552517	-0.340970	0.606329	-0.718405	-197.734375	-190.029922	624.372681	
-0.618392	-0.704084	-0.349082	-0.692043	0.277408	0.666423	-0.372380	0.653691	-0.658803	-201.086548	-193.304626	637.110596	
-0.745836	-0.612734	-0.261313	-0.525885	0.300831	0.795578	-0.408867	0.730793	-0.546599	-200.897339	-197.865326	637.997803	
-0.843746	-0.514873	-0.151651	-0.353511	0.320466	0.878824	-0.403884	0.795115	-0.452405	-200.582123	-200.874847	651.208740	
-0.894704	-0.443999	-0.048677	-0.222558	0.348664	0.910440	-0.387263	0.825408	-0.410767	-202.312408	-205.806961	671.614929	
-0.930671	-0.365855	0.000781	-0.104199	0.267110	0.958016	-0.350704	0.891517	-0.286714	-200.708191	-206.889206	684.405762	
-0.959557	-0.275079	0.059848	-0.016365	0.266741	0.963629	-0.281038	0.923678	-0.260455	-190.550903	-208.226089	687.445801	
-0.977613	-0.180609	0.107944	0.067563	0.216396	0.973965	-0.199266	0.959455	-0.199349	-184.762619	-206.925659	702.255493	
-0.972761	-0.143273	0.182233	0.157772	0.166759	0.973293	-0.169836	0.975533	-0.139613	-179.026886	-204.021072	712.040222	
-0.957664	-0.086513	0.274580	0.266546	0.093927	0.959235	-0.108777	0.991813	-0.066891	-164.901428	-200.620316	721.746765	
-0.923243	-0.037766	0.382354	0.381192	0.034546	0.923850	-0.048099	0.998689	-0.017499	-148.966049	-195.760681	735.951050	
-0.861690	-0.005397	0.507405	0.507374	-0.024542	0.861377	0.007804	0.999684	0.023886	-132.951996	-194.061493	750.676941	
-0.817865	0.018490	0.575112	0.566324	-0.151044	0.810224	0.101848	0.988354	0.113062	-115.896111	-190.987289	768.704468	
-0.767269	0.017655	0.641082	0.616575	-0.254713	0.744954	0.176444	0.966855	0.184548	-106.580070	-185.720734	787.019043	
-0.666000	0.003461	0.745943	0.702729	-0.332536	0.628961	0.250229	0.943084	0.219037	-94.721817	-175.843002	800.299988	
-0.589185	-0.019204	0.807769	0.733933	-0.430844	0.525087	0.337939	0.902222	0.267941	-76.172928	-167.669388	829.312134	
-0.453424	-0.054490	0.889627	0.787073	-0.492848	0.370968	0.418237	0.868407	0.266357	-66.583572	-163.560806	859.120544	
-0.319863	-0.117630	0.940133	0.810742	-0.547455	0.207343	0.490291	0.828526	0.270478	-46.368870	-151.027328	860.143555	
-0.272173	-0.151446	0.950255	0.797023	-0.588794	0.134446	0.539144	0.793968	0.280961	-26.143486	-144.069550	867.857239	
-0.113848	-0.234351	0.965463	0.799435	-0.598581	-0.051026	0.589866	0.766015	0.255496	-7.036379	-130.776489	876.988892	
-0.010862	-0.284366	0.958654	0.785984	-0.595091	-0.167617	0.618151	0.751666	0.229971	2.587123	-115.771416	871.110229	
0.044477	-0.315846	0.947768	0.769963	-0.593646	-0.233967	0.636536	0.740152	0.216786	12.182250	-107.195862	863.602173	
0.177570	-0.385812	0.905328	0.735919	-0.558713	-0.382442	0.653369	0.734158	0.184716	20.483593	-92.554527	866.838623	
0.874999	-0.469092	0.119706	-0.182764	-0.549034	-0.815573	0.448302	0.691747	-0.566137	29.662901	-82.327400	914.658997	
0.874999	-0.469092	0.119706	-0.182764	-0.549034	-0.815573	0.448302	0.691747	-0.566137	29.662901	-82.327400	914.658997	
0.874999	-0.469092	0.119706	-0.182764	-0.549034	-0.815573	0.448302	0.691747	-0.566137	29.662901	-82.327400	914.658997	
0.819821	-0.570459	-0.049706	-0.323742	-0.390153	-0.861958	0.472319	0.722743	-0.504537	49.299904	-45.002430	913.025879	
0.720113	-0.658095	-0.219884	-0.552450	-0.352067	-0.755545	0.419806	0.665552	-0.617092	61.192101	-32.365101	971.106995	
0.720113	-0.658095	-0.219884	-0.552450	-0.352067	-0.755545	0.419806	0.665552	-0.617092	61.192101	-32.365101	971.106995	
0.720113	-0.658095	-0.219884	-0.552450	-0.352067	-0.755545	0.419806	0.665552	-0.617092	61.192101	-32.365101	971.106995	
0.720113	-0.658095	-0.219884	-0.552450	-0.352067	-0.755545	0.419806	0.665552	-0.617092	61.192101	-32.365101	971.106995	
0.518311	-0.682519	-0.515286	-0.787451	-0.145865	-0.598869	0.333577	0.716163	-0.613055	65.222412	20.999216	983.044800	
0.487309	-0.706131	-0.513721	-0.784763	-0.096117	-0.612298	0.382985	0.701527	-0.600984	64.658775	26.362259	1009.348999	
0.453235	-0.687080	-0.567890	-0.808015	-0.047646	-0.587233	0.376418	0.725018	-0.576766	61.465462	37.712196	1017.895264	
0.423626	-0.610920	-0.668818	-0.831588	0.030471	-0.554557	0.359170	0.791106	-0.495126	52.336399	49.823769	1032.914795	
0.386802	-0.572942	-0.722579	-0.854164	0.072713	-0.514895	0.347546	0.816364	-0.461262	47.146294	60.139034	1034.627197	
0.324620	-0.525175	-0.786647	-0.889908	0.112186	-0.442129	0.320445	0.843567	-0.430941	34.666435	68.314522	1027.465576	
0.244481	-0.513190	-0.822718	-0.901417	0.192373	-0.387865	0.357317	0.836438	-0.415567	22.051058	77.894646	1044.882446	
0.208278	-0.457814	-0.864307	-0.904930	0.245096	-0.347892	0.371108	0.854596	-0.363242	13.977112	83.708237	1028.875977	
0.179917	-0.394719	-0.901014	-0.899085	0.305632	-0.313424	0.399093	0.866479	-0.299898	-0.865490	86.375107	1021.414978	
0.087822	-0.328382	-0.940453	-0.890636	0.396966	-0.221780	0.446156	0.857079	-0.257606	-17.283800	91.493599	1060.719971	
0.087822	-0.328382	-0.940453	-0.890636	0.396966	-0.221780	0.446156	0.857079	-0.257606	-17.283800	91.493599	1060.719971	
0.087822	-0.328382	-0.940453	-0.890636	0.396966	-0.221780	0.446156	0.857079	-0.257606	-17.283800	91.493599	1060.719971	
0.087822	-0.328382	-0.940453	-0.890636	0.396966	-0.221780	0.446156	0.857079	-0.257606	-17.283800	91.493599	1060.719971	
0.010195	0.037448	-0.999247	-0.840545	0.541615	0.011722	0.541646	0.839792	0.036998	-64.002693	95.181084	1046.523560	
0.014240	0.104657	-0.994407	-0.850900	0.523572	0.042919	0.525135	0.845529	0.096508	-79.533028	97.998238	1048.025146	
0.040152	0.188913	-0.981173	-0.844715	0.530923	0.067655	0.533709	0.826095	0.180895	-91.963112	97.895325	1065.274536	
-0.053182	0.314847	-0.947652	-0.796971	0.558410	0.230252	0.601672	0.767496	0.221226	-103.369453	91.848907	1057.805298	
-0.080702	0.354199	-0.931682	-0.778501	0.561313	0.280829	0.622435	0.747978	0.230445	-111.251328	87.779350	1049.537598	
0.043299	0.468841	-0.882221	-0.722900	0.624220	0.296252	0.689595	0.624930	0.365953	-124.834000	82.265297	1074.770020	
0.043299	0.468841	-0.882221	-0.722900	0.624220	0.296252	0.689595	0.624930	0.365953	-124.834000	82.265297	1074.770020	
0.043299	0.468841	-0.882221	-0.722900	0.624220	0.296252	0.689595	0.624930	0.365953	-124.834000	82.265297	1074.770020	
0.043299	0.468841	-0.882221	-0.722900	0.624220	0.296252	0.689595	0.624930	0.365953	-124.834000	82.265297	1074.770020	
0.043299	0.468841	-0.882221	-0.722900	0.624220	0.296252	0.689595	0.624930	0.365953	-124.834000	82.265297	1074.770020	
0.217209	0.736878	-0.640180	-0.394543	0.666154	0.632910	0.892836	0.115105	0.435425	-156.639221	42.079693	1008.793274	
0.279139	0.747923	-0.602239	-0.574749	0.632553	0.519173	0.769249	0.201215	0.606438	-174.225006	32.471699	1058.540039	
0.279139	0.747923	-0.602239	-0.574749	0.632553	0.519173	0.769249	0.201215	0.606438	-174.225006	32.471699	1058.540039	
0.279139	0.747923	-0.602239	-0.574749	0.632553	0.519173	0.769249	0.201215	0.606438	-174.225006	32.471699	1058.540039	
0.279139	0.747923	-0.602239	-0.574749	0.632553	0.519173	0.769249	0.201215	0.606438	-174.225006	32.471699	1058.540039	
0.279139	0.747923	-0.602239	-0.574749	0.632553	0.519173	0.769249	0.201215	0.606438	-174.225006	32.471699	1058.540039	
0.279139	0.747923	-0.602239	-0.574749	0.632553	0.519173	0.769249	0.201215	0.606438	-174.225006	32.471699	1058.540039	
0.519547	0.849703	0.089860	-0.627038	0.307718	0.715635	0.580426	-0.428152	0.692670	-173.803635	-13.064425	995.000732	
0.563838	0.801127	0.200705	-0.630947	0.261030	0.730595	0.532909	-0.538571	0.652648	-172.280518	-20.372663	987.917358	
0.575406	0.743565	0.340616	-0.671467	0.191713	0.715806	0.466947	-0.640592	0.609593	-166.694992	-36.048141	982.109070	
0.570030	0.750365	0.334691	-0.658388	0.173472	0.732416	0.491519	-0.637856	0.592916	-152.683731	-42.198429	960.446716	
0.606697	0.712418	0.352676	-0.630231	0.160673	0.759600	0.484487	-0.683115	0.546468	-139.122543	-48.517132	939.991577	
0.620383	0.688443	0.375728	-0.618136	0.134327	0.774509	0.482734	-0.712743	0.508886	-131.314743	-62.377731	929.407898	
