0.996909	-0.042601	0.066019	0.042668	0.999089	0.000398	-0.065975	0.002420	0.997818	18.965565	4.141953	545.349365	
0.973693	-0.127680	0.188732	0.127832	0.991730	0.011420	-0.188629	0.013007	0.981963	27.833197	7.822004	545.507080	
0.952181	-0.168613	0.254794	0.167119	0.985548	0.027667	-0.255776	0.016237	0.966600	36.306992	15.832326	546.004395	
0.906325	-0.205575	0.369206	0.211166	0.977113	0.025690	-0.366037	0.054681	0.928993	45.044350	18.640995	546.702942	
0.837646	-0.264675	0.477804	0.304874	0.952368	-0.006925	-0.453212	0.151470	0.878439	53.074818	24.232479	548.443420	
0.896235	-0.213687	0.388717	0.348865	0.880791	-0.320158	-0.273965	0.422546	0.863944	64.296844	27.456617	542.318481	
0.872065	-0.219104	0.437603	0.400538	0.833331	-0.380958	-0.281199	0.507497	0.814478	66.845406	31.880289	535.559998	
0.867565	-0.223989	0.444028	0.415242	0.817597	-0.398887	-0.273690	0.530439	0.802327	69.204124	33.451599	533.048889	
0.876725	-0.231256	0.421751	0.424235	0.784989	-0.451462	-0.226667	0.574730	0.786326	69.618126	36.379841	529.248291	
0.442903	-0.320452	0.837345	0.618601	0.785252	-0.026685	-0.648976	0.529801	0.546023	99.964104	31.489700	571.309998	
0.442903	-0.320452	0.837345	0.618601	0.785252	-0.026685	-0.648976	0.529801	0.546023	99.964104	31.489700	571.309998	
0.442903	-0.320452	0.837345	0.618601	0.785252	-0.026685	-0.648976	0.529801	0.546023	99.964104	31.489700	571.309998	
0.442903	-0.320452	0.837345	0.618601	0.785252	-0.026685	-0.648976	0.529801	0.546023	99.964104	31.489700	571.309998	
0.442903	-0.320452	0.837345	0.618601	0.785252	-0.026685	-0.648976	0.529801	0.546023	99.964104	31.489700	571.309998	
0.442903	-0.320452	0.837345	0.618601	0.785252	-0.026685	-0.648976	0.529801	0.546023	99.964104	31.489700	571.309998	
0.442903	-0.320452	0.837345	0.618601	0.785252	-0.026685	-0.648976	0.529801	0.546023	99.964104	31.489700	571.309998	
0.013651	-0.039502	0.999126	0.958316	0.285706	-0.001797	-0.285384	0.957503	0.041756	104.412849	4.912858	618.504028	
-0.011275	0.019400	0.999748	0.981500	0.191323	0.007357	-0.191131	0.981335	-0.021199	101.326500	-3.974849	626.843384	
-0.024437	0.082067	0.996327	0.994831	0.100247	0.016144	-0.098554	0.991572	-0.084092	97.535667	-14.418638	633.233826	
-0.034813	0.123800	0.991696	0.998315	0.050394	0.028755	-0.046415	0.991027	-0.125346	87.097733	-25.592821	637.106201	
-0.033594	0.181183	0.982875	0.999370	0.017300	0.030968	-0.011393	0.983297	-0.181651	81.441811	-31.651424	656.933838	
-0.020245	0.194383	0.980717	0.999794	0.002567	0.020130	0.001396	0.980923	-0.194395	74.792366	-37.861923	670.738892	
-0.006394	0.166073	0.986093	0.999781	0.020727	0.002992	-0.019941	0.985896	-0.166169	67.289078	-49.939030	683.159607	
0.035003	0.123859	0.991682	0.999284	-0.018561	-0.032953	0.014326	0.992126	-0.124420	58.353233	-55.630234	679.556885	
0.099377	0.061052	0.993175	0.994177	-0.047873	-0.096535	0.041653	0.996986	-0.065454	50.094322	-65.089989	674.139954	
0.187232	0.644465	0.741356	0.849853	-0.484762	0.206773	0.492639	0.591330	-0.638464	33.147099	-84.058197	717.033020	
0.187232	0.644465	0.741356	0.849853	-0.484762	0.206773	0.492639	0.591330	-0.638464	33.147099	-84.058197	717.033020	
0.187232	0.644465	0.741356	0.849853	-0.484762	0.206773	0.492639	0.591330	-0.638464	33.147099	-84.058197	717.033020	
0.356200	0.752947	0.553347	0.745552	-0.585990	0.317439	0.563270	0.299477	-0.770091	-3.265870	-111.617798	744.529236	
0.465897	0.759563	0.453877	0.670647	-0.637738	0.378846	0.577211	0.127887	-0.806519	-13.205708	-126.421402	752.721191	
0.529597	0.769117	0.357751	0.637902	-0.639107	0.429679	0.559114	0.000653	-0.829091	-23.106127	-141.288834	760.125305	
0.627401	0.735597	0.255470	0.572457	-0.658108	0.489068	0.527884	-0.160596	-0.833995	-31.631805	-147.920135	778.174072	
0.681143	0.716179	0.152093	0.556464	-0.641404	0.528157	0.475807	-0.275116	-0.835416	-40.089317	-162.155304	791.543884	
0.763346	0.643932	0.051526	0.502467	-0.641987	0.579119	0.405992	-0.416178	-0.813613	-48.498604	-175.836777	796.914917	
0.795423	0.604118	-0.048401	0.500761	-0.610146	0.613970	0.341379	-0.512604	-0.787844	-56.280766	-181.718597	814.288635	
0.823918	0.557586	-0.101272	0.478085	-0.587930	0.652512	0.304291	-0.586033	-0.750981	-70.442978	-193.906921	825.316162	
0.838383	0.503820	-0.208034	0.495398	-0.545094	0.676353	0.227362	-0.670103	-0.706590	-83.371902	-205.042969	831.180969	
0.855864	0.453411	-0.248825	0.481177	-0.521643	0.704526	0.189642	-0.722708	-0.664627	-94.718132	-215.318604	841.064148	
0.869029	0.401832	-0.288650	0.474942	-0.514063	0.714261	0.138629	-0.757806	-0.637584	-104.005325	-219.995407	856.940063	
0.878246	0.288083	-0.381696	0.477945	-0.502293	0.720604	0.015871	-0.815297	-0.578825	-110.905266	-223.935516	871.762573	
0.886820	0.179047	-0.426018	0.456005	-0.488454	0.743957	-0.074886	-0.854022	-0.514819	-113.032494	-231.171097	884.622314	
0.854522	0.121364	-0.505038	0.501262	-0.447498	0.740596	-0.136122	-0.886012	-0.443232	-114.195999	-233.668808	884.553589	
0.837291	0.072166	-0.541973	0.516443	-0.429862	0.740611	-0.179527	-0.900006	-0.397190	-115.429108	-236.163635	895.175720	
0.801711	0.046332	-0.595914	0.550440	-0.445829	0.705869	-0.232971	-0.893918	-0.382930	-116.119370	-240.986755	913.377136	
0.760517	0.022111	-0.648942	0.590626	-0.438779	0.677225	-0.269767	-0.898323	-0.346759	-116.087189	-245.335831	921.248657	
0.725425	-0.023825	-0.687890	0.624500	-0.397436	0.672342	-0.289410	-0.917321	-0.273431	-112.386833	-246.148834	925.941895	
0.640159	-0.079833	-0.764084	0.679957	-0.404037	0.611892	-0.357567	-0.911252	-0.204365	-108.194733	-251.482910	943.226257	
0.576090	-0.155364	-0.802486	0.693881	-0.425960	0.580592	-0.432030	-0.891302	-0.137588	-97.962624	-252.677094	960.141052	
0.520497	-0.209548	-0.827752	0.680411	-0.483898	0.550348	-0.515871	-0.849666	-0.109289	-92.720062	-251.408829	962.891602	
0.468990	-0.224158	-0.854285	0.710844	-0.478248	0.515732	-0.524165	-0.849136	-0.064952	-80.328583	-248.705978	967.736145	
0.413498	-0.260539	-0.872433	0.706970	-0.511945	0.487960	-0.573770	-0.818555	-0.027495	-73.486748	-244.832397	972.437378	
0.355993	-0.277551	-0.892320	0.703723	-0.548643	0.451404	-0.614852	-0.788642	0.000006	-58.212364	-239.398972	984.083313	
0.289340	-0.249155	-0.924232	0.711993	-0.589336	0.381770	-0.639803	-0.768508	0.006878	-49.747730	-234.811615	996.830017	
0.213375	-0.211421	-0.953820	0.744128	-0.597442	0.298892	-0.633044	-0.773540	0.029845	-40.574383	-227.728165	1004.343628	
0.178936	-0.192998	-0.964746	0.737892	-0.622265	0.261345	-0.650766	-0.758643	0.031066	-30.909943	-218.707886	1004.919373	
0.107669	-0.154483	-0.982112	0.721506	-0.667487	0.184092	-0.683985	-0.728420	0.039593	-21.051689	-209.114838	1005.439575	
0.075728	-0.130655	-0.988532	0.732360	-0.665503	0.144063	-0.676693	-0.734871	0.045289	-10.918020	-199.425110	1013.660706	
0.037647	-0.072782	-0.996638	0.753959	-0.652496	0.076130	-0.655842	-0.754290	0.030309	8.315697	-186.400070	1011.610840	
-0.007416	-0.007490	-0.999945	0.699535	-0.714599	0.000163	-0.714560	-0.699495	0.010539	17.202864	-174.338150	1013.002930	
-0.018209	0.063891	-0.997791	0.672317	-0.737867	-0.059517	-0.740039	-0.671916	-0.029519	26.641888	-161.348450	1013.360535	
-0.038551	0.140628	-0.989312	0.650947	-0.747623	-0.131638	-0.758143	-0.649065	-0.062720	44.364346	-148.448135	1017.729797	
-0.047638	0.213768	-0.975722	0.626428	-0.754467	-0.195879	-0.778022	-0.620551	-0.097969	52.875771	-133.339142	1015.839783	
-0.019850	0.277908	-0.960403	0.597545	-0.766855	-0.234253	-0.801589	-0.578534	-0.150841	69.525940	-120.291367	1018.895508	
0.023992	0.305763	-0.951805	0.568505	-0.787322	-0.238594	-0.822330	-0.535382	-0.192717	76.835594	-113.320732	1018.650085	
0.077125	0.324928	-0.942589	0.540730	-0.807919	-0.234261	-0.837653	-0.491619	-0.238009	90.107819	-105.596970	1017.063110	
0.133790	0.380982	-0.914851	0.573444	-0.782664	-0.242073	-0.808246	-0.492229	-0.323185	102.011696	-97.493919	1015.553040	
0.199582	0.397504	-0.895632	0.513213	-0.821034	-0.250032	-0.834733	-0.409748	-0.367868	111.896576	-81.716797	1006.290649	
0.256426	0.384873	-0.886633	0.445711	-0.861039	-0.244858	-0.857664	-0.332394	-0.392335	116.058762	-66.168915	1009.109985	
0.323973	0.387672	-0.862990	0.417234	-0.877234	-0.237438	-0.849092	-0.283146	-0.445950	118.246956	-52.199760	994.638916	
0.410768	0.386624	-0.825707	0.378874	-0.896125	-0.231117	-0.829291	-0.217904	-0.514581	123.134941	-44.962524	1000.116699	
0.481857	0.352239	-0.802335	0.337909	-0.919521	-0.200748	-0.808474	-0.174385	-0.562102	124.985748	-29.987215	997.162842	
0.518794	0.337928	-0.785276	0.320213	-0.928502	-0.188014	-0.792664	-0.153915	-0.589910	125.379692	-15.520112	994.813782	
0.592911	0.285627	-0.752910	0.264733	-0.952150	-0.152736	-0.760508	-0.108762	-0.640155	121.958122	-1.451929	988.503357	
0.622417	0.254128	-0.740281	0.241191	-0.962070	-0.127476	-0.744596	-0.099207	-0.660102	117.886063	4.239253	983.044617	
0.671814	0.169442	-0.721080	0.142349	-0.984873	-0.098807	-0.726914	-0.036265	-0.685771	113.693832	9.866146	977.659180	
0.712015	0.127539	-0.690485	0.107034	-0.991588	-0.072786	-0.693959	-0.022081	-0.719676	105.734253	21.304911	968.320923	
0.744922	0.077904	-0.662588	0.086221	-0.996072	-0.020179	-0.661557	-0.042098	-0.748713	93.910522	25.892349	948.985168	
0.793522	-0.018049	-0.608275	0.020918	-0.998161	0.056905	-0.608182	-0.057880	-0.791685	87.821602	31.034189	941.720520	
0.824600	-0.066255	-0.561824	-0.020494	-0.995965	0.087372	-0.565345	-0.060533	-0.822631	75.041466	39.086166	946.385071	
0.827122	-0.116820	-0.549749	-0.035195	-0.987006	0.156782	-0.560920	-0.110330	-0.820486	67.030838	45.258438	942.932678	
0.834396	-0.183009	-0.519895	-0.056193	-0.966597	0.250067	-0.548293	-0.179441	-0.816809	50.459835	47.597679	933.969666	
0.843338	-0.232888	-0.484298	-0.055321	-0.934050	0.352831	-0.534527	-0.270765	-0.800604	33.206406	52.194725	918.245056	
0.836058	-0.330099	-0.438227	-0.145645	-0.903626	0.402801	-0.528956	-0.272940	-0.803561	16.008932	55.061657	902.729553	
0.785814	-0.458344	-0.415232	-0.240513	-0.845021	0.477592	-0.569780	-0.275430	-0.774267	5.904899	55.101120	893.574280	
0.728575	-0.566955	-0.384370	-0.338406	-0.785821	0.517655	-0.595532	-0.247078	-0.764391	-13.417908	54.103870	880.534302	
0.650624	-0.665345	-0.366067	-0.378122	-0.701878	0.603648	-0.658567	-0.254330	-0.708241	-33.472675	53.544910	876.201782	
0.565077	-0.749933	-0.343933	-0.409763	-0.616921	0.671940	-0.716088	-0.238767	-0.655902	-53.059662	52.880825	872.659790	
0.455340	-0.834754	-0.309599	-0.454724	-0.517011	0.725208	-0.765435	-0.189435	-0.614998	-71.607491	48.055126	862.191406	
0.408440	-0.873212	-0.265855	-0.467878	-0.450366	0.760435	-0.783752	-0.186205	-0.592503	-80.631271	43.282578	857.237732	
0.367012	-0.905632	-0.212449	-0.449281	-0.372557	0.812003	-0.814524	-0.202566	-0.543615	-89.058029	37.359505	838.875000	
0.310773	-0.936562	-0.162086	-0.400623	-0.283711	0.871212	-0.861928	-0.205814	-0.463378	-105.288017	33.690742	819.090149	
0.229793	-0.963736	-0.135678	-0.358086	-0.213351	0.908987	-0.904969	-0.160294	-0.394127	-119.520447	29.355837	796.909729	
0.165661	-0.980697	-0.103875	-0.387160	-0.161547	0.907750	-0.907007	-0.110163	-0.406449	-132.659439	23.416071	786.844971	
0.191747	-0.978293	-0.078585	-0.350284	-0.143012	0.925662	-0.916806	-0.149967	-0.370102	-143.693817	18.368231	770.713196	
0.231354	-0.971356	-0.054258	-0.281751	-0.120278	0.951920	-0.931177	-0.204943	-0.301507	-149.197983	12.199970	762.134705	
0.285370	-0.955673	-0.072477	-0.235126	-0.143119	0.961371	-0.929128	-0.257305	-0.265546	-158.095016	5.126331	758.704895	
0.346309	-0.935308	-0.072591	-0.233334	-0.160824	0.959006	-0.908638	-0.315175	-0.273934	-162.755203	-1.911776	750.887634	
0.606809	-0.791157	-0.076514	-0.160811	-0.216468	0.962955	-0.778410	-0.572026	-0.258581	-164.023468	-14.847137	767.320435	
0.711074	-0.699736	-0.068869	-0.131729	-0.228792	0.964522	-0.690666	-0.676775	-0.254864	-162.292984	-27.609886	754.479309	
0.812384	-0.579711	-0.062996	-0.122021	-0.274639	0.953775	-0.570213	-0.767144	-0.293849	-162.817200	-34.976315	765.857788	
0.891586	-0.451258	-0.037962	-0.058132	-0.197181	0.978643	-0.449104	-0.870337	-0.202036	-144.873764	-38.671577	711.639465	
-0.781711	-0.622250	-0.041635	0.349162	-0.492003	0.797508	-0.516734	0.608883	0.601870	-169.850998	-49.483700	717.440979	
-0.781711	-0.622250	-0.041635	0.349162	-0.492003	0.797508	-0.516734	0.608883	0.601870	-169.850998	-49.483700	717.440979	
-0.781711	-0.622250	-0.041635	0.349162	-0.492003	0.797508	-0.516734	0.608883	0.601870	-169.850998	-49.483700	717.440979	
-0.965441	-0.259853	-0.019966	0.188865	-0.750372	0.633461	-0.179589	0.607799	0.773517	-155.612213	-89.018578	684.075134	
-0.982298	-0.187318	-0.001096	0.157301	-0.828038	0.538155	-0.101713	0.528457	0.842845	-143.231995	-97.083443	672.753174	
-0.992452	-0.121760	0.014579	0.116508	-0.899141	0.421868	-0.038258	0.420383	0.906540	-130.678482	-112.652809	670.881653	
-0.999452	0.020676	0.025851	-0.012273	-0.956737	0.290698	0.030743	0.290222	0.956465	-116.571335	-119.934914	661.876770	
-0.983052	0.172608	0.061766	-0.169514	-0.984140	0.052292	0.069812	0.040935	0.996720	-108.248276	-126.568039	657.967896	
-0.970536	0.234845	0.053908	-0.235035	-0.971983	0.002867	0.053071	-0.009888	0.998541	-90.322021	-135.202209	648.506348	
-0.950829	0.300536	0.074848	-0.303555	-0.952255	-0.032638	0.061466	-0.053754	0.996660	-81.308105	-142.184067	634.937439	
-0.903005	0.424360	0.067089	-0.427205	-0.903461	-0.035430	0.045577	-0.060654	0.997118	-71.458229	-146.948486	623.486633	
-0.878258	0.475839	0.047336	-0.478057	-0.871397	-0.110136	-0.011158	-0.119357	0.992789	-62.504463	-157.401443	612.246704	
-0.848046	0.529103	0.029471	-0.521856	-0.824178	-0.219996	-0.092112	-0.201946	0.975055	-53.257999	-162.125839	604.765198	
-0.766132	0.642068	0.028124	-0.619246	-0.725777	-0.299637	-0.171975	-0.246978	0.953639	-33.141491	-170.808609	595.985962	
-0.671992	0.715873	0.189615	-0.735145	-0.613943	-0.287464	-0.089375	-0.332568	0.938835	-23.726530	-177.636917	602.473511	
-0.541126	0.783221	0.306183	-0.840880	-0.508351	-0.185744	0.010170	-0.357975	0.933676	-5.119348	-186.750839	600.326294	
-0.393976	0.844950	0.361722	-0.915376	-0.396197	-0.071519	0.082883	-0.359289	0.929538	13.778397	-194.989059	601.463135	
-0.218157	0.894044	0.391274	-0.958194	-0.272282	0.087905	0.185127	-0.355739	0.916066	24.837208	-201.942657	598.046021	
-0.042307	0.929079	0.367454	-0.939642	-0.161988	0.301385	0.339534	-0.332525	0.879855	34.795231	-204.001678	594.986694	
0.123785	0.942167	0.311448	-0.877875	-0.042348	0.477015	0.462617	-0.332460	0.821862	50.123177	-202.131378	585.416260	
0.079465	0.993076	0.086523	-0.803715	0.012483	0.594884	0.589685	-0.116813	0.799141	55.269775	-202.820007	582.348389	
0.086310	0.995913	0.026640	-0.756791	0.048150	0.651881	0.647934	-0.076425	0.757853	66.163498	-202.864838	578.405579	
0.102934	0.994653	-0.008460	-0.710310	0.079457	0.699390	0.696322	-0.065982	0.714690	71.466698	-202.801849	577.451782	
0.099766	0.994859	-0.017441	-0.650074	0.078441	0.755811	0.753293	-0.064066	0.654557	75.031250	-202.065430	580.981018	
0.053627	0.996162	-0.069181	-0.496062	0.086704	0.863947	0.866630	-0.012013	0.498807	81.045090	-201.418945	595.815735	
0.493493	0.868464	-0.047282	-0.047232	-0.027524	-0.998505	-0.868466	0.494988	0.027437	80.372803	-184.981995	562.841980	
0.493493	0.868464	-0.047282	-0.047232	-0.027524	-0.998505	-0.868466	0.494988	0.027437	80.372803	-184.981995	562.841980	
0.493493	0.868464	-0.047282	-0.047232	-0.027524	-0.998505	-0.868466	0.494988	0.027437	80.372803	-184.981995	562.841980	
0.493493	0.868464	-0.047282	-0.047232	-0.027524	-0.998505	-0.868466	0.494988	0.027437	80.372803	-184.981995	562.841980	
0.493493	0.868464	-0.047282	-0.047232	-0.027524	-0.998505	-0.868466	0.494988	0.027437	80.372803	-184.981995	562.841980	
0.493493	0.868464	-0.047282	-0.047232	-0.027524	-0.998505	-0.868466	0.494988	0.027437	80.372803	-184.981995	562.841980	
0.493493	0.868464	-0.047282	-0.047232	-0.027524	-0.998505	-0.868466	0.494988	0.027437	80.372803	-184.981995	562.841980	
0.866097	0.471057	-0.167275	0.202842	-0.637032	-0.743669	-0.456871	0.610160	-0.647282	56.184532	-138.864960	574.841187	
0.921357	0.343557	-0.181852	0.152114	-0.749178	-0.644665	-0.357719	0.566305	-0.742521	43.268417	-132.813019	581.055542	
0.940439	0.277133	-0.196903	0.113625	-0.802119	-0.586255	-0.320411	0.528965	-0.785833	28.722824	-125.944885	586.376221	
0.953922	0.210600	-0.213728	0.090689	-0.881349	-0.463680	-0.286021	0.422932	-0.859838	20.389622	-118.929565	594.602051	
0.968064	0.072425	-0.240015	-0.030679	-0.915945	-0.400128	-0.248821	0.394714	-0.884471	2.561762	-111.652679	602.520020	
0.962178	0.006262	-0.272350	-0.089057	-0.937576	-0.336185	-0.257454	0.347725	-0.901557	-15.614495	-97.532303	609.659424	
0.947991	-0.130836	-0.290162	-0.188966	-0.964917	-0.182286	-0.256133	0.227637	-0.939456	-35.287659	-90.804764	618.584900	
0.912386	-0.261890	-0.314586	-0.285952	-0.957708	-0.032058	-0.292887	0.119207	-0.948687	-45.629795	-76.360428	628.800110	
0.855426	-0.383209	-0.348420	-0.378948	-0.921661	0.083309	-0.353051	0.060769	-0.933629	-55.878395	-68.948341	635.274780	
0.849243	-0.523358	-0.069875	-0.527422	-0.847052	-0.065806	-0.024748	0.092740	-0.995383	-72.264816	-61.206451	669.075562	
0.769367	-0.635202	0.067775	-0.615506	-0.765513	-0.187465	0.170960	0.102514	-0.979930	-93.418304	-54.711315	689.059448	
0.640903	-0.609132	-0.467120	-0.553632	-0.788327	0.268390	-0.531728	0.086601	-0.842476	-114.044998	-39.160702	664.132019	
0.640903	-0.609132	-0.467120	-0.553632	-0.788327	0.268390	-0.531728	0.086601	-0.842476	-114.044998	-39.160702	664.132019	
0.640903	-0.609132	-0.467120	-0.553632	-0.788327	0.268390	-0.531728	0.086601	-0.842476	-114.044998	-39.160702	664.132019	
0.415115	-0.701073	-0.579806	-0.506532	-0.707499	0.492819	-0.755715	0.089114	-0.648810	-149.810287	-7.461949	690.350647	
0.321140	-0.740040	-0.590939	-0.537919	-0.656101	0.529316	-0.779431	0.147893	-0.608782	-158.393967	-2.654639	704.669067	
0.208560	-0.764262	-0.610250	-0.509089	-0.617609	0.599491	-0.835065	0.185641	-0.517886	-171.477463	2.162658	709.699402	
0.154000	-0.744205	-0.649955	-0.429754	-0.642774	0.634156	-0.889717	0.181661	-0.418813	-183.041702	7.788387	721.331726	
0.110602	-0.731310	-0.673017	-0.367031	-0.659359	0.656151	-0.923610	0.174446	-0.341341	-190.770874	17.426411	738.404785	
0.059183	-0.700874	-0.710825	-0.363650	-0.678282	0.638508	-0.929654	0.220703	-0.295016	-196.288757	22.155516	747.184692	
0.002881	-0.655084	-0.755550	-0.375514	-0.700968	0.606328	-0.926813	0.281972	-0.248014	-198.350296	29.041838	761.643005	
0.005239	-0.626441	-0.779451	-0.402224	-0.714948	0.571897	-0.915527	0.310517	-0.255715	-199.397964	35.839348	765.896851	
0.042144	-0.587299	-0.808271	-0.290853	-0.781165	0.552438	-0.955840	0.211806	-0.203740	-201.528793	38.055305	789.919495	
-0.048484	-0.535461	-0.843166	-0.300641	-0.797189	0.523551	-0.952505	0.278874	-0.122332	-202.326263	39.796188	803.113403	
-0.176468	-0.501776	-0.846806	-0.260859	-0.805705	0.531783	-0.949112	0.314739	0.011288	-198.720062	41.599953	817.138000	
-0.292353	-0.454062	-0.841640	-0.254204	-0.811530	0.526118	-0.921907	0.367760	0.121828	-192.192078	43.114609	817.537476	
-0.308992	-0.408844	-0.858703	-0.278109	-0.824580	0.492671	-0.909495	0.391043	0.141084	-183.916595	43.377491	826.810608	
-0.298117	-0.338596	-0.892457	-0.309561	-0.850142	0.425948	-0.902940	0.403251	0.148625	-178.425339	42.495438	840.286499	
-0.291881	-0.287670	-0.912169	-0.346694	-0.857018	0.381215	-0.891409	0.427512	0.150412	-166.286743	40.337543	842.994019	
-0.279131	-0.241571	-0.929370	-0.245946	-0.917570	0.312373	-0.928223	0.315767	0.196708	-160.887070	37.325886	861.881226	
-0.289175	-0.189099	-0.938413	-0.258772	-0.928358	0.266814	-0.921638	0.319990	0.219524	-146.069687	34.616943	877.652466	
-0.260273	-0.123977	-0.957542	-0.335191	-0.918443	0.210024	-0.905487	0.375622	0.197489	-137.914261	29.657568	893.755432	
-0.198446	-0.081607	-0.976708	-0.189009	-0.974636	0.119837	-0.961715	0.208388	0.177987	-120.885094	23.066507	908.497681	
-0.150798	-0.061977	-0.986620	-0.150793	-0.984912	0.084918	-0.976997	0.161580	0.139176	-102.249016	17.293217	922.508789	
-0.117420	-0.037225	-0.992385	-0.156400	-0.986134	0.055496	-0.980690	0.161725	0.109969	-82.852898	14.042864	929.438049	
-0.097202	-0.010321	-0.995211	-0.179066	-0.983447	0.027689	-0.979024	0.180899	0.093744	-62.926086	4.627319	939.157410	
-0.071121	0.010967	-0.997407	-0.179490	-0.983758	0.001982	-0.981186	0.179165	0.071934	-42.892288	-0.728533	946.423584	
-0.122023	-0.005375	-0.992513	-0.179637	-0.983351	0.027412	-0.976137	0.181636	0.119026	-33.602482	-5.861018	952.655518	
-0.115338	-0.016036	-0.993197	-0.168798	-0.985010	0.035506	-0.978880	0.171745	0.110902	-23.185518	-17.214102	964.724915	
-0.044495	-0.055782	-0.997451	-0.173543	-0.982827	0.062706	-0.983821	0.175891	0.034049	-2.862080	-23.088524	982.100647	
0.021301	-0.101885	-0.994568	-0.237927	-0.966729	0.093938	-0.971050	0.234633	-0.044834	17.662668	-30.602829	1001.609009	
0.255838	-0.175204	-0.950710	-0.345612	-0.935020	0.079308	-0.902830	0.308286	-0.299767	27.930967	-36.775681	999.307678	
0.296174	-0.220552	-0.929321	-0.322737	-0.938856	0.119960	-0.898957	0.264397	-0.349245	35.952335	-50.745544	996.340637	
0.341338	-0.283835	-0.896061	-0.284083	-0.939886	0.189502	-0.895984	0.189871	-0.401452	52.122269	-64.250145	1000.654724	
0.343378	-0.329868	-0.879362	-0.225939	-0.937808	0.263568	-0.911617	0.108178	-0.396553	66.108856	-71.198441	1012.410767	
0.323763	-0.401262	-0.856835	-0.296766	-0.902980	0.310738	-0.898393	0.153673	-0.411432	78.786789	-85.611206	1011.086914	
0.305700	-0.497131	-0.812039	-0.367045	-0.848480	0.381263	-0.878537	0.181502	-0.441850	88.691643	-93.459007	1016.334045	
0.247673	-0.553253	-0.795341	-0.375615	-0.811545	0.447558	-0.893070	0.187894	-0.408808	94.036346	-107.523453	1018.234924	
0.188277	-0.629092	-0.754184	-0.407737	-0.748681	0.522714	-0.893479	0.209093	-0.397463	96.916176	-115.972305	1023.162903	
0.158280	-0.695197	-0.701175	-0.429356	-0.687935	0.585150	-0.889158	0.208436	-0.407373	100.186081	-122.550995	1027.411621	
0.103816	-0.727787	-0.677898	-0.423760	-0.648990	0.631856	-0.899806	0.221669	-0.375783	101.905075	-135.729813	1027.984741	
0.028395	-0.781083	-0.623779	-0.424328	-0.574435	0.699980	-0.905064	0.244811	-0.347747	102.078720	-150.514771	1036.990356	
-0.080266	-0.806995	-0.585077	-0.445739	-0.495954	0.745217	-0.891558	0.320606	-0.319901	101.226280	-156.242233	1037.083862	
-0.119788	-0.824556	-0.552952	-0.346643	-0.487174	0.801562	-0.930318	0.287693	-0.227470	99.436111	-169.219666	1038.246948	
-0.193160	-0.835616	-0.514231	-0.299747	-0.448789	0.841868	-0.934260	0.316754	-0.163786	92.922089	-181.215073	1041.109619	
-0.336364	-0.829701	-0.445482	-0.277910	-0.364525	0.888757	-0.899792	0.422749	-0.107970	88.148972	-185.318039	1035.899170	
-0.373277	-0.833826	-0.406692	-0.171314	-0.368886	0.913551	-0.911766	0.410678	-0.005150	77.637817	-191.816544	1042.555176	
-0.391734	-0.840403	-0.374521	-0.062513	-0.381802	0.922128	-0.917953	0.384640	0.097028	65.635483	-200.463654	1058.228516	
-0.640079	-0.717663	-0.274332	0.023821	-0.375425	0.926546	-0.767939	0.586528	0.257398	56.961700	-197.341003	1026.530029	
-0.640079	-0.717663	-0.274332	0.023821	-0.375425	0.926546	-0.767939	0.586528	0.257398	56.961700	-197.341003	1026.530029	
-0.640079	-0.717663	-0.274332	0.023821	-0.375425	0.926546	-0.767939	0.586528	0.257398	56.961700	-197.341003	1026.530029	
-0.640079	-0.717663	-0.274332	0.023821	-0.375425	0.926546	-0.767939	0.586528	0.257398	56.961700	-197.341003	1026.530029	
-0.944123	-0.321866	0.070948	0.251539	-0.564549	0.786138	-0.212977	0.760057	0.613965	11.861248	-213.125153	1005.502319	
-0.957515	-0.261773	0.120996	0.261441	-0.610880	0.747312	-0.121712	0.747196	0.653364	2.681044	-211.726303	989.664124	
-0.964509	-0.196628	0.176239	0.263266	-0.664676	0.699212	-0.020343	0.720794	0.692851	-16.640411	-212.041611	984.518494	
-0.966312	-0.125346	0.224787	0.241718	-0.741940	0.625378	0.088390	0.658646	0.747243	-27.418287	-212.991943	991.451782	
-0.941289	-0.054023	0.333251	0.245900	-0.786061	0.567135	0.231317	0.615785	0.753194	-47.436733	-214.797043	993.125488	
-0.904745	0.054417	0.422463	0.160726	-0.874877	0.456902	0.394466	0.481280	0.782793	-57.037189	-212.664551	983.496704	
-0.842598	0.159528	0.514372	0.067301	-0.916441	0.394472	0.534321	0.366998	0.761455	-67.306915	-208.303970	971.854126	
-0.788506	0.250853	0.561543	-0.109727	-0.955769	0.272887	0.605160	0.153556	0.781154	-77.463135	-208.191360	965.975098	
-0.720775	0.334864	0.606918	-0.298656	-0.940157	0.164043	0.625530	-0.063022	0.777651	-93.639465	-200.857315	957.393066	
-0.678962	0.363099	0.638098	-0.382033	-0.916932	0.115267	0.626946	-0.165514	0.761278	-102.608330	-197.350571	944.909790	
-0.591872	0.422255	0.686577	-0.533766	-0.843594	0.058684	0.603971	-0.331739	0.724685	-110.685097	-192.732147	936.779968	
-0.474263	0.430720	0.767825	-0.703656	-0.709599	-0.036570	0.529096	-0.557629	0.639615	-124.087326	-183.865341	933.346680	
-0.382519	0.448606	0.807733	-0.814651	-0.576210	-0.065774	0.435916	-0.683181	0.585868	-130.052933	-173.285873	927.627014	
-0.303716	0.458372	0.835255	-0.919096	-0.371941	-0.130087	0.251037	-0.807190	0.534253	-134.197464	-162.177094	912.165283	
-0.258282	0.439006	0.860560	-0.961477	-0.203569	-0.184721	0.094090	-0.875119	0.474673	-142.027985	-150.374374	905.264954	
-0.175751	0.369141	0.912604	-0.983011	-0.015968	-0.182851	-0.052925	-0.929236	0.365677	-144.559601	-137.629150	900.779175	
-0.112499	0.269190	0.956494	-0.975344	0.154014	-0.158060	-0.189862	-0.950693	0.245227	-144.681549	-121.933334	881.072998	
-0.047591	0.167063	0.984797	-0.945993	0.308978	-0.098132	-0.320675	-0.936282	0.143336	-143.748062	-105.418236	855.202454	
-0.009099	0.141984	0.989827	-0.898652	0.432981	-0.070369	-0.438568	-0.890151	0.123655	-144.907639	-100.786537	858.705017	
0.002501	0.083175	0.996532	-0.819174	0.571725	-0.045663	-0.573540	-0.816219	0.069565	-141.890671	-95.810768	860.175720	
-0.010630	-0.038960	0.999184	-0.708618	0.705310	0.019963	-0.705512	-0.707828	-0.035105	-136.373489	-81.899910	849.015808	
-0.056327	-0.122640	0.990852	-0.536479	0.840703	0.073558	-0.842032	-0.527428	-0.113148	-133.976334	-76.466240	853.843384	
-0.122998	-0.226658	0.966177	-0.413275	0.896834	0.157779	-0.902261	-0.379890	-0.203980	-120.443428	-65.645432	816.614990	
-0.142524	-0.263144	0.954171	-0.356925	0.912816	0.198424	-0.923196	-0.312288	-0.224020	-113.058052	-58.750774	804.795288	
-0.170113	-0.355839	0.918935	-0.306093	0.905480	0.293964	-0.936680	-0.231272	-0.262953	-105.815414	-45.409157	799.361267	
-0.147868	-0.370033	0.917176	-0.326434	0.893661	0.307917	-0.933582	-0.253866	-0.252935	-96.134338	-31.115963	769.503235	
-0.193257	-0.396608	0.897415	-0.334485	0.886498	0.319752	-0.922373	-0.238378	-0.303981	-80.050934	-16.590654	740.969482	
-0.091969	-0.460889	0.882680	-0.218579	0.874161	0.433665	-0.971475	-0.153052	-0.181136	-72.512672	-7.032785	746.532043	
-0.053138	-0.502633	0.862865	-0.280905	0.836718	0.470102	-0.958263	-0.217403	-0.185653	-63.698746	-2.007319	751.693726	
-0.001449	-0.523064	0.852293	-0.506735	0.735148	0.450308	-0.862101	-0.431234	-0.266119	-50.397175	-2.393613	759.790405	
-0.239949	-0.497849	0.833409	-0.693466	0.688676	0.211732	-0.679359	-0.527137	-0.510488	-36.821651	3.303223	770.889893	
-0.528931	-0.580898	0.618700	0.554026	0.315897	0.770236	-0.642874	0.750178	0.154745	-23.704500	30.945499	720.919006	
-0.528931	-0.580898	0.618700	0.554026	0.315897	0.770236	-0.642874	0.750178	0.154745	-23.704500	30.945499	720.919006	
-0.528931	-0.580898	0.618700	0.554026	0.315897	0.770236	-0.642874	0.750178	0.154745	-23.704500	30.945499	720.919006	
-0.528931	-0.580898	0.618700	0.554026	0.315897	0.770236	-0.642874	0.750178	0.154745	-23.704500	30.945499	720.919006	
-0.827034	-0.448173	0.339345	0.510700	-0.346711	0.786750	-0.234945	0.823974	0.515623	17.572180	51.242882	676.591431	
-0.904654	-0.370197	0.211082	0.390126	-0.520139	0.759774	-0.171473	0.769682	0.614968	35.129166	53.829754	656.538269	
-0.944930	-0.314718	0.089777	0.281231	-0.640546	0.714569	-0.167381	0.700467	0.693779	51.374149	56.515831	649.474487	
-0.978076	-0.206828	0.024281	0.174998	-0.753103	0.634201	-0.112884	0.624547	0.772785	58.793159	58.571247	644.787903	
-0.987906	-0.148794	-0.043613	0.094844	-0.802412	0.589185	-0.122662	0.577923	0.806819	72.468407	59.730713	640.000732	
-0.989560	-0.096683	-0.106877	0.022821	-0.837351	0.546188	-0.142300	0.538048	0.830815	83.413948	59.844791	631.706543	
-0.985620	0.011861	-0.168562	-0.089632	-0.882333	0.462012	-0.143247	0.470477	0.870707	92.424576	58.501728	622.637695	
-0.971149	0.064697	-0.229528	-0.158199	-0.894996	0.417080	-0.178442	0.441358	0.879409	96.371696	57.212753	614.447205	
-0.942174	0.166581	-0.290791	-0.269314	-0.892767	0.361161	-0.199445	0.418591	0.886003	99.170753	53.733921	604.930542	
-0.900153	0.257513	-0.351299	-0.372901	-0.872402	0.316006	-0.225098	0.415454	0.881322	100.683693	51.481094	602.648804	
-0.857664	0.298091	-0.418991	-0.418071	-0.878639	0.230672	-0.299380	0.373007	0.878200	101.708984	45.331532	599.334106	
-0.812800	0.330521	-0.479699	-0.466422	-0.862582	0.195968	-0.349008	0.383026	0.855268	99.857491	38.348854	590.259583	
-0.728204	0.346786	-0.591150	-0.501860	-0.857224	0.115339	-0.466750	0.380665	0.798272	96.305145	29.253508	586.925415	
-0.657540	0.399392	-0.638848	-0.561295	-0.825308	0.061756	-0.502582	0.399190	0.766849	93.853729	20.118696	586.795776	
-0.544383	0.405640	-0.734236	-0.625650	-0.779394	0.033286	-0.558757	0.477496	0.678077	86.333206	13.787371	585.139099	
-0.425420	0.387290	-0.817939	-0.678242	-0.734824	0.004825	-0.599172	0.556813	0.575284	76.148735	7.423017	583.116699	
-0.363442	0.370579	-0.854740	-0.657705	-0.751851	-0.046309	-0.659798	0.545337	0.516985	64.261902	0.459615	580.573730	
-0.296620	0.345846	-0.890172	-0.632885	-0.769232	-0.087971	-0.715173	0.537283	0.447050	49.789230	-6.800599	577.655762	
-0.228051	0.317102	-0.920564	-0.642312	-0.759556	-0.102520	-0.731729	0.567910	0.376895	34.198860	-19.773001	575.501587	
-0.191927	0.213647	-0.957872	-0.620759	-0.782397	-0.050128	-0.760146	0.584988	0.282786	25.290083	-27.600563	570.940979	
-0.227859	0.099736	-0.968572	-0.629620	-0.773884	0.068431	-0.742737	0.625426	0.239132	7.088994	-35.109951	563.680359	
-0.236273	-0.020205	-0.971476	-0.572128	-0.805212	0.155894	-0.785394	0.592643	0.178690	-2.705728	-43.536331	569.576172	
-0.231040	-0.090015	-0.968771	-0.541756	-0.815168	0.204944	-0.808159	0.572188	0.139571	-22.712263	-57.839581	565.866394	
-0.187394	-0.209655	-0.959650	-0.518525	-0.808638	0.277916	-0.834275	0.549683	0.042822	-42.428658	-66.612679	570.006958	
0.073016	-0.336687	-0.938781	-0.472668	-0.840549	0.264693	-0.878210	0.424406	-0.220514	-56.957699	-75.906158	577.759521	
0.152912	-0.497928	-0.853631	-0.321272	-0.841917	0.433544	-0.934560	0.207953	-0.288709	-62.866669	-76.154533	552.358826	
0.036686	-0.531374	-0.846343	-0.682383	-0.632046	0.367250	-0.730074	0.564057	-0.385787	-93.528503	-105.179001	582.885986	
0.036686	-0.531374	-0.846343	-0.682383	-0.632046	0.367250	-0.730074	0.564057	-0.385787	-93.528503	-105.179001	582.885986	
0.036686	-0.531374	-0.846343	-0.682383	-0.632046	0.367250	-0.730074	0.564057	-0.385787	-93.528503	-105.179001	582.885986	
-0.132063	-0.777130	-0.615328	-0.635535	-0.410002	0.654213	-0.760694	0.477460	-0.439746	-132.511948	-134.367126	596.868774	
-0.219848	-0.790937	-0.571039	-0.621274	-0.337785	0.707051	-0.752121	0.510215	-0.417126	-145.796234	-144.250671	592.260315	
-0.301618	-0.809048	-0.504448	-0.583681	-0.261669	0.768665	-0.753885	0.526280	-0.393301	-156.324051	-159.635910	603.179321	
-0.360953	-0.851935	-0.379366	-0.504296	-0.163879	0.847839	-0.784474	0.497342	-0.370474	-170.789246	-172.062790	613.538635	
-0.456862	-0.854593	-0.246873	-0.433182	-0.028658	0.900851	-0.776937	0.518506	-0.357101	-177.249298	-177.712677	619.825439	
-0.508868	-0.853915	-0.109005	-0.315135	0.066949	0.946683	-0.801089	0.516088	-0.303166	-187.401962	-187.484650	627.999939	
-0.549774	-0.834668	0.032815	-0.211652	0.177197	0.961148	-0.808055	0.521469	-0.274076	-195.358917	-192.001663	635.411072	
-0.577428	-0.798637	0.169575	-0.099416	0.274932	0.956310	-0.810367	0.535342	-0.238150	-200.909973	-195.986237	638.883850	
-0.622082	-0.718856	0.310256	0.063168	0.348892	0.935032	-0.780400	0.601265	-0.171630	-204.865967	-199.201385	652.736084	
-0.646085	-0.624896	0.438269	0.235430	0.383046	0.893224	-0.726050	0.680280	-0.100360	-205.513519	-204.903000	657.346802	
-0.643812	-0.524618	0.557030	0.379845	0.412823	0.827825	-0.664247	0.744549	-0.066506	-204.952057	-208.589096	671.281250	
-0.601012	-0.447391	0.662289	0.517006	0.414301	0.749039	-0.609501	0.792589	-0.017695	-203.235916	-210.093613	679.921692	
-0.589721	-0.371720	0.716976	0.630817	0.342325	0.696335	-0.504281	0.862924	0.032612	-200.552704	-212.052246	690.857056	
-0.524811	-0.272011	0.806588	0.760760	0.275199	0.587799	-0.381861	0.922104	0.062508	-192.630463	-211.558258	696.541138	
-0.436561	-0.178393	0.881811	0.858691	0.209838	0.467565	-0.268448	0.961324	0.061578	-187.257233	-209.756836	711.167358	
-0.390886	-0.137931	0.910046	0.899018	0.154851	0.409618	-0.197421	0.978262	0.063473	-181.060257	-206.963577	720.796875	
-0.271484	-0.087926	0.958419	0.957308	0.078065	0.278330	-0.099292	0.993063	0.062979	-166.617126	-203.499557	730.485657	
-0.137910	-0.038855	0.989682	0.990025	0.023683	0.138886	-0.028836	0.998964	0.035202	-150.729004	-199.191498	746.315552	
-0.003886	-0.012406	0.999915	0.999018	-0.044178	0.003333	0.044132	0.998946	0.012566	-133.719315	-195.371841	754.380737	
0.138886	-0.006901	0.990284	0.981721	-0.130448	-0.138595	0.130137	0.991431	-0.011343	-116.308228	-192.265076	771.962219	
0.208903	-0.041975	0.977035	0.950975	-0.224262	-0.212967	0.228050	0.973624	-0.006932	-105.371819	-183.960617	779.649048	
0.352543	-0.087071	0.931736	0.920221	-0.148642	-0.362077	0.170021	0.985050	0.027722	-93.736992	-172.353943	785.065735	
0.486243	-0.088884	0.869291	0.869058	-0.054562	-0.491693	0.091133	0.994546	0.050715	-73.859123	-165.326340	793.512451	
0.598812	-0.057759	0.798803	0.799119	-0.023189	-0.600726	0.053220	0.998061	0.032271	-64.090126	-160.923386	807.639038	
0.697362	0.024971	0.716284	0.712162	0.088390	-0.696430	-0.080703	0.995773	0.043857	-47.954586	-153.349091	811.488586	
0.710541	0.112778	0.694559	0.663016	0.223293	-0.714529	-0.235675	0.968205	0.083886	-29.454739	-148.122833	829.866882	
0.719650	0.219434	0.658750	0.597101	0.288623	-0.748444	-0.354365	0.931958	0.076684	-13.693842	-136.581329	835.163269	
0.841564	-0.302417	0.447565	0.190477	-0.609208	-0.769795	0.505459	0.733082	-0.455084	3.877510	-118.042999	889.822021	
0.841564	-0.302417	0.447565	0.190477	-0.609208	-0.769795	0.505459	0.733082	-0.455084	3.877510	-118.042999	889.822021	
0.841564	-0.302417	0.447565	0.190477	-0.609208	-0.769795	0.505459	0.733082	-0.455084	3.877510	-118.042999	889.822021	
0.869784	-0.476909	0.126627	-0.181868	-0.548403	-0.816198	0.458695	0.686886	-0.563726	29.692101	-81.597588	909.559448	
0.837696	-0.543249	0.056086	-0.281651	-0.517715	-0.807864	0.467909	0.660947	-0.586694	36.824455	-67.006989	927.033081	
0.797434	-0.603322	-0.010132	-0.365895	-0.470130	-0.803180	0.479814	0.644190	-0.595649	42.726505	-52.481327	940.666931	
0.757090	-0.647904	-0.083877	-0.445090	-0.417543	-0.792182	0.478236	0.637086	-0.604493	52.291126	-45.843304	953.016235	
0.717451	-0.659443	-0.224498	-0.544573	-0.329974	-0.771076	0.434403	0.675464	-0.595855	60.318420	-32.700172	961.163269	
0.683204	-0.677207	-0.273173	-0.598333	-0.304707	-0.741047	0.418605	0.669734	-0.613372	63.546223	-18.505644	967.824951	
0.624280	-0.703534	-0.339581	-0.652624	-0.230763	-0.721685	0.429368	0.672152	-0.603204	65.322144	-4.609866	972.100159	
0.582547	-0.706396	-0.402051	-0.700631	-0.185676	-0.688942	0.412015	0.683030	-0.603087	67.680656	8.392789	985.951355	
0.550524	-0.695588	-0.461607	-0.746987	-0.163563	-0.644406	0.372739	0.699574	-0.609640	66.804565	20.397552	987.615540	
0.508415	-0.696550	-0.506294	-0.781898	-0.127099	-0.610313	0.360764	0.706162	-0.609249	65.103027	26.126261	998.422424	
0.453850	-0.684483	-0.570529	-0.810815	-0.051658	-0.583018	0.369594	0.727196	-0.578434	62.188339	35.969868	1003.765076	
0.382144	-0.631080	-0.675059	-0.852070	0.042127	-0.521731	0.357692	0.774573	-0.521624	54.672916	47.336166	1010.429626	
0.345973	-0.597190	-0.723648	-0.874006	0.075347	-0.480038	0.341199	0.798553	-0.495879	49.508743	57.969673	1018.539062	
0.303386	-0.544373	-0.782059	-0.897530	0.112367	-0.426397	0.319996	0.831284	-0.454500	38.312202	65.891586	1017.871887	
0.242131	-0.515220	-0.822144	-0.907509	0.179488	-0.379753	0.343222	0.838053	-0.424106	24.332432	75.330559	1033.607910	
0.187577	-0.464144	-0.865671	-0.903096	0.265119	-0.337834	0.386309	0.845153	-0.369435	15.431381	83.785141	1037.503296	
0.141207	-0.416812	-0.897958	-0.893873	0.336177	-0.296610	0.425503	0.844543	-0.325106	-0.293824	87.538696	1043.592163	
0.090820	-0.319232	-0.943315	-0.887251	0.404232	-0.222220	0.452259	0.857139	-0.246526	-17.973715	90.757812	1055.656372	
0.065501	-0.273748	-0.959568	-0.886173	0.426094	-0.182048	0.458702	0.862268	-0.214678	-35.796200	93.395554	1063.317993	
0.039150	-0.156268	-0.986938	-0.878243	0.465725	-0.108579	0.476610	0.871023	-0.119007	-45.854393	94.947983	1068.503540	
0.017593	-0.094465	-0.995373	-0.855325	0.514135	-0.063912	0.517794	0.852491	-0.071752	-56.126278	96.490738	1073.933228	
-0.001198	0.036823	-0.999321	-0.826364	0.562718	0.021726	0.563136	0.825829	0.029756	-67.182770	96.489380	1078.368774	
-0.018071	0.165441	-0.986054	-0.811771	0.573317	0.111069	0.583697	0.802457	0.123940	-86.077339	95.810806	1074.584717	
-0.022040	0.247430	-0.968655	-0.797008	0.580584	0.166437	0.603568	0.775694	0.184408	-96.323990	94.300865	1069.809814	
0.007085	0.360456	-0.932749	-0.762461	0.605462	0.228187	0.646996	0.709568	0.279124	-105.307884	91.690292	1075.785278	
0.013286	0.425198	-0.905002	-0.749363	0.603475	0.272530	0.662027	0.674555	0.326645	-116.049416	87.442596	1074.117432	
0.042056	0.474097	-0.879467	-0.720895	0.623863	0.301835	0.691767	0.621310	0.368012	-124.810631	81.979401	1071.913452	
0.064479	0.522078	-0.850456	-0.685968	0.642147	0.342193	0.724770	0.561322	0.399534	-133.104111	75.938728	1069.836670	
0.099039	0.569353	-0.816105	-0.655568	0.654332	0.376936	0.748614	0.497682	0.438054	-140.601700	67.867584	1067.513794	
0.158095	0.622259	-0.766681	-0.622401	0.665576	0.411856	0.766566	0.412071	0.492519	-148.041962	64.531433	1066.109741	
0.195140	0.661796	-0.723841	-0.598698	0.664947	0.446548	0.776841	0.346223	0.525974	-153.778961	54.963470	1063.409302	
0.228784	0.706807	-0.669389	-0.578243	0.651843	0.490649	0.783131	0.274817	0.557837	-163.659607	44.101120	1053.964355	
0.281128	0.772334	-0.569620	-0.563300	0.613351	0.553619	0.776956	0.165229	0.607486	-170.303284	32.452637	1044.206299	
0.321333	0.817163	-0.478528	-0.578630	0.569451	0.583877	0.749622	0.089272	0.655819	-176.174866	26.475361	1053.101318	
0.354192	0.852483	-0.384472	-0.596301	0.522581	0.609372	0.720398	0.013427	0.693431	-181.889694	20.261795	1050.563110	
0.366365	0.876217	-0.313081	-0.633286	0.481330	0.606029	0.681708	-0.023757	0.731238	-190.309387	12.328640	1061.323975	
0.423109	0.895291	-0.139398	-0.622462	0.399005	0.673302	0.658422	-0.198110	0.726108	-184.460754	6.404220	1038.897217	
0.468026	0.883290	-0.027382	-0.618613	0.349595	0.703635	0.631087	-0.312379	0.710034	-179.691422	0.633321	1017.623047	
0.496831	0.863954	0.082111	-0.639095	0.300222	0.708114	0.587126	-0.404288	0.701308	-176.035431	-12.956251	1009.573486	
0.511808	0.847844	0.138609	-0.640996	0.269448	0.718694	0.571993	-0.456681	0.681371	-173.355637	-20.477631	1003.760864	
0.518269	0.816581	0.254150	-0.671293	0.204308	0.712478	0.529872	-0.539863	0.654051	-164.769516	-35.499935	993.552917	
0.526310	0.793352	0.305924	-0.678962	0.175530	0.712882	0.511868	-0.582907	0.631039	-154.146515	-42.524429	978.170654	
0.540878	0.757207	0.366181	-0.692465	0.153758	0.704877	0.477435	-0.634818	0.607503	-142.015640	-49.183807	963.078064	
0.544472	0.731505	0.410427	-0.706415	0.136080	0.694594	0.452248	-0.668117	0.590838	-135.259277	-63.832024	958.514343	
