0.993171	-0.038833	0.110018	0.045313	0.997344	-0.057019	-0.107512	0.061615	0.992293	20.284300	2.139043	543.484131	
0.972642	-0.116622	0.200913	0.124627	0.991819	-0.027621	-0.196048	0.051905	0.979220	27.668360	6.752615	547.417358	
0.950168	-0.171062	0.260611	0.176755	0.984253	0.001619	-0.256784	0.044525	0.965443	36.652100	15.901369	549.801941	
0.914946	-0.202246	0.349243	0.210886	0.977417	0.013543	-0.344094	0.061260	0.936935	44.567993	18.303173	539.825317	
0.844919	-0.253517	0.471001	0.298196	0.954267	-0.021292	-0.444062	0.158441	0.881876	52.853706	24.113045	547.364380	
0.784321	-0.325320	0.528210	0.389987	0.920742	-0.012001	-0.482441	0.215408	0.849029	69.632736	26.012632	551.502075	
0.686413	-0.369264	0.626483	0.485158	0.874275	-0.016250	-0.541718	0.315097	0.779266	76.886589	29.637569	552.812134	
0.606065	-0.355083	0.711759	0.523233	0.851942	-0.020517	-0.599093	0.384850	0.702124	83.741112	30.823700	558.569885	
0.539021	-0.361774	0.760642	0.570111	0.821460	-0.013302	-0.620025	0.440820	0.649036	88.886513	31.526554	559.729797	
0.438989	-0.310176	0.843256	0.613218	0.789385	-0.028873	-0.656698	0.529774	0.536737	99.405029	31.365633	569.293640	
0.379258	-0.343658	0.859106	0.688932	0.724686	-0.014246	-0.617687	0.597268	0.511600	103.631737	30.066992	578.735352	
0.269219	-0.284799	0.920006	0.774421	0.631911	-0.031001	-0.572533	0.720818	0.390677	106.588730	27.439465	581.857666	
0.197419	-0.247862	0.948468	0.839224	0.542794	-0.032832	-0.506684	0.802458	0.315170	108.432655	25.610271	590.505676	
0.124859	-0.181575	0.975418	0.872413	0.488328	-0.020771	-0.472553	0.853561	0.219381	109.531418	20.726017	600.320312	
0.089778	-0.160575	0.982933	0.923329	0.383395	-0.021702	-0.373367	0.909519	0.182684	108.870163	15.015444	601.384033	
0.051033	-0.121240	0.991311	0.942421	0.334341	-0.007625	-0.330512	0.934621	0.131322	107.427483	8.496424	608.200012	
0.018726	-0.097252	0.995084	0.945781	0.324505	0.013916	-0.324263	0.940871	0.098056	103.765785	5.942599	620.219604	
-0.031065	-0.047421	0.998392	0.924071	0.379348	0.046770	-0.380956	0.924038	0.032036	97.342926	1.982248	614.689880	
-0.115057	0.131712	0.984589	0.823722	0.566624	0.020459	-0.555197	0.813381	-0.173688	95.893860	-1.650248	610.190125	
-0.089212	0.127363	0.987836	0.720553	0.692974	-0.024273	-0.687636	0.709624	-0.153594	83.628128	-4.946308	597.450867	
-0.005726	0.237162	0.971453	0.981435	-0.184908	0.050927	0.191708	0.953710	-0.231700	81.315804	-31.451500	649.338013	
-0.005726	0.237162	0.971453	0.981435	-0.184908	0.050927	0.191708	0.953710	-0.231700	81.315804	-31.451500	649.338013	
-0.005726	0.237162	0.971453	0.981435	-0.184908	0.050927	0.191708	0.953710	-0.231700	81.315804	-31.451500	649.338013	
0.055820	0.468778	0.881551	0.932583	-0.339835	0.121661	0.356613	0.815328	-0.456143	59.084778	-56.563320	680.237671	
0.102630	0.577169	0.810150	0.904679	-0.392763	0.165208	0.413549	0.715970	-0.562462	51.838821	-70.419037	704.764099	
0.186332	0.649096	0.737534	0.850172	-0.482772	0.210093	0.492431	0.587883	-0.641798	33.108952	-84.037079	716.207336	
0.252513	0.721795	0.644400	0.806185	-0.525228	0.272400	0.535073	0.450720	-0.714526	14.735769	-96.986069	723.353516	
0.296982	0.760688	0.577197	0.788887	-0.536035	0.300538	0.538014	0.366089	-0.759289	5.927132	-103.015541	732.655884	
0.363832	0.774702	0.517169	0.749486	-0.573158	0.331303	0.553080	0.267072	-0.789161	-2.856060	-109.922485	735.656067	
0.471601	0.767428	0.434335	0.676808	-0.630747	0.379591	0.565265	0.114945	-0.816862	-12.906612	-124.469650	745.022217	
0.559851	0.773728	0.296500	0.647772	-0.631829	0.425657	0.516680	-0.046241	-0.854929	-22.362734	-138.312042	743.131287	
0.626793	0.735730	0.256576	0.588969	-0.662945	0.462191	0.510143	-0.138583	-0.848852	-31.574600	-146.022583	768.991943	
0.667899	0.729340	0.148235	0.625106	-0.657833	0.420119	0.403923	-0.187935	-0.895281	-37.568630	-153.134140	743.991882	
0.755548	0.652446	0.058827	0.509405	-0.641607	0.573452	0.411890	-0.403305	-0.817125	-47.967957	-175.010086	793.327820	
0.791970	0.609460	-0.036626	0.495255	-0.606166	0.622323	0.357080	-0.511001	-0.781904	-56.193752	-181.668839	813.390625	
0.824055	0.559691	-0.087635	0.475366	-0.599004	0.644376	0.308158	-0.572661	-0.759671	-70.176109	-193.404190	822.534485	
0.846733	0.508088	-0.157765	0.480896	-0.604104	0.635451	0.227559	-0.613926	-0.755852	-81.879196	-202.467056	818.145020	
0.866128	0.468079	-0.175282	0.463015	-0.619304	0.634098	0.188255	-0.630369	-0.753124	-92.001740	-211.218842	821.770264	
0.868151	0.473630	-0.148285	0.460487	-0.657271	0.596613	0.185110	-0.586234	-0.788711	-99.602829	-212.951126	824.204773	
0.879330	0.288091	-0.379186	0.475935	-0.504477	0.720408	0.016252	-0.813945	-0.580715	-111.650002	-225.925003	879.422974	
0.879330	0.288091	-0.379186	0.475935	-0.504477	0.720408	0.016252	-0.813945	-0.580715	-111.650002	-225.925003	879.422974	
0.879330	0.288091	-0.379186	0.475935	-0.504477	0.720408	0.016252	-0.813945	-0.580715	-111.650002	-225.925003	879.422974	
0.879330	0.288091	-0.379186	0.475935	-0.504477	0.720408	0.016252	-0.813945	-0.580715	-111.650002	-225.925003	879.422974	
0.791251	0.026565	-0.610914	0.561195	-0.428337	0.708229	-0.242863	-0.903229	-0.353830	-113.571419	-240.818130	907.712280	
0.728377	-0.027722	-0.684615	0.617045	-0.407825	0.673003	-0.297860	-0.912639	-0.279945	-112.692917	-244.923691	912.971680	
0.683666	-0.089643	-0.724269	0.635307	-0.415286	0.651093	-0.359144	-0.905263	-0.226966	-109.171638	-245.597229	917.911499	
0.608021	-0.104526	-0.787010	0.684533	-0.433105	0.586374	-0.402149	-0.895262	-0.191786	-105.137863	-247.333511	927.570435	
0.548536	-0.195166	-0.813031	0.659141	-0.497327	0.564092	-0.514434	-0.845326	-0.144160	-95.691246	-247.121918	940.614868	
0.485464	-0.256310	-0.835841	0.657182	-0.523536	0.542239	-0.576573	-0.812537	-0.085716	-90.163353	-244.812073	938.266602	
0.477574	-0.218358	-0.851024	0.707900	-0.478077	0.519923	-0.520384	-0.850742	-0.073741	-80.541397	-249.436005	971.940979	
0.477574	-0.218358	-0.851024	0.707900	-0.478077	0.519923	-0.520384	-0.850742	-0.073741	-80.541397	-249.436005	971.940979	
0.477574	-0.218358	-0.851024	0.707900	-0.478077	0.519923	-0.520384	-0.850742	-0.073741	-80.541397	-249.436005	971.940979	
0.477574	-0.218358	-0.851024	0.707900	-0.478077	0.519923	-0.520384	-0.850742	-0.073741	-80.541397	-249.436005	971.940979	
0.213948	-0.213400	-0.953250	0.748516	-0.591198	0.300346	-0.627654	-0.777782	0.033247	-39.730953	-223.089554	983.179138	
0.166359	-0.200476	-0.965471	0.723944	-0.639948	0.257624	-0.669499	-0.741806	0.038673	-30.478645	-213.973434	980.635071	
0.100029	-0.165651	-0.981098	0.683764	-0.704874	0.188727	-0.722814	-0.689719	0.042759	-20.857506	-203.259415	975.292664	
0.075356	-0.137113	-0.987684	0.706403	-0.691749	0.149925	-0.703787	-0.709002	0.044730	-11.260670	-193.345398	981.020020	
0.064872	-0.093425	-0.993510	0.615396	-0.779999	0.113530	-0.785544	-0.618768	0.006894	6.355461	-181.994629	978.218994	
0.007144	0.001425	-0.999973	0.655897	-0.754841	0.003609	-0.754816	-0.655906	-0.006327	16.571049	-171.920044	993.438477	
-0.023564	0.048945	-0.998523	0.601259	-0.797276	-0.053270	-0.798706	-0.601627	-0.010641	26.259153	-157.625320	985.229919	
-0.006256	0.132558	-0.991155	0.622889	-0.774879	-0.107565	-0.782285	-0.618053	-0.077721	43.912220	-147.936234	1007.241760	
-0.046741	0.195929	-0.979503	0.576570	-0.795447	-0.186627	-0.815709	-0.573476	-0.075786	52.574127	-132.383362	996.051758	
-0.024597	0.243570	-0.969571	0.558914	-0.800775	-0.215346	-0.828860	-0.547204	-0.116437	67.314331	-118.224228	989.498169	
-0.008883	0.273396	-0.961860	0.515864	-0.822764	-0.238625	-0.856624	-0.498310	-0.133726	74.218742	-110.307518	985.738037	
0.038935	0.311131	-0.949569	0.534853	-0.809186	-0.243204	-0.844047	-0.498411	-0.197915	88.972160	-104.957298	1006.355347	
0.098460	0.358471	-0.928334	0.584066	-0.776108	-0.237744	-0.805712	-0.518800	-0.285786	101.305580	-97.495987	1011.332092	
0.154441	0.392352	-0.906757	0.465790	-0.838289	-0.283392	-0.871313	-0.378591	-0.312219	110.871796	-80.672516	1000.737732	
0.223664	0.420219	-0.879426	0.401754	-0.861815	-0.309626	-0.888013	-0.284061	-0.361581	113.465843	-64.220741	987.454285	
0.277131	0.403529	-0.871988	0.362712	-0.884322	-0.293963	-0.889740	-0.234814	-0.391437	115.452866	-50.181595	970.280334	
0.346199	0.394482	-0.851194	0.334989	-0.899467	-0.280607	-0.876314	-0.187995	-0.443542	119.662857	-43.228222	970.335510	
0.477739	0.349418	-0.806023	0.344379	-0.918551	-0.194082	-0.808188	-0.184857	-0.559160	125.208000	-30.356600	1002.059998	
0.477739	0.349418	-0.806023	0.344379	-0.918551	-0.194082	-0.808188	-0.184857	-0.559160	125.208000	-30.356600	1002.059998	
0.477739	0.349418	-0.806023	0.344379	-0.918551	-0.194082	-0.808188	-0.184857	-0.559160	125.208000	-30.356600	1002.059998	
0.477739	0.349418	-0.806023	0.344379	-0.918551	-0.194082	-0.808188	-0.184857	-0.559160	125.208000	-30.356600	1002.059998	
0.477739	0.349418	-0.806023	0.344379	-0.918551	-0.194082	-0.808188	-0.184857	-0.559160	125.208000	-30.356600	1002.059998	
0.751666	0.131956	-0.646210	0.119529	-0.990811	-0.063289	-0.648623	-0.029668	-0.760531	104.179459	20.352577	956.423584	
0.806233	0.088495	-0.584943	0.077159	-0.996032	-0.044338	-0.586546	-0.009387	-0.809862	93.088028	25.275375	942.694519	
0.837115	0.004804	-0.547006	0.019419	-0.999592	0.020940	-0.546682	-0.028151	-0.836867	86.970245	29.898849	933.705566	
0.840263	-0.051496	-0.539728	-0.020470	-0.997782	0.063331	-0.541792	-0.042166	-0.839454	74.763062	39.070923	942.399536	
0.828680	-0.114159	-0.547957	-0.035847	-0.987794	0.151582	-0.558573	-0.105970	-0.822658	67.096504	45.464046	941.626709	
0.831185	-0.186988	-0.523610	-0.036835	-0.958201	0.283714	-0.554775	-0.216531	-0.803329	51.709129	48.488281	941.467224	
0.812864	-0.235391	-0.532769	-0.049656	-0.939374	0.339279	-0.580333	-0.249332	-0.775272	33.228485	52.373417	926.718201	
0.744485	-0.328654	-0.581144	-0.088960	-0.911517	0.401525	-0.661686	-0.247230	-0.707848	15.212811	55.613621	919.122314	
0.775165	-0.453057	-0.440293	-0.224297	-0.848893	0.478614	-0.590602	-0.272248	-0.759651	5.462727	55.850304	901.829651	
0.775803	-0.534395	-0.335488	-0.343294	-0.803598	0.486188	-0.529414	-0.262015	-0.806888	-12.605400	55.021221	882.299927	
0.702030	-0.639643	-0.313066	-0.408198	-0.721654	0.559096	-0.583548	-0.264709	-0.767724	-32.357327	54.584908	874.698730	
0.553589	-0.747177	-0.367783	-0.403009	-0.626828	0.666835	-0.728781	-0.220932	-0.648125	-53.179398	53.741337	869.947876	
0.434951	-0.827323	-0.355461	-0.378889	-0.526263	0.761243	-0.816860	-0.196423	-0.542362	-71.453903	49.776867	857.041504	
0.383764	-0.871507	-0.305286	-0.385444	-0.451600	0.804668	-0.839141	-0.191131	-0.509225	-79.642006	44.780544	844.948425	
0.359507	-0.900449	-0.244839	-0.358224	-0.375453	0.854816	-0.861644	-0.219605	-0.457541	-90.076599	39.494999	851.974976	
0.359507	-0.900449	-0.244839	-0.358224	-0.375453	0.854816	-0.861644	-0.219605	-0.457541	-90.076599	39.494999	851.974976	
0.359507	-0.900449	-0.244839	-0.358224	-0.375453	0.854816	-0.861644	-0.219605	-0.457541	-90.076599	39.494999	851.974976	
0.099061	-0.976634	-0.190718	-0.089215	-0.199606	0.975806	-0.991074	-0.079650	-0.106903	-122.203865	23.756880	728.623657	
-0.077352	-0.982630	-0.168690	-0.109002	-0.159848	0.981105	-0.991027	0.094278	-0.094744	-145.545944	20.507957	776.703003	
-0.188309	-0.973716	-0.128131	-0.051209	-0.120553	0.991385	-0.980774	0.193248	-0.027162	-151.181320	15.177253	765.252014	
-0.131876	-0.985786	-0.104089	0.018874	-0.107484	0.994027	-0.991087	0.129123	0.032780	-151.323578	6.933634	723.346008	
-0.238522	-0.963972	-0.117749	0.097539	-0.144415	0.984697	-0.966226	0.223387	0.128470	-159.223679	0.111040	734.626465	
-0.434474	-0.895512	-0.096390	0.219477	-0.209056	0.952955	-0.873534	0.392880	0.287374	-168.477936	-13.423079	737.027649	
-0.459895	-0.881428	-0.107616	0.320159	-0.277635	0.905768	-0.828248	0.382104	0.409879	-170.712799	-26.506611	727.890137	
-0.623276	-0.778207	-0.076944	0.321067	-0.344376	0.882224	-0.713051	0.525166	0.464498	-171.391922	-34.231319	724.255554	
-0.689505	-0.722017	-0.057209	0.328559	-0.382199	0.863696	-0.645470	0.576728	0.500754	-169.886841	-41.595695	718.193115	
-0.790724	-0.610523	-0.044894	0.326620	-0.482775	0.812555	-0.517758	0.627845	0.581151	-167.897919	-48.677067	708.838623	
-0.864564	-0.501709	-0.028597	0.310086	-0.577402	0.755283	-0.395444	0.644124	0.654773	-161.612900	-62.795795	693.561035	
-0.921701	-0.387885	-0.003367	0.253264	-0.608340	0.752182	-0.293809	0.692436	0.658945	-159.464691	-72.528267	683.645203	
-0.965974	-0.258070	-0.017112	0.187409	-0.744008	0.641349	-0.178245	0.616321	0.767057	-155.864014	-88.990234	683.285034	
-0.978507	-0.205808	-0.012902	0.161186	-0.802377	0.574639	-0.128618	0.560209	0.818304	-142.767578	-96.618217	670.889038	
-0.988712	-0.144125	-0.040941	0.118777	-0.920534	0.372167	-0.091326	0.363103	0.927261	-127.217094	-109.201660	654.802246	
-0.999997	0.002250	0.000348	-0.002039	-0.953115	0.302600	0.001013	0.302599	0.953116	-115.094864	-118.270134	656.650208	
-0.979941	0.198283	0.019953	-0.191813	-0.965622	0.175446	0.054055	0.168100	0.984286	-105.009079	-123.505264	643.906372	
-0.979388	0.201573	0.012923	-0.197749	-0.969915	0.141988	0.041155	0.136506	0.989783	-89.064194	-132.132874	640.003784	
-0.961583	0.274162	0.013903	-0.272760	-0.959929	0.064321	0.030981	0.058058	0.997831	-79.767593	-137.307922	622.587341	
-0.911489	0.410492	0.026145	-0.410391	-0.911862	0.009352	0.027679	-0.002205	0.999614	-71.913803	-145.600006	623.674011	
-0.911489	0.410492	0.026145	-0.410391	-0.911862	0.009352	0.027679	-0.002205	0.999614	-71.913803	-145.600006	623.674011	
-0.911489	0.410492	0.026145	-0.410391	-0.911862	0.009352	0.027679	-0.002205	0.999614	-71.913803	-145.600006	623.674011	
-0.762640	0.646197	0.028480	-0.625284	-0.725260	-0.288128	-0.165531	-0.237546	0.957169	-32.150295	-168.054077	588.913757	
-0.665497	0.741308	0.087055	-0.723925	-0.612646	-0.317170	-0.181786	-0.274097	0.944365	-20.288090	-167.265854	579.070190	
-0.531619	0.795903	0.289692	-0.843386	-0.465945	-0.267571	-0.077979	-0.386568	0.918959	-4.946572	-170.376266	568.245056	
-0.332128	0.778571	0.532467	-0.937204	-0.336123	-0.093106	0.106485	-0.529954	0.841315	7.064484	-182.186569	582.092407	
-0.259511	0.870784	0.417602	-0.962428	-0.197406	-0.186450	-0.079919	-0.450297	0.889295	20.347229	-187.701965	596.801025	
-0.151221	0.979283	0.134680	-0.982082	-0.133337	-0.133174	-0.112457	-0.152405	0.981900	31.804630	-180.482285	562.267700	
-0.018234	0.991215	0.131006	-0.986590	0.003419	-0.163183	-0.162197	-0.132225	0.977859	48.661301	-183.770538	578.490601	
0.086395	0.986438	0.139562	-0.964944	0.117702	-0.234585	-0.247830	-0.114402	0.962025	55.656048	-180.252594	574.359192	
0.141115	0.980555	0.136380	-0.959379	0.169442	-0.225571	-0.244293	-0.099008	0.964634	63.722404	-172.502045	538.827271	
0.118307	0.978675	0.167927	-0.960300	0.155795	-0.231417	-0.252644	-0.133882	0.958252	67.907524	-176.195297	552.323608	
0.089646	0.986869	0.134364	-0.963568	0.120071	-0.239000	-0.251994	-0.108043	0.961679	67.564430	-171.353485	533.299316	
0.368220	0.928918	-0.039043	-0.162684	0.023028	-0.986409	-0.915395	0.369568	0.159599	79.005501	-187.468002	562.640015	
0.368220	0.928918	-0.039043	-0.162684	0.023028	-0.986409	-0.915395	0.369568	0.159599	79.005501	-187.468002	562.640015	
0.368220	0.928918	-0.039043	-0.162684	0.023028	-0.986409	-0.915395	0.369568	0.159599	79.005501	-187.468002	562.640015	
0.368220	0.928918	-0.039043	-0.162684	0.023028	-0.986409	-0.915395	0.369568	0.159599	79.005501	-187.468002	562.640015	
0.368220	0.928918	-0.039043	-0.162684	0.023028	-0.986409	-0.915395	0.369568	0.159599	79.005501	-187.468002	562.640015	
0.368220	0.928918	-0.039043	-0.162684	0.023028	-0.986409	-0.915395	0.369568	0.159599	79.005501	-187.468002	562.640015	
0.368220	0.928918	-0.039043	-0.162684	0.023028	-0.986409	-0.915395	0.369568	0.159599	79.005501	-187.468002	562.640015	
0.368220	0.928918	-0.039043	-0.162684	0.023028	-0.986409	-0.915395	0.369568	0.159599	79.005501	-187.468002	562.640015	
0.869490	0.464362	-0.168391	0.195216	-0.636204	-0.746415	-0.453738	0.616128	-0.643824	55.370731	-137.261719	569.080017	
0.924359	0.336675	-0.179472	0.135574	-0.729566	-0.670337	-0.356623	0.595301	-0.720026	42.696663	-130.845871	573.331787	
0.938568	0.288167	-0.189867	0.110814	-0.772723	-0.624994	-0.326818	0.565560	-0.757187	28.332037	-124.611916	578.968506	
0.952352	0.212113	-0.219163	0.083177	-0.871957	-0.482465	-0.293439	0.441248	-0.848053	20.189104	-118.164398	589.714905	
0.967845	0.123527	-0.219128	-0.037554	-0.790403	-0.611435	-0.248729	0.600004	-0.760348	2.795040	-112.104416	598.964417	
0.968130	0.124608	-0.217245	-0.077764	-0.674999	-0.733709	-0.238066	0.727220	-0.643797	-13.654591	-98.146172	597.083191	
0.935226	0.189768	-0.298898	-0.125574	-0.611549	-0.781177	-0.331034	0.768112	-0.548107	-30.295210	-92.980461	605.804565	
0.936595	0.177066	-0.302384	-0.186686	-0.478138	-0.858214	-0.296542	0.860250	-0.414767	-40.215355	-77.095520	601.238647	
0.921723	0.198360	-0.333285	-0.250597	-0.351279	-0.902110	-0.296019	0.915017	-0.274074	-50.059685	-67.191719	589.440796	
0.838789	0.355384	-0.412474	-0.273587	-0.379878	-0.883652	-0.470726	0.854046	-0.221410	-67.380234	-56.058968	611.758179	
0.734318	-0.524879	-0.430441	-0.481986	-0.849681	0.213846	-0.477981	0.050435	-0.876921	-94.892097	-45.540100	649.846008	
0.734318	-0.524879	-0.430441	-0.481986	-0.849681	0.213846	-0.477981	0.050435	-0.876921	-94.892097	-45.540100	649.846008	
0.734318	-0.524879	-0.430441	-0.481986	-0.849681	0.213846	-0.477981	0.050435	-0.876921	-94.892097	-45.540100	649.846008	
0.492151	-0.650619	-0.578344	-0.392345	-0.758853	0.519815	-0.777080	-0.028917	-0.628737	-137.468369	-19.343477	663.122314	
0.410264	-0.699749	-0.584837	-0.485137	-0.710484	0.509761	-0.772222	0.074590	-0.630959	-147.503174	-7.249204	678.854797	
0.305845	-0.738827	-0.600494	-0.540533	-0.653959	0.529304	-0.783763	0.162702	-0.599370	-155.840485	-2.124545	694.591675	
0.204243	-0.766203	-0.609276	-0.513266	-0.613803	0.599837	-0.833573	0.190208	-0.518630	-168.779831	2.512991	699.444092	
0.146102	-0.744752	-0.651151	-0.425390	-0.641550	0.638324	-0.893140	0.183732	-0.410542	-178.680511	7.570365	705.659851	
0.085808	-0.694455	-0.714401	-0.361584	-0.689864	0.627172	-0.928383	0.204500	-0.310299	-178.909775	15.869488	694.459106	
-0.034897	-0.681882	-0.730629	-0.397379	-0.661330	0.636186	-0.916991	0.312537	-0.247887	-187.295441	20.218533	714.553284	
-0.078527	-0.624425	-0.777127	-0.390981	-0.697790	0.600186	-0.917043	0.350972	-0.189343	-189.089523	27.163208	727.543396	
-0.069909	-0.631315	-0.772368	-0.348339	-0.710075	0.611927	-0.934759	0.311825	-0.170271	-189.221359	33.671764	728.822510	
-0.084341	-0.605681	-0.791224	-0.271969	-0.749912	0.603047	-0.958603	0.266050	-0.101478	-188.313202	35.751175	739.922241	
-0.235291	-0.528247	-0.815839	-0.284846	-0.765068	0.577524	-0.929247	0.368275	0.029545	-194.161194	38.159351	771.360413	
-0.260692	-0.492081	-0.830600	-0.281163	-0.784357	0.552931	-0.923573	0.377679	0.066121	-192.701614	40.119240	795.449768	
-0.288796	-0.457049	-0.841251	-0.287883	-0.796569	0.531602	-0.913083	0.395706	0.098469	-185.858139	41.463043	796.876587	
-0.288430	-0.409080	-0.865714	-0.290469	-0.824150	0.486215	-0.912380	0.391701	0.118885	-179.691574	42.391949	810.633301	
-0.267303	-0.350574	-0.897578	-0.286085	-0.860602	0.421331	-0.920166	0.369407	0.129748	-173.710098	42.036282	822.112122	
-0.260770	-0.281769	-0.923366	-0.317181	-0.878357	0.357611	-0.911809	0.386128	0.139677	-163.916443	40.582920	834.224365	
-0.274364	-0.246392	-0.929524	-0.274050	-0.906499	0.321180	-0.921749	0.342855	0.181187	-157.925415	37.870537	849.842041	
-0.263741	-0.185623	-0.946565	-0.261131	-0.930927	0.255316	-0.928575	0.314514	0.197052	-142.445618	35.662415	861.986450	
-0.246322	-0.115189	-0.962319	-0.331656	-0.922949	0.195370	-0.910676	0.367282	0.189140	-135.002609	30.654802	881.282227	
-0.275291	-0.086898	-0.957425	-0.281427	-0.944994	0.166690	-0.919246	0.315334	0.235693	-120.455315	24.843376	902.506165	
-0.331634	-0.050577	-0.942051	-0.221441	-0.966491	0.129844	-0.917051	0.251669	0.309322	-104.096222	18.128685	925.689331	
-0.371055	-0.043780	-0.927578	-0.253962	-0.956022	0.146714	-0.893209	0.290008	0.343618	-88.355301	14.514058	958.863708	
-0.098312	-0.010054	-0.995105	-0.221161	-0.974722	0.031698	-0.970269	0.223195	0.093603	-62.448200	4.534850	936.427002	
-0.098312	-0.010054	-0.995105	-0.221161	-0.974722	0.031698	-0.970269	0.223195	0.093603	-62.448200	4.534850	936.427002	
-0.098312	-0.010054	-0.995105	-0.221161	-0.974722	0.031698	-0.970269	0.223195	0.093603	-62.448200	4.534850	936.427002	
0.069227	0.001760	-0.997600	-0.177219	-0.984071	-0.014034	-0.981733	0.177764	-0.067813	-20.840281	-16.137718	932.851379	
0.119326	-0.057993	-0.991160	-0.216824	-0.975719	0.030986	-0.968890	0.211209	-0.129003	-1.998846	-21.407368	939.287842	
0.209110	-0.113223	-0.971316	-0.348777	-0.936586	0.034088	-0.913579	0.331644	-0.235339	17.586525	-29.354015	971.829529	
0.260602	-0.175562	-0.949350	-0.425384	-0.903612	0.050333	-0.866680	0.390721	-0.310165	27.202162	-36.516186	974.322754	
0.265204	-0.216127	-0.939657	-0.347268	-0.930561	0.116024	-0.899484	0.295542	-0.321843	34.949684	-48.408344	971.490967	
0.317681	-0.277520	-0.906676	-0.290709	-0.938667	0.185454	-0.902533	0.204663	-0.378874	50.518726	-62.402683	975.236328	
0.331915	-0.327357	-0.884687	-0.251532	-0.934612	0.251461	-0.909155	0.139062	-0.392553	63.975529	-68.068985	983.281372	
0.278427	-0.401169	-0.872664	-0.277735	-0.903404	0.326688	-0.919424	0.151410	-0.362951	74.769348	-80.786331	965.854248	
0.320196	-0.503761	-0.802309	-0.364017	-0.847306	0.386737	-0.874623	0.168222	-0.454681	83.555611	-87.619492	974.167175	
0.191759	-0.572884	-0.796890	-0.319629	-0.804145	0.501187	-0.927936	0.158601	-0.337313	89.238876	-101.229095	977.641296	
0.156963	-0.629751	-0.760774	-0.403625	-0.743957	0.532555	-0.901359	0.223475	-0.370957	93.595596	-109.992622	991.476929	
0.118464	-0.703224	-0.701030	-0.390083	-0.682200	0.618417	-0.913127	0.200199	-0.355133	96.449493	-116.427460	991.540039	
0.070844	-0.738874	-0.670109	-0.358476	-0.645774	0.674145	-0.930847	0.192458	-0.310618	97.348541	-129.727936	990.252625	
0.001274	-0.777526	-0.628850	-0.421904	-0.570558	0.704599	-0.906639	0.264416	-0.328769	98.918648	-144.288025	1002.595581	
-0.103305	-0.787195	-0.607991	-0.468111	-0.500857	0.728021	-0.877610	0.359815	-0.316754	99.581024	-152.645966	1017.453369	
-0.165446	-0.808318	-0.565022	-0.384878	-0.474569	0.791614	-0.908018	0.348434	-0.232589	97.535011	-163.765182	1015.559143	
-0.218772	-0.820797	-0.527666	-0.345082	-0.440739	0.828654	-0.912719	0.363374	-0.186821	91.409378	-175.842087	1021.756592	
-0.349385	-0.820343	-0.452733	-0.301146	-0.359232	0.883325	-0.887266	0.444959	-0.121532	86.255600	-179.961838	1015.977417	
-0.398310	-0.818644	-0.413729	-0.144416	-0.389456	0.909653	-0.905810	0.422072	0.036899	75.061562	-183.031647	1004.811523	
-0.529520	-0.769442	-0.357167	-0.064673	-0.383196	0.921400	-0.845828	0.510998	0.153148	63.617889	-189.064056	1007.736755	
-0.592878	-0.753624	-0.283807	0.022304	-0.367659	0.929693	-0.804983	0.544865	0.234786	56.792496	-194.919739	1014.510437	
-0.638151	-0.747465	-0.184554	0.107539	-0.323895	0.939962	-0.762363	0.579991	0.287076	48.728653	-199.828186	1006.002625	
-0.829366	-0.551883	-0.087046	0.132349	-0.345431	0.929065	-0.542803	0.759014	0.359531	39.774971	-205.319870	1011.203674	
-0.909930	-0.413420	0.033332	0.231402	-0.439328	0.868012	-0.344209	0.797543	0.495425	31.764721	-210.759766	1011.818359	
-0.940865	-0.331928	0.067797	0.255489	-0.563773	0.785421	-0.222480	0.756296	0.615239	12.186062	-214.996857	1009.481995	
-0.958827	-0.248106	0.138180	0.264717	-0.604632	0.751229	-0.102836	0.756877	0.645416	2.316865	-213.791641	994.546265	
-0.961007	-0.227410	0.157324	0.274855	-0.723107	0.633697	-0.030346	0.652228	0.757416	-17.397991	-218.867035	1013.214783	
-0.965543	-0.205204	0.160058	0.260063	-0.783720	0.564047	0.009696	0.586237	0.810082	-29.154631	-215.127686	997.989136	
-0.944183	-0.065471	0.322849	0.250459	-0.779286	0.574442	0.213982	0.623239	0.752186	-47.513802	-214.682999	994.314026	
-0.944183	-0.065471	0.322849	0.250459	-0.779286	0.574442	0.213982	0.623239	0.752186	-47.513802	-214.682999	994.314026	
-0.944183	-0.065471	0.322849	0.250459	-0.779286	0.574442	0.213982	0.623239	0.752186	-47.513802	-214.682999	994.314026	
-0.944183	-0.065471	0.322849	0.250459	-0.779286	0.574442	0.213982	0.623239	0.752186	-47.513802	-214.682999	994.314026	
-0.556322	0.355305	0.751175	-0.315017	-0.926678	0.205015	0.768941	-0.122579	0.627459	-89.125092	-190.437546	909.785645	
-0.637079	0.348130	0.687704	-0.352825	-0.924947	0.141375	0.685306	-0.152572	0.712093	-100.754936	-193.008545	926.793823	
-0.483630	0.398725	0.779180	-0.432826	-0.882698	0.183045	0.760765	-0.248723	0.599477	-106.468338	-184.891434	896.050598	
-0.476998	0.439659	0.761035	-0.692734	-0.720976	-0.017672	0.540919	-0.535624	0.648471	-124.028427	-183.716080	933.241821	
-0.393459	0.484880	0.781078	-0.820667	-0.568174	-0.060689	0.414362	-0.664883	0.621478	-130.178680	-172.974869	926.266968	
-0.293028	0.465450	0.835160	-0.927160	-0.351635	-0.129334	0.233473	-0.812225	0.534585	-134.556992	-162.140198	911.857117	
-0.224837	0.432264	0.873269	-0.970184	-0.182554	-0.159425	0.090506	-0.883075	0.460420	-140.819427	-149.110733	896.990479	
-0.172995	0.398310	0.900791	-0.984812	-0.056254	-0.164257	-0.014752	-0.915525	0.401991	-147.201202	-140.368866	919.516541	
-0.140806	0.317940	0.937598	-0.985856	0.041921	-0.162268	-0.090896	-0.947184	0.307540	-151.553894	-124.490501	925.237122	
-0.129154	0.168782	0.977156	-0.988653	-0.098148	-0.113721	0.076712	-0.980755	0.179543	-146.166061	-105.613144	868.579956	
-0.115541	0.106246	0.987605	-0.970043	-0.225975	-0.089176	0.213700	-0.968322	0.129172	-144.664871	-98.484901	863.298401	
-0.110530	0.133960	0.984804	-0.959660	-0.272132	-0.070690	0.258527	-0.952890	0.158634	-136.681046	-88.578484	825.924438	
0.001278	-0.047871	0.998853	-0.703553	0.709784	0.034917	-0.710642	-0.702790	-0.032772	-134.714005	-80.352600	844.242981	
0.001278	-0.047871	0.998853	-0.703553	0.709784	0.034917	-0.710642	-0.702790	-0.032772	-134.714005	-80.352600	844.242981	
0.001278	-0.047871	0.998853	-0.703553	0.709784	0.034917	-0.710642	-0.702790	-0.032772	-134.714005	-80.352600	844.242981	
0.001278	-0.047871	0.998853	-0.703553	0.709784	0.034917	-0.710642	-0.702790	-0.032772	-134.714005	-80.352600	844.242981	
-0.057047	-0.389412	0.919295	-0.083973	0.919404	0.384247	-0.994834	-0.055277	-0.085149	-101.081131	-39.037014	765.515686	
-0.119044	-0.427903	0.895951	-0.081587	0.903532	0.420683	-0.989531	-0.023018	-0.142472	-97.885597	-25.546213	784.353333	
-0.192168	-0.467689	0.862750	0.098893	0.865432	0.491170	-0.976367	0.179707	-0.120057	-82.368401	-12.376200	777.581970	
-0.192168	-0.467689	0.862750	0.098893	0.865432	0.491170	-0.976367	0.179707	-0.120057	-82.368401	-12.376200	777.581970	
-0.192168	-0.467689	0.862750	0.098893	0.865432	0.491170	-0.976367	0.179707	-0.120057	-82.368401	-12.376200	777.581970	
-0.192168	-0.467689	0.862750	0.098893	0.865432	0.491170	-0.976367	0.179707	-0.120057	-82.368401	-12.376200	777.581970	
-0.366251	-0.603419	0.708341	0.424836	0.568830	0.704235	-0.827874	0.558855	0.048019	-32.517178	19.968681	716.338806	
-0.228148	-0.744582	0.627334	0.277274	0.567958	0.774947	-0.933310	0.350746	0.076875	-21.586836	27.016230	675.149414	
-0.612472	-0.599788	0.514910	0.561085	0.128988	0.817647	-0.556832	0.789694	0.257530	-13.744500	35.604900	710.424011	
-0.612472	-0.599788	0.514910	0.561085	0.128988	0.817647	-0.556832	0.789694	0.257530	-13.744500	35.604900	710.424011	
-0.612472	-0.599788	0.514910	0.561085	0.128988	0.817647	-0.556832	0.789694	0.257530	-13.744500	35.604900	710.424011	
-0.612472	-0.599788	0.514910	0.561085	0.128988	0.817647	-0.556832	0.789694	0.257530	-13.744500	35.604900	710.424011	
-0.905559	-0.361921	0.221306	0.387561	-0.493666	0.778518	-0.172510	0.790764	0.587309	35.576733	54.301926	659.696472	
-0.947530	-0.273048	0.166228	0.280104	-0.458601	0.843342	-0.154040	0.845654	0.511019	49.965019	55.629494	647.657166	
-0.982558	-0.135622	0.127224	0.171153	-0.392063	0.903876	-0.072705	0.909887	0.408436	56.937260	55.702915	637.817383	
-0.992739	-0.111598	0.044884	0.084578	-0.382294	0.920162	-0.085529	0.917277	0.388956	70.621483	56.612415	634.425537	
-0.999397	-0.034682	-0.001560	0.008650	-0.292282	0.956293	-0.033622	0.955703	0.292405	78.972488	54.270157	607.869812	
-0.996144	0.047831	-0.073551	-0.081699	-0.200114	0.976360	0.031982	0.978605	0.203249	85.222588	50.691441	581.845093	
-0.970857	0.060698	-0.231845	-0.156743	-0.892626	0.422672	-0.181296	0.446694	0.876126	97.400299	57.380699	620.656982	
-0.970857	0.060698	-0.231845	-0.156743	-0.892626	0.422672	-0.181296	0.446694	0.876126	97.400299	57.380699	620.656982	
-0.970857	0.060698	-0.231845	-0.156743	-0.892626	0.422672	-0.181296	0.446694	0.876126	97.400299	57.380699	620.656982	
-0.970857	0.060698	-0.231845	-0.156743	-0.892626	0.422672	-0.181296	0.446694	0.876126	97.400299	57.380699	620.656982	
-0.970857	0.060698	-0.231845	-0.156743	-0.892626	0.422672	-0.181296	0.446694	0.876126	97.400299	57.380699	620.656982	
-0.970857	0.060698	-0.231845	-0.156743	-0.892626	0.422672	-0.181296	0.446694	0.876126	97.400299	57.380699	620.656982	
-0.970857	0.060698	-0.231845	-0.156743	-0.892626	0.422672	-0.181296	0.446694	0.876126	97.400299	57.380699	620.656982	
-0.536842	0.413326	-0.735502	-0.625043	-0.780390	0.017667	-0.566675	0.469205	0.677293	85.756371	14.175474	582.872681	
-0.404775	0.395280	-0.824568	-0.688202	-0.725452	-0.009932	-0.602109	0.563449	0.565677	75.899300	7.758183	582.761475	
-0.390257	0.346932	-0.852842	-0.619711	-0.784033	-0.035363	-0.680924	0.514715	0.520971	64.339836	1.643288	573.277832	
-0.288333	0.328166	-0.899540	-0.628012	-0.773971	-0.081057	-0.722817	0.541551	0.429253	49.899555	-6.141055	574.183105	
-0.227678	0.304795	-0.924805	-0.638324	-0.763930	-0.094625	-0.735327	0.568781	0.368487	34.317608	-19.669952	574.908997	
-0.137757	0.212705	-0.967357	-0.598179	-0.796304	-0.089909	-0.789434	0.566268	0.236931	25.971016	-27.557907	570.924988	
-0.080769	0.123858	-0.989008	-0.581698	-0.811601	-0.054135	-0.809385	0.570932	0.137600	9.130774	-34.614799	567.047058	
-0.003016	0.006762	-0.999973	-0.577958	-0.816058	-0.003775	-0.816061	0.577931	0.006369	-0.206873	-43.147488	567.408936	
0.062158	-0.053132	-0.996651	-0.444005	-0.895800	0.020064	-0.893866	0.441272	-0.079272	-20.080208	-55.359512	560.107910	
0.095375	-0.103168	-0.990081	-0.375373	-0.924916	0.060217	-0.921954	0.365907	-0.126941	-38.306011	-62.769516	549.687073	
0.131607	-0.019359	-0.991113	-0.279082	-0.960093	-0.018306	-0.951206	0.279011	-0.131758	-54.613297	-74.875504	555.272522	
0.182443	0.049788	-0.981955	-0.066702	-0.995790	-0.062882	-0.980951	0.076972	-0.178354	-72.280754	-84.553688	557.200195	
0.113246	0.112709	-0.987154	-0.029092	-0.992743	-0.116684	-0.993141	0.041933	-0.109145	-77.931168	-89.306885	563.556152	
-0.015226	0.064523	-0.997800	-0.074585	-0.995210	-0.063217	-0.997099	0.073459	0.019965	-89.052147	-99.498100	604.815857	
-0.352044	0.099458	-0.930685	-0.109213	-0.991912	-0.064689	-0.929590	0.078870	0.360058	-102.300247	-108.205742	615.530701	
-0.535463	0.128547	-0.834719	-0.246665	-0.969060	0.008998	-0.807736	0.210714	0.550603	-104.591537	-117.150703	609.958435	
-0.216745	-0.800030	-0.559440	-0.629934	-0.323176	0.706216	-0.745791	0.505479	-0.433919	-149.315994	-147.507004	603.632996	
-0.216745	-0.800030	-0.559440	-0.629934	-0.323176	0.706216	-0.745791	0.505479	-0.433919	-149.315994	-147.507004	603.632996	
-0.216745	-0.800030	-0.559440	-0.629934	-0.323176	0.706216	-0.745791	0.505479	-0.433919	-149.315994	-147.507004	603.632996	
-0.216745	-0.800030	-0.559440	-0.629934	-0.323176	0.706216	-0.745791	0.505479	-0.433919	-149.315994	-147.507004	603.632996	
-0.518671	-0.849805	-0.093869	-0.317615	0.089582	0.943979	-0.793789	0.519429	-0.316375	-184.288177	-184.457245	619.781311	
-0.552746	-0.831479	0.055810	-0.211883	0.204992	0.955554	-0.805964	0.516353	-0.289485	-191.955200	-188.830627	627.150146	
-0.596866	-0.779120	0.191632	-0.098121	0.307929	0.946336	-0.796318	0.546033	-0.260240	-197.738800	-192.817719	630.772095	
-0.635231	-0.707387	0.309973	0.060479	0.354558	0.933076	-0.769950	0.611466	-0.182444	-201.403717	-195.877151	643.716370	
-0.655259	-0.611905	0.442953	0.234426	0.392708	0.889283	-0.718108	0.686551	-0.113879	-202.592484	-202.095261	649.975525	
-0.646381	-0.517340	0.560848	0.372001	0.428095	0.823620	-0.666188	0.741008	-0.084261	-202.218903	-206.246506	665.466919	
-0.595022	-0.431346	0.678151	0.525306	0.429878	0.734343	-0.608278	0.793187	-0.029198	-200.588104	-207.967911	674.606934	
-0.590253	-0.347376	0.728651	0.631582	0.363399	0.684869	-0.502698	0.864448	0.004899	-198.542938	-210.750702	686.562378	
-0.524182	-0.246233	0.815232	0.761040	0.294148	0.578183	-0.382167	0.923496	0.033206	-190.662247	-210.196304	692.673157	
-0.435051	-0.150212	0.887788	0.859062	0.226099	0.459230	-0.269711	0.962452	0.030677	-186.558823	-209.611725	710.240540	
-0.383194	-0.117954	0.916106	0.900469	0.173186	0.398952	-0.205714	0.977800	0.039850	-180.251495	-206.250092	718.753052	
-0.252885	-0.066037	0.965240	0.961557	0.093218	0.258298	-0.107036	0.993453	0.039925	-167.827972	-205.065063	734.613770	
-0.121469	-0.008363	0.992560	0.991378	0.048472	0.121732	-0.049130	0.998790	0.002403	-154.170944	-202.323883	759.940857	
0.011734	0.004598	0.999921	0.999628	-0.024665	-0.011618	0.024609	0.999685	-0.004885	-137.610718	-199.184814	770.164917	
0.134518	0.016622	0.990772	0.976210	-0.173812	-0.129625	0.170054	0.984639	-0.039608	-117.306000	-194.544998	781.635010	
0.134518	0.016622	0.990772	0.976210	-0.173812	-0.129625	0.170054	0.984639	-0.039608	-117.306000	-194.544998	781.635010	
0.134518	0.016622	0.990772	0.976210	-0.173812	-0.129625	0.170054	0.984639	-0.039608	-117.306000	-194.544998	781.635010	
0.456138	-0.029059	0.889435	0.824888	-0.361215	-0.434837	0.333912	0.932029	-0.140793	-72.019943	-158.107285	782.985413	
0.587461	-0.048192	0.807817	0.699610	-0.471473	-0.536897	0.406737	0.880563	-0.243256	-64.531898	-158.991272	834.832153	
0.683814	-0.130594	0.717875	0.529138	-0.588678	-0.611123	0.502406	0.797749	-0.333443	-46.424004	-151.118759	861.484619	
0.711099	-0.172254	0.681665	0.454424	-0.627211	-0.632539	0.536505	0.759562	-0.367732	-25.480480	-144.062881	870.880615	
0.775845	-0.236356	0.584980	0.358993	-0.597081	-0.717369	0.518835	0.766570	-0.378391	-6.388741	-129.317490	870.462585	
0.840110	-0.298404	0.452957	0.187824	-0.623370	-0.759034	0.508858	0.722748	-0.467652	3.772741	-115.866920	875.867493	
0.859652	-0.331534	0.388697	0.107775	-0.626025	-0.772319	0.499383	0.705817	-0.502432	12.871912	-107.837799	874.934998	
0.872665	-0.408177	0.268045	-0.049874	-0.620543	-0.782585	0.485765	0.669565	-0.561883	20.883671	-94.921158	893.492004	
0.867031	-0.476572	0.145384	-0.168984	-0.555751	-0.813993	0.468723	0.681189	-0.562386	29.280701	-80.741280	898.358459	
0.832303	-0.546831	0.090818	-0.260552	-0.530537	-0.806625	0.489269	0.647693	-0.584045	35.925518	-66.426697	911.931824	
0.808873	-0.587966	0.004432	-0.352854	-0.491428	-0.796237	0.470338	0.642490	-0.604969	42.059586	-52.453899	931.132263	
0.761678	-0.643867	-0.072680	-0.453064	-0.449028	-0.770135	0.463228	0.619523	-0.633727	51.790428	-45.897514	947.432068	
0.720592	-0.663181	-0.202334	-0.552369	-0.372692	-0.745647	0.419090	0.649070	-0.634879	60.074799	-31.806637	954.986328	
0.688753	-0.669471	-0.278259	-0.623456	-0.351035	-0.698626	0.370030	0.654662	-0.659162	62.891281	-18.240868	960.798584	
0.633776	-0.676137	-0.375720	-0.684331	-0.263688	-0.679823	0.360580	0.687972	-0.629821	64.278473	-3.929886	959.361328	
0.595222	-0.678895	-0.429897	-0.729781	-0.232774	-0.642834	0.336347	0.696360	-0.633997	66.333878	8.102926	973.085571	
0.552069	-0.668769	-0.497964	-0.764045	-0.166631	-0.623274	0.333849	0.724556	-0.602961	65.709442	19.578737	976.719299	
0.503431	-0.696509	-0.511305	-0.795676	-0.143022	-0.588595	0.336833	0.703149	-0.626198	63.839794	25.049040	986.601807	
0.442073	-0.712278	-0.545189	-0.836538	-0.108052	-0.537149	0.323690	0.693530	-0.643615	61.323929	36.588097	1002.131897	
0.370134	-0.662254	-0.651475	-0.875749	-0.014768	-0.482542	0.309943	0.749133	-0.585434	54.030258	47.928043	1010.941223	
0.332397	-0.601485	-0.726449	-0.892159	0.049285	-0.449026	0.305884	0.797362	-0.520238	48.366386	58.597481	1020.130371	
0.292406	-0.580884	-0.759653	-0.898410	0.105311	-0.426345	0.327656	0.807145	-0.491078	37.793667	67.079056	1032.219116	
0.251825	-0.580722	-0.774174	-0.886148	0.183186	-0.425659	0.389006	0.793224	-0.468475	24.305347	77.206749	1058.606079	
0.188948	-0.512078	-0.837899	-0.896343	0.258573	-0.360153	0.401083	0.819094	-0.410140	15.911552	84.799103	1054.985962	
0.144023	-0.426533	-0.892932	-0.891968	0.334812	-0.303800	0.428544	0.840220	-0.332234	0.560456	87.422363	1048.805176	
0.081006	-0.327181	-0.941483	-0.877685	0.424224	-0.222942	0.472341	0.844385	-0.252797	-16.787485	91.514572	1063.440308	
0.062389	-0.256182	-0.964613	-0.867200	0.464502	-0.179452	0.494036	0.847708	-0.193181	-35.487782	94.270607	1075.296509	
0.048521	-0.102970	-0.993501	-0.887228	0.452424	-0.090222	0.458773	0.885838	-0.069405	-44.799210	93.508621	1050.126709	
0.010216	-0.091858	-0.995720	-0.856303	0.513413	-0.056150	0.516373	0.853210	-0.073412	-55.795258	95.995712	1069.736816	
-0.050639	-0.058300	-0.997014	-0.880764	0.473249	0.017061	0.470841	0.878997	-0.075313	-65.611580	93.539413	1035.742554	
-0.011060	0.170556	-0.985286	-0.813595	0.571308	0.108028	0.581327	0.802819	0.132444	-86.084900	95.673401	1073.640015	
-0.011060	0.170556	-0.985286	-0.813595	0.571308	0.108028	0.581327	0.802819	0.132444	-86.084900	95.673401	1073.640015	
-0.011060	0.170556	-0.985286	-0.813595	0.571308	0.108028	0.581327	0.802819	0.132444	-86.084900	95.673401	1073.640015	
-0.011060	0.170556	-0.985286	-0.813595	0.571308	0.108028	0.581327	0.802819	0.132444	-86.084900	95.673401	1073.640015	
-0.011060	0.170556	-0.985286	-0.813595	0.571308	0.108028	0.581327	0.802819	0.132444	-86.084900	95.673401	1073.640015	
0.101710	0.560807	-0.821675	-0.676429	0.644625	0.356236	0.729451	0.519572	0.444910	-130.404617	73.602150	1043.604248	
0.143302	0.631819	-0.761754	-0.669871	0.628509	0.395285	0.728517	0.453632	0.513304	-138.398239	66.734390	1050.020874	
0.195413	0.662364	-0.723248	-0.654274	0.637414	0.406978	0.730575	0.393673	0.557926	-144.899841	63.077278	1041.305054	
0.286374	0.687616	-0.667212	-0.659012	0.646853	0.383779	0.695481	0.329797	0.638389	-150.172318	53.069527	1035.696533	
0.345232	0.691781	-0.634234	-0.659981	0.659414	0.359999	0.667263	0.294299	0.684213	-159.583099	42.808205	1028.011230	
0.268129	0.659588	-0.702175	-0.738701	0.608631	0.289640	0.618408	0.441036	0.650429	-167.701828	35.225014	1041.147949	
0.294597	0.713831	-0.635340	-0.748122	0.585938	0.311434	0.594580	0.383565	0.706648	-170.567413	29.793835	1038.882690	
0.185698	0.735590	-0.651477	-0.728639	0.547907	0.410955	0.659243	0.398378	0.637724	-178.416672	21.970596	1044.708130	
0.017911	0.733534	-0.679416	-0.742928	0.464530	0.481945	0.669132	0.496125	0.553283	-183.195618	14.308788	1044.856445	
-0.167743	0.719040	-0.674420	-0.695952	0.398158	0.597597	0.698221	0.569607	0.433629	-181.707230	6.381077	1030.936401	
-0.272254	0.646129	-0.713018	-0.744663	0.327809	0.581394	0.609388	0.689245	0.391901	-177.293488	0.341883	1009.902161	
-0.336970	0.627169	-0.702217	-0.757131	0.262828	0.598059	0.559646	0.733199	0.386285	-174.024200	-13.168357	1001.871155	
-0.356553	0.651839	-0.669309	-0.724604	0.259289	0.638529	0.589761	0.712654	0.379875	-170.307480	-20.916462	990.036377	
-0.441653	0.609161	-0.658684	-0.748118	0.155210	0.645159	0.495239	0.777710	0.387176	-160.221863	-35.191902	975.281006	
-0.487538	0.602084	-0.632299	-0.714189	0.141573	0.685486	0.502235	0.785782	0.360980	-150.933594	-43.335968	966.424927	
-0.515807	0.594012	-0.617328	-0.703184	0.118054	0.701138	0.489362	0.795747	0.356807	-139.575226	-50.385292	955.255493	
-0.543643	0.563515	-0.622015	-0.707213	0.091554	0.701048	0.451998	0.821018	0.348752	-132.034866	-64.024475	951.031738	
