0.997253	-0.041638	0.061269	0.042871	0.998901	-0.018937	-0.060414	0.021512	0.997942	18.885593	3.444134	545.241394	
0.973840	-0.126351	0.188866	0.132808	0.990900	-0.021883	-0.184383	0.046393	0.981759	27.836800	6.893522	544.608398	
0.953261	-0.166960	0.251830	0.180921	0.982938	-0.033170	-0.241995	0.077181	0.967203	36.425865	14.646326	543.636353	
0.906857	-0.202179	0.369775	0.225942	0.973901	-0.021621	-0.355753	0.103155	0.928870	44.875702	17.849384	544.396057	
0.834515	-0.266804	0.482079	0.313391	0.949471	-0.017023	-0.453179	0.165285	0.875963	52.853851	23.858868	547.058228	
0.776405	-0.329349	0.537332	0.401280	0.915768	-0.018514	-0.485974	0.229995	0.843168	69.834053	25.836836	550.552185	
0.677704	-0.365337	0.638159	0.484298	0.874799	-0.013498	-0.553330	0.318206	0.769787	76.954163	29.559980	552.733582	
0.588683	-0.354185	0.726640	0.532038	0.846520	-0.018409	-0.608596	0.397437	0.686772	83.968994	30.802015	557.656799	
0.533680	-0.355533	0.767322	0.575233	0.817715	-0.021197	-0.619914	0.452701	0.640912	89.439278	31.549185	559.969116	
0.438561	-0.323064	0.838627	0.624559	0.780547	-0.025924	-0.646213	0.535140	0.544090	99.111084	31.411663	566.046997	
0.369081	-0.329002	0.869217	0.697851	0.715793	-0.025386	-0.613828	0.615952	0.493780	103.138206	29.955591	575.446106	
0.263521	-0.285623	0.921400	0.772266	0.634844	-0.024074	-0.578069	0.717908	0.387871	105.917397	27.321951	578.187866	
0.202290	-0.266180	0.942459	0.835227	0.549377	-0.024113	-0.511346	0.792044	0.333454	108.393341	25.740295	589.608521	
0.124702	-0.181596	0.975435	0.867406	0.497264	-0.018317	-0.481722	0.848381	0.219528	109.548721	20.932440	598.970337	
0.080139	-0.144735	0.986220	0.913974	0.405505	-0.014758	-0.397781	0.902561	0.164781	109.599373	15.322568	601.943665	
0.048712	-0.097772	0.994016	0.940600	0.339279	-0.012722	-0.336006	0.935591	0.108492	107.790230	8.483893	606.512756	
0.020302	-0.045006	0.998781	0.960176	0.279311	-0.006931	-0.278659	0.959145	0.048885	103.694214	4.952298	613.837646	
0.000805	0.007921	0.999969	0.985418	0.170140	-0.002141	-0.170152	0.985388	-0.007669	100.497833	-3.589481	622.613342	
-0.010161	0.067413	0.997674	0.998903	0.046310	0.007044	-0.045728	0.996650	-0.067810	96.196556	-13.776118	626.405884	
-0.011544	0.129330	0.991535	0.997809	-0.063111	0.019849	0.065143	0.989591	-0.128318	86.218269	-24.939898	632.290894	
-0.004876	0.237649	0.971339	0.981600	-0.184285	0.050015	0.190889	0.953709	-0.232378	80.380264	-31.069618	643.605591	
0.010689	0.344108	0.938870	0.967346	-0.241340	0.077441	0.253234	0.907383	-0.335451	74.334763	-37.504707	654.642395	
0.029981	0.390354	0.920177	0.949974	-0.297456	0.095234	0.310887	0.871288	-0.379745	67.389557	-49.689720	669.543518	
0.060163	0.484409	0.872771	0.929164	-0.346668	0.128359	0.364740	0.803224	-0.470952	59.178406	-56.487694	679.618591	
0.100839	0.572715	0.813529	0.907161	-0.388689	0.161187	0.408524	0.721746	-0.558740	51.346634	-69.762062	697.833313	
0.185656	0.642772	0.743220	0.849677	-0.484919	0.207132	0.493540	0.593041	-0.636177	32.962498	-83.392395	709.974243	
0.240113	0.702702	0.669742	0.814534	-0.521168	0.254794	0.528092	0.484347	-0.697515	14.749071	-96.976082	721.597717	
0.303486	0.752654	0.584301	0.786836	-0.543813	0.291818	0.537389	0.371186	-0.757255	5.957398	-103.521057	732.853699	
0.356521	0.762259	0.540235	0.741666	-0.582552	0.332515	0.568177	0.282124	-0.773034	-2.966086	-110.872421	739.194885	
0.461999	0.765293	0.448200	0.670563	-0.632170	0.388211	0.580433	0.121193	-0.805240	-12.811431	-125.038513	745.663208	
0.528915	0.772455	0.351514	0.635219	-0.635002	0.439625	0.562802	-0.009236	-0.826541	-22.595745	-139.632248	752.469666	
0.627105	0.735697	0.255908	0.571068	-0.657665	0.491283	0.529738	-0.161945	-0.832558	-31.156059	-146.199448	770.315247	
0.678051	0.717191	0.160881	0.553194	-0.642069	0.530778	0.483967	-0.270896	-0.832102	-39.219990	-159.618622	779.655396	
0.759916	0.647214	0.060349	0.504899	-0.646182	0.572299	0.409397	-0.404428	-0.817822	-47.802078	-172.831802	785.671448	
0.794792	0.605283	-0.044012	0.499578	-0.611366	0.613723	0.344569	-0.509769	-0.788295	-55.706455	-178.753220	803.014343	
0.822606	0.561075	-0.092272	0.479006	-0.596351	0.644143	0.306387	-0.574074	-0.759320	-69.722076	-190.813446	815.341736	
0.839686	0.512061	-0.180889	0.490133	-0.571113	0.658484	0.233877	-0.641578	-0.730534	-82.750221	-201.965408	822.343750	
0.857417	0.453869	-0.242569	0.479606	-0.533839	0.696417	0.186590	-0.713455	-0.675401	-93.824677	-212.568375	833.178040	
0.870455	0.396732	-0.291399	0.474576	-0.519160	0.710811	0.130720	-0.757018	-0.640184	-103.217415	-218.169617	852.132080	
0.877994	0.289467	-0.381231	0.478499	-0.509280	0.715315	0.012907	-0.810459	-0.585653	-110.334869	-222.528793	868.806824	
0.886116	0.185678	-0.424645	0.456494	-0.507978	0.730462	-0.080078	-0.841119	-0.534888	-112.868446	-230.248047	884.441589	
0.852975	0.129765	-0.505564	0.501199	-0.474040	0.723940	-0.145715	-0.870889	-0.469381	-114.323158	-234.258331	889.629272	
0.834064	0.078628	-0.546037	0.519474	-0.445123	0.729394	-0.185702	-0.892011	-0.412105	-115.191055	-237.149765	900.573853	
0.783867	0.029763	-0.620217	0.572687	-0.420669	0.703612	-0.239963	-0.906726	-0.346792	-114.289833	-242.757599	916.728638	
0.725326	-0.016619	-0.688207	0.626296	-0.399050	0.669713	-0.285757	-0.916779	-0.279032	-113.181732	-247.137268	922.288086	
0.689876	-0.055954	-0.721763	0.653227	-0.381629	0.653954	-0.312036	-0.922621	-0.226725	-110.327263	-248.766296	930.885071	
0.620735	-0.087974	-0.779070	0.693738	-0.401310	0.598063	-0.365262	-0.911708	-0.188075	-106.744164	-251.197144	942.059875	
0.574908	-0.151089	-0.804148	0.693930	-0.430692	0.577033	-0.433523	-0.889762	-0.142762	-97.155800	-250.609344	955.170044	
0.523419	-0.202150	-0.827749	0.678809	-0.488253	0.548479	-0.515025	-0.848967	-0.118339	-92.118515	-249.832321	958.928955	
0.481261	-0.215968	-0.849557	0.704011	-0.482203	0.521394	-0.522262	-0.849022	-0.080021	-79.756271	-246.792877	962.408997	
0.423469	-0.251414	-0.870326	0.701630	-0.516702	0.490650	-0.573055	-0.818420	-0.042406	-73.027328	-243.255432	968.290649	
0.358763	-0.276580	-0.891512	0.696843	-0.556102	0.452949	-0.621047	-0.783744	-0.006775	-57.852898	-238.394897	979.315979	
0.286747	-0.247198	-0.925565	0.710897	-0.592730	0.378548	-0.642186	-0.766528	0.005770	-49.171371	-232.505844	987.125793	
0.218720	-0.210140	-0.952893	0.741435	-0.599077	0.302298	-0.634380	-0.772625	0.024776	-39.871330	-225.499222	994.153381	
0.180666	-0.194241	-0.964174	0.739089	-0.619980	0.263391	-0.648929	-0.760195	0.031553	-30.552992	-216.432510	994.583984	
0.117535	-0.149964	-0.981681	0.719933	-0.668028	0.188247	-0.684020	-0.728869	0.029448	-20.817589	-207.773941	998.544067	
0.084021	-0.124413	-0.988668	0.734766	-0.662466	0.145808	-0.673098	-0.738689	0.035754	-10.910367	-197.180771	1003.396851	
0.036994	-0.064575	-0.997228	0.750106	-0.657560	0.070408	-0.660282	-0.750630	0.024114	8.053385	-185.745926	1005.308533	
0.008799	0.001784	-0.999961	0.695330	-0.718675	0.004837	-0.718637	-0.695344	-0.007563	16.914297	-174.157913	1010.226196	
-0.013828	0.071543	-0.997343	0.658236	-0.750177	-0.062939	-0.752685	-0.657356	-0.036718	26.472082	-161.556213	1013.077759	
-0.023675	0.144154	-0.989273	0.637646	-0.759956	-0.125998	-0.769966	-0.633788	-0.073926	44.241650	-148.351944	1014.669006	
-0.014710	0.218005	-0.975838	0.601845	-0.777423	-0.182750	-0.798478	-0.589990	-0.119769	52.878456	-134.742310	1019.849854	
0.006293	0.287232	-0.957842	0.589890	-0.774515	-0.228380	-0.807460	-0.563583	-0.174308	69.072983	-120.215004	1017.734375	
0.045233	0.315975	-0.947690	0.558803	-0.794362	-0.238181	-0.828066	-0.518797	-0.212498	76.010384	-112.581329	1014.922363	
0.088353	0.338407	-0.936845	0.544371	-0.804048	-0.239098	-0.834179	-0.488865	-0.255258	89.182854	-104.455673	1010.205750	
0.135328	0.389069	-0.911216	0.557422	-0.790221	-0.254621	-0.819126	-0.473474	-0.323814	100.831566	-96.731529	1007.721619	
0.193187	0.395570	-0.897890	0.498645	-0.827717	-0.257368	-0.845004	-0.398007	-0.357153	110.653877	-81.235817	1003.881348	
0.254554	0.392957	-0.883623	0.428566	-0.864936	-0.261185	-0.866911	-0.312204	-0.388580	114.984436	-66.124458	1004.983032	
0.320749	0.398482	-0.859265	0.409126	-0.876487	-0.253748	-0.854247	-0.270156	-0.444161	118.550728	-51.445076	1005.995422	
0.407833	0.391035	-0.825086	0.382797	-0.893627	-0.234305	-0.828939	-0.220281	-0.514137	122.640656	-44.419899	1001.907898	
0.471080	0.349928	-0.809715	0.345756	-0.917742	-0.195457	-0.811504	-0.187886	-0.553319	124.122452	-29.629333	995.779114	
0.515312	0.332251	-0.789979	0.330908	-0.927444	-0.174211	-0.790541	-0.171636	-0.587866	124.044540	-15.388038	990.002441	
0.589522	0.283583	-0.756338	0.262473	-0.952788	-0.152657	-0.763920	-0.108522	-0.636122	121.164978	-1.998737	985.767517	
0.625634	0.255546	-0.737076	0.240364	-0.962005	-0.129506	-0.742165	-0.096142	-0.663287	116.869514	3.735480	978.114807	
0.673564	0.177383	-0.717530	0.151733	-0.983285	-0.100645	-0.723388	-0.041081	-0.689220	113.585075	9.163441	974.607361	
0.708727	0.137451	-0.691966	0.117845	-0.990122	-0.075976	-0.695572	-0.027697	-0.717924	105.248993	20.342598	962.669922	
0.750057	0.096040	-0.654365	0.090734	-0.994989	-0.042029	-0.655121	-0.027848	-0.755012	94.448097	25.162014	952.641418	
0.786905	-0.000059	-0.617076	0.027095	-0.999033	0.034648	-0.616480	-0.043983	-0.786142	88.030350	30.308331	944.413696	
0.812211	-0.054264	-0.580836	-0.009105	-0.996723	0.080387	-0.583294	-0.060002	-0.810043	74.691246	38.595856	939.989319	
0.819181	-0.110836	-0.562725	-0.019497	-0.985965	0.165816	-0.573204	-0.124860	-0.809845	66.636421	45.102936	936.191589	
0.838420	-0.171395	-0.517375	-0.046144	-0.968181	0.245962	-0.543069	-0.182344	-0.819651	51.061115	47.424820	929.957092	
0.837637	-0.223782	-0.498284	-0.060439	-0.944597	0.322623	-0.542874	-0.240124	-0.804754	32.894035	51.643349	914.600952	
0.819560	-0.343798	-0.458394	-0.170719	-0.910175	0.377409	-0.546971	-0.231052	-0.804636	15.116229	54.348938	907.696411	
0.783939	-0.457314	-0.419886	-0.242181	-0.848000	0.471431	-0.571655	-0.267883	-0.775533	6.155715	55.095955	891.848938	
0.726701	-0.567137	-0.387635	-0.339983	-0.787253	0.514438	-0.596924	-0.242052	-0.764915	-12.806707	55.005703	881.610901	
0.651068	-0.663267	-0.369036	-0.383594	-0.707070	0.594062	-0.654956	-0.245214	-0.714776	-32.732521	54.310913	876.298218	
0.562943	-0.747246	-0.353157	-0.399086	-0.619941	0.675579	-0.723758	-0.239371	-0.647207	-52.620102	53.207291	871.781860	
0.467848	-0.825574	-0.315510	-0.411474	-0.519403	0.748941	-0.782182	-0.220565	-0.582704	-71.323586	49.706219	865.797424	
0.417044	-0.864826	-0.279555	-0.416143	-0.455138	0.787196	-0.808022	-0.211959	-0.549704	-80.532249	44.833122	861.109436	
0.366528	-0.897765	-0.244288	-0.359823	-0.378908	0.852619	-0.858012	-0.224607	-0.461917	-89.401436	39.078812	844.742310	
0.290244	-0.935551	-0.201257	-0.353339	-0.300221	0.886014	-0.889331	-0.186047	-0.417704	-105.491104	34.715584	822.202148	
0.147493	-0.969758	-0.194466	-0.283568	-0.229825	0.931006	-0.947542	-0.082172	-0.308890	-121.325439	31.070436	810.783630	
0.030423	-0.982942	-0.181384	-0.194063	-0.183825	0.963614	-0.980517	0.005884	-0.196345	-135.251892	25.884365	801.681885	
-0.051052	-0.984096	-0.170147	-0.112193	-0.163640	0.980121	-0.992374	0.069127	-0.102055	-147.719635	20.939686	784.452026	
-0.214111	-0.966208	-0.143527	-0.017978	-0.143013	0.989559	-0.976644	0.214456	0.013249	-152.895096	14.711660	772.363037	
-0.285955	-0.949566	-0.128668	0.090045	-0.160310	0.982953	-0.954003	0.269494	0.131344	-161.287781	8.082410	765.553833	
-0.352852	-0.928619	-0.114730	0.136231	-0.172297	0.975581	-0.925709	0.328606	0.187301	-165.039383	0.936329	754.665100	
-0.473197	-0.874715	-0.104681	0.214410	-0.229607	0.949375	-0.854466	0.426796	0.296197	-169.242722	-12.928181	738.356323	
-0.528938	-0.843642	-0.092163	0.296841	-0.285655	0.911203	-0.795054	0.454611	0.401520	-171.230774	-26.542715	726.976135	
-0.636142	-0.768078	-0.073350	0.308160	-0.340076	0.888476	-0.707362	0.542593	0.453026	-171.441513	-34.642590	723.071289	
-0.685323	-0.725510	-0.062994	0.332035	-0.388284	0.859647	-0.648141	0.568218	0.506994	-170.494232	-41.876469	719.419678	
-0.777335	-0.627539	-0.044105	0.353333	-0.493531	0.794725	-0.520487	0.602182	0.605369	-169.227386	-49.292854	714.415527	
-0.857874	-0.512655	-0.035178	0.309671	-0.570405	0.760754	-0.410069	0.641736	0.648089	-162.836533	-64.721817	701.687927	
-0.920504	-0.389632	-0.029320	0.250713	-0.646529	0.720519	-0.299693	0.655888	0.692818	-159.188248	-72.721970	685.111572	
-0.965416	-0.260038	-0.018753	0.189903	-0.750669	0.632802	-0.178629	0.607354	0.774090	-154.998611	-88.299042	679.990112	
-0.981018	-0.193397	-0.014238	0.155856	-0.830011	0.535532	-0.115387	0.523146	0.844397	-142.421524	-96.255394	668.748108	
-0.991930	-0.126780	-0.001837	0.113654	-0.895463	0.430388	-0.056209	0.426704	0.902645	-129.430145	-111.152557	664.962158	
-0.999943	0.008625	0.006282	-0.006236	-0.950126	0.311810	0.008659	0.311751	0.950126	-114.937943	-118.195320	655.590271	
-0.989173	0.146179	0.013020	-0.140740	-0.970021	0.198129	0.041592	0.194149	0.980092	-106.498650	-125.184448	651.053833	
-0.977607	0.209713	0.017473	-0.204999	-0.967805	0.146055	0.047540	0.139201	0.989124	-88.861397	-131.370407	637.244507	
-0.960431	0.277338	0.025636	-0.274579	-0.958252	0.079758	0.046686	0.069562	0.996486	-80.259834	-137.561920	624.966125	
-0.913063	0.406774	0.029177	-0.406414	-0.913521	0.017609	0.033817	0.004218	0.999421	-71.373741	-143.465973	616.832397	
-0.882046	0.469897	0.034530	-0.470606	-0.875068	-0.113082	-0.022920	-0.115995	0.992987	-61.794838	-154.489807	604.919006	
-0.845891	0.533090	-0.016863	-0.520366	-0.831812	-0.193154	-0.116994	-0.154614	0.981025	-53.276806	-158.055786	596.464233	
-0.763822	0.645404	0.005474	-0.620343	-0.731769	-0.282292	-0.178186	-0.219018	0.959315	-33.460106	-168.595352	592.582275	
-0.665857	0.745887	0.016976	-0.681998	-0.599282	-0.419214	-0.302512	-0.290716	0.907731	-23.525627	-172.996399	590.642578	
-0.554528	0.832076	0.012186	-0.711768	-0.466661	-0.524990	-0.431144	-0.299797	0.851023	-4.416668	-178.782822	579.631897	
-0.437883	0.898710	0.024085	-0.735013	-0.342441	-0.585227	-0.517700	-0.273965	0.810513	13.753222	-185.544312	578.976135	
-0.307246	0.951406	0.020673	-0.736693	-0.224043	-0.638035	-0.602398	-0.211265	0.769731	22.643717	-190.746521	573.650146	
-0.173150	0.984824	0.011922	-0.673309	-0.109527	-0.731205	-0.718800	-0.134637	0.682056	30.472288	-192.913376	572.400269	
-0.034784	0.999376	0.006261	-0.581021	-0.015124	-0.813749	-0.813145	-0.031944	0.581185	45.147007	-194.211838	570.589783	
0.104423	0.994530	-0.002909	-0.470221	0.046795	-0.881309	-0.876350	0.093396	0.472534	52.107929	-194.233490	565.729797	
0.174859	0.984544	-0.009920	-0.411442	0.063914	-0.909194	-0.894505	0.163061	0.416259	63.642765	-194.309677	563.731201	
0.242505	0.969881	-0.022874	-0.352099	0.066020	-0.933633	-0.904001	0.234463	0.357504	68.775032	-193.503708	561.376343	
0.310573	0.949848	-0.036534	-0.233603	0.039014	-0.971551	-0.921398	0.310270	0.234003	73.166878	-191.133209	559.153564	
0.373422	0.926666	-0.042987	-0.171038	0.023232	-0.984992	-0.911758	0.375169	0.167169	78.208214	-186.731277	559.575745	
0.495043	0.867450	-0.049648	-0.055249	-0.025597	-0.998146	-0.867111	0.496867	0.035253	79.699806	-184.096146	559.528992	
0.553632	0.829982	-0.067993	0.042642	-0.109793	-0.993041	-0.831669	0.546879	-0.096178	80.256317	-177.906464	559.679871	
0.606404	0.791479	-0.076397	0.086603	-0.161245	-0.983108	-0.790427	0.589544	-0.166326	80.628395	-174.559814	561.663513	
0.658305	0.746459	-0.097134	0.113376	-0.225888	-0.967534	-0.744165	0.625919	-0.233335	76.948822	-165.742828	564.276794	
0.756327	0.645299	-0.107523	0.160459	-0.342324	-0.925780	-0.634211	0.682939	-0.362454	70.716293	-160.549255	565.532288	
0.797993	0.590998	-0.118030	0.206988	-0.452697	-0.867308	-0.566007	0.667674	-0.483580	66.600769	-155.260651	565.494629	
0.834157	0.532416	-0.143935	0.192472	-0.525582	-0.828685	-0.516854	0.663549	-0.540895	61.656879	-149.695114	567.646667	
0.866777	0.469953	-0.166864	0.201538	-0.636158	-0.744772	-0.456158	0.611922	-0.646122	55.776909	-137.528091	569.337952	
0.919767	0.346489	-0.184322	0.150109	-0.744521	-0.650505	-0.362623	0.570645	-0.736799	42.878876	-130.878540	573.613647	
0.938617	0.281323	-0.199643	0.109831	-0.792329	-0.600126	-0.327012	0.541362	-0.774593	28.568455	-124.291458	579.156250	
0.954450	0.211933	-0.210025	0.084250	-0.866688	-0.491685	-0.286229	0.451595	-0.845067	20.371151	-116.979935	586.217102	
0.967242	0.075896	-0.242245	-0.035344	-0.904708	-0.424565	-0.251384	0.419220	-0.872390	2.708589	-110.194260	596.471619	
0.961187	0.009700	-0.275730	-0.094159	-0.927850	-0.360873	-0.259336	0.372829	-0.890925	-15.401549	-95.960197	603.850342	
0.948425	-0.123314	-0.292033	-0.195607	-0.952597	-0.233017	-0.249455	0.278124	-0.927590	-34.630516	-88.648552	611.046814	
0.911217	-0.250906	-0.326694	-0.297755	-0.949235	-0.101469	-0.284650	0.189736	-0.939669	-44.550293	-73.977097	619.137695	
0.855793	-0.368188	-0.363394	-0.383428	-0.923009	0.032215	-0.347277	0.111768	-0.931080	-54.480705	-66.479805	627.709473	
0.815218	-0.420342	-0.398411	-0.390898	-0.906942	0.157023	-0.427339	0.027732	-0.903668	-74.601639	-52.286007	641.529663	
0.734323	-0.522276	-0.433587	-0.478338	-0.851354	0.215385	-0.481626	0.049240	-0.874994	-94.426308	-44.923897	645.867493	
0.641789	-0.606811	-0.468920	-0.549361	-0.790428	0.270978	-0.535079	0.083696	-0.840647	-113.348099	-38.563839	659.589172	
0.584500	-0.634179	-0.506139	-0.513553	-0.772092	0.374352	-0.628191	0.041122	-0.776973	-132.105743	-32.581886	675.041443	
0.523605	-0.658750	-0.540264	-0.468760	-0.752284	0.462964	-0.711409	0.010845	-0.702696	-140.717392	-20.163410	680.085876	
0.416462	-0.704412	-0.574772	-0.512540	-0.704075	0.491511	-0.750908	0.089898	-0.654261	-148.789078	-7.379389	684.893677	
0.313966	-0.743014	-0.591063	-0.549935	-0.649796	0.524729	-0.773949	0.160299	-0.612624	-156.056976	-2.259649	695.590149	
0.207491	-0.763487	-0.611584	-0.512446	-0.617378	0.596864	-0.833275	0.189559	-0.519347	-169.296539	2.522751	701.631348	
0.151737	-0.744844	-0.649756	-0.431109	-0.641419	0.634610	-0.889450	0.183821	-0.418436	-180.768387	7.877634	713.957642	
0.039623	-0.722228	-0.690519	-0.447261	-0.630786	0.634089	-0.893526	0.283717	-0.348019	-185.723434	16.771839	721.170410	
-0.066022	-0.681817	-0.728537	-0.403888	-0.649384	0.644343	-0.912423	0.336787	-0.232505	-190.521439	21.372149	727.162903	
-0.108737	-0.636878	-0.763259	-0.391459	-0.678338	0.621788	-0.913749	0.366395	-0.175552	-193.197769	28.388186	744.648926	
-0.147806	-0.607365	-0.780553	-0.380038	-0.693751	0.611787	-0.913085	0.387064	-0.128282	-194.995956	35.088364	751.075745	
-0.188963	-0.574850	-0.796141	-0.311546	-0.733768	0.603760	-0.931253	0.362122	-0.040437	-195.469513	37.264355	766.174683	
-0.260137	-0.522376	-0.812067	-0.286752	-0.761285	0.581568	-0.922010	0.384148	0.048246	-195.913483	38.932159	778.310791	
-0.282584	-0.484287	-0.828018	-0.284493	-0.782051	0.554494	-0.916084	0.392256	0.083219	-192.410110	40.542946	795.392395	
-0.295631	-0.445214	-0.845215	-0.284246	-0.803694	0.522765	-0.912034	0.394794	0.111046	-187.271896	42.251831	802.109985	
-0.312137	-0.402888	-0.860379	-0.291151	-0.821485	0.490303	-0.904324	0.403541	0.139115	-180.520493	42.745892	814.319519	
-0.299912	-0.340167	-0.891258	-0.303727	-0.851599	0.427237	-0.904324	0.398832	0.152087	-176.519058	42.454556	833.354980	
-0.282003	-0.278042	-0.918242	-0.322474	-0.873935	0.363662	-0.903596	0.398661	0.156791	-164.973145	40.798233	838.672729	
-0.275477	-0.238970	-0.931132	-0.260072	-0.913963	0.311507	-0.925460	0.327973	0.189626	-158.842239	38.100883	852.736328	
-0.281027	-0.181509	-0.942380	-0.267696	-0.928153	0.258599	-0.921609	0.324944	0.212246	-144.579971	36.179901	870.037476	
-0.248160	-0.115104	-0.961857	-0.342442	-0.918385	0.198253	-0.906173	0.378578	0.188490	-136.672531	31.293509	888.019775	
-0.227266	-0.085701	-0.970055	-0.284987	-0.946659	0.150403	-0.931200	0.310633	0.190719	-119.305946	24.774910	898.070801	
-0.206536	-0.056766	-0.976792	-0.222444	-0.969450	0.103375	-0.952817	0.238631	0.187599	-100.880814	17.791580	909.100220	
-0.172632	-0.036763	-0.984301	-0.222374	-0.972049	0.075308	-0.959556	0.231882	0.159632	-81.748230	14.113743	914.725952	
-0.109754	-0.005590	-0.993944	-0.217075	-0.975711	0.029458	-0.969965	0.218993	0.105874	-62.211887	4.560074	931.653503	
-0.042061	0.004365	-0.999106	-0.223943	-0.974589	0.005171	-0.973694	0.223959	0.041969	-42.001045	-0.719503	937.812927	
0.015640	0.003610	-0.999872	-0.213703	-0.976875	-0.006868	-0.976773	0.213782	-0.014507	-31.659361	-5.582014	944.075745	
0.050431	-0.006685	-0.998706	-0.207680	-0.978189	-0.003938	-0.976896	0.207609	-0.050720	-21.207607	-16.544107	957.532227	
0.130640	-0.038992	-0.990663	-0.272862	-0.962052	0.001885	-0.953142	0.270068	-0.136323	-1.475264	-22.044966	969.948486	
0.213101	-0.096777	-0.972226	-0.339749	-0.940322	0.019134	-0.916056	0.326235	-0.233264	17.995394	-28.955261	978.184387	
0.275039	-0.174542	-0.945457	-0.417669	-0.907434	0.046022	-0.865971	0.382230	-0.322481	27.038160	-36.042484	979.160645	
0.294294	-0.213016	-0.931674	-0.365093	-0.925969	0.096389	-0.883231	0.311781	-0.350278	35.354782	-49.381798	979.794189	
0.339354	-0.278351	-0.898532	-0.308687	-0.935272	0.173150	-0.888567	0.218605	-0.403312	51.486084	-62.825516	986.239624	
0.339452	-0.322773	-0.883510	-0.254601	-0.935749	0.244039	-0.905511	0.142102	-0.399820	65.200249	-69.553192	998.397522	
0.306387	-0.394944	-0.866110	-0.326766	-0.898218	0.293992	-0.894064	0.192939	-0.404257	77.907425	-84.088326	999.708069	
0.285408	-0.491670	-0.822680	-0.394275	-0.842618	0.366804	-0.873550	0.219673	-0.434343	88.137482	-91.493126	1005.560730	
0.236871	-0.556728	-0.796207	-0.391094	-0.804838	0.446413	-0.889346	0.205649	-0.408376	93.012177	-105.546883	1005.788269	
0.168439	-0.616376	-0.769225	-0.438165	-0.745859	0.501706	-0.882972	0.252541	-0.395707	96.017105	-112.941002	1008.385986	
0.139334	-0.689111	-0.711133	-0.436866	-0.687253	0.580374	-0.888669	0.229804	-0.396808	98.837082	-119.626740	1010.658752	
0.093472	-0.726828	-0.680428	-0.426401	-0.646797	0.632328	-0.899691	0.231030	-0.370378	100.927780	-133.756607	1017.648071	
-0.002373	-0.760526	-0.649302	-0.454179	-0.577654	0.678263	-0.890907	0.296508	-0.344044	101.164993	-147.243439	1020.391541	
-0.105923	-0.783766	-0.611957	-0.461485	-0.506384	0.728430	-0.880802	0.359566	-0.308058	100.674355	-153.532974	1023.604553	
-0.158021	-0.801526	-0.576702	-0.376221	-0.491117	0.785662	-0.912955	0.341117	-0.223944	98.759560	-165.657516	1022.973694	
-0.211065	-0.818111	-0.534925	-0.330681	-0.455226	0.826694	-0.919837	0.351375	-0.174452	91.766556	-176.942719	1023.489685	
-0.333047	-0.826139	-0.454503	-0.299498	-0.364377	0.881778	-0.894081	0.429796	-0.126073	86.978737	-182.514221	1024.608765	
-0.397273	-0.819207	-0.413612	-0.189170	-0.367925	0.910411	-0.897991	0.439923	-0.008804	76.310593	-187.920685	1026.195190	
-0.510888	-0.774718	-0.372566	-0.098089	-0.378031	0.920583	-0.854032	0.506859	0.117140	63.461689	-192.146881	1021.859314	
-0.631848	-0.723370	-0.278396	0.027314	-0.379737	0.924692	-0.774610	0.576660	0.259694	56.254395	-196.731659	1023.619995	
-0.742495	-0.645430	-0.179224	0.090225	-0.361486	0.928003	-0.663747	0.672866	0.326634	48.189495	-202.491745	1017.886963	
-0.825243	-0.558603	-0.083298	0.156029	-0.367244	0.916946	-0.542797	0.743704	0.390222	39.756435	-206.227402	1017.418396	
-0.892468	-0.450899	0.013836	0.241306	-0.451259	0.859150	-0.381144	0.770102	0.511537	30.651333	-210.620712	1014.637817	
-0.939670	-0.337086	0.058253	0.253218	-0.570918	0.780984	-0.230000	0.748617	0.621829	11.619747	-213.526978	1008.315796	
-0.958691	-0.260431	0.114401	0.257217	-0.621992	0.739573	-0.121450	0.738446	0.663284	2.012362	-212.576920	994.289429	
-0.966826	-0.202207	0.156079	0.252141	-0.657658	0.709868	-0.040893	0.725672	0.686824	-17.317602	-212.793167	983.072937	
-0.973041	-0.154468	0.171263	0.230592	-0.637986	0.734714	-0.004225	0.754397	0.656404	-26.152100	-210.225067	955.774048	
-0.966612	-0.133629	0.218642	0.251668	-0.655579	0.711957	0.048200	0.743210	0.667319	-43.478256	-210.313110	947.610840	
-0.931204	0.013841	0.364235	0.186993	-0.839617	0.509980	0.312877	0.543004	0.779265	-54.523666	-210.766205	964.183472	
-0.844754	0.152413	0.512992	0.067045	-0.920892	0.384012	0.530938	0.358788	0.767708	-66.798523	-208.136597	969.977478	
-0.793060	0.247535	0.556580	-0.106343	-0.955941	0.273625	0.599788	0.157812	0.784442	-76.450203	-205.678497	957.393677	
-0.730615	0.333510	0.595795	-0.294147	-0.941208	0.166158	0.616181	-0.053855	0.785762	-93.348976	-200.048141	955.232178	
-0.679834	0.361678	0.637976	-0.382563	-0.917087	0.112249	0.625675	-0.167756	0.761833	-101.879189	-196.162048	940.166504	
-0.612636	0.420233	0.669388	-0.515523	-0.854439	0.064592	0.599094	-0.305515	0.740101	-108.943756	-191.262344	928.134460	
-0.478797	0.435150	0.762494	-0.693383	-0.720156	-0.024411	0.538491	-0.540389	0.646536	-123.388206	-183.813965	932.468445	
-0.389626	0.460019	0.797855	-0.812115	-0.580187	-0.062071	0.434350	-0.672136	0.599647	-129.201233	-172.524490	923.664734	
-0.299986	0.461520	0.834869	-0.916644	-0.381795	-0.118311	0.264144	-0.800770	0.537585	-133.821671	-161.735870	910.839478	
-0.250117	0.436329	0.864325	-0.961750	-0.214953	-0.169798	0.111700	-0.873735	0.473406	-141.410950	-149.898056	902.574890	
-0.177921	0.358732	0.916327	-0.983222	-0.026755	-0.180437	-0.040213	-0.933058	0.357477	-143.749329	-136.792877	896.701172	
-0.106624	0.285764	0.952350	-0.974452	0.160381	-0.157224	-0.197668	-0.944785	0.261366	-145.856430	-122.860748	886.254944	
-0.051533	0.178452	0.982599	-0.927827	0.355414	-0.113210	-0.369432	-0.917517	0.147260	-145.743683	-109.061234	870.187500	
-0.025896	0.123331	0.992029	-0.878726	0.470330	-0.081412	-0.476622	-0.873831	0.096197	-144.387665	-101.787567	866.100708	
-0.010300	0.063824	0.997909	-0.819716	0.571000	-0.044983	-0.572676	-0.818466	0.046439	-140.035736	-94.511429	855.339722	
0.004166	-0.049787	0.998752	-0.705754	0.707425	0.038206	-0.708445	-0.705033	-0.032188	-133.891647	-79.680374	838.315613	
-0.006158	-0.107734	0.994162	-0.523610	0.847340	0.088578	-0.851935	-0.520009	-0.061627	-129.598724	-71.730469	826.992676	
-0.035553	-0.225303	0.973642	-0.369323	0.908248	0.196683	-0.928620	-0.352597	-0.115500	-119.231415	-63.675770	809.729370	
-0.061150	-0.277813	0.958689	-0.270919	0.929047	0.251940	-0.960657	-0.244322	-0.132076	-113.086365	-55.672806	804.379639	
-0.108224	-0.383934	0.916999	-0.173667	0.915532	0.362822	-0.978839	-0.119987	-0.165759	-106.468575	-41.277336	800.547546	
-0.140304	-0.427391	0.893116	-0.077967	0.904004	0.420352	-0.987034	-0.010657	-0.160158	-98.734871	-27.173285	789.649292	
-0.180492	-0.469470	0.864306	0.088901	0.867353	0.489688	-0.979550	0.165221	-0.114814	-82.202835	-12.552002	774.293823	
-0.265178	-0.489641	0.830624	0.287125	0.782280	0.552807	-0.920456	0.385084	-0.066856	-73.312286	-5.808552	769.131592	
-0.325286	-0.514305	0.793527	0.363825	0.706495	0.607038	-0.872823	0.486164	-0.042697	-63.919693	1.541422	757.561829	
-0.377246	-0.534258	0.756477	0.477943	0.587338	0.653149	-0.793256	0.607949	0.033773	-53.203949	8.446051	739.313660	
-0.441382	-0.547313	0.711080	0.512069	0.497111	0.700475	-0.736863	0.673297	0.060844	-33.817951	20.436724	724.180786	
-0.524403	-0.586242	0.617516	0.550333	0.320032	0.771177	-0.649719	0.744245	0.154800	-23.772188	30.657028	719.706665	
-0.610597	-0.604072	0.512125	0.558742	0.129678	0.819141	-0.561229	0.786309	0.258338	-13.872145	35.283508	708.733887	
-0.699163	-0.550304	0.456443	0.576498	-0.056325	0.815156	-0.422873	0.833063	0.356627	-2.972357	43.694267	702.549988	
-0.752952	-0.522264	0.400382	0.550700	-0.166978	0.817833	-0.360268	0.836277	0.413336	7.555135	47.062599	684.823608	
-0.828512	-0.443268	0.342174	0.507858	-0.337388	0.792623	-0.235898	0.830472	0.504646	17.499762	50.611588	673.027893	
-0.906938	-0.358355	0.221462	0.389351	-0.512349	0.765446	-0.160834	0.780436	0.604193	35.562119	53.872482	658.084412	
-0.944629	-0.315164	0.091368	0.282880	-0.641028	0.713488	-0.166295	0.699825	0.694687	51.581772	56.433571	648.919128	
-0.977353	-0.210122	0.025090	0.176981	-0.746644	0.641251	-0.116007	0.631167	0.766922	58.687695	58.185883	644.354553	
-0.986879	-0.156478	-0.039810	0.101030	-0.790780	0.603708	-0.125947	0.591763	0.796212	72.306824	59.525654	640.580688	
-0.989135	-0.101916	-0.105948	0.025247	-0.827753	0.560528	-0.144825	0.551760	0.821332	83.481522	59.617470	632.809692	
-0.985254	0.006603	-0.170970	-0.087460	-0.878279	0.470084	-0.147055	0.478103	0.865905	92.831421	58.651871	625.369690	
-0.970067	0.059977	-0.235314	-0.157312	-0.893413	0.420796	-0.184994	0.445215	0.876105	96.800858	57.260532	617.078247	
-0.940653	0.164795	-0.296671	-0.273571	-0.885521	0.375518	-0.200824	0.434390	0.878051	99.046219	53.518291	604.619019	
-0.896506	0.258036	-0.360129	-0.379469	-0.866767	0.323605	-0.228646	0.426769	0.874979	100.412476	50.996929	601.467468	
-0.856961	0.299261	-0.419596	-0.421943	-0.874888	0.237774	-0.295942	0.380806	0.876016	101.025581	45.066338	596.727234	
-0.811938	0.333173	-0.479325	-0.465813	-0.864677	0.188025	-0.351815	0.375938	0.857261	99.806198	37.901329	591.632324	
-0.729295	0.345504	-0.590555	-0.490474	-0.865795	0.099171	-0.477035	0.361975	0.800881	96.315369	29.047836	589.483521	
-0.654148	0.397334	-0.643596	-0.561105	-0.825520	0.060660	-0.507198	0.400803	0.762958	93.332954	19.911066	586.443604	
-0.537724	0.409096	-0.737221	-0.624576	-0.780645	0.022371	-0.566355	0.472477	0.675282	85.519585	13.940658	584.117920	
-0.414510	0.388955	-0.822738	-0.675247	-0.737544	-0.008476	-0.610101	0.552035	0.568359	75.406860	7.614451	580.914185	
-0.355563	0.369769	-0.858399	-0.654706	-0.753982	-0.053598	-0.667034	0.542939	0.510177	63.659161	0.739211	578.475830	
-0.297333	0.341757	-0.891514	-0.631455	-0.770756	-0.084864	-0.716141	0.537716	0.444974	49.666660	-6.585974	575.216003	
-0.223522	0.318256	-0.921278	-0.644577	-0.757267	-0.105208	-0.731135	0.570316	0.374406	33.922329	-19.735025	573.521057	
-0.140613	0.221415	-0.964990	-0.611702	-0.785818	-0.091168	-0.778491	0.577465	0.245935	25.854713	-27.634928	572.305603	
-0.067662	0.111865	-0.991418	-0.613491	-0.788298	-0.047075	-0.786797	0.605040	0.121964	8.274444	-35.609882	570.721252	
-0.001275	-0.008694	-0.999962	-0.586459	-0.809943	0.007791	-0.809978	0.586445	-0.004068	-0.966636	-43.924976	570.088135	
0.030434	-0.071788	-0.996956	-0.555426	-0.830463	0.042846	-0.831009	0.552430	-0.065149	-20.956818	-58.650089	569.542358	
0.069753	-0.196563	-0.978007	-0.571480	-0.811448	0.122331	-0.817646	0.550378	-0.168934	-40.533588	-66.923271	569.550049	
0.077527	-0.269365	-0.959912	-0.619194	-0.767623	0.165398	-0.781402	0.581548	-0.226302	-60.878895	-82.239052	570.312866	
0.064517	-0.390514	-0.918333	-0.659620	-0.707235	0.254407	-0.748825	0.589337	-0.303221	-81.075493	-97.008087	572.148254	
0.032344	-0.526724	-0.849420	-0.678459	-0.635636	0.368323	-0.733925	0.564384	-0.377922	-92.659721	-104.520454	578.871948	
-0.022478	-0.639099	-0.768794	-0.679417	-0.554362	0.480706	-0.733408	0.533138	-0.421755	-103.355560	-112.236633	584.304138	
-0.052464	-0.693392	-0.718646	-0.653860	-0.520077	0.549536	-0.754794	0.498725	-0.426098	-122.488014	-119.695618	588.032654	
-0.133775	-0.775775	-0.616665	-0.638343	-0.408522	0.652403	-0.758038	0.480919	-0.440562	-131.654510	-133.200577	592.912781	
-0.216913	-0.799135	-0.560652	-0.638258	-0.318464	0.700864	-0.738631	0.509867	-0.440977	-147.454178	-145.929657	596.743408	
-0.301764	-0.811141	-0.500986	-0.594316	-0.250842	0.764113	-0.745471	0.528326	-0.406381	-155.104279	-158.197800	599.712341	
-0.362601	-0.851953	-0.377751	-0.505872	-0.160496	0.847547	-0.782697	0.498414	-0.372785	-168.993698	-169.803162	608.237854	
-0.457880	-0.854459	-0.245450	-0.431396	-0.027860	0.901733	-0.777331	0.518771	-0.355855	-175.909561	-175.576355	616.479614	
-0.508522	-0.854085	-0.109293	-0.314994	0.066391	0.946769	-0.801364	0.515879	-0.302795	-185.415665	-185.144226	623.176208	
-0.552301	-0.833207	0.027067	-0.213210	0.172565	0.961646	-0.805919	0.525346	-0.272957	-192.945099	-189.389526	629.503967	
-0.588207	-0.791923	0.163929	-0.100313	0.272582	0.956888	-0.802465	0.546404	-0.239777	-197.489059	-192.780838	630.178772	
-0.634418	-0.710863	0.303630	0.064431	0.342800	0.937196	-0.770300	0.614136	-0.171679	-201.168228	-195.521591	642.730042	
-0.658949	-0.616255	0.431299	0.230170	0.380687	0.895599	-0.716106	0.689426	-0.109012	-201.580780	-200.979645	646.579590	
-0.659192	-0.514801	0.548133	0.370600	0.411844	0.832489	-0.654310	0.751907	-0.080701	-200.523071	-204.711639	659.714417	
-0.610361	-0.433734	0.662825	0.518052	0.414436	0.748241	-0.599234	0.800074	-0.028261	-199.657822	-206.703812	671.276123	
-0.604475	-0.352526	0.714379	0.627749	0.341308	0.699599	-0.490448	0.871341	0.014983	-196.655502	-208.471359	679.675720	
-0.536370	-0.252652	0.805280	0.758468	0.274203	0.591219	-0.370181	0.927890	0.044552	-188.856415	-207.959961	685.030518	
-0.444466	-0.166027	0.880277	0.856536	0.208963	0.471890	-0.262289	0.963727	0.049328	-184.420166	-206.773254	701.639038	
-0.389722	-0.129809	0.911739	0.899741	0.157492	0.407016	-0.196424	0.978952	0.055413	-178.842468	-204.349152	712.852600	
-0.264143	-0.083280	0.960882	0.959423	0.079239	0.270609	-0.098674	0.993371	0.058967	-164.899780	-201.561707	724.333618	
-0.131700	-0.039075	0.990520	0.990996	0.019117	0.132517	-0.024113	0.999054	0.036203	-149.215836	-197.583954	741.766052	
0.003300	-0.004659	0.999984	0.999029	-0.043903	-0.003502	0.043920	0.999025	0.004506	-132.265488	-194.801819	752.156677	
0.123134	0.033034	0.991840	0.979516	-0.164507	-0.116125	0.159330	0.985823	-0.052617	-115.534386	-190.451431	762.272278	
0.209253	0.009274	0.977818	0.941043	-0.273715	-0.198788	0.265801	0.961767	-0.066006	-104.945358	-184.250107	781.463440	
0.340228	-0.001580	0.940342	0.879099	-0.354452	-0.318665	0.333811	0.935074	-0.119208	-94.695656	-175.127884	799.466431	
0.461342	-0.039987	0.886321	0.788931	-0.438534	-0.430434	0.405895	0.897825	-0.170770	-75.504372	-165.119751	817.945984	
0.575681	-0.071856	0.814511	0.696459	-0.478819	-0.534486	0.428411	0.874968	-0.225606	-64.713165	-159.664932	838.129028	
0.674465	-0.134574	0.725938	0.567122	-0.535120	-0.626112	0.472724	0.833989	-0.284603	-45.178215	-149.298721	849.494202	
0.717860	-0.169741	0.675178	0.480720	-0.580643	-0.657084	0.503572	0.796268	-0.335226	-24.874666	-143.235962	863.429565	
0.785768	-0.251975	0.564869	0.327787	-0.604823	-0.725770	0.524523	0.755446	-0.392659	-5.634209	-130.237640	876.127563	
0.840325	-0.305495	0.447800	0.189061	-0.609036	-0.770279	0.508044	0.731949	-0.454034	4.180570	-117.030838	883.861450	
0.854950	-0.349565	0.383227	0.092968	-0.623580	-0.776210	0.510310	0.699252	-0.500634	13.604172	-110.603058	892.675781	
0.867611	-0.428311	0.252584	-0.059900	-0.594298	-0.802010	0.493621	0.680706	-0.541278	21.726927	-96.278931	903.052124	
0.876107	-0.467758	0.116781	-0.185188	-0.550146	-0.814275	0.445131	0.691768	-0.568612	29.589203	-81.548828	908.311218	
0.844279	-0.533231	0.053434	-0.274113	-0.515372	-0.811944	0.460493	0.670863	-0.581286	36.313923	-67.435005	925.872864	
0.805854	-0.591922	-0.015043	-0.360559	-0.470402	-0.805431	0.469676	0.654486	-0.592500	42.357948	-53.194462	943.111328	
0.759886	-0.645092	-0.080170	-0.445411	-0.426862	-0.787018	0.473478	0.633755	-0.611700	52.468685	-46.364632	958.857544	
0.724609	-0.653327	-0.219327	-0.546246	-0.350440	-0.760793	0.420186	0.671087	-0.610811	60.652336	-32.282116	964.091553	
0.685530	-0.669942	-0.285000	-0.609524	-0.314044	-0.727912	0.398156	0.672722	-0.623635	63.524578	-18.396660	970.723877	
0.624188	-0.697287	-0.352390	-0.666482	-0.239883	-0.705874	0.407665	0.675462	-0.614463	64.907578	-3.901420	972.962952	
0.585967	-0.695096	-0.416513	-0.708368	-0.189776	-0.679852	0.393518	0.693418	-0.603589	66.701881	8.873812	986.702637	
0.541700	-0.692829	-0.475970	-0.754460	-0.151090	-0.638719	0.370609	0.705096	-0.604560	65.813728	21.334682	989.784363	
0.496468	-0.683224	-0.535465	-0.788116	-0.096210	-0.607960	0.363856	0.723844	-0.586227	64.007828	26.907562	1000.237732	
0.458664	-0.661285	-0.593572	-0.815926	-0.048821	-0.576091	0.351982	0.748545	-0.561955	61.112633	37.691399	1012.679443	
0.392380	-0.594689	-0.701698	-0.857846	0.038650	-0.512452	0.331871	0.803027	-0.494989	52.695534	48.720924	1009.080261	
0.357392	-0.546693	-0.757229	-0.878534	0.078349	-0.471210	0.316935	0.833661	-0.452290	47.246292	58.420357	1011.905396	
0.298338	-0.542412	-0.785355	-0.898650	0.117611	-0.422605	0.321592	0.831840	-0.452354	37.548424	68.025383	1026.044800	
0.242238	-0.508078	-0.826545	-0.905308	0.188000	-0.380886	0.348910	0.840544	-0.414429	24.638695	76.415833	1034.173340	
0.190943	-0.466576	-0.863624	-0.905648	0.255608	-0.338329	0.378606	0.846742	-0.373750	16.228498	83.299278	1033.213013	
0.140963	-0.430911	-0.891316	-0.901639	0.315945	-0.295341	0.408872	0.845279	-0.343992	0.981328	86.119766	1033.968628	
0.072706	-0.328594	-0.941668	-0.894465	0.396177	-0.207309	0.441187	0.857363	-0.265114	-15.721575	88.899361	1035.548950	
0.051446	-0.274698	-0.960153	-0.889926	0.423681	-0.168898	0.453194	0.863155	-0.222667	-33.690643	91.424225	1042.185059	
0.025191	-0.153786	-0.987783	-0.884850	0.456372	-0.093619	0.465194	0.876399	-0.124583	-44.401245	93.463272	1050.285034	
0.009989	-0.088018	-0.996069	-0.863750	0.501131	-0.052946	0.503821	0.860884	-0.071023	-54.195702	94.432938	1050.635376	
-0.000807	0.049603	-0.998769	-0.837172	0.546232	0.027803	0.546939	0.836165	0.041083	-64.845085	94.790665	1051.973511	
-0.023311	0.168779	-0.985379	-0.810553	0.573766	0.117450	0.585200	0.801440	0.123427	-85.744919	95.066689	1067.453247	
-0.016522	0.231780	-0.972629	-0.790169	0.593032	0.154742	0.612666	0.771098	0.173345	-96.234398	94.901962	1075.919678	
0.002000	0.355435	-0.934701	-0.768086	0.599076	0.226163	0.640343	0.717478	0.274200	-105.658524	91.198288	1070.341187	
0.014658	0.416693	-0.908931	-0.755447	0.600133	0.262942	0.655045	0.682795	0.323584	-114.390900	86.707870	1064.471313	
0.041437	0.470649	-0.881349	-0.728099	0.618295	0.295942	0.684218	0.629446	0.368297	-123.682289	82.117607	1067.077271	
0.072614	0.519659	-0.851285	-0.696538	0.637320	0.329631	0.713836	0.569016	0.408239	-132.813599	75.883278	1067.297363	
0.109280	0.565463	-0.817505	-0.668701	0.650325	0.360436	0.735456	0.507277	0.449192	-139.979919	67.943314	1060.756348	
0.150803	0.607828	-0.779620	-0.638260	0.662099	0.392743	0.754906	0.438373	0.487798	-147.410797	64.340157	1057.140625	
0.191617	0.647981	-0.737162	-0.605535	0.669141	0.430786	0.772406	0.363830	0.520592	-153.352921	54.428062	1053.143066	
0.226665	0.687415	-0.689991	-0.595066	0.658570	0.460630	0.771051	0.306180	0.558331	-164.009460	43.914261	1050.072632	
0.277684	0.748655	-0.602005	-0.582047	0.629647	0.514553	0.764273	0.207511	0.610595	-172.544220	32.514942	1046.215454	
0.316637	0.804361	-0.502741	-0.582831	0.583137	0.565912	0.748364	0.113823	0.653449	-175.718155	27.393375	1045.603638	
0.346781	0.846226	-0.404535	-0.591699	0.532018	0.605679	0.727760	0.029324	0.685205	-180.143845	20.908903	1039.043701	
0.389239	0.877425	-0.280396	-0.593099	0.471633	0.652530	0.704789	-0.087689	0.703977	-183.559387	14.127711	1034.072632	
0.419432	0.893249	-0.161819	-0.604827	0.407903	0.683958	0.676951	-0.189003	0.711349	-182.805420	6.965717	1031.550659	
0.462470	0.885493	-0.045012	-0.610505	0.354842	0.708074	0.642967	-0.299984	0.704702	-180.715485	0.553214	1021.571228	
0.498008	0.863904	0.075227	-0.635278	0.304407	0.709758	0.590263	-0.401257	0.700417	-176.262833	-12.932244	1008.945007	
0.516628	0.845417	0.135520	-0.635980	0.272932	0.721829	0.573258	-0.459107	0.678674	-172.771362	-20.185921	999.786438	
0.518552	0.818916	0.245929	-0.665978	0.206432	0.716839	0.536263	-0.535503	0.652427	-163.550400	-35.067730	987.338684	
0.524141	0.795900	0.303019	-0.681175	0.178237	0.710092	0.511153	-0.578599	0.635570	-153.380676	-42.618027	973.160889	
0.541552	0.759287	0.360839	-0.695294	0.163275	0.699933	0.472533	-0.629941	0.616352	-140.749435	-49.249638	957.714966	
0.539369	0.733541	0.413520	-0.710872	0.133412	0.690552	0.451380	-0.666423	0.593414	-134.182144	-64.001236	954.770569	
