0.998974	-0.043679	0.011961	0.043534	0.998978	0.012154	-0.012480	-0.011621	0.999855	19.051868	4.030617	546.388184	
0.990836	-0.127897	0.043432	0.126311	0.991282	0.037492	-0.047848	-0.031662	0.998353	28.047272	7.484570	546.666992	
0.983169	-0.172138	0.061208	0.169159	0.984270	0.050954	-0.069016	-0.039743	0.996824	36.959816	15.495137	548.065552	
0.973763	-0.202244	0.104325	0.204302	0.978863	-0.009320	-0.100236	0.030389	0.994500	45.561733	18.065941	548.601074	
0.938667	-0.248646	0.238912	0.289318	0.944872	-0.153339	-0.187614	0.213056	0.958858	53.113987	24.627016	545.654358	
0.868612	-0.290081	0.401704	0.404805	0.882967	-0.237703	-0.285738	0.369084	0.884382	67.280380	26.903385	535.797852	
0.787684	-0.333089	0.518272	0.492826	0.845482	-0.205626	-0.369698	0.417386	0.830128	73.344254	29.568226	534.895081	
0.693241	-0.326124	0.642698	0.549858	0.815824	-0.179126	-0.465911	0.477570	0.744885	79.778389	30.626865	539.536194	
0.691152	-0.353771	0.630203	0.559645	0.813730	-0.156974	-0.457282	0.461183	0.760397	87.479385	31.674236	553.063232	
0.504879	-0.289639	0.813146	0.660077	0.736579	-0.147473	-0.556232	0.611196	0.563068	93.718391	30.225323	541.816528	
0.397704	-0.303403	0.865897	0.721132	0.686855	-0.090546	-0.567274	0.660437	0.491959	99.106056	29.163795	557.841553	
0.313667	-0.268783	0.910697	0.787103	0.610065	-0.091043	-0.531114	0.745370	0.402917	102.698593	27.094532	565.487549	
0.240217	-0.261002	0.934972	0.835881	0.545336	-0.062525	-0.493556	0.796546	0.349166	107.539040	25.497017	586.036072	
0.148528	-0.183117	0.971806	0.865796	0.498926	-0.038313	-0.477844	0.847077	0.232647	109.240509	20.627079	598.653809	
0.096675	-0.149969	0.983953	0.912295	0.408616	-0.027355	-0.397957	0.900301	0.176320	110.041260	14.863794	604.914795	
0.044673	-0.091015	0.994847	0.946550	0.322292	-0.013019	-0.319447	0.942255	0.100548	106.556709	8.346633	600.776550	
0.006610	-0.030506	0.999513	0.966858	0.255307	0.001398	-0.255225	0.966379	0.031183	100.199379	4.551646	595.287659	
0.008123	0.009933	0.999918	0.986714	0.162174	-0.009626	-0.162257	0.986712	-0.008484	99.252022	-3.499763	611.748474	
0.049170	0.052681	0.997400	0.991316	0.119358	-0.055175	-0.121955	0.991452	-0.046354	97.543106	-14.945405	631.590393	
0.017814	0.098919	0.994936	0.996097	0.084267	-0.026213	-0.086434	0.991521	-0.097032	88.085922	-31.532139	642.696167	
0.006030	0.053856	0.998530	0.999876	0.014149	-0.006801	-0.014495	0.998448	-0.053764	80.762115	-39.743343	608.500488	
-0.140127	-0.071578	0.987543	0.989779	0.016513	0.141641	-0.026446	0.997298	0.068532	78.796783	-46.314220	611.935608	
0.030459	0.394853	0.918239	0.949777	-0.297676	0.096499	0.311441	0.869183	-0.384089	68.167702	-50.156601	676.377014	
0.030459	0.394853	0.918239	0.949777	-0.297676	0.096499	0.311441	0.869183	-0.384089	68.167702	-50.156601	676.377014	
0.030459	0.394853	0.918239	0.949777	-0.297676	0.096499	0.311441	0.869183	-0.384089	68.167702	-50.156601	676.377014	
0.197641	0.651071	0.732833	0.851174	-0.484807	0.201160	0.486251	0.584011	-0.649993	32.947731	-83.808182	716.834961	
0.253683	0.689153	0.678759	0.831946	-0.513433	0.210360	0.493467	0.511327	-0.703588	15.684866	-97.140182	719.217773	
0.325950	0.747792	0.578414	0.794113	-0.548550	0.261681	0.512972	0.374032	-0.772632	6.006044	-104.059052	735.023376	
0.372608	0.756855	0.536967	0.758704	-0.581645	0.293355	0.534351	0.298093	-0.790955	-2.732136	-112.378265	744.418030	
0.484935	0.768748	0.416970	0.677648	-0.631689	0.376513	0.552839	0.099975	-0.827269	-12.915076	-127.187569	756.502441	
0.583952	0.774997	0.241617	0.712126	-0.631931	0.305842	0.389712	-0.006534	-0.920914	-22.913134	-141.851883	762.956726	
0.674210	0.738128	0.024645	0.696811	-0.646821	0.309962	0.244733	-0.191806	-0.950430	-31.531784	-147.433929	776.412109	
0.692548	0.720929	-0.025265	0.687617	-0.649150	0.325250	0.218081	-0.242624	-0.945291	-40.079464	-161.250244	789.207092	
0.753133	0.646024	-0.124272	0.622571	-0.638849	0.451971	0.212593	-0.417761	-0.883334	-48.771240	-175.150574	796.328857	
0.780625	0.605203	-0.156058	0.582353	-0.613669	0.533175	0.226912	-0.507090	-0.831487	-56.857094	-182.083069	816.694946	
0.811492	0.558541	-0.171792	0.536978	-0.596775	0.596251	0.230510	-0.576101	-0.784202	-71.104309	-195.115433	830.105469	
0.840188	0.502939	-0.202820	0.495580	-0.560234	0.663731	0.220190	-0.658172	-0.719948	-84.081436	-206.884903	836.619446	
0.863813	0.445502	-0.235277	0.466723	-0.531742	0.706697	0.189729	-0.720263	-0.667251	-95.545395	-217.565567	847.761353	
0.878437	0.396858	-0.266181	0.455643	-0.527758	0.716841	0.144005	-0.750983	-0.644427	-105.500084	-223.491653	868.150208	
0.894978	0.290514	-0.338549	0.445315	-0.536522	0.716826	0.026609	-0.792305	-0.609545	-115.428322	-233.743225	905.433289	
0.888636	0.188975	-0.417868	0.449675	-0.538040	0.712956	-0.090098	-0.821463	-0.563099	-117.805969	-238.743011	912.192383	
0.858347	0.172419	-0.483230	0.497814	-0.507832	0.703057	-0.124179	-0.844025	-0.521728	-120.024559	-238.620224	904.767517	
0.821228	0.190661	-0.537804	0.551401	-0.507610	0.662035	-0.146769	-0.840227	-0.521994	-123.684959	-235.146866	902.451355	
0.785431	0.027067	-0.618357	0.570666	-0.418506	0.706536	-0.239662	-0.907811	-0.344154	-115.802002	-246.240997	928.081970	
0.785431	0.027067	-0.618357	0.570666	-0.418506	0.706536	-0.239662	-0.907811	-0.344154	-115.802002	-246.240997	928.081970	
0.785431	0.027067	-0.618357	0.570666	-0.418506	0.706536	-0.239662	-0.907811	-0.344154	-115.802002	-246.240997	928.081970	
0.785431	0.027067	-0.618357	0.570666	-0.418506	0.706536	-0.239662	-0.907811	-0.344154	-115.802002	-246.240997	928.081970	
0.785431	0.027067	-0.618357	0.570666	-0.418506	0.706536	-0.239662	-0.907811	-0.344154	-115.802002	-246.240997	928.081970	
0.785431	0.027067	-0.618357	0.570666	-0.418506	0.706536	-0.239662	-0.907811	-0.344154	-115.802002	-246.240997	928.081970	
0.473299	-0.203636	-0.857041	0.742724	-0.430879	0.512546	-0.473654	-0.879133	-0.052688	-77.305031	-240.949799	940.873474	
0.417922	-0.254128	-0.872216	0.704827	-0.515059	0.487785	-0.573202	-0.818617	-0.036138	-74.011902	-246.143997	978.838989	
0.417922	-0.254128	-0.872216	0.704827	-0.515059	0.487785	-0.573202	-0.818617	-0.036138	-74.011902	-246.143997	978.838989	
0.417922	-0.254128	-0.872216	0.704827	-0.515059	0.487785	-0.573202	-0.818617	-0.036138	-74.011902	-246.143997	978.838989	
0.417922	-0.254128	-0.872216	0.704827	-0.515059	0.487785	-0.573202	-0.818617	-0.036138	-74.011902	-246.143997	978.838989	
0.178118	-0.185390	-0.966387	0.775867	-0.577592	0.253807	-0.605231	-0.794996	0.040958	-30.058514	-213.543045	982.874451	
0.118970	-0.144990	-0.982255	0.772177	-0.608386	0.183329	-0.624170	-0.780285	0.039578	-20.416796	-203.326523	980.571594	
0.088719	-0.121577	-0.988609	0.779352	-0.609600	0.144907	-0.620274	-0.783330	0.040667	-10.824884	-193.669342	986.920471	
0.084978	-0.092288	-0.992100	0.608871	-0.783355	0.125022	-0.788704	-0.614685	-0.010377	6.822438	-198.463867	1055.483643	
0.060342	-0.004807	-0.998166	0.558565	-0.828601	0.037756	-0.827263	-0.559819	-0.047315	17.436083	-185.113159	1058.007690	
0.019887	0.073458	-0.997100	0.544853	-0.836992	-0.050796	-0.838296	-0.542263	-0.056670	28.246609	-171.231430	1056.260498	
-0.025843	0.139531	-0.989880	0.639835	-0.758505	-0.123621	-0.768078	-0.636555	-0.069675	44.483299	-149.996002	1024.770020	
-0.025843	0.139531	-0.989880	0.639835	-0.758505	-0.123621	-0.768078	-0.636555	-0.069675	44.483299	-149.996002	1024.770020	
-0.025843	0.139531	-0.989880	0.639835	-0.758505	-0.123621	-0.768078	-0.636555	-0.069675	44.483299	-149.996002	1024.770020	
-0.025843	0.139531	-0.989880	0.639835	-0.758505	-0.123621	-0.768078	-0.636555	-0.069675	44.483299	-149.996002	1024.770020	
0.113206	0.317532	-0.941466	0.580089	-0.790413	-0.196833	-0.806648	-0.523852	-0.273676	88.739487	-103.663406	1003.974182	
0.135616	0.359776	-0.923131	0.589598	-0.778102	-0.216636	-0.796231	-0.514896	-0.317646	100.616913	-96.345520	1006.621460	
0.355266	0.344081	-0.869135	0.558166	-0.823918	-0.098024	-0.749824	-0.450297	-0.484765	107.944412	-80.393066	993.465515	
0.507016	0.317607	-0.801288	0.554703	-0.831776	0.021298	-0.659727	-0.455275	-0.597901	108.927872	-65.928345	966.932556	
0.327403	0.399327	-0.856356	0.407365	-0.877407	-0.253399	-0.852561	-0.265886	-0.449937	119.526001	-52.363899	1012.830017	
0.327403	0.399327	-0.856356	0.407365	-0.877407	-0.253399	-0.852561	-0.265886	-0.449937	119.526001	-52.363899	1012.830017	
0.327403	0.399327	-0.856356	0.407365	-0.877407	-0.253399	-0.852561	-0.265886	-0.449937	119.526001	-52.363899	1012.830017	
0.327403	0.399327	-0.856356	0.407365	-0.877407	-0.253399	-0.852561	-0.265886	-0.449937	119.526001	-52.363899	1012.830017	
0.664588	0.296270	-0.685964	0.226776	-0.954707	-0.192632	-0.711966	-0.027539	-0.701674	123.177704	-2.953632	993.682983	
0.767322	0.273920	-0.579814	0.175861	-0.959399	-0.220515	-0.616676	0.067240	-0.784340	119.922935	2.562082	994.071777	
0.852996	0.189188	-0.486421	0.128099	-0.979371	-0.156279	-0.505952	0.070995	-0.859635	116.914139	8.721886	998.134766	
0.939693	0.149665	-0.307534	0.131007	-0.988102	-0.080571	-0.315933	0.035423	-0.948120	108.367950	20.913509	990.066467	
0.974269	0.098684	-0.202634	0.100995	-0.994886	0.001070	-0.201492	-0.021508	-0.979254	96.508209	25.413731	973.858521	
0.989808	-0.001385	-0.142403	0.002085	-0.999704	0.024211	-0.142394	-0.024262	-0.989513	90.072960	31.039944	969.511780	
0.994342	-0.043259	-0.097018	-0.042509	-0.999048	0.009773	-0.097349	-0.005594	-0.995235	74.359581	39.870533	952.228699	
0.992358	-0.092379	-0.081804	-0.091586	-0.995707	0.013394	-0.082690	-0.005800	-0.996558	66.724129	46.408638	946.830994	
0.981419	-0.186154	-0.046517	-0.187954	-0.981448	-0.037854	-0.038608	0.045894	-0.998200	52.212097	49.429604	943.670715	
0.959087	-0.281821	-0.026996	-0.282422	-0.945745	-0.160636	0.019739	0.161688	-0.986644	36.112541	54.550789	915.055481	
0.918264	-0.376610	0.122295	-0.337553	-0.905984	-0.255441	0.206999	0.193281	-0.959059	16.821548	56.310894	924.604797	
0.885438	-0.463497	-0.034207	-0.439674	-0.811526	-0.384851	0.150618	0.355801	-0.922344	5.004366	54.622337	917.149719	
0.809362	-0.581657	0.081292	-0.507328	-0.762144	-0.402188	0.295892	0.284273	-0.911941	-15.408112	54.228596	912.950806	
0.667746	-0.696043	0.263890	-0.510164	-0.686073	-0.518688	0.542078	0.211724	-0.813218	-38.940399	53.557140	925.709412	
0.563577	-0.749078	-0.348227	-0.399108	-0.615998	0.679160	-0.723252	-0.243779	-0.646126	-53.261700	53.792000	879.119019	
0.563577	-0.749078	-0.348227	-0.399108	-0.615998	0.679160	-0.723252	-0.243779	-0.646126	-53.261700	53.792000	879.119019	
0.563577	-0.749078	-0.348227	-0.399108	-0.615998	0.679160	-0.723252	-0.243779	-0.646126	-53.261700	53.792000	879.119019	
0.563577	-0.749078	-0.348227	-0.399108	-0.615998	0.679160	-0.723252	-0.243779	-0.646126	-53.261700	53.792000	879.119019	
0.254338	-0.944870	-0.206237	-0.361847	-0.290733	0.885743	-0.896872	-0.150651	-0.415843	-104.854637	35.144943	822.932617	
0.121094	-0.974467	-0.189079	-0.314701	-0.218342	0.923736	-0.941435	-0.052355	-0.333106	-121.569099	31.190527	812.226929	
-0.037100	-0.982466	-0.182718	-0.245230	-0.168301	0.954744	-0.968755	0.080229	-0.234686	-135.892517	26.019949	803.123718	
-0.308636	-0.934874	-0.175373	-0.150415	-0.134085	0.979487	-0.939212	0.328684	-0.099236	-142.320236	20.269588	757.331970	
-0.349971	-0.925976	-0.141739	-0.105074	-0.111549	0.988188	-0.930849	0.360731	-0.058257	-150.466034	15.028761	755.152283	
-0.282886	-0.950798	-0.126328	0.081669	-0.155107	0.984516	-0.955670	0.268188	0.121528	-162.287003	8.168630	771.653992	
-0.282886	-0.950798	-0.126328	0.081669	-0.155107	0.984516	-0.955670	0.268188	0.121528	-162.287003	8.168630	771.653992	
-0.282886	-0.950798	-0.126328	0.081669	-0.155107	0.984516	-0.955670	0.268188	0.121528	-162.287003	8.168630	771.653992	
-0.549269	-0.831869	-0.079358	0.290739	-0.279271	0.915138	-0.783437	0.479585	0.395251	-169.872330	-26.422775	720.385498	
-0.654895	-0.753241	-0.061149	0.301725	-0.334798	0.892676	-0.692874	0.566159	0.446529	-169.635010	-34.138622	714.872925	
-0.703533	-0.708445	-0.056092	0.317134	-0.383608	0.867335	-0.635977	0.592410	0.494553	-168.130569	-41.043442	709.286499	
-0.789755	-0.612252	-0.037853	0.341458	-0.490039	0.802039	-0.509600	0.620490	0.596069	-166.427231	-48.371643	700.645020	
-0.857197	-0.514882	-0.010495	0.325707	-0.557810	0.763388	-0.398909	0.650956	0.645854	-159.919296	-62.828659	685.272034	
-0.920830	-0.389137	-0.025402	0.252947	-0.645596	0.720571	-0.296801	0.657098	0.692915	-160.873993	-73.622200	691.382019	
-0.920830	-0.389137	-0.025402	0.252947	-0.645596	0.720571	-0.296801	0.657098	0.692915	-160.873993	-73.622200	691.382019	
-0.920830	-0.389137	-0.025402	0.252947	-0.645596	0.720571	-0.296801	0.657098	0.692915	-160.873993	-73.622200	691.382019	
-0.991847	-0.127230	-0.007284	0.112577	-0.901532	0.417812	-0.059725	0.413584	0.908505	-131.613892	-112.578049	673.478149	
-0.985082	-0.005547	0.172000	0.068921	-0.928541	0.364775	0.157686	0.371187	0.915071	-116.831169	-118.083389	663.577637	
-0.979134	0.118007	0.165447	-0.066676	-0.955608	0.286998	0.191970	0.269978	0.943536	-110.902214	-127.140167	671.115906	
-0.965839	0.217546	0.140821	-0.210076	-0.975449	0.066084	0.151740	0.034243	0.987827	-94.887184	-139.726685	669.648499	
-0.932555	0.277569	0.230865	-0.263550	-0.960425	0.090137	0.246748	0.023212	0.968802	-83.525040	-142.917969	641.921448	
-0.851712	0.393962	0.345516	-0.364078	-0.919124	0.150529	0.376875	0.002412	0.926261	-72.900787	-146.999542	621.378662	
-0.884576	0.454737	0.103638	-0.465036	-0.876910	-0.121533	0.035616	-0.155700	0.987162	-64.603073	-158.506805	614.602600	
-0.854734	0.514680	0.067349	-0.507176	-0.800479	-0.319383	-0.110469	-0.307145	0.945230	-55.077663	-162.283447	605.954712	
-0.775713	0.611811	0.154782	-0.611902	-0.669141	-0.421694	-0.154426	-0.421825	0.893430	-36.478931	-168.054382	591.188538	
-0.667828	0.701431	0.249001	-0.723605	-0.533469	-0.437957	-0.174362	-0.472658	0.863824	-26.909134	-170.870621	585.036621	
-0.538448	0.713246	0.448726	-0.830164	-0.357630	-0.427703	-0.144579	-0.602811	0.784676	-11.504752	-165.379593	540.663513	
-0.440398	0.897433	0.025748	-0.734265	-0.343527	-0.585530	-0.516628	-0.276772	0.810242	13.996800	-187.080002	583.338013	
-0.440398	0.897433	0.025748	-0.734265	-0.343527	-0.585530	-0.516628	-0.276772	0.810242	13.996800	-187.080002	583.338013	
-0.440398	0.897433	0.025748	-0.734265	-0.343527	-0.585530	-0.516628	-0.276772	0.810242	13.996800	-187.080002	583.338013	
-0.440398	0.897433	0.025748	-0.734265	-0.343527	-0.585530	-0.516628	-0.276772	0.810242	13.996800	-187.080002	583.338013	
-0.440398	0.897433	0.025748	-0.734265	-0.343527	-0.585530	-0.516628	-0.276772	0.810242	13.996800	-187.080002	583.338013	
0.184407	0.982331	-0.031931	-0.411162	0.047595	-0.910319	-0.892715	0.180999	0.412674	64.259247	-194.994858	564.900635	
0.261037	0.964385	-0.042686	-0.325507	0.046305	-0.944405	-0.908793	0.260419	0.326001	69.499931	-194.295212	562.645691	
0.249511	0.968329	0.009080	-0.100799	0.035297	-0.994280	-0.963112	0.247169	0.106414	75.330269	-197.236542	571.487183	
0.231063	0.972192	0.038127	-0.067616	0.055138	-0.996186	-0.970587	0.227604	0.078475	82.662987	-197.183990	585.206543	
0.324701	0.945665	0.016938	-0.021139	0.025159	-0.999459	-0.945581	0.324168	0.028159	87.651474	-201.261017	606.566345	
0.552220	0.831150	-0.065134	0.052187	-0.112435	-0.992288	-0.832063	0.544562	-0.105464	80.893898	-178.850998	563.052002	
0.552220	0.831150	-0.065134	0.052187	-0.112435	-0.992288	-0.832063	0.544562	-0.105464	80.893898	-178.850998	563.052002	
0.552220	0.831150	-0.065134	0.052187	-0.112435	-0.992288	-0.832063	0.544562	-0.105464	80.893898	-178.850998	563.052002	
0.552220	0.831150	-0.065134	0.052187	-0.112435	-0.992288	-0.832063	0.544562	-0.105464	80.893898	-178.850998	563.052002	
0.552220	0.831150	-0.065134	0.052187	-0.112435	-0.992288	-0.832063	0.544562	-0.105464	80.893898	-178.850998	563.052002	
0.552220	0.831150	-0.065134	0.052187	-0.112435	-0.992288	-0.832063	0.544562	-0.105464	80.893898	-178.850998	563.052002	
0.552220	0.831150	-0.065134	0.052187	-0.112435	-0.992288	-0.832063	0.544562	-0.105464	80.893898	-178.850998	563.052002	
0.926042	0.335987	-0.171923	0.148291	-0.742798	-0.652886	-0.347066	0.579106	-0.737687	44.233593	-133.569748	581.709106	
0.945616	0.276702	-0.171013	0.131308	-0.805708	-0.577575	-0.297603	0.523709	-0.798224	29.515671	-128.599365	595.915161	
0.959704	0.208276	-0.188647	0.099116	-0.879060	-0.466292	-0.262950	0.428805	-0.864282	20.838089	-121.282288	602.234985	
0.978730	0.079722	-0.189024	-0.011374	-0.898899	-0.438008	-0.204833	0.430841	-0.878874	2.864322	-114.504448	605.742126	
0.981673	0.011031	-0.190249	-0.087823	-0.859807	-0.503010	-0.169127	0.510500	-0.843081	-14.665806	-99.880386	589.399780	
0.987571	-0.104665	-0.117246	-0.148498	-0.865730	-0.477975	-0.051477	0.489445	-0.870513	-33.341125	-91.634964	585.887207	
0.960450	-0.247366	-0.127849	-0.277763	-0.883396	-0.377437	-0.019577	0.398021	-0.917167	-46.230072	-80.277512	612.202271	
0.918866	-0.386046	-0.081555	-0.384711	-0.922477	0.032132	-0.087637	0.001849	-0.996151	-58.375481	-71.526932	651.329773	
0.893731	-0.434710	-0.110776	-0.433703	-0.900402	0.034303	-0.114655	0.017386	-0.993253	-78.362473	-56.407494	658.267151	
0.836080	-0.524985	-0.159248	-0.521691	-0.850634	0.065269	-0.169728	0.028508	-0.985078	-99.462181	-49.412025	669.138184	
0.729716	-0.604569	-0.319390	-0.602925	-0.789253	0.116450	-0.322482	0.107593	-0.940441	-118.939926	-43.251923	681.647949	
0.598781	-0.634324	-0.488972	-0.569813	-0.766428	0.296480	-0.562827	0.101096	-0.820369	-138.176544	-36.535622	694.686462	
0.520535	-0.654899	-0.547859	-0.537365	-0.749903	0.385853	-0.663537	0.093550	-0.742272	-147.705460	-24.241587	701.362915	
0.404792	-0.697745	-0.591012	-0.520580	-0.707213	0.478378	-0.751757	0.114025	-0.649507	-156.041199	-9.396954	709.034668	
0.285849	-0.736398	-0.613195	-0.547931	-0.650571	0.525859	-0.786169	0.185672	-0.589461	-161.270584	-3.185721	712.483154	
0.090323	-0.715460	-0.692791	-0.208945	-0.693765	0.689225	-0.973747	0.082502	-0.212155	-176.565887	-2.274981	734.474243	
0.160588	-0.696934	-0.698924	-0.140263	-0.717041	0.682772	-0.977004	-0.011613	-0.212903	-190.921356	4.305790	753.623352	
0.227628	-0.671073	-0.705583	-0.083536	-0.735391	0.672474	-0.970158	-0.094132	-0.223455	-198.729767	14.435414	766.261230	
0.345099	-0.607064	-0.715806	0.029704	-0.755213	0.654805	-0.938096	-0.247235	-0.242592	-205.583511	18.681103	766.919312	
0.338504	-0.572931	-0.746435	0.025490	-0.787391	0.615926	-0.940620	-0.227519	-0.251931	-207.274124	26.895769	780.551086	
0.340327	-0.554036	-0.759751	0.019728	-0.803597	0.594846	-0.940100	-0.217430	-0.262556	-209.570923	34.223083	785.715576	
0.321700	-0.538627	-0.778711	0.022095	-0.817935	0.574885	-0.946584	-0.202146	-0.251229	-210.396545	36.776314	798.860718	
0.252469	-0.491194	-0.833659	0.062405	-0.851510	0.520610	-0.965591	-0.183462	-0.184328	-211.847153	38.634415	815.138245	
0.221248	-0.453206	-0.863512	0.067511	-0.876214	0.477170	-0.972879	-0.163869	-0.163265	-209.660995	40.133659	837.187744	
0.208227	-0.417863	-0.884325	0.060587	-0.896896	0.438069	-0.976203	-0.144796	-0.161441	-205.128876	41.474209	845.748657	
-0.304941	-0.404095	-0.862391	-0.287989	-0.824001	0.487939	-0.907785	0.397151	0.134897	-181.865997	43.062599	820.690002	
-0.304941	-0.404095	-0.862391	-0.287989	-0.824001	0.487939	-0.907785	0.397151	0.134897	-181.865997	43.062599	820.690002	
-0.304941	-0.404095	-0.862391	-0.287989	-0.824001	0.487939	-0.907785	0.397151	0.134897	-181.865997	43.062599	820.690002	
-0.304941	-0.404095	-0.862391	-0.287989	-0.824001	0.487939	-0.907785	0.397151	0.134897	-181.865997	43.062599	820.690002	
-0.301376	-0.181565	-0.936059	-0.274651	-0.923565	0.267569	-0.913093	0.337729	0.228474	-145.058273	36.162926	875.767761	
-0.248666	-0.121742	-0.960908	-0.380150	-0.900200	0.212427	-0.890871	0.418113	0.177570	-135.749634	29.916927	885.628479	
-0.236744	-0.089575	-0.967434	-0.309511	-0.936909	0.162490	-0.920954	0.337900	0.194083	-120.411163	22.686743	906.296326	
-0.236282	-0.066818	-0.969384	-0.246823	-0.960783	0.126387	-0.939814	0.269130	0.210523	-104.863304	15.436794	941.947021	
-0.192303	-0.037687	-0.980611	-0.188284	-0.979280	0.074560	-0.963104	0.198972	0.181223	-84.605446	13.177719	946.468262	
-0.191835	0.010896	-0.981367	-0.276890	-0.959918	0.043468	-0.941558	0.280070	0.187163	-67.391586	4.541685	969.031494	
-0.041437	0.000457	-0.999141	-0.567724	-0.822892	0.023169	-0.822176	0.568197	0.034358	-44.972652	-7.025246	973.015015	
-0.026570	0.007517	-0.999618	-0.521014	-0.853515	0.007431	-0.853135	0.521013	0.026594	-31.887257	-12.749596	980.667969	
0.084030	-0.014427	-0.996359	-0.217697	-0.976007	-0.004227	-0.972392	0.217259	-0.085155	-21.166500	-16.744600	960.642029	
0.084030	-0.014427	-0.996359	-0.217697	-0.976007	-0.004227	-0.972392	0.217259	-0.085155	-21.166500	-16.744600	960.642029	
0.084030	-0.014427	-0.996359	-0.217697	-0.976007	-0.004227	-0.972392	0.217259	-0.085155	-21.166500	-16.744600	960.642029	
0.311116	-0.187788	-0.931635	-0.245414	-0.962911	0.112137	-0.918139	0.193749	-0.345662	27.777590	-38.480881	1012.638062	
0.241039	-0.202159	-0.949227	-0.262856	-0.955107	0.136664	-0.934241	0.216569	-0.283357	38.018417	-53.025002	1024.887817	
0.052054	-0.207527	-0.976843	-0.280969	-0.941700	0.185089	-0.958304	0.264828	-0.107328	55.579670	-66.014236	1008.401489	
0.028567	-0.258940	-0.965471	-0.027491	-0.965703	0.258189	-0.999214	0.019166	-0.034705	70.705978	-75.589485	1029.783325	
0.008776	-0.339291	-0.940640	0.113700	-0.934238	0.338043	-0.993476	-0.109917	0.030379	82.708527	-90.755539	1015.945068	
-0.005318	-0.438591	-0.898671	0.193153	-0.882210	0.429415	-0.981154	-0.171297	0.089407	93.377213	-99.111229	1021.646179	
0.095730	-0.505492	-0.857504	0.343162	-0.791890	0.505123	-0.934385	-0.342619	0.097658	100.258583	-112.796745	1036.389282	
0.179567	-0.568354	-0.802950	0.418724	-0.694430	0.585181	-0.890183	-0.441294	0.113287	102.706108	-118.008942	1025.904053	
0.173871	-0.646098	-0.743187	0.366767	-0.657901	0.657760	-0.913921	-0.386942	0.122578	106.053864	-125.254593	1030.139038	
0.183352	-0.690704	-0.699507	0.352964	-0.617866	0.702608	-0.917496	-0.375725	0.130507	107.744431	-139.764862	1036.447632	
0.281632	-0.724768	-0.628804	0.401535	-0.506168	0.763258	-0.871466	-0.467446	0.148467	107.886948	-152.960266	1036.877686	
0.311441	-0.768610	-0.558788	0.379963	-0.438256	0.814592	-0.870995	-0.466016	0.155553	106.471519	-159.519760	1037.693848	
0.286292	-0.801576	-0.524894	0.364636	-0.415453	0.833330	-0.886046	-0.429971	0.173343	104.465645	-170.587463	1036.163452	
0.330764	-0.808722	-0.486378	0.369650	-0.363178	0.855255	-0.868305	-0.462677	0.178818	96.656418	-185.863251	1051.780518	
0.286378	-0.880602	-0.377530	0.292174	-0.295001	0.909730	-0.912481	-0.370831	0.172807	91.776764	-194.391586	1068.290283	
0.329860	-0.873737	-0.357457	0.305669	-0.259399	0.916122	-0.893173	-0.411456	0.181509	81.021599	-197.502090	1065.206665	
0.446902	-0.825662	-0.344327	0.343801	-0.196824	0.918184	-0.825881	-0.528718	0.195902	68.098846	-199.738617	1058.695679	
0.488011	-0.812830	-0.318043	0.348511	-0.152613	0.924797	-0.800241	-0.562153	0.208804	61.377693	-200.854553	1054.419189	
0.603483	-0.739776	-0.297555	0.370301	-0.070475	0.926235	-0.706177	-0.669152	0.231410	55.137421	-209.348267	1064.991089	
0.721079	-0.617380	-0.314461	0.400430	0.000961	0.916327	-0.565420	-0.786664	0.247911	45.472240	-210.175217	1053.002441	
-0.898587	-0.438376	0.019176	0.237317	-0.448768	0.861562	-0.369082	0.778739	0.507291	31.439800	-211.350998	1017.929993	
-0.898587	-0.438376	0.019176	0.237317	-0.448768	0.861562	-0.369082	0.778739	0.507291	31.439800	-211.350998	1017.929993	
-0.898587	-0.438376	0.019176	0.237317	-0.448768	0.861562	-0.369082	0.778739	0.507291	31.439800	-211.350998	1017.929993	
-0.964269	-0.187765	0.186893	0.264897	-0.673294	0.690293	-0.003779	0.715136	0.698975	-17.741133	-213.606796	990.001160	
-0.964283	-0.129930	0.230815	0.252617	-0.713134	0.653929	0.079637	0.688882	0.720486	-26.798998	-210.472595	973.109680	
-0.944183	-0.065471	0.322849	0.250459	-0.779286	0.574442	0.213982	0.623239	0.752186	-47.513802	-214.682999	994.314026	
-0.944183	-0.065471	0.322849	0.250459	-0.779286	0.574442	0.213982	0.623239	0.752186	-47.513802	-214.682999	994.314026	
-0.944183	-0.065471	0.322849	0.250459	-0.779286	0.574442	0.213982	0.623239	0.752186	-47.513802	-214.682999	994.314026	
-0.944183	-0.065471	0.322849	0.250459	-0.779286	0.574442	0.213982	0.623239	0.752186	-47.513802	-214.682999	994.314026	
-0.767477	0.331385	0.548784	-0.298923	-0.942264	0.150943	0.567119	-0.048199	0.822224	-94.452629	-201.907883	964.566589	
-0.714346	0.371212	0.593222	-0.426161	-0.903153	0.051977	0.555065	-0.215679	0.803359	-102.922310	-199.178589	952.037598	
-0.662899	0.422797	0.617907	-0.505376	-0.861598	0.047365	0.552413	-0.280877	0.784824	-112.784134	-197.106064	956.102722	
-0.493096	0.439607	0.750735	-0.689309	-0.723893	-0.028862	0.530764	-0.531720	0.659973	-125.282036	-185.302582	940.837891	
-0.410496	0.460072	0.787291	-0.796510	-0.601233	-0.063958	0.443921	-0.653340	0.613255	-132.343842	-176.217651	941.126892	
-0.315130	0.470383	0.824278	-0.906521	-0.406272	-0.114730	0.280914	-0.783380	0.554440	-137.856430	-166.353470	933.767273	
-0.265847	0.440985	0.857239	-0.958794	-0.213377	-0.187575	0.100197	-0.871782	0.479539	-142.965775	-151.310669	910.112061	
-0.197330	0.364976	0.909865	-0.979178	-0.028250	-0.201031	-0.047667	-0.930588	0.362951	-144.877213	-138.689911	904.995911	
-0.125121	0.289035	0.949107	-0.988663	0.043713	-0.143647	-0.083007	-0.956320	0.280288	-154.640106	-128.143509	940.559143	
-0.049364	0.179448	0.982528	-0.928754	0.353612	-0.111245	-0.367396	-0.918018	0.149208	-146.973007	-109.889000	877.226990	
-0.049364	0.179448	0.982528	-0.928754	0.353612	-0.111245	-0.367396	-0.918018	0.149208	-146.973007	-109.889000	877.226990	
-0.049364	0.179448	0.982528	-0.928754	0.353612	-0.111245	-0.367396	-0.918018	0.149208	-146.973007	-109.889000	877.226990	
-0.049364	0.179448	0.982528	-0.928754	0.353612	-0.111245	-0.367396	-0.918018	0.149208	-146.973007	-109.889000	877.226990	
0.000440	-0.096126	0.995369	-0.543421	0.835550	0.080932	-0.839460	-0.540940	-0.051869	-127.850143	-71.808670	817.523743	
-0.000482	-0.202791	0.979222	-0.417926	0.889646	0.184034	-0.908480	-0.409153	-0.085180	-116.772346	-63.593529	796.198425	
-0.012896	-0.253794	0.967172	-0.326543	0.915290	0.235825	-0.945094	-0.312782	-0.094678	-110.760490	-55.334885	792.240173	
-0.056947	-0.361398	0.930671	-0.227201	0.912416	0.340407	-0.972181	-0.192063	-0.134070	-104.560944	-41.031029	790.747314	
-0.081403	-0.413277	0.906960	-0.140618	0.905639	0.400055	-0.986711	-0.094969	-0.131836	-96.888039	-26.652006	777.515625	
-0.111212	-0.454951	0.883545	-0.070217	0.890435	0.449661	-0.991313	-0.012032	-0.130973	-81.313087	-11.990866	765.543640	
-0.200154	-0.505004	0.839589	0.074113	0.846670	0.526932	-0.976957	0.167693	-0.132037	-74.942467	-5.909714	785.774780	
-0.288806	-0.540877	0.789964	0.226487	0.763105	0.605289	-0.930212	0.353728	-0.097888	-64.720688	1.142054	772.973938	
-0.425588	-0.508596	0.748468	0.491416	0.564630	0.663101	-0.759858	0.650017	0.009632	-51.314308	8.391663	708.910400	
-0.441973	-0.545335	0.712229	0.516831	0.494147	0.699074	-0.733175	0.677074	0.063446	-33.702099	20.680500	726.643005	
-0.441973	-0.545335	0.712229	0.516831	0.494147	0.699074	-0.733175	0.677074	0.063446	-33.702099	20.680500	726.643005	
-0.441973	-0.545335	0.712229	0.516831	0.494147	0.699074	-0.733175	0.677074	0.063446	-33.702099	20.680500	726.643005	
-0.441973	-0.545335	0.712229	0.516831	0.494147	0.699074	-0.733175	0.677074	0.063446	-33.702099	20.680500	726.643005	
-0.741555	-0.529189	0.412377	0.567520	-0.166992	0.806247	-0.357794	0.831909	0.424158	7.593720	47.878555	686.610779	
-0.820302	-0.449912	0.353105	0.519478	-0.327837	0.789091	-0.239262	0.830724	0.502644	16.920666	50.856350	669.138428	
-0.893260	-0.360190	0.268978	0.427247	-0.494140	0.757156	-0.139808	0.791257	0.595286	34.247131	53.597397	649.295349	
-0.943268	-0.303857	0.133851	0.302158	-0.618446	0.725413	-0.137643	0.724703	0.675173	50.332214	55.615242	633.971069	
-0.977334	-0.193985	0.084783	0.200377	-0.718385	0.666162	-0.068319	0.668051	0.740971	57.199310	57.065781	626.210999	
-0.987748	-0.146401	0.054041	0.147932	-0.768111	0.622995	-0.049698	0.623356	0.780357	70.737335	58.605789	627.469910	
-0.995556	-0.093306	0.012713	0.082947	-0.804994	0.587456	-0.044580	0.585900	0.809156	81.766258	58.813972	621.015259	
-0.998351	0.018655	0.054299	0.015536	-0.822690	0.568277	0.055272	0.568183	0.821043	88.553894	55.963329	601.237427	
-0.997524	0.067281	-0.020478	-0.068465	-0.862436	0.501515	0.016081	0.501674	0.864907	94.017609	55.858749	602.358337	
-0.980294	0.160135	-0.115678	-0.195217	-0.874933	0.443150	-0.030247	0.456999	0.888953	97.730423	53.192764	598.432922	
-0.950757	0.250286	-0.182806	-0.303868	-0.868888	0.390766	-0.061035	0.427072	0.902155	99.725723	51.177338	598.470825	
-0.907347	0.292921	-0.301529	-0.380044	-0.878159	0.290523	-0.179691	0.378198	0.908117	100.720505	45.410564	595.444763	
-0.852831	0.329383	-0.405199	-0.447013	-0.861606	0.240445	-0.269924	0.386187	0.882043	98.860275	38.353947	585.351746	
-0.731772	0.346213	-0.587065	-0.506366	-0.852720	0.128303	-0.456183	0.391158	0.799307	95.136124	29.314512	580.091003	
-0.675761	0.403840	-0.616652	-0.550563	-0.832779	0.057959	-0.490130	0.378672	0.785099	93.234238	20.340271	585.062317	
-0.540474	0.408070	-0.735776	-0.620086	-0.784265	0.020530	-0.568666	0.467341	0.676913	85.115265	15.007386	580.622986	
-0.428317	0.390075	-0.815099	-0.670047	-0.742312	-0.003147	-0.606286	0.544806	0.579313	75.370232	8.144714	579.520996	
-0.360447	0.368896	-0.856734	-0.636349	-0.768799	-0.063306	-0.682010	0.522364	0.511858	64.247948	1.322891	582.430298	
-0.304307	0.343165	-0.888614	-0.608674	-0.787624	-0.095724	-0.732744	0.511747	0.448555	50.341061	-6.358686	583.297668	
-0.239699	0.318371	-0.917161	-0.635634	-0.765536	-0.099616	-0.733835	0.559101	0.385866	34.742477	-19.891609	580.937622	
-0.138752	0.217680	-0.966107	-0.614106	-0.784244	-0.088506	-0.776931	0.581012	0.242494	25.834465	-26.628551	571.431824	
-0.118853	0.116009	-0.986112	-0.613462	-0.789496	-0.018939	-0.780729	0.602691	0.165000	8.834832	-34.944637	571.527710	
-0.083883	0.005468	-0.996461	-0.560825	-0.826833	0.042674	-0.823674	0.562420	0.072423	0.250841	-44.101086	576.975281	
0.027958	-0.080688	-0.996347	-0.622821	-0.781024	0.045774	-0.781865	0.619266	-0.072091	-19.559986	-54.941727	554.392700	
0.026683	-0.177785	-0.983708	-0.619040	-0.775606	0.123384	-0.784906	0.605663	-0.130752	-38.902660	-63.940662	568.006470	
0.038683	-0.259793	-0.964889	-0.615378	-0.766971	0.181834	-0.787282	0.586738	-0.189541	-60.835693	-79.174400	605.885498	
0.067918	-0.405494	-0.911571	-0.669190	-0.696186	0.259826	-0.739981	0.592367	-0.318636	-82.707298	-97.794403	578.718994	
0.067918	-0.405494	-0.911571	-0.669190	-0.696186	0.259826	-0.739981	0.592367	-0.318636	-82.707298	-97.794403	578.718994	
0.067918	-0.405494	-0.911571	-0.669190	-0.696186	0.259826	-0.739981	0.592367	-0.318636	-82.707298	-97.794403	578.718994	
0.067918	-0.405494	-0.911571	-0.669190	-0.696186	0.259826	-0.739981	0.592367	-0.318636	-82.707298	-97.794403	578.718994	
-0.088358	-0.794701	-0.600536	-0.638436	-0.417591	0.646542	-0.764586	0.440531	-0.470467	-135.602646	-137.301529	609.488159	
-0.189415	-0.809158	-0.556224	-0.645509	-0.324243	0.691509	-0.739892	0.490030	-0.460901	-150.899994	-148.948334	607.320740	
-0.305571	-0.817285	-0.488541	-0.569274	-0.254470	0.781775	-0.763252	0.517001	-0.387499	-157.200760	-160.015137	603.255188	
-0.330628	-0.866918	-0.373013	-0.527022	-0.158274	0.834984	-0.782901	0.472654	-0.404553	-173.992203	-175.134476	624.222534	
-0.425584	-0.872500	-0.240045	-0.469628	-0.013794	0.882757	-0.773516	0.488419	-0.403879	-179.548935	-180.571762	629.304443	
-0.498250	-0.859001	-0.117745	-0.345261	0.071999	0.935741	-0.795325	0.506885	-0.332452	-188.688187	-188.701447	632.320862	
-0.525760	-0.849728	0.039220	-0.243970	0.194803	0.950016	-0.814895	0.489912	-0.309726	-197.670593	-195.301483	645.212952	
-0.564720	-0.806888	0.173269	-0.120715	0.288454	0.949854	-0.816406	0.515485	-0.260298	-203.681976	-198.686996	647.924622	
-0.619366	-0.722916	0.306232	0.039729	0.360695	0.931837	-0.784096	0.589314	-0.194680	-207.127151	-201.259567	660.213501	
-0.617239	-0.632234	0.468291	0.234255	0.420530	0.876515	-0.751093	0.650718	-0.111462	-207.921539	-208.545883	667.352295	
-0.625659	-0.530415	0.572024	0.349293	0.465182	0.813388	-0.697528	0.708707	-0.105773	-208.263107	-214.084152	685.769592	
-0.412385	-0.490990	0.767376	0.652047	0.429181	0.625010	-0.636217	0.758111	0.143162	-212.524170	-220.142365	705.967407	
-0.376568	-0.414592	0.828438	0.789496	0.324228	0.521125	-0.484657	0.850288	0.205226	-207.974930	-219.958130	707.900574	
-0.236103	-0.343474	0.909000	0.918716	0.225845	0.323964	-0.316566	0.911603	0.262233	-203.373810	-222.536682	720.942383	
-0.439923	-0.170948	0.881614	0.857946	0.210041	0.468841	-0.265323	0.962632	0.054262	-186.757004	-209.723999	712.164001	
-0.439923	-0.170948	0.881614	0.857946	0.210041	0.468841	-0.265323	0.962632	0.054262	-186.757004	-209.723999	712.164001	
-0.439923	-0.170948	0.881614	0.857946	0.210041	0.468841	-0.265323	0.962632	0.054262	-186.757004	-209.723999	712.164001	
-0.141681	-0.039296	0.989133	0.989580	0.020267	0.142550	-0.025649	0.999022	0.036015	-152.487137	-201.760254	755.411987	
-0.012420	-0.018752	0.999747	0.999120	-0.040306	0.011656	0.040077	0.999011	0.019236	-134.366928	-197.743637	758.998962	
0.134518	0.016622	0.990772	0.976210	-0.173812	-0.129625	0.170054	0.984639	-0.039608	-117.306000	-194.544998	781.635010	
0.134518	0.016622	0.990772	0.976210	-0.173812	-0.129625	0.170054	0.984639	-0.039608	-117.306000	-194.544998	781.635010	
0.134518	0.016622	0.990772	0.976210	-0.173812	-0.129625	0.170054	0.984639	-0.039608	-117.306000	-194.544998	781.635010	
0.493163	-0.034234	0.869264	0.770003	-0.447815	-0.454484	0.404828	0.893470	-0.194485	-76.609314	-166.119064	824.349915	
0.579120	-0.067276	0.812462	0.693227	-0.483813	-0.534192	0.429018	0.872582	-0.233548	-66.103203	-161.871002	850.088013	
0.579120	-0.067276	0.812462	0.693227	-0.483813	-0.534192	0.429018	0.872582	-0.233548	-66.103203	-161.871002	850.088013	
0.579120	-0.067276	0.812462	0.693227	-0.483813	-0.534192	0.429018	0.872582	-0.233548	-66.103203	-161.871002	850.088013	
0.787411	-0.260598	0.558634	0.306637	-0.620574	-0.721708	0.534749	0.739579	-0.408737	-6.306822	-130.809875	882.565796	
0.842827	-0.302257	0.445290	0.184764	-0.614600	-0.766897	0.505475	0.728634	-0.462154	3.587797	-115.547684	875.985474	
0.847727	-0.359826	0.389724	0.077599	-0.642694	-0.762184	0.524726	0.676365	-0.516906	13.363536	-109.316208	890.657349	
0.853029	-0.445935	0.271077	-0.072074	-0.615133	-0.785123	0.516862	0.650194	-0.556866	22.408272	-94.087967	898.297852	
0.878944	-0.460698	0.123347	-0.176902	-0.555108	-0.812750	0.442903	0.692540	-0.569406	29.141197	-79.099014	892.618042	
0.851398	-0.522858	0.041722	-0.277371	-0.516312	-0.810240	0.445182	0.678263	-0.584612	35.896317	-64.628922	905.254028	
0.821170	-0.569582	-0.035431	-0.356733	-0.463861	-0.810911	0.445445	0.678534	-0.584097	40.698254	-50.212830	907.727844	
0.772453	-0.626476	-0.104135	-0.448862	-0.422573	-0.787373	0.449265	0.654950	-0.607618	50.707836	-43.157887	920.684326	
0.720113	-0.658095	-0.219884	-0.552450	-0.352067	-0.755545	0.419806	0.665552	-0.617092	61.192101	-32.365101	971.106995	
0.720113	-0.658095	-0.219884	-0.552450	-0.352067	-0.755545	0.419806	0.665552	-0.617092	61.192101	-32.365101	971.106995	
0.720113	-0.658095	-0.219884	-0.552450	-0.352067	-0.755545	0.419806	0.665552	-0.617092	61.192101	-32.365101	971.106995	
0.720113	-0.658095	-0.219884	-0.552450	-0.352067	-0.755545	0.419806	0.665552	-0.617092	61.192101	-32.365101	971.106995	
0.575094	-0.672839	-0.465355	-0.724225	-0.154165	-0.672109	0.380480	0.723547	-0.575947	64.083069	19.826160	954.526062	
0.474737	-0.693512	-0.541909	-0.813891	-0.111586	-0.570202	0.334972	0.711751	-0.617417	64.235161	25.179714	984.085205	
0.327445	-0.755660	-0.567237	-0.901063	-0.069056	-0.428155	0.284368	0.651314	-0.703509	65.152000	36.354141	1017.844849	
0.387247	-0.611813	-0.689728	-0.861248	0.026967	-0.507468	0.329076	0.790542	-0.516480	54.145100	49.715801	1025.290039	
0.387247	-0.611813	-0.689728	-0.861248	0.026967	-0.507468	0.329076	0.790542	-0.516480	54.145100	49.715801	1025.290039	
0.387247	-0.611813	-0.689728	-0.861248	0.026967	-0.507468	0.329076	0.790542	-0.516480	54.145100	49.715801	1025.290039	
0.387247	-0.611813	-0.689728	-0.861248	0.026967	-0.507468	0.329076	0.790542	-0.516480	54.145100	49.715801	1025.290039	
0.197539	-0.462065	-0.864566	-0.907888	0.246424	-0.339138	0.369753	0.851922	-0.370825	15.803990	83.729416	1022.515198	
0.139503	-0.449282	-0.882431	-0.901751	0.310551	-0.300672	0.409125	0.837677	-0.361818	-0.493614	88.155251	1043.959106	
0.087822	-0.328382	-0.940453	-0.890636	0.396966	-0.221780	0.446156	0.857079	-0.257606	-17.283800	91.493599	1060.719971	
0.087822	-0.328382	-0.940453	-0.890636	0.396966	-0.221780	0.446156	0.857079	-0.257606	-17.283800	91.493599	1060.719971	
0.087822	-0.328382	-0.940453	-0.890636	0.396966	-0.221780	0.446156	0.857079	-0.257606	-17.283800	91.493599	1060.719971	
0.087822	-0.328382	-0.940453	-0.890636	0.396966	-0.221780	0.446156	0.857079	-0.257606	-17.283800	91.493599	1060.719971	
-0.032932	0.048283	-0.998291	-0.846805	0.529204	0.053530	0.530884	0.847120	0.023459	-60.038353	88.393761	988.181702	
-0.011060	0.170556	-0.985286	-0.813595	0.571308	0.108028	0.581327	0.802819	0.132444	-86.084900	95.673401	1073.640015	
-0.011060	0.170556	-0.985286	-0.813595	0.571308	0.108028	0.581327	0.802819	0.132444	-86.084900	95.673401	1073.640015	
-0.011060	0.170556	-0.985286	-0.813595	0.571308	0.108028	0.581327	0.802819	0.132444	-86.084900	95.673401	1073.640015	
-0.011060	0.170556	-0.985286	-0.813595	0.571308	0.108028	0.581327	0.802819	0.132444	-86.084900	95.673401	1073.640015	
-0.011060	0.170556	-0.985286	-0.813595	0.571308	0.108028	0.581327	0.802819	0.132444	-86.084900	95.673401	1073.640015	
0.091457	0.504483	-0.858564	-0.726666	0.623317	0.288847	0.680876	0.597472	0.423597	-129.539413	72.322563	1034.439453	
0.110081	0.567029	-0.816309	-0.660270	0.655608	0.366363	0.742917	0.498655	0.446562	-141.302002	68.278198	1070.569946	
0.110081	0.567029	-0.816309	-0.660270	0.655608	0.366363	0.742917	0.498655	0.446562	-141.302002	68.278198	1070.569946	
0.110081	0.567029	-0.816309	-0.660270	0.655608	0.366363	0.742917	0.498655	0.446562	-141.302002	68.278198	1070.569946	
0.110081	0.567029	-0.816309	-0.660270	0.655608	0.366363	0.742917	0.498655	0.446562	-141.302002	68.278198	1070.569946	
0.401329	0.752906	-0.521600	-0.680751	0.626187	0.380089	0.612790	0.202539	0.763849	-175.402710	32.388756	1064.612549	
0.534060	0.809710	-0.243203	-0.781110	0.582632	0.224516	0.323490	0.070063	0.943633	-178.235275	27.336828	1066.906128	
0.518247	0.846066	-0.124864	-0.831172	0.532658	0.159467	0.201429	0.021140	0.979275	-181.419281	21.684214	1058.886353	
0.481269	0.876164	-0.026739	-0.861844	0.478531	0.168029	0.160016	-0.057822	0.985419	-187.392334	14.464050	1061.459106	
0.433111	0.900416	0.040801	-0.887026	0.417762	0.196621	0.159995	-0.121350	0.979630	-188.968933	7.463385	1068.623901	
0.416184	0.897608	0.145225	-0.889645	0.368958	0.269076	0.187942	-0.241184	0.952107	-186.856644	0.827405	1057.740845	
0.411133	0.892365	0.186154	-0.872121	0.325621	0.365207	0.265282	-0.312497	0.912124	-184.630722	-13.208012	1057.762207	
0.460860	0.876089	0.141686	-0.738305	0.289891	0.608991	0.492456	-0.385267	0.780420	-177.056580	-20.357285	1024.387451	
0.442854	0.854949	0.270078	-0.788709	0.228217	0.570838	0.426400	-0.465810	0.775373	-167.118011	-35.422081	1012.509216	
0.299629	0.864019	0.404589	-0.944679	0.209378	0.252473	0.133429	-0.457855	0.878957	-157.738892	-43.299461	1003.502563	
0.287611	0.831643	0.475025	-0.950789	0.188254	0.246089	0.115232	-0.522426	0.844862	-145.856750	-50.419846	998.318542	
0.406560	0.784692	0.467937	-0.856173	0.148473	0.494897	0.318866	-0.601841	0.732196	-139.092758	-65.720901	990.350525	
