0.997362	-0.045090	0.056883	0.045836	0.998878	-0.011863	-0.056285	0.014439	0.998311	19.217049	3.685274	544.759155	
0.979201	-0.129663	0.156054	0.135010	0.990550	-0.024120	-0.151452	0.044688	0.987454	28.133396	7.630743	546.632751	
0.970287	-0.163832	0.178049	0.174279	0.983686	-0.044598	-0.167838	0.074303	0.983011	36.064701	15.685815	546.412537	
0.951825	-0.209259	0.224142	0.239753	0.963571	-0.118526	-0.191174	0.166554	0.967322	45.582344	19.764133	551.486816	
0.896328	-0.275571	0.347358	0.343500	0.926933	-0.151005	-0.280365	0.254667	0.925495	54.036343	26.196104	553.514343	
0.824880	-0.341664	0.450377	0.430135	0.896298	-0.107858	-0.366821	0.282692	0.886300	71.261742	27.852394	556.049500	
0.712405	-0.362860	0.600676	0.505642	0.858950	-0.080815	-0.486626	0.361300	0.795398	77.799835	31.227007	556.827759	
0.607858	-0.353043	0.711245	0.547628	0.835006	-0.053551	-0.574988	0.422049	0.700902	84.288025	31.571375	559.649597	
0.554743	-0.353708	0.753095	0.586485	0.808263	-0.052396	-0.590166	0.470745	0.655823	89.557541	32.114006	560.818298	
0.454634	-0.319767	0.831299	0.630785	0.774530	-0.047043	-0.628823	0.545758	0.553833	99.207832	31.651188	566.982361	
0.376546	-0.322391	0.868492	0.704890	0.708025	-0.042789	-0.601119	0.628302	0.493855	102.934715	30.418964	575.573120	
0.270677	-0.274147	0.922810	0.778194	0.626610	-0.042106	-0.566699	0.729522	0.382949	105.589684	27.922035	578.916443	
0.200642	-0.250540	0.947087	0.848183	0.528194	-0.039962	-0.490234	0.811320	0.318482	107.525230	25.814617	586.594482	
0.125230	-0.177477	0.976125	0.865652	0.500243	-0.020104	-0.484732	0.847501	0.216279	109.543060	20.215204	598.670715	
0.072064	-0.143645	0.987003	0.911164	0.411992	-0.006567	-0.405694	0.899793	0.160574	110.478920	13.988224	602.190735	
0.029225	-0.062660	0.997608	0.943284	0.331919	-0.006786	-0.330699	0.941224	0.068807	109.476501	7.501719	607.363525	
-0.024375	0.034647	0.999103	0.958889	0.283456	0.013564	-0.282731	0.958359	-0.040132	110.392273	4.230867	627.785889	
0.068117	0.061131	0.995803	0.972297	0.219636	-0.079993	-0.223604	0.973665	-0.044476	116.968910	-5.102381	663.635437	
-0.015474	0.067979	0.997567	0.998736	0.048776	0.012168	-0.047830	0.996494	-0.068648	97.667198	-14.214700	634.359985	
-0.015474	0.067979	0.997567	0.998736	0.048776	0.012168	-0.047830	0.996494	-0.068648	97.667198	-14.214700	634.359985	
-0.015474	0.067979	0.997567	0.998736	0.048776	0.012168	-0.047830	0.996494	-0.068648	97.667198	-14.214700	634.359985	
-0.015474	0.067979	0.997567	0.998736	0.048776	0.012168	-0.047830	0.996494	-0.068648	97.667198	-14.214700	634.359985	
0.026862	0.392803	0.919230	0.948998	-0.298992	0.100033	0.314136	0.869660	-0.380801	67.556664	-49.730125	670.447449	
0.057970	0.491064	0.869192	0.924857	-0.354222	0.138441	0.375871	0.795853	-0.474698	59.414116	-56.651302	683.990112	
0.097548	0.573779	0.813180	0.903971	-0.392875	0.168773	0.416317	0.718628	-0.557004	51.649246	-69.806282	700.042664	
0.182572	0.641732	0.744881	0.849294	-0.484632	0.209358	0.495345	0.594400	-0.633499	32.813683	-83.014893	711.533936	
0.238084	0.703305	0.669833	0.809069	-0.525165	0.263834	0.537329	0.479126	-0.694056	14.583621	-97.008507	724.006897	
0.300851	0.751912	0.586614	0.780252	-0.547755	0.301943	0.548356	0.366867	-0.751474	5.573174	-103.549805	736.192688	
0.363035	0.758566	0.541093	0.744797	-0.585186	0.320677	0.559896	0.286588	-0.777421	-3.433721	-110.629379	743.103882	
0.469893	0.757775	0.452743	0.678296	-0.638191	0.364178	0.564902	0.135969	-0.813878	-13.587861	-124.149582	747.455933	
0.577341	0.771273	0.267980	0.654251	-0.633348	0.413309	0.488500	-0.063294	-0.870265	-21.995928	-139.825760	757.772156	
0.686517	0.722877	0.078374	0.637161	-0.650013	0.414135	0.350313	-0.234374	-0.906834	-28.800133	-144.036819	764.776672	
0.694028	0.710004	0.119242	0.585662	-0.653105	0.480056	0.418720	-0.263337	-0.869095	-40.440308	-160.078293	788.529663	
0.762962	0.643561	0.060973	0.547801	-0.693735	0.467595	0.343226	-0.323356	-0.881837	-52.128529	-175.600266	808.004883	
0.799336	0.596332	-0.073820	0.515773	-0.617889	0.593457	0.308285	-0.512446	-0.801472	-56.913868	-181.871033	813.632263	
0.828240	0.551418	-0.099780	0.469049	-0.584755	0.661856	0.306614	-0.594977	-0.742960	-70.104210	-193.050507	821.610291	
0.840814	0.504338	-0.196657	0.483163	-0.535381	0.692762	0.244100	-0.677501	-0.693834	-82.228867	-202.846069	822.457886	
0.861306	0.449198	-0.237432	0.465113	-0.508980	0.724299	0.204506	-0.734275	-0.647315	-93.989693	-213.190491	834.275024	
0.875685	0.389354	-0.285621	0.460490	-0.495297	0.736633	0.145344	-0.776584	-0.613018	-103.264832	-217.629166	849.057434	
0.882654	0.293531	-0.367099	0.467798	-0.472689	0.746813	0.045689	-0.830905	-0.554534	-110.298080	-221.710480	864.659607	
0.881377	0.176497	-0.438206	0.466420	-0.472407	0.747852	-0.075018	-0.863527	-0.498690	-112.257706	-229.737900	880.701660	
0.828651	0.117922	-0.547203	0.536270	-0.447485	0.715661	-0.160473	-0.886482	-0.434047	-113.001785	-231.512054	880.236267	
0.808210	0.067318	-0.585035	0.552820	-0.429096	0.714329	-0.202949	-0.900746	-0.384014	-113.503525	-233.298874	889.954773	
0.749344	0.010418	-0.662100	0.606620	-0.411717	0.680074	-0.265513	-0.911252	-0.314837	-111.175713	-235.777878	898.854248	
0.692083	-0.030235	-0.721185	0.649714	-0.409194	0.640649	-0.314475	-0.911946	-0.263552	-110.687332	-242.347122	912.875000	
0.629887	-0.090505	-0.771395	0.666119	-0.447796	0.596460	-0.399411	-0.889543	-0.221774	-104.151199	-235.639801	904.118286	
0.558100	-0.092108	-0.824646	0.687001	-0.506064	0.521468	-0.465356	-0.857563	-0.219155	-102.206039	-236.890503	917.089600	
0.501173	-0.068257	-0.862651	0.701059	-0.552374	0.450999	-0.507290	-0.830797	-0.228982	-97.080338	-236.947647	936.833496	
0.444146	-0.147070	-0.883801	0.682816	-0.583103	0.440174	-0.580084	-0.798975	-0.158561	-91.281731	-239.444305	946.354126	
0.446437	-0.182187	-0.876071	0.700345	-0.538258	0.468823	-0.556967	-0.822852	-0.112704	-80.786049	-240.639832	955.173950	
0.348476	-0.204709	-0.914690	0.718183	-0.568763	0.400901	-0.602311	-0.796619	-0.051182	-75.144539	-232.357712	949.447083	
0.292605	-0.261636	-0.919743	0.741009	-0.545894	0.391031	-0.604391	-0.795955	0.034143	-59.971695	-234.825851	976.387146	
0.218393	-0.251004	-0.943027	0.750760	-0.574141	0.326684	-0.623430	-0.779332	0.063056	-51.865936	-230.348480	987.547974	
0.191994	-0.223628	-0.955577	0.748648	-0.596204	0.289943	-0.634559	-0.771058	0.052951	-42.125267	-226.863342	1001.535767	
0.209967	-0.218461	-0.952989	0.710910	-0.635042	0.302206	-0.671209	-0.740943	0.021969	-32.851269	-223.356461	1017.021851	
0.062955	-0.153035	-0.986213	0.710331	-0.687262	0.151989	-0.701047	-0.710106	0.065439	-24.754953	-213.163498	1017.243835	
-0.030136	-0.166044	-0.985657	0.735392	-0.671552	0.090645	-0.676972	-0.722113	0.142345	-13.826078	-200.692886	1016.452454	
-0.051095	-0.136940	-0.989260	0.780520	-0.623436	0.045986	-0.623039	-0.769787	0.138740	9.693939	-195.662125	1041.257446	
-0.117972	-0.114288	-0.986418	0.750632	-0.660588	-0.013236	-0.650104	-0.741998	0.163719	22.232510	-179.744644	1018.067261	
-0.017013	0.068260	-0.997522	0.657409	-0.750929	-0.062599	-0.753342	-0.656845	-0.032099	26.560699	-163.503998	1023.919983	
-0.017013	0.068260	-0.997522	0.657409	-0.750929	-0.062599	-0.753342	-0.656845	-0.032099	26.560699	-163.503998	1023.919983	
-0.017013	0.068260	-0.997522	0.657409	-0.750929	-0.062599	-0.753342	-0.656845	-0.032099	26.560699	-163.503998	1023.919983	
0.003951	0.268701	-0.963216	0.596116	-0.774000	-0.213471	-0.802888	-0.573345	-0.163235	68.737320	-120.230621	1014.974121	
0.051318	0.295617	-0.953928	0.569404	-0.793382	-0.215232	-0.820454	-0.532124	-0.209041	76.286591	-113.827751	1017.077820	
0.089709	0.325994	-0.941106	0.532343	-0.814309	-0.231327	-0.841762	-0.480239	-0.246592	90.178230	-105.552979	1016.641418	
0.135195	0.371311	-0.918614	0.551333	-0.798528	-0.241630	-0.823258	-0.473794	-0.312673	102.296547	-97.153412	1012.994324	
0.183755	0.381427	-0.905952	0.491026	-0.834036	-0.251553	-0.851544	-0.398621	-0.340549	111.692703	-82.087257	1009.451233	
0.239629	0.390627	-0.888813	0.430190	-0.863429	-0.263489	-0.870353	-0.319218	-0.374948	115.688400	-66.919418	1010.593140	
0.327858	0.400171	-0.855787	0.399052	-0.879739	-0.258491	-0.856310	-0.256755	-0.448119	119.760971	-52.432289	1012.867798	
0.429485	0.391525	-0.813788	0.368715	-0.898624	-0.237748	-0.824374	-0.197946	-0.530307	124.718307	-45.718235	1011.197205	
0.530669	0.346031	-0.773726	0.337429	-0.923658	-0.181655	-0.777516	-0.164678	-0.606918	127.333954	-31.292946	1008.490662	
0.587891	0.324467	-0.741016	0.319746	-0.934644	-0.155578	-0.743066	-0.145474	-0.653216	128.285858	-17.048594	1009.223083	
0.625378	0.279320	-0.728617	0.256213	-0.955473	-0.146377	-0.737060	-0.095140	-0.669097	123.605621	-3.062253	994.139709	
0.671342	0.247079	-0.698750	0.243034	-0.964055	-0.107390	-0.700167	-0.097724	-0.707260	119.431198	3.051298	985.381531	
0.676346	0.175432	-0.715388	0.142258	-0.984049	-0.106822	-0.722717	-0.029520	-0.690514	114.222229	9.230741	976.550964	
0.701794	0.123879	-0.701526	0.117563	-0.991402	-0.057459	-0.702612	-0.042149	-0.710324	105.785744	20.486336	969.001953	
0.736428	0.091287	-0.670328	0.086297	-0.995436	-0.040755	-0.670989	-0.027833	-0.740945	94.419891	25.578407	960.328918	
0.780544	-0.003200	-0.625093	0.020215	-0.999335	0.030357	-0.624774	-0.036330	-0.779960	87.973473	31.052780	956.915771	
0.810536	-0.056866	-0.582921	-0.025945	-0.997785	0.061261	-0.585113	-0.034530	-0.810216	74.173737	39.539864	953.713806	
0.814415	-0.112349	-0.569303	-0.035331	-0.988859	0.144603	-0.579206	-0.097652	-0.809311	66.104897	45.577164	945.899170	
0.823280	-0.176238	-0.539584	-0.042290	-0.966983	0.251307	-0.566058	-0.184076	-0.803551	49.887878	48.127686	940.430176	
0.823581	-0.234226	-0.516578	-0.056485	-0.940095	0.336201	-0.564379	-0.247709	-0.787475	31.863298	51.982399	925.504761	
0.806749	-0.352213	-0.474450	-0.164843	-0.905209	0.391693	-0.567435	-0.237788	-0.788336	13.563871	55.168575	912.446899	
0.768829	-0.463428	-0.440610	-0.234892	-0.845543	0.479462	-0.594750	-0.265128	-0.758933	4.777157	55.980183	895.585815	
0.715748	-0.569875	-0.403668	-0.330125	-0.785460	0.523517	-0.615404	-0.241445	-0.750321	-14.262912	55.913868	888.853821	
0.644653	-0.667163	-0.373252	-0.384548	-0.704975	0.595931	-0.660716	-0.240635	-0.711020	-34.303558	55.038750	885.686646	
0.553719	-0.752278	-0.357034	-0.410135	-0.619536	0.669301	-0.724696	-0.224172	-0.651585	-54.741585	54.107391	884.958130	
0.497196	-0.816860	-0.292467	-0.387196	-0.510552	0.767734	-0.776450	-0.268472	-0.570130	-70.880714	50.151619	868.008362	
0.447757	-0.857007	-0.255055	-0.395720	-0.445720	0.802956	-0.801822	-0.258598	-0.538710	-79.152641	45.093208	861.937988	
0.372315	-0.896581	-0.239842	-0.342874	-0.373013	0.862148	-0.862449	-0.238754	-0.446293	-88.368164	39.291454	845.460815	
0.252693	-0.944015	-0.212093	-0.330864	-0.290302	0.897916	-0.909217	-0.156722	-0.385698	-104.169083	35.337933	819.092529	
0.111501	-0.974514	-0.194655	-0.288473	-0.219183	0.932063	-0.950974	-0.047772	-0.305561	-121.048477	31.455444	812.201172	
-0.013689	-0.984013	-0.177572	-0.223480	-0.170086	0.959754	-0.974612	0.052822	-0.217580	-134.839096	25.759645	801.652832	
-0.075378	-0.983230	-0.166064	-0.115674	-0.156792	0.980834	-0.990423	0.093144	-0.101916	-145.145065	20.985348	778.194824	
-0.208179	-0.968029	-0.139935	-0.020234	-0.138777	0.990117	-0.977881	0.208954	0.009303	-151.521988	14.773174	771.861084	
-0.280622	-0.951583	-0.125458	0.081545	-0.153874	0.984720	-0.956348	0.266105	0.120777	-160.372391	8.075926	766.711487	
-0.372556	-0.921339	-0.111066	0.133665	-0.171710	0.976038	-0.918333	0.348784	0.187122	-167.469315	1.235438	763.252686	
-0.558384	-0.824173	-0.094579	0.211998	-0.251986	0.944225	-0.802038	0.507190	0.315428	-177.220047	-11.901485	753.272766	
-0.671296	-0.738527	-0.062755	0.299410	-0.347655	0.888533	-0.678023	0.577680	0.454501	-188.646774	-24.435673	758.411682	
-0.638607	-0.766365	-0.069764	0.307760	-0.337438	0.889618	-0.705312	0.546645	0.451346	-172.511993	-34.846401	728.015991	
-0.638607	-0.766365	-0.069764	0.307760	-0.337438	0.889618	-0.705312	0.546645	0.451346	-172.511993	-34.846401	728.015991	
-0.638607	-0.766365	-0.069764	0.307760	-0.337438	0.889618	-0.705312	0.546645	0.451346	-172.511993	-34.846401	728.015991	
-0.638607	-0.766365	-0.069764	0.307760	-0.337438	0.889618	-0.705312	0.546645	0.451346	-172.511993	-34.846401	728.015991	
-0.905127	-0.410451	-0.110795	0.252083	-0.727993	0.637557	-0.342345	0.549141	0.762394	-158.147308	-68.568024	689.899353	
-0.956840	-0.288615	-0.034037	0.213804	-0.778424	0.590206	-0.196838	0.557456	0.806534	-153.392105	-84.912636	677.774353	
-0.986550	-0.133716	0.094021	0.163458	-0.802870	0.573307	-0.001174	0.580965	0.813928	-144.758881	-94.942192	664.424805	
-0.991823	-0.048153	0.118195	0.107020	-0.818369	0.564640	0.069538	0.572673	0.816830	-132.102585	-114.467789	665.244690	
-0.992785	0.088991	0.080369	-0.026854	-0.818220	0.574277	0.116866	0.567975	0.814706	-119.810669	-126.284302	661.586975	
-0.977966	0.206614	-0.029922	-0.186324	-0.799157	0.571517	0.094171	0.564499	0.820044	-112.483658	-138.419373	671.729065	
-0.958575	0.281326	-0.044618	-0.247396	-0.744643	0.619920	0.141175	0.605278	0.783395	-95.023659	-142.663223	642.213318	
-0.950785	0.264382	-0.161589	-0.307300	-0.737761	0.601061	0.039696	0.621136	0.782696	-84.347801	-150.540466	631.526978	
-0.905604	0.248757	-0.343513	-0.422955	-0.589792	0.687934	-0.031473	0.768287	0.639331	-69.564850	-158.434052	606.457581	
-0.815809	0.452951	-0.359571	-0.573536	-0.553846	0.603582	0.074247	0.698635	0.711616	-63.445084	-183.944992	650.318298	
-0.846281	0.531893	0.029966	-0.522644	-0.818037	-0.240121	-0.103205	-0.218872	0.970280	-52.757599	-161.744995	605.007996	
-0.846281	0.531893	0.029966	-0.522644	-0.818037	-0.240121	-0.103205	-0.218872	0.970280	-52.757599	-161.744995	605.007996	
-0.846281	0.531893	0.029966	-0.522644	-0.818037	-0.240121	-0.103205	-0.218872	0.970280	-52.757599	-161.744995	605.007996	
-0.557777	0.829092	0.038609	-0.719702	-0.459966	-0.520058	-0.413416	-0.317864	0.853258	-5.586267	-180.332504	582.491211	
-0.442963	0.893942	0.068200	-0.780451	-0.347051	-0.520049	-0.441224	-0.283589	0.851409	12.894113	-187.427277	580.233765	
-0.325652	0.940126	0.100562	-0.836068	-0.236664	-0.494955	-0.441520	-0.245260	0.863080	21.232662	-192.565384	572.122009	
-0.218540	0.964395	0.148935	-0.857987	-0.117191	-0.500125	-0.464863	-0.237081	0.853050	25.332159	-192.010742	552.502869	
-0.039889	0.999158	0.009558	-0.581462	-0.015432	-0.813427	-0.812595	-0.038004	0.581588	45.679001	-194.960007	572.968994	
-0.039889	0.999158	0.009558	-0.581462	-0.015432	-0.813427	-0.812595	-0.038004	0.581588	45.679001	-194.960007	572.968994	
-0.039889	0.999158	0.009558	-0.581462	-0.015432	-0.813427	-0.812595	-0.038004	0.581588	45.679001	-194.960007	572.968994	
-0.039889	0.999158	0.009558	-0.581462	-0.015432	-0.813427	-0.812595	-0.038004	0.581588	45.679001	-194.960007	572.968994	
-0.039889	0.999158	0.009558	-0.581462	-0.015432	-0.813427	-0.812595	-0.038004	0.581588	45.679001	-194.960007	572.968994	
-0.039889	0.999158	0.009558	-0.581462	-0.015432	-0.813427	-0.812595	-0.038004	0.581588	45.679001	-194.960007	572.968994	
-0.039889	0.999158	0.009558	-0.581462	-0.015432	-0.813427	-0.812595	-0.038004	0.581588	45.679001	-194.960007	572.968994	
-0.039889	0.999158	0.009558	-0.581462	-0.015432	-0.813427	-0.812595	-0.038004	0.581588	45.679001	-194.960007	572.968994	
-0.039889	0.999158	0.009558	-0.581462	-0.015432	-0.813427	-0.812595	-0.038004	0.581588	45.679001	-194.960007	572.968994	
-0.039889	0.999158	0.009558	-0.581462	-0.015432	-0.813427	-0.812595	-0.038004	0.581588	45.679001	-194.960007	572.968994	
-0.039889	0.999158	0.009558	-0.581462	-0.015432	-0.813427	-0.812595	-0.038004	0.581588	45.679001	-194.960007	572.968994	
-0.039889	0.999158	0.009558	-0.581462	-0.015432	-0.813427	-0.812595	-0.038004	0.581588	45.679001	-194.960007	572.968994	
-0.039889	0.999158	0.009558	-0.581462	-0.015432	-0.813427	-0.812595	-0.038004	0.581588	45.679001	-194.960007	572.968994	
0.871650	0.461864	-0.164038	0.195748	-0.634879	-0.747403	-0.449343	0.619364	-0.643801	55.651360	-137.617126	570.170349	
0.924747	0.336918	-0.177002	0.144188	-0.740566	-0.656331	-0.352212	0.581419	-0.733416	42.885185	-131.629074	576.263306	
0.907443	0.300573	-0.293602	0.089036	-0.820450	-0.564743	-0.410632	0.486332	-0.771274	27.783844	-133.871826	602.077637	
0.935524	0.212440	-0.282249	0.050169	-0.870775	-0.489114	-0.349683	0.443419	-0.825289	19.844790	-123.158943	596.760071	
0.952160	0.079073	-0.295193	-0.058970	-0.900251	-0.431358	-0.299857	0.428130	-0.852520	2.211399	-116.474396	605.153687	
0.960788	0.020405	-0.276532	-0.105004	-0.896241	-0.430959	-0.256634	0.443098	-0.858955	-13.399263	-98.182411	594.591736	
0.953374	-0.128727	-0.272961	-0.215367	-0.923802	-0.316554	-0.211413	0.360582	-0.908452	-34.161781	-91.276077	611.328308	
0.916210	-0.253796	-0.310074	-0.317216	-0.932196	-0.174311	-0.244811	0.258066	-0.934596	-44.466553	-76.115692	621.861694	
0.858515	-0.374416	-0.350378	-0.401151	-0.916003	-0.004077	-0.319421	0.144055	-0.936599	-54.766243	-68.606476	632.907837	
0.820903	-0.431624	-0.373923	-0.414047	-0.900806	0.130819	-0.393297	0.047432	-0.918187	-75.000343	-54.252766	647.186768	
0.737898	-0.531968	-0.415350	-0.500615	-0.844157	0.191793	-0.452649	0.066407	-0.889213	-94.989197	-46.228226	651.372559	
0.643846	-0.614253	-0.456240	-0.561406	-0.784375	0.263777	-0.519890	0.086305	-0.849863	-114.147125	-39.566452	665.108948	
0.585153	-0.642058	-0.495335	-0.522886	-0.765625	0.374710	-0.619828	0.039742	-0.783731	-133.286087	-33.337555	681.082092	
0.521912	-0.659167	-0.541392	-0.466605	-0.751935	0.465695	-0.714064	0.009564	-0.700016	-141.631439	-20.228525	684.933960	
0.411659	-0.701100	-0.582233	-0.503320	-0.707508	0.496085	-0.759740	0.088832	-0.644130	-149.373672	-7.107613	688.205872	
0.302929	-0.734847	-0.606822	-0.542725	-0.656424	0.523981	-0.783379	0.170608	-0.597670	-157.753448	-1.450791	701.140381	
0.153560	-0.751559	-0.641542	-0.515741	-0.614755	0.596730	-0.842870	0.239236	-0.482013	-176.983810	3.996900	719.668152	
0.088614	-0.727854	-0.679982	-0.432970	-0.642947	0.631787	-0.897042	0.238427	-0.372113	-188.479645	9.511439	730.399414	
-0.015616	-0.699219	-0.714737	-0.470115	-0.625751	0.622436	-0.882467	0.345729	-0.318943	-192.272278	18.107529	733.437744	
-0.095528	-0.676857	-0.729890	-0.464445	-0.618232	0.634098	-0.880435	0.399567	-0.255305	-206.050751	21.714634	763.072021	
-0.085844	-0.618681	-0.780938	-0.449390	-0.675522	0.584566	-0.889202	0.401127	-0.220040	-202.804855	29.532604	763.572754	
-0.098151	-0.595767	-0.797137	-0.419201	-0.701721	0.576070	-0.902573	0.390702	-0.180872	-202.945557	36.210289	766.837524	
-0.169567	-0.540548	-0.824048	-0.341999	-0.751919	0.563608	-0.924275	0.377393	-0.057367	-203.097427	38.927856	780.051941	
-0.248317	-0.478509	-0.842239	-0.334802	-0.773492	0.538161	-0.908981	0.415618	0.031865	-204.571686	40.523727	793.045044	
-0.274774	-0.464768	-0.841718	-0.295670	-0.792154	0.533921	-0.914920	0.395578	0.080244	-196.726868	41.504925	803.668945	
-0.290490	-0.445819	-0.846676	-0.286623	-0.803663	0.521509	-0.912942	0.394170	0.105674	-188.669006	42.494301	807.763977	
-0.290490	-0.445819	-0.846676	-0.286623	-0.803663	0.521509	-0.912942	0.394170	0.105674	-188.669006	42.494301	807.763977	
-0.290490	-0.445819	-0.846676	-0.286623	-0.803663	0.521509	-0.912942	0.394170	0.105674	-188.669006	42.494301	807.763977	
-0.290490	-0.445819	-0.846676	-0.286623	-0.803663	0.521509	-0.912942	0.394170	0.105674	-188.669006	42.494301	807.763977	
-0.302840	-0.240793	-0.922121	-0.292516	-0.897370	0.330397	-0.907041	0.369792	0.201323	-161.808273	37.830139	863.777954	
-0.284059	-0.193026	-0.939176	-0.283646	-0.918764	0.274622	-0.915891	0.344402	0.206232	-146.393066	36.011932	875.662109	
-0.248898	-0.124662	-0.960473	-0.360017	-0.908716	0.211240	-0.899132	0.398364	0.181298	-137.633789	30.368134	893.924683	
-0.212099	-0.100504	-0.972066	-0.321149	-0.932283	0.166464	-0.922972	0.347485	0.165460	-119.187485	22.694567	903.191772	
-0.180194	-0.068641	-0.981233	-0.269671	-0.955892	0.116391	-0.945943	0.285583	0.153736	-101.161156	16.611240	922.586060	
-0.158178	-0.042353	-0.986502	-0.245770	-0.965948	0.080879	-0.956336	0.255246	0.142383	-81.625359	14.313542	922.131042	
-0.093276	-0.022288	-0.995391	-0.256054	-0.965585	0.045616	-0.962152	0.259129	0.084359	-61.898388	4.186953	939.201904	
-0.030235	-0.006875	-0.999519	-0.241037	-0.970415	0.013966	-0.970045	0.241343	0.027683	-41.178059	-0.370873	934.118652	
0.056040	-0.010345	-0.998375	-0.224835	-0.974393	-0.002524	-0.972785	0.224611	-0.056931	-30.494051	-4.883659	932.779480	
0.091230	-0.019010	-0.995649	-0.187563	-0.982251	0.001569	-0.978007	0.186604	-0.093176	-19.096165	-12.391144	915.852661	
0.153534	-0.048433	-0.986956	-0.282491	-0.959265	0.003129	-0.946903	0.278326	-0.160962	-1.158590	-22.189899	973.940002	
0.153534	-0.048433	-0.986956	-0.282491	-0.959265	0.003129	-0.946903	0.278326	-0.160962	-1.158590	-22.189899	973.940002	
0.153534	-0.048433	-0.986956	-0.282491	-0.959265	0.003129	-0.946903	0.278326	-0.160962	-1.158590	-22.189899	973.940002	
0.153534	-0.048433	-0.986956	-0.282491	-0.959265	0.003129	-0.946903	0.278326	-0.160962	-1.158590	-22.189899	973.940002	
0.289310	-0.257998	-0.921811	-0.300979	-0.938671	0.168255	-0.908687	0.228768	-0.349219	49.383801	-58.767185	969.603638	
0.285239	-0.306901	-0.907992	-0.237669	-0.940409	0.243195	-0.928522	0.146433	-0.341182	61.772823	-65.038254	978.044312	
0.285269	-0.385112	-0.877673	-0.333417	-0.898404	0.285838	-0.898585	0.211090	-0.384690	75.711708	-81.887939	996.927612	
0.265434	-0.485192	-0.833147	-0.398444	-0.842102	0.363465	-0.877945	0.235487	-0.416844	86.858299	-90.692612	1008.912231	
0.206772	-0.546977	-0.811210	-0.404097	-0.802849	0.438337	-0.891039	0.237172	-0.387039	92.034302	-105.857323	1015.421814	
0.142643	-0.600685	-0.786658	-0.474894	-0.738862	0.478077	-0.868406	0.305385	-0.390655	95.168335	-114.085976	1019.346985	
0.101548	-0.659391	-0.744911	-0.462960	-0.694083	0.551286	-0.880543	0.288882	-0.375754	97.047173	-119.271309	1011.351929	
0.067658	-0.713001	-0.697891	-0.438388	-0.649596	0.621161	-0.896236	0.263921	-0.356521	99.511635	-135.060486	1028.721924	
-0.031367	-0.737873	-0.674211	-0.487206	-0.577691	0.654907	-0.872724	0.349022	-0.341375	99.763374	-149.075668	1029.447998	
-0.133016	-0.762094	-0.633656	-0.499074	-0.500864	0.707150	-0.856290	0.410304	-0.313718	99.137238	-156.672272	1036.953369	
-0.185792	-0.784589	-0.591525	-0.383464	-0.496374	0.778824	-0.904675	0.371529	-0.208639	97.253929	-167.841507	1032.480347	
-0.244064	-0.798952	-0.549645	-0.338632	-0.460892	0.820309	-0.908715	0.386335	-0.158064	90.630501	-179.267380	1032.185181	
-0.386493	-0.780541	-0.491303	-0.352705	-0.367120	0.860710	-0.852187	0.505944	-0.133411	83.565643	-183.943817	1017.326965	
-0.451350	-0.779947	-0.433549	-0.225189	-0.370573	0.901091	-0.863466	0.504338	-0.008378	74.150269	-189.913513	1027.690796	
-0.523959	-0.768997	-0.366211	-0.089462	-0.377890	0.921518	-0.847032	0.515600	0.129203	64.140503	-193.557999	1028.989990	
-0.523959	-0.768997	-0.366211	-0.089462	-0.377890	0.921518	-0.847032	0.515600	0.129203	64.140503	-193.557999	1028.989990	
-0.523959	-0.768997	-0.366211	-0.089462	-0.377890	0.921518	-0.847032	0.515600	0.129203	64.140503	-193.557999	1028.989990	
-0.523959	-0.768997	-0.366211	-0.089462	-0.377890	0.921518	-0.847032	0.515600	0.129203	64.140503	-193.557999	1028.989990	
-0.523959	-0.768997	-0.366211	-0.089462	-0.377890	0.921518	-0.847032	0.515600	0.129203	64.140503	-193.557999	1028.989990	
-0.952090	-0.299920	0.059765	0.226788	-0.561335	0.795909	-0.205161	0.771331	0.602459	11.680284	-211.287155	998.812561	
-0.978093	-0.171551	0.117920	0.196554	-0.574486	0.794564	-0.068566	0.800335	0.595620	1.548233	-207.273468	962.801697	
-0.971820	-0.032429	0.233481	0.207135	-0.590271	0.780177	0.112517	0.806554	0.580354	-23.421314	-213.062592	967.362183	
-0.944230	0.087891	0.317340	0.196158	-0.623928	0.756463	0.264483	0.776523	0.571891	-39.355339	-216.187485	974.336365	
-0.903664	0.179785	0.388675	0.187990	-0.648943	0.737247	0.384774	0.739291	0.552628	-62.523098	-220.457642	978.951050	
-0.860557	0.278614	0.426398	0.130966	-0.687958	0.713836	0.492229	0.670140	0.555538	-75.298927	-229.161972	995.646667	
-0.828419	0.354091	0.433983	0.089176	-0.681556	0.726313	0.552964	0.640392	0.533037	-91.149910	-232.208008	1004.488342	
-0.833676	0.463564	0.300155	-0.022383	-0.571425	0.820350	0.551801	0.677187	0.486758	-110.887672	-224.502304	952.581909	
-0.722126	0.336663	0.604312	-0.298385	-0.939728	0.166966	0.624100	-0.059747	0.779057	-94.482300	-201.615997	964.468994	
-0.722126	0.336663	0.604312	-0.298385	-0.939728	0.166966	0.624100	-0.059747	0.779057	-94.482300	-201.615997	964.468994	
-0.722126	0.336663	0.604312	-0.298385	-0.939728	0.166966	0.624100	-0.059747	0.779057	-94.482300	-201.615997	964.468994	
-0.722126	0.336663	0.604312	-0.298385	-0.939728	0.166966	0.624100	-0.059747	0.779057	-94.482300	-201.615997	964.468994	
-0.436038	0.447421	0.780823	-0.825246	-0.544866	-0.148631	0.358943	-0.709179	0.606814	-129.802170	-169.411163	904.868774	
-0.333252	0.451381	0.827767	-0.917914	-0.355858	-0.175497	0.215351	-0.818304	0.532919	-132.835907	-158.718567	886.780762	
-0.175773	0.415670	0.892369	-0.973110	-0.210444	-0.093652	0.148865	-0.884834	0.441482	-134.313034	-147.099670	860.826355	
-0.177166	0.365324	0.913866	-0.983223	-0.024736	-0.180723	-0.043417	-0.930552	0.363577	-145.067993	-137.699005	904.036987	
-0.177166	0.365324	0.913866	-0.983223	-0.024736	-0.180723	-0.043417	-0.930552	0.363577	-145.067993	-137.699005	904.036987	
-0.177166	0.365324	0.913866	-0.983223	-0.024736	-0.180723	-0.043417	-0.930552	0.363577	-145.067993	-137.699005	904.036987	
-0.177166	0.365324	0.913866	-0.983223	-0.024736	-0.180723	-0.043417	-0.930552	0.363577	-145.067993	-137.699005	904.036987	
-0.013754	0.062226	0.997967	-0.821576	0.568180	-0.046751	-0.569934	-0.820549	0.043309	-139.746704	-94.697716	857.101318	
0.011852	-0.052785	0.998536	-0.708164	0.704571	0.045651	-0.705948	-0.707668	-0.029030	-132.901764	-79.987534	835.981079	
0.006305	-0.109539	0.993962	-0.522994	0.846840	0.096643	-0.852313	-0.520447	-0.051949	-128.206604	-71.319847	822.284424	
-0.007970	-0.219994	0.975469	-0.376083	0.904540	0.200925	-0.926552	-0.365256	-0.089945	-116.617371	-62.690403	800.225525	
-0.072685	-0.260842	0.962641	-0.272177	0.933746	0.232461	-0.959498	-0.245113	-0.138864	-111.708153	-54.847610	802.321289	
-0.137591	-0.358898	0.923180	-0.174818	0.926212	0.334022	-0.974940	-0.115431	-0.190180	-105.766884	-40.481098	802.672546	
-0.109812	-0.422128	0.899861	-0.076212	0.906247	0.415823	-0.991026	-0.022919	-0.131688	-95.416809	-26.420212	778.563171	
-0.195675	-0.466509	0.862601	0.109931	0.863627	0.492000	-0.974488	0.191098	-0.117707	-81.746262	-11.827042	779.716187	
-0.269543	-0.485669	0.831548	0.315122	0.771483	0.552732	-0.909970	0.411024	-0.054903	-72.703911	-4.333797	772.042603	
-0.319668	-0.511027	0.797912	0.393634	0.694370	0.602414	-0.861896	0.506658	-0.020811	-63.187614	2.907949	757.894287	
-0.405431	-0.518112	0.753117	0.511959	0.553843	0.656626	-0.757314	0.651781	0.040707	-54.594707	12.595527	751.217163	
-0.550913	-0.407974	0.728046	0.654524	0.330019	0.680211	-0.517777	0.851261	0.085217	-38.532242	27.483065	709.831909	
-0.630453	-0.418017	0.654057	0.652942	0.170066	0.738068	-0.419757	0.892379	0.165723	-29.581055	35.598938	699.450867	
-0.647557	-0.532511	0.545071	0.601051	0.082761	0.794915	-0.468411	0.842368	0.266474	-16.255816	37.042625	698.761353	
-0.695801	-0.542549	0.470640	0.592227	-0.062653	0.803331	-0.406359	0.837685	0.364906	-3.557388	44.016357	697.726074	
-0.741715	-0.518210	0.425814	0.583303	-0.184990	0.790909	-0.331085	0.835008	0.439483	7.028301	48.050919	681.890808	
-0.821193	-0.428075	0.377352	0.535977	-0.351597	0.767533	-0.195885	0.832546	0.518168	17.230621	51.023693	670.649231	
-0.899639	-0.361002	0.245617	0.412982	-0.520882	0.747079	-0.141759	0.773538	0.617693	34.594193	54.096718	657.109802	
-0.944047	-0.310398	0.111484	0.290280	-0.621520	0.727633	-0.156566	0.719282	0.676846	49.063000	55.852318	641.057068	
-0.977809	-0.201726	0.056529	0.189494	-0.736577	0.649266	-0.089336	0.645571	0.758458	57.281670	57.959843	642.047729	
-0.989851	-0.142106	0.000021	0.110513	-0.769691	0.628779	-0.089337	0.622400	0.777584	70.356163	58.890884	635.834778	
-0.994499	-0.081222	-0.066132	0.025870	-0.802313	0.596342	-0.101494	0.591352	0.800002	82.220947	59.102722	630.748779	
-0.997844	0.018975	-0.062815	-0.048889	-0.853500	0.518793	-0.043768	0.520747	0.852589	88.908516	57.403107	617.488037	
-0.985175	0.079673	-0.151929	-0.143339	-0.868878	0.473818	-0.094257	0.488572	0.867418	94.730324	56.254189	615.219299	
-0.955424	0.175320	-0.237544	-0.262964	-0.871116	0.414736	-0.134216	0.458715	0.878389	97.953400	52.637619	606.172241	
-0.909934	0.267109	-0.317290	-0.378900	-0.846499	0.373997	-0.168687	0.460534	0.871466	99.931900	50.343224	603.894165	
-0.864947	0.309363	-0.395173	-0.434840	-0.855097	0.282353	-0.250562	0.416057	0.874137	101.761154	44.549622	602.799377	
-0.818196	0.338050	-0.465057	-0.470090	-0.859049	0.202608	-0.331015	0.384392	0.861784	100.433434	37.563583	594.810913	
-0.736071	0.349018	-0.579988	-0.495651	-0.861445	0.110648	-0.461010	0.368917	0.807075	96.489853	28.689476	591.119690	
-0.654002	0.400344	-0.641877	-0.576890	-0.812812	0.080829	-0.489367	0.423156	0.762535	93.892792	19.158499	587.731140	
-0.534332	0.412148	-0.737986	-0.638773	-0.768678	0.033208	-0.553587	0.489149	0.673999	85.749077	13.443792	584.456848	
-0.411057	0.392550	-0.822761	-0.684762	-0.728745	-0.005582	-0.601775	0.561102	0.568359	75.149467	7.710539	579.042542	
-0.341746	0.365438	-0.865831	-0.690302	-0.722786	-0.032600	-0.637725	0.586545	0.499272	63.907089	0.393593	575.008057	
-0.271578	0.331185	-0.903638	-0.649852	-0.755663	-0.081647	-0.709886	0.565058	0.420443	50.888359	-6.620723	574.914062	
-0.185678	0.310927	-0.932120	-0.667667	-0.735914	-0.112480	-0.720934	0.601460	0.344239	35.920544	-20.034533	575.554382	
-0.051981	0.222820	-0.973473	-0.647915	-0.749307	-0.136914	-0.759937	0.623610	0.183318	31.859972	-28.424215	586.117798	
0.094375	0.115394	-0.988826	-0.607446	-0.780256	-0.149030	-0.788735	0.614724	-0.003541	17.401024	-34.969109	584.689331	
0.323300	0.055382	-0.944675	-0.551344	-0.800318	-0.235608	-0.769089	0.597013	-0.228208	14.067102	-40.879318	585.908203	
0.527151	-0.010645	-0.849705	-0.525093	-0.790258	-0.315864	-0.668124	0.612682	-0.422175	-1.747946	-51.824135	601.809082	
0.076296	-0.201475	-0.976518	-0.571984	-0.811044	0.122645	-0.816709	0.549195	-0.177120	-40.778900	-67.055496	573.033997	
0.076296	-0.201475	-0.976518	-0.571984	-0.811044	0.122645	-0.816709	0.549195	-0.177120	-40.778900	-67.055496	573.033997	
0.069494	-0.402140	-0.912937	-0.675690	-0.692233	0.253488	-0.733903	0.599246	-0.319828	-81.511444	-96.830124	571.187683	
0.142518	-0.512674	-0.846672	-0.730307	-0.631844	0.259663	-0.668087	0.581323	-0.464459	-87.138931	-103.934830	566.610229	
0.163003	-0.597114	-0.785420	-0.789553	-0.556314	0.259076	-0.591638	0.577900	-0.562135	-90.606003	-109.767715	549.724854	
-0.052296	-0.693542	-0.718515	-0.654153	-0.519853	0.549397	-0.754552	0.498750	-0.426496	-123.413002	-120.443001	591.853027	
-0.052296	-0.693542	-0.718515	-0.654153	-0.519853	0.549397	-0.754552	0.498750	-0.426496	-123.413002	-120.443001	591.853027	
-0.052296	-0.693542	-0.718515	-0.654153	-0.519853	0.549397	-0.754552	0.498750	-0.426496	-123.413002	-120.443001	591.853027	
-0.308362	-0.806605	-0.504282	-0.590296	-0.253455	0.766363	-0.745964	0.533993	-0.397980	-155.966492	-158.813049	601.591858	
-0.364011	-0.850289	-0.380138	-0.504215	-0.163262	0.848006	-0.783111	0.500354	-0.369299	-170.812958	-171.052277	612.814209	
-0.438246	-0.868374	-0.232095	-0.437209	-0.019672	0.899146	-0.785359	0.495521	-0.371039	-181.503784	-179.267242	631.589233	
-0.535012	-0.834410	-0.132374	-0.321429	0.056134	0.945269	-0.781310	0.548279	-0.298236	-187.724274	-185.389542	625.288635	
-0.507291	-0.859789	0.058476	-0.185712	0.175329	0.966836	-0.841527	0.479607	-0.248615	-186.934860	-186.570114	622.986511	
-0.534067	-0.830344	0.159066	-0.063640	0.227095	0.971792	-0.843044	0.508878	-0.174127	-188.527054	-186.021774	619.183167	
-0.550904	-0.781898	0.291788	0.081770	0.297374	0.951253	-0.830553	0.547909	-0.099889	-189.287247	-187.507965	631.568054	
-0.528303	-0.730730	0.432355	0.231611	0.365876	0.901384	-0.816855	0.576341	-0.024048	-184.237427	-193.943405	634.788635	
-0.542540	-0.627143	0.558877	0.358173	0.429095	0.829211	-0.759844	0.650054	-0.008175	-183.945831	-202.517395	653.094116	
-0.551191	-0.503359	0.665447	0.512810	0.424760	0.746060	-0.658190	0.752469	0.024003	-188.150177	-207.551636	668.862793	
-0.571021	-0.395962	0.719132	0.571314	0.437383	0.694476	-0.589521	0.807410	-0.023536	-195.626633	-216.605331	700.044739	
-0.535440	-0.316836	0.782892	0.711357	0.330507	0.620272	-0.455275	0.889034	0.048417	-185.181732	-211.515793	697.345764	
-0.478231	-0.178297	0.859946	0.851132	0.147285	0.503868	-0.216495	0.972892	0.081318	-184.733902	-205.073120	709.846191	
-0.423458	-0.138768	0.895225	0.893718	0.097627	0.437879	-0.148161	0.985502	0.082678	-177.040375	-201.311676	712.383728	
-0.335042	-0.057009	0.940478	0.942203	-0.020919	0.334389	0.000612	0.998155	0.060723	-161.989792	-195.005600	712.823303	
-0.196568	-0.027261	0.980112	0.980396	-0.019381	0.196086	0.013651	0.999441	0.030536	-148.506271	-196.922745	741.511963	
-0.003278	-0.000679	0.999994	0.999075	-0.042888	0.003246	0.042885	0.999080	0.000819	-134.591995	-197.725998	764.138000	
-0.003278	-0.000679	0.999994	0.999075	-0.042888	0.003246	0.042885	0.999080	0.000819	-134.591995	-197.725998	764.138000	
-0.003278	-0.000679	0.999994	0.999075	-0.042888	0.003246	0.042885	0.999080	0.000819	-134.591995	-197.725998	764.138000	
0.315406	-0.018009	0.948787	0.892391	-0.334403	-0.303006	0.322734	0.942258	-0.089401	-93.378830	-177.269928	799.040649	
0.432755	-0.022195	0.901239	0.744523	-0.554904	-0.371170	0.508339	0.831618	-0.223612	-76.474907	-154.562210	799.573364	
0.596203	0.019088	0.802608	0.703287	-0.494582	-0.510663	0.387208	0.868922	-0.308295	-71.449928	-157.480072	826.450134	
0.676892	-0.132379	0.724081	0.564238	-0.538410	-0.625900	0.472708	0.832220	-0.289752	-46.111301	-150.554993	857.086975	
0.676892	-0.132379	0.724081	0.564238	-0.538410	-0.625900	0.472708	0.832220	-0.289752	-46.111301	-150.554993	857.086975	
0.787598	-0.247625	0.564243	0.331323	-0.601874	-0.726618	0.519532	0.759229	-0.391991	-5.969445	-129.517960	870.693115	
0.850123	-0.297988	0.434159	0.190768	-0.594193	-0.781373	0.490814	0.747086	-0.448290	3.746605	-117.314308	877.146118	
0.867709	-0.334118	0.368030	0.103122	-0.603286	-0.790831	0.486258	0.724162	-0.489021	12.868235	-111.556259	887.804382	
0.876100	-0.418565	0.239275	-0.051556	-0.574775	-0.816687	0.479365	0.703162	-0.525139	21.311258	-96.938934	898.165039	
0.880575	-0.461151	0.109214	-0.178409	-0.536082	-0.825099	0.439042	0.707076	-0.554333	29.223202	-82.405144	905.935303	
0.847217	-0.528410	0.054823	-0.265810	-0.510994	-0.817454	0.459965	0.677988	-0.573379	36.305832	-67.854942	923.899170	
0.803276	-0.595411	-0.015292	-0.365962	-0.473143	-0.801379	0.469914	0.649324	-0.597962	42.765106	-54.146969	947.681274	
0.759282	-0.645382	-0.083505	-0.454225	-0.433700	-0.778193	0.466015	0.628798	-0.622448	53.923321	-47.322868	967.721313	
0.718111	-0.656959	-0.229612	-0.559324	-0.348515	-0.752126	0.414092	0.668537	-0.617725	61.701981	-33.075897	968.426819	
0.683832	-0.671570	-0.285249	-0.611262	-0.313821	-0.726551	0.398412	0.671200	-0.625105	63.968231	-19.062443	969.396240	
0.620054	-0.699623	-0.355051	-0.673451	-0.242461	-0.698339	0.402487	0.672117	-0.621499	66.069679	-4.630544	977.044067	
0.576783	-0.701789	-0.418107	-0.717851	-0.191150	-0.669442	0.389885	0.686260	-0.614031	68.111633	8.488938	991.548096	
0.533011	-0.695390	-0.482008	-0.764173	-0.151083	-0.627068	0.363233	0.702571	-0.611926	66.723495	21.397650	982.156189	
0.486727	-0.690895	-0.534566	-0.798188	-0.103089	-0.593522	0.354953	0.715567	-0.601639	65.446373	26.984371	996.565796	
0.452345	-0.683208	-0.573246	-0.812763	-0.051186	-0.580342	0.367152	0.728427	-0.578438	62.519775	38.396774	1017.797607	
0.376614	-0.620647	-0.687721	-0.863316	0.034060	-0.503513	0.335927	0.783350	-0.522985	54.506016	49.644779	1026.443115	
0.335297	-0.595217	-0.730270	-0.878652	0.082109	-0.470351	0.339922	0.799359	-0.495456	49.884472	59.866253	1022.092285	
0.289299	-0.538087	-0.791687	-0.898420	0.132813	-0.418572	0.330374	0.832360	-0.445004	37.577755	68.441849	1024.389648	
0.224662	-0.483113	-0.846244	-0.909433	0.207921	-0.360139	0.349940	0.850512	-0.392645	22.385723	76.577507	1016.905945	
0.157950	-0.440748	-0.883625	-0.914669	0.271872	-0.299108	0.372065	0.855468	-0.360195	14.538859	82.420738	1022.039490	
0.018943	-0.400522	-0.916092	-0.919729	0.352344	-0.173065	0.392096	0.845834	-0.361696	-1.085368	88.809311	1040.396973	
0.087822	-0.328382	-0.940453	-0.890636	0.396966	-0.221780	0.446156	0.857079	-0.257606	-17.283800	91.493599	1060.719971	
0.087822	-0.328382	-0.940453	-0.890636	0.396966	-0.221780	0.446156	0.857079	-0.257606	-17.283800	91.493599	1060.719971	
0.087822	-0.328382	-0.940453	-0.890636	0.396966	-0.221780	0.446156	0.857079	-0.257606	-17.283800	91.493599	1060.719971	
0.087822	-0.328382	-0.940453	-0.890636	0.396966	-0.221780	0.446156	0.857079	-0.257606	-17.283800	91.493599	1060.719971	
-0.000999	0.058222	-0.998304	-0.856595	0.515064	0.030896	0.515989	0.855172	0.049358	-67.060493	97.855637	1066.209961	
0.003349	0.173741	-0.984786	-0.818790	0.565832	0.097043	0.574084	0.806008	0.144153	-83.943832	92.116562	1052.550293	
-0.018050	0.290199	-0.956797	-0.782752	0.591289	0.194106	0.622072	0.752438	0.216481	-93.438988	89.562698	1039.806030	
-0.052581	0.357394	-0.932473	-0.758632	0.592926	0.270032	0.649395	0.721602	0.239953	-104.337364	85.933662	1037.541870	
0.016959	0.413798	-0.910211	-0.753909	0.603254	0.260203	0.656760	0.681803	0.322197	-115.796997	87.428299	1075.030029	
0.016959	0.413798	-0.910211	-0.753909	0.603254	0.260203	0.656760	0.681803	0.322197	-115.796997	87.428299	1075.030029	
0.016959	0.413798	-0.910211	-0.753909	0.603254	0.260203	0.656760	0.681803	0.322197	-115.796997	87.428299	1075.030029	
0.016959	0.413798	-0.910211	-0.753909	0.603254	0.260203	0.656760	0.681803	0.322197	-115.796997	87.428299	1075.030029	
0.016959	0.413798	-0.910211	-0.753909	0.603254	0.260203	0.656760	0.681803	0.322197	-115.796997	87.428299	1075.030029	
0.195512	0.639430	-0.743575	-0.603285	0.676193	0.422860	0.773189	0.365913	0.517963	-152.681396	53.915855	1051.841187	
0.227300	0.666466	-0.710040	-0.596660	0.671552	0.439335	0.769630	0.323791	0.550297	-164.176788	44.185848	1060.566528	
0.201432	0.735801	-0.646547	-0.446442	0.656495	0.608033	0.871846	0.166168	0.460731	-173.439163	38.004280	1058.034912	
0.320870	0.804021	-0.500592	-0.576688	0.585122	0.570143	0.751314	0.105744	0.651418	-177.046997	27.273600	1056.239990	
0.320870	0.804021	-0.500592	-0.576688	0.585122	0.570143	0.751314	0.105744	0.651418	-177.046997	27.273600	1056.239990	
0.320870	0.804021	-0.500592	-0.576688	0.585122	0.570143	0.751314	0.105744	0.651418	-177.046997	27.273600	1056.239990	
0.320870	0.804021	-0.500592	-0.576688	0.585122	0.570143	0.751314	0.105744	0.651418	-177.046997	27.273600	1056.239990	
0.320870	0.804021	-0.500592	-0.576688	0.585122	0.570143	0.751314	0.105744	0.651418	-177.046997	27.273600	1056.239990	
0.503927	0.860191	0.078295	-0.655634	0.321923	0.683015	0.562318	-0.395522	0.726196	-175.485077	-13.384840	1004.578064	
0.517845	0.845946	0.127328	-0.646202	0.289276	0.706217	0.560588	-0.447991	0.696452	-172.828430	-20.324709	1000.072266	
0.516624	0.823129	0.235709	-0.677723	0.224889	0.700083	0.523250	-0.521425	0.674037	-164.380478	-35.112831	991.975586	
0.523419	0.798908	0.296276	-0.694753	0.198842	0.691216	0.493306	-0.567634	0.659121	-154.279922	-42.399178	979.523254	
0.537144	0.769052	0.346462	-0.705360	0.184301	0.684471	0.462540	-0.612040	0.641455	-142.578476	-48.996681	968.162354	
0.541332	0.736506	0.405608	-0.717034	0.152441	0.680165	0.439114	-0.659030	0.610621	-135.066315	-63.406158	960.921875	
