0.999188	-0.035997	-0.018073	0.034948	0.997855	-0.055355	0.020027	0.054678	0.998303	17.323210	3.453515	539.808777	
0.991673	-0.120047	-0.046609	0.117478	0.991582	-0.054437	0.052752	0.048508	0.997429	23.680305	7.542360	539.352051	
0.982484	-0.180684	0.045601	0.181717	0.983155	-0.019598	-0.041292	0.027541	0.998768	30.206682	14.826540	537.519470	
0.947059	-0.207809	0.244735	0.208066	0.977793	0.025104	-0.244517	0.027146	0.969265	35.467186	15.474704	508.762024	
0.835265	-0.265380	0.481566	0.308864	0.951035	-0.011623	-0.454902	0.158447	0.876333	53.260601	24.480900	552.442017	
0.835265	-0.265380	0.481566	0.308864	0.951035	-0.011623	-0.454902	0.158447	0.876333	53.260601	24.480900	552.442017	
0.835265	-0.265380	0.481566	0.308864	0.951035	-0.011623	-0.454902	0.158447	0.876333	53.260601	24.480900	552.442017	
0.835265	-0.265380	0.481566	0.308864	0.951035	-0.011623	-0.454902	0.158447	0.876333	53.260601	24.480900	552.442017	
0.835265	-0.265380	0.481566	0.308864	0.951035	-0.011623	-0.454902	0.158447	0.876333	53.260601	24.480900	552.442017	
0.433457	-0.296111	0.851136	0.618023	0.785058	-0.041617	-0.655868	0.544061	0.523293	98.723984	31.137798	565.328552	
0.371796	-0.341612	0.863173	0.719678	0.693396	-0.035568	-0.586371	0.634430	0.503654	103.127991	30.916656	577.546387	
0.242386	-0.269909	0.931878	0.725828	0.687798	0.010422	-0.643757	0.673857	0.362621	103.899086	25.430569	573.442017	
0.186319	-0.304083	0.934247	0.799288	0.599879	0.035847	-0.571336	0.740053	0.354820	105.617332	24.605270	589.773193	
0.124712	-0.209509	0.969821	0.880308	0.474282	-0.010743	-0.457718	0.855080	0.243581	109.765190	20.633791	608.942627	
0.079675	-0.139783	0.986971	0.915864	0.401123	-0.017125	-0.393503	0.905296	0.159981	110.640999	15.136600	607.560974	
0.079675	-0.139783	0.986971	0.915864	0.401123	-0.017125	-0.393503	0.905296	0.159981	110.640999	15.136600	607.560974	
0.079675	-0.139783	0.986971	0.915864	0.401123	-0.017125	-0.393503	0.905296	0.159981	110.640999	15.136600	607.560974	
0.079675	-0.139783	0.986971	0.915864	0.401123	-0.017125	-0.393503	0.905296	0.159981	110.640999	15.136600	607.560974	
0.079675	-0.139783	0.986971	0.915864	0.401123	-0.017125	-0.393503	0.905296	0.159981	110.640999	15.136600	607.560974	
-0.014108	0.175920	0.984304	0.999337	0.035520	0.007975	-0.033560	0.983764	-0.176304	86.122307	-25.297035	635.701416	
0.026079	0.243159	0.969636	0.993658	-0.112436	0.001471	0.109379	0.963448	-0.244550	79.948128	-29.370554	647.294617	
0.026417	0.352108	0.935587	0.992904	-0.117797	0.016297	0.115947	0.928517	-0.352722	73.573318	-35.228699	652.581177	
0.041108	0.378042	0.924876	0.974325	-0.220245	0.046720	0.221361	0.899209	-0.377390	68.068916	-50.058075	680.306091	
0.104998	0.555779	0.824673	0.936540	-0.334161	0.105963	0.334466	0.761214	-0.555596	60.585060	-57.028023	687.845276	
0.287393	0.877912	0.382982	0.895634	-0.388037	0.217408	0.339476	0.280530	-0.897808	51.512634	-66.416786	672.584839	
0.187232	0.644465	0.741356	0.849853	-0.484762	0.206773	0.492639	0.591330	-0.638464	33.147099	-84.058197	717.033020	
0.187232	0.644465	0.741356	0.849853	-0.484762	0.206773	0.492639	0.591330	-0.638464	33.147099	-84.058197	717.033020	
0.187232	0.644465	0.741356	0.849853	-0.484762	0.206773	0.492639	0.591330	-0.638464	33.147099	-84.058197	717.033020	
0.343660	0.759307	0.552586	0.744162	-0.579109	0.332950	0.572818	0.296791	-0.764064	-2.536997	-111.486092	742.044434	
0.297207	0.740925	0.602244	0.463108	-0.663448	0.587680	0.834985	0.104241	-0.540310	-10.016853	-119.256378	720.370728	
0.352533	0.787604	0.505372	0.352866	-0.612058	0.707722	0.866722	-0.071167	-0.493689	-18.884735	-133.831802	725.590515	
0.466630	0.727655	0.502767	0.356780	-0.675010	0.645809	0.809299	-0.121977	-0.574593	-28.798004	-145.362030	765.059448	
0.395416	0.716419	0.574795	0.213092	-0.680275	0.701297	0.893442	-0.154820	-0.421654	-35.200722	-154.597321	755.815369	
0.484561	0.708733	0.512737	0.190443	-0.657558	0.728937	0.853776	-0.255567	-0.453600	-44.528492	-166.462311	755.625916	
0.625812	0.715379	0.310793	0.318915	-0.598325	0.735052	0.711796	-0.360887	-0.602584	-55.400711	-177.575531	794.240906	
0.792949	0.609238	0.007750	0.448976	-0.592865	0.668530	0.411889	-0.526630	-0.743646	-66.543861	-186.192520	800.424194	
0.810224	0.582753	-0.062735	0.441281	-0.536057	0.719663	0.385756	-0.610772	-0.691484	-79.900276	-197.218750	803.732483	
0.839159	0.473772	-0.267118	0.463921	-0.367162	0.806207	0.283882	-0.800457	-0.527900	-94.614311	-216.646240	847.232117	
0.855741	0.410349	-0.315151	0.471615	-0.368101	0.801300	0.212806	-0.834335	-0.508526	-105.779083	-223.013672	867.372070	
0.867589	0.328775	-0.373090	0.484288	-0.388223	0.784059	0.112937	-0.860924	-0.496040	-111.943512	-224.286835	868.856934	
0.880514	0.197551	-0.430892	0.473958	-0.381525	0.793601	-0.007619	-0.903001	-0.429569	-118.276711	-236.043472	901.086731	
0.812819	0.028228	-0.581832	0.529782	-0.451098	0.718222	-0.242189	-0.892028	-0.381616	-117.684448	-234.824417	889.645935	
0.766089	-0.093033	-0.635966	0.546886	-0.425487	0.721026	-0.337674	-0.900170	-0.275082	-122.423279	-240.428558	909.562500	
0.723396	-0.200357	-0.660724	0.544865	-0.422092	0.724543	-0.424053	-0.884135	-0.196171	-121.241257	-243.121674	918.275024	
0.667496	-0.152767	-0.728774	0.580030	-0.507050	0.637548	-0.466921	-0.848270	-0.249845	-117.233459	-243.236053	901.606262	
0.637673	-0.160645	-0.753370	0.629204	-0.455580	0.629722	-0.444382	-0.875579	-0.189432	-116.876938	-252.726746	936.077942	
0.575674	-0.156377	-0.802587	0.653669	-0.501671	0.566607	-0.491239	-0.850806	-0.186580	-109.610664	-251.601349	932.657410	
0.542119	-0.204944	-0.814926	0.640367	-0.527184	0.558577	-0.544093	-0.824666	-0.154557	-98.086929	-250.191162	941.526306	
0.490642	-0.249000	-0.835027	0.629417	-0.561429	0.537246	-0.602582	-0.789174	-0.118735	-92.289719	-250.096680	947.850464	
0.458015	-0.239705	-0.856016	0.682795	-0.521752	0.511436	-0.569221	-0.818728	-0.075301	-80.828529	-251.457108	968.978943	
0.417236	-0.269975	-0.867772	0.673519	-0.549216	0.494706	-0.610152	-0.790869	-0.047319	-75.286186	-253.836685	992.913330	
0.356475	-0.279142	-0.891631	0.698428	-0.554266	0.452756	-0.620584	-0.784136	-0.002621	-58.667900	-240.707001	988.877014	
0.356475	-0.279142	-0.891631	0.698428	-0.554266	0.452756	-0.620584	-0.784136	-0.002621	-58.667900	-240.707001	988.877014	
0.356475	-0.279142	-0.891631	0.698428	-0.554266	0.452756	-0.620584	-0.784136	-0.002621	-58.667900	-240.707001	988.877014	
0.356475	-0.279142	-0.891631	0.698428	-0.554266	0.452756	-0.620584	-0.784136	-0.002621	-58.667900	-240.707001	988.877014	
0.137313	-0.147963	-0.979414	0.751291	-0.628833	0.200330	-0.645528	-0.763333	0.024817	-20.001848	-214.749786	1025.695557	
0.079203	-0.129806	-0.988371	0.732375	-0.665058	0.146033	-0.676280	-0.735424	0.042392	-11.250000	-199.664993	1015.099976	
0.079203	-0.129806	-0.988371	0.732375	-0.665058	0.146033	-0.676280	-0.735424	0.042392	-11.250000	-199.664993	1015.099976	
0.079203	-0.129806	-0.988371	0.732375	-0.665058	0.146033	-0.676280	-0.735424	0.042392	-11.250000	-199.664993	1015.099976	
-0.027830	0.035252	-0.998990	0.660894	-0.749137	-0.044847	-0.749963	-0.661475	-0.002449	30.696848	-161.916779	1013.549561	
-0.073878	0.042880	-0.996344	0.663729	-0.743551	-0.081215	-0.744316	-0.667303	0.026471	50.282383	-150.083237	1022.629883	
-0.091231	-0.132143	-0.987023	0.724551	-0.688759	0.025241	-0.683157	-0.712845	0.158580	58.055771	-136.481781	1018.186401	
-0.089314	-0.164997	-0.982241	0.818943	-0.573458	0.021864	-0.566882	-0.802447	0.186341	75.274712	-128.850555	1059.646240	
0.038765	0.309212	-0.950203	0.562139	-0.792924	-0.235098	-0.826134	-0.525032	-0.204558	76.970703	-114.164001	1023.640015	
0.038765	0.309212	-0.950203	0.562139	-0.792924	-0.235098	-0.826134	-0.525032	-0.204558	76.970703	-114.164001	1023.640015	
0.038765	0.309212	-0.950203	0.562139	-0.792924	-0.235098	-0.826134	-0.525032	-0.204558	76.970703	-114.164001	1023.640015	
0.038765	0.309212	-0.950203	0.562139	-0.792924	-0.235098	-0.826134	-0.525032	-0.204558	76.970703	-114.164001	1023.640015	
0.234266	0.400925	-0.885652	0.427819	-0.860564	-0.276404	-0.872978	-0.314146	-0.373125	113.927483	-66.160439	999.027771	
0.185864	0.394326	-0.899979	0.343599	-0.884194	-0.316449	-0.920540	-0.250415	-0.299830	112.395164	-52.767082	973.280457	
0.412193	0.390178	-0.823321	0.380553	-0.894788	-0.233524	-0.827814	-0.217060	-0.517309	123.684998	-45.199200	1008.369995	
0.412193	0.390178	-0.823321	0.380553	-0.894788	-0.233524	-0.827814	-0.217060	-0.517309	123.684998	-45.199200	1008.369995	
0.412193	0.390178	-0.823321	0.380553	-0.894788	-0.233524	-0.827814	-0.217060	-0.517309	123.684998	-45.199200	1008.369995	
0.412193	0.390178	-0.823321	0.380553	-0.894788	-0.233524	-0.827814	-0.217060	-0.517309	123.684998	-45.199200	1008.369995	
0.486353	0.274456	-0.829538	0.183586	-0.960292	-0.210081	-0.854258	-0.050118	-0.517428	111.879646	3.660234	951.489014	
0.627536	0.176165	-0.758396	0.135369	-0.983917	-0.116538	-0.766730	-0.029532	-0.641291	114.931892	7.831161	1002.410156	
0.706239	0.132007	-0.695558	0.113631	-0.990861	-0.072675	-0.698795	-0.027711	-0.714785	106.429001	20.903799	975.453979	
0.706239	0.132007	-0.695558	0.113631	-0.990861	-0.072675	-0.698795	-0.027711	-0.714785	106.429001	20.903799	975.453979	
0.706239	0.132007	-0.695558	0.113631	-0.990861	-0.072675	-0.698795	-0.027711	-0.714785	106.429001	20.903799	975.453979	
0.706239	0.132007	-0.695558	0.113631	-0.990861	-0.072675	-0.698795	-0.027711	-0.714785	106.429001	20.903799	975.453979	
0.833226	-0.116148	-0.540596	-0.033973	-0.986596	0.159609	-0.551888	-0.114625	-0.826003	66.946075	45.031757	937.608398	
0.789705	-0.171589	-0.589001	-0.035069	-0.971145	0.235897	-0.612483	-0.165634	-0.772936	51.273186	47.846008	908.724060	
0.834986	-0.229845	-0.499969	-0.060264	-0.941319	0.332095	-0.546961	-0.247164	-0.799840	32.887299	52.029900	924.633972	
0.834986	-0.229845	-0.499969	-0.060264	-0.941319	0.332095	-0.546961	-0.247164	-0.799840	32.887299	52.029900	924.633972	
0.834986	-0.229845	-0.499969	-0.060264	-0.941319	0.332095	-0.546961	-0.247164	-0.799840	32.887299	52.029900	924.633972	
0.736446	-0.572726	-0.360045	-0.323321	-0.765481	0.556329	-0.594231	-0.293297	-0.748911	-13.348405	54.551846	876.014038	
0.764134	-0.580698	-0.280872	-0.277403	-0.688926	0.669648	-0.582362	-0.433787	-0.687520	-30.591255	47.815567	891.951782	
0.674566	-0.645695	-0.357825	-0.408705	-0.730311	0.547362	-0.614752	-0.222988	-0.756543	-49.407181	45.063705	834.225403	
0.465866	-0.827693	-0.312879	-0.408168	-0.514740	0.753950	-0.785091	-0.223532	-0.577638	-72.252296	50.199200	874.257019	
0.465866	-0.827693	-0.312879	-0.408168	-0.514740	0.753950	-0.785091	-0.223532	-0.577638	-72.252296	50.199200	874.257019	
0.465866	-0.827693	-0.312879	-0.408168	-0.514740	0.753950	-0.785091	-0.223532	-0.577638	-72.252296	50.199200	874.257019	
0.262830	-0.940008	-0.217498	-0.377576	-0.307653	0.873375	-0.887894	-0.147427	-0.435786	-105.325066	33.403664	819.490479	
0.110703	-0.974207	-0.196634	-0.297677	-0.221269	0.928670	-0.948227	-0.044274	-0.314494	-122.263000	31.504999	817.564026	
0.110703	-0.974207	-0.196634	-0.297677	-0.221269	0.928670	-0.948227	-0.044274	-0.314494	-122.263000	31.504999	817.564026	
0.110703	-0.974207	-0.196634	-0.297677	-0.221269	0.928670	-0.948227	-0.044274	-0.314494	-122.263000	31.504999	817.564026	
-0.208296	-0.967963	-0.140216	-0.031699	-0.136604	0.990118	-0.977552	0.210683	-0.002230	-151.212296	14.767711	768.461975	
-0.236051	-0.966062	-0.104901	0.068681	-0.124268	0.989868	-0.969311	0.226455	0.095684	-157.516754	7.841043	756.644226	
-0.284362	-0.952941	-0.105084	0.120451	-0.144252	0.982182	-0.951120	0.266639	0.155802	-160.895493	0.992973	741.128540	
-0.411065	-0.908242	-0.078246	0.169595	-0.160527	0.972351	-0.895692	0.386430	0.220020	-166.299255	-11.490499	729.946960	
-0.500025	-0.861721	-0.086096	0.297428	-0.264251	0.917446	-0.813334	0.433139	0.388432	-169.834702	-26.190599	723.576477	
-0.639507	-0.767935	-0.036143	0.259996	-0.260280	0.929868	-0.723486	0.585262	0.366110	-176.861954	-32.297874	741.041687	
-0.689540	-0.721763	-0.059933	0.328686	-0.385601	0.862135	-0.645368	0.574778	0.503121	-171.132004	-42.098000	723.101990	
-0.689540	-0.721763	-0.059933	0.328686	-0.385601	0.862135	-0.645368	0.574778	0.503121	-171.132004	-42.098000	723.101990	
-0.689540	-0.721763	-0.059933	0.328686	-0.385601	0.862135	-0.645368	0.574778	0.503121	-171.132004	-42.098000	723.101990	
-0.689540	-0.721763	-0.059933	0.328686	-0.385601	0.862135	-0.645368	0.574778	0.503121	-171.132004	-42.098000	723.101990	
-0.965712	-0.259532	-0.006450	0.191806	-0.730009	0.655971	-0.174954	0.632243	0.754758	-155.701340	-88.570633	681.349792	
-0.938189	-0.343065	-0.045895	0.224757	-0.704681	0.672985	-0.263219	0.621073	0.738230	-142.485153	-90.238655	649.967102	
-0.992013	-0.126138	-0.000560	0.113799	-0.896866	0.427412	-0.054415	0.423934	0.904057	-130.957993	-112.489998	671.726990	
-0.992013	-0.126138	-0.000560	0.113799	-0.896866	0.427412	-0.054415	0.423934	0.904057	-130.957993	-112.489998	671.726990	
-0.992013	-0.126138	-0.000560	0.113799	-0.896866	0.427412	-0.054415	0.423934	0.904057	-130.957993	-112.489998	671.726990	
-0.978121	0.207046	0.020302	-0.201414	-0.966885	0.156736	0.052082	0.149217	0.987432	-89.494781	-133.117676	642.926270	
-0.933345	0.358369	0.020949	-0.358046	-0.933537	0.017667	0.025888	0.008989	0.999625	-79.170914	-140.672485	617.647644	
-0.903879	0.427652	0.010786	-0.427341	-0.901497	-0.068428	-0.019540	-0.066460	0.997598	-69.736282	-143.973862	607.205933	
-0.935138	0.353451	-0.024297	-0.345321	-0.924662	-0.160479	-0.079188	-0.141679	0.986741	-63.173634	-146.694855	584.617249	
-0.947504	0.319090	-0.020442	-0.310424	-0.933329	-0.180374	-0.076634	-0.164559	0.983386	-58.528572	-146.315765	567.178162	
-0.764947	0.643386	0.030189	-0.620731	-0.723882	-0.301144	-0.171898	-0.249098	0.953101	-33.064499	-170.968994	598.400024	
-0.764947	0.643386	0.030189	-0.620731	-0.723882	-0.301144	-0.171898	-0.249098	0.953101	-33.064499	-170.968994	598.400024	
-0.764947	0.643386	0.030189	-0.620731	-0.723882	-0.301144	-0.171898	-0.249098	0.953101	-33.064499	-170.968994	598.400024	
-0.447251	0.894208	0.018903	-0.692605	-0.332889	-0.639909	-0.565919	-0.299292	0.768218	13.742285	-186.449524	580.917664	
-0.341506	0.928926	0.143070	-0.756011	-0.181057	-0.629020	-0.558409	-0.322977	0.764111	26.206959	-197.982483	609.145264	
-0.177566	0.974692	0.135817	-0.800578	-0.062808	-0.595929	-0.572316	-0.214549	0.791468	33.649300	-195.943359	584.452637	
-0.032808	0.976922	0.211061	-0.799731	0.100999	-0.591802	-0.599461	-0.188208	0.777961	51.430809	-200.832108	591.578430	
0.083898	0.951041	0.297459	-0.856919	0.221211	-0.465570	-0.508578	-0.215838	0.833524	56.057384	-195.867065	548.464294	
0.109935	0.884380	0.453638	-0.776631	0.361260	-0.516078	-0.620290	-0.295574	0.726551	68.714844	-196.567810	540.837402	
0.109820	0.853868	0.508773	-0.767650	0.398018	-0.502291	-0.631390	-0.335397	0.699181	72.034363	-193.272598	524.648315	
0.082043	0.482008	0.872318	-0.741533	0.614319	-0.269706	-0.665882	-0.624724	0.407825	80.875885	-198.353333	565.020569	
0.124161	0.355226	0.926498	-0.628941	0.750371	-0.203413	-0.767475	-0.557457	0.316583	86.734871	-192.414139	570.506104	
0.493493	0.868464	-0.047282	-0.047232	-0.027524	-0.998505	-0.868466	0.494988	0.027437	80.372803	-184.981995	562.841980	
0.493493	0.868464	-0.047282	-0.047232	-0.027524	-0.998505	-0.868466	0.494988	0.027437	80.372803	-184.981995	562.841980	
0.493493	0.868464	-0.047282	-0.047232	-0.027524	-0.998505	-0.868466	0.494988	0.027437	80.372803	-184.981995	562.841980	
0.493493	0.868464	-0.047282	-0.047232	-0.027524	-0.998505	-0.868466	0.494988	0.027437	80.372803	-184.981995	562.841980	
0.493493	0.868464	-0.047282	-0.047232	-0.027524	-0.998505	-0.868466	0.494988	0.027437	80.372803	-184.981995	562.841980	
0.493493	0.868464	-0.047282	-0.047232	-0.027524	-0.998505	-0.868466	0.494988	0.027437	80.372803	-184.981995	562.841980	
0.493493	0.868464	-0.047282	-0.047232	-0.027524	-0.998505	-0.868466	0.494988	0.027437	80.372803	-184.981995	562.841980	
0.878101	0.452592	-0.155238	0.181800	-0.615705	-0.766717	-0.442591	0.645033	-0.622933	55.427429	-137.375824	569.434204	
0.921543	0.343060	-0.181844	0.149072	-0.745056	-0.650130	-0.358518	0.572015	-0.737742	43.098701	-131.945999	579.059998	
0.921543	0.343060	-0.181844	0.149072	-0.745056	-0.650130	-0.358518	0.572015	-0.737742	43.098701	-131.945999	579.059998	
0.921543	0.343060	-0.181844	0.149072	-0.745056	-0.650130	-0.358518	0.572015	-0.737742	43.098701	-131.945999	579.059998	
0.955349	0.120198	-0.269926	-0.023533	-0.879667	-0.475007	-0.294540	0.460150	-0.837561	2.256203	-112.055145	600.677856	
0.967137	0.051319	-0.249025	-0.079136	-0.870014	-0.486634	-0.241628	0.490349	-0.837361	-18.347569	-100.039581	616.900513	
0.975761	-0.184558	-0.117592	-0.216311	-0.894830	-0.390497	-0.033155	0.406469	-0.913062	-39.634979	-94.484085	650.576965	
0.911345	-0.254023	-0.323916	-0.299948	-0.948710	-0.099907	-0.281924	0.188208	-0.940796	-44.854000	-74.637497	623.599976	
0.911345	-0.254023	-0.323916	-0.299948	-0.948710	-0.099907	-0.281924	0.188208	-0.940796	-44.854000	-74.637497	623.599976	
0.911345	-0.254023	-0.323916	-0.299948	-0.948710	-0.099907	-0.281924	0.188208	-0.940796	-44.854000	-74.637497	623.599976	
0.730664	-0.521632	-0.440489	-0.471689	-0.852129	0.226682	-0.493598	0.042145	-0.868668	-93.619415	-45.119415	642.364746	
0.642614	-0.591651	-0.486823	-0.516861	-0.803782	0.294596	-0.565598	0.062308	-0.822324	-111.284645	-39.345257	651.621338	
0.631001	-0.609322	-0.480171	-0.533365	-0.790200	0.301834	-0.563345	0.065649	-0.823609	-132.484436	-34.618759	681.892883	
0.655036	-0.626173	-0.422889	-0.610827	-0.768271	0.191436	-0.444766	0.132914	-0.885730	-148.691360	-24.915409	725.476196	
0.413866	-0.702707	-0.578720	-0.504249	-0.706244	0.496944	-0.757924	0.086151	-0.646630	-149.757996	-7.334210	689.658997	
0.413866	-0.702707	-0.578720	-0.504249	-0.706244	0.496944	-0.757924	0.086151	-0.646630	-149.757996	-7.334210	689.658997	
0.413866	-0.702707	-0.578720	-0.504249	-0.706244	0.496944	-0.757924	0.086151	-0.646630	-149.757996	-7.334210	689.658997	
0.413866	-0.702707	-0.578720	-0.504249	-0.706244	0.496944	-0.757924	0.086151	-0.646630	-149.757996	-7.334210	689.658997	
0.021009	-0.709273	-0.704621	-0.472367	-0.628193	0.618257	-0.881151	0.319851	-0.348235	-185.977646	17.579857	721.802063	
-0.049320	-0.669333	-0.741325	-0.456351	-0.645120	0.612832	-0.888432	0.368529	-0.273633	-192.946625	22.942625	731.669922	
0.063687	-0.627566	-0.775955	-0.330182	-0.746994	0.577043	-0.941766	0.219456	-0.254785	-195.973373	26.430063	735.079468	
0.017900	-0.634621	-0.772616	-0.273789	-0.746315	0.606674	-0.961623	0.200674	-0.187111	-191.356369	32.608498	724.855164	
-0.059191	-0.591115	-0.804413	-0.229770	-0.776121	0.587232	-0.971443	0.219589	-0.089881	-191.056107	35.222134	741.738953	
-0.151114	-0.538448	-0.828998	-0.214935	-0.800668	0.559226	-0.964866	0.262688	0.005261	-191.116928	37.809467	756.953430	
-0.194797	-0.483350	-0.853479	-0.223547	-0.825369	0.518452	-0.955029	0.291786	0.052728	-185.202881	41.330112	775.678284	
-0.150177	-0.310393	-0.938671	-0.052878	-0.945558	0.321130	-0.987244	0.097862	0.125588	-187.768539	37.779903	795.015991	
-0.498881	-0.176335	-0.848542	0.056632	-0.983623	0.171110	-0.864818	0.037309	0.500697	-197.717072	40.020813	847.023926	
-0.678957	-0.166601	-0.715026	0.095558	-0.985682	0.138925	-0.727933	0.025998	0.685155	-190.622925	43.927265	815.598572	
-0.278917	-0.279606	-0.918709	-0.313508	-0.877746	0.362319	-0.907699	0.389079	0.157160	-166.296005	41.045399	845.341980	
-0.278917	-0.279606	-0.918709	-0.313508	-0.877746	0.362319	-0.907699	0.389079	0.157160	-166.296005	41.045399	845.341980	
-0.278917	-0.279606	-0.918709	-0.313508	-0.877746	0.362319	-0.907699	0.389079	0.157160	-166.296005	41.045399	845.341980	
-0.237580	-0.119233	-0.964022	-0.335487	-0.921296	0.196628	-0.911594	0.370132	0.178880	-135.723724	30.887367	884.561951	
-0.221522	-0.087191	-0.971250	-0.277756	-0.949096	0.148553	-0.934762	0.302678	0.186028	-119.771004	24.764200	903.853027	
-0.221522	-0.087191	-0.971250	-0.277756	-0.949096	0.148553	-0.934762	0.302678	0.186028	-119.771004	24.764200	903.853027	
-0.221522	-0.087191	-0.971250	-0.277756	-0.949096	0.148553	-0.934762	0.302678	0.186028	-119.771004	24.764200	903.853027	
-0.086794	-0.000476	-0.996226	-0.217840	-0.975791	0.019444	-0.972117	0.218706	0.084589	-61.525639	4.798572	919.613281	
-0.049148	0.013104	-0.998706	-0.163800	-0.986481	-0.004883	-0.985268	0.163348	0.050630	-40.963631	-1.957211	929.444946	
0.047516	-0.004871	-0.998859	-0.218967	-0.975716	-0.005658	-0.974575	0.218986	-0.047429	-31.645800	-5.528690	946.828979	
0.047516	-0.004871	-0.998859	-0.218967	-0.975716	-0.005658	-0.974575	0.218986	-0.047429	-31.645800	-5.528690	946.828979	
0.047516	-0.004871	-0.998859	-0.218967	-0.975716	-0.005658	-0.974575	0.218986	-0.047429	-31.645800	-5.528690	946.828979	
0.182624	-0.078067	-0.980078	-0.315255	-0.948857	0.016837	-0.931270	0.305900	-0.197895	17.257915	-28.158508	958.076660	
0.185883	-0.093098	-0.978151	-0.429786	-0.902921	0.004264	-0.883591	0.419602	-0.207850	25.160187	-36.000023	978.324707	
0.262780	-0.263034	-0.928310	-0.481189	-0.869662	0.110205	-0.836304	0.417732	-0.355099	34.838017	-48.059807	1005.544312	
0.337866	-0.286240	-0.896612	-0.357669	-0.920214	0.158997	-0.870586	0.266970	-0.413288	52.448875	-64.945465	1016.818787	
0.355135	-0.358777	-0.863225	-0.319934	-0.914302	0.248384	-0.878363	0.187965	-0.439486	68.780991	-72.433678	1036.985596	
0.386722	-0.457823	-0.800527	-0.408217	-0.863372	0.296561	-0.826926	0.212101	-0.520776	81.013611	-87.114838	1033.226562	
0.386859	-0.556209	-0.735507	-0.468104	-0.805654	0.363045	-0.794493	0.203846	-0.572038	85.227798	-88.351196	996.323120	
0.438873	-0.645864	-0.624700	-0.467000	-0.757910	0.455504	-0.767660	0.091826	-0.634244	96.101158	-112.694038	1056.677368	
0.319090	-0.659161	-0.680946	-0.556235	-0.711994	0.428565	-0.767323	0.242015	-0.593838	97.681702	-114.693993	1034.708618	
0.200987	-0.675211	-0.709714	-0.443963	-0.708607	0.548429	-0.873213	0.204859	-0.442189	98.772537	-118.091179	1013.370483	
0.140973	-0.709225	-0.690742	-0.377931	-0.683425	0.624579	-0.915038	0.173004	-0.364383	101.321587	-131.147980	1017.223755	
0.026679	-0.741740	-0.670156	-0.407974	-0.620102	0.670098	-0.912604	0.255528	-0.319154	101.514931	-143.793732	1019.539307	
-0.070846	-0.805346	-0.588556	-0.415930	-0.512446	0.751267	-0.906633	0.298022	-0.298662	101.851509	-150.413498	1023.449707	
-0.166872	-0.801947	-0.573615	-0.363350	-0.490811	0.791885	-0.916587	0.340566	-0.209485	99.095802	-166.598007	1030.739990	
-0.166872	-0.801947	-0.573615	-0.363350	-0.490811	0.791885	-0.916587	0.340566	-0.209485	99.095802	-166.598007	1030.739990	
-0.166872	-0.801947	-0.573615	-0.363350	-0.490811	0.791885	-0.916587	0.340566	-0.209485	99.095802	-166.598007	1030.739990	
-0.166872	-0.801947	-0.573615	-0.363350	-0.490811	0.791885	-0.916587	0.340566	-0.209485	99.095802	-166.598007	1030.739990	
-0.166872	-0.801947	-0.573615	-0.363350	-0.490811	0.791885	-0.916587	0.340566	-0.209485	99.095802	-166.598007	1030.739990	
-0.694635	-0.605052	-0.389094	-0.035421	-0.511463	0.858574	-0.718489	0.610178	0.333850	53.537266	-194.881378	1025.465332	
-0.706128	-0.645503	-0.291047	-0.008539	-0.403243	0.915053	-0.708032	0.648630	0.279230	43.603447	-193.739822	1002.428650	
-0.797960	-0.590702	-0.119708	0.026249	-0.232488	0.972245	-0.602137	0.772671	0.201022	37.822411	-203.085678	1035.960327	
-0.784482	-0.615422	-0.076439	0.141352	-0.297459	0.944212	-0.603827	0.729913	0.320343	27.073997	-204.225372	1009.512024	
-0.849335	-0.527405	0.021753	0.259821	-0.381833	0.886958	-0.459481	0.758977	0.461336	7.126446	-215.055038	1023.175476	
-0.864911	-0.500212	0.041424	0.292562	-0.435360	0.851392	-0.407843	0.748498	0.522891	-4.935605	-219.143860	1031.991699	
-0.926061	-0.367340	0.086438	0.300659	-0.579763	0.757283	-0.228067	0.727280	0.647340	-24.526281	-218.299835	1015.466736	
-0.929823	-0.332615	0.157472	0.325730	-0.544716	0.772776	-0.171260	0.769838	0.614833	-33.444412	-219.246994	1024.568970	
-0.943591	-0.119726	0.308709	0.293776	-0.732810	0.613745	0.152744	0.669816	0.726646	-51.317482	-220.726151	1016.595093	
-0.905608	0.052340	0.420873	0.160765	-0.875935	0.454855	0.392465	0.479582	0.784839	-57.248001	-213.037003	987.377014	
-0.905608	0.052340	0.420873	0.160765	-0.875935	0.454855	0.392465	0.479582	0.784839	-57.248001	-213.037003	987.377014	
-0.905608	0.052340	0.420873	0.160765	-0.875935	0.454855	0.392465	0.479582	0.784839	-57.248001	-213.037003	987.377014	
-0.905608	0.052340	0.420873	0.160765	-0.875935	0.454855	0.392465	0.479582	0.784839	-57.248001	-213.037003	987.377014	
-0.712978	0.294281	0.636445	-0.366867	-0.930078	0.019067	0.597554	-0.219896	0.771086	-96.395943	-193.480026	922.776001	
-0.600856	0.410306	0.686019	-0.528237	-0.847931	0.044483	0.599948	-0.335652	0.726222	-108.045738	-192.466415	933.892761	
-0.453331	0.404980	0.794029	-0.669566	-0.742745	-0.003449	0.588364	-0.533218	0.607869	-123.410049	-183.955536	927.263428	
-0.375477	0.449382	0.810601	-0.801265	-0.596957	-0.040211	0.465824	-0.664604	0.584217	-130.160645	-173.823685	925.190735	
-0.317922	0.490693	0.811263	-0.901656	-0.421045	-0.098676	0.293159	-0.762851	0.576295	-132.895828	-160.618988	903.644592	
-0.268100	0.410295	0.871654	-0.945522	-0.285517	-0.156424	0.184692	-0.866105	0.464489	-138.423080	-146.931198	887.166870	
-0.177166	0.365324	0.913866	-0.983223	-0.024736	-0.180723	-0.043417	-0.930552	0.363577	-145.067993	-137.699005	904.036987	
-0.177166	0.365324	0.913866	-0.983223	-0.024736	-0.180723	-0.043417	-0.930552	0.363577	-145.067993	-137.699005	904.036987	
-0.177166	0.365324	0.913866	-0.983223	-0.024736	-0.180723	-0.043417	-0.930552	0.363577	-145.067993	-137.699005	904.036987	
-0.177166	0.365324	0.913866	-0.983223	-0.024736	-0.180723	-0.043417	-0.930552	0.363577	-145.067993	-137.699005	904.036987	
-0.034897	0.028598	0.998982	-0.726974	0.685189	-0.045010	-0.685778	-0.727805	-0.003121	-136.686768	-89.822815	824.356628	
-0.050406	-0.234534	0.970800	-0.664197	0.733794	0.142790	-0.745856	-0.637605	-0.192764	-132.283142	-79.310104	813.778931	
-0.089089	-0.526050	0.845775	-0.568221	0.724256	0.390614	-0.818039	-0.445788	-0.363436	-130.950241	-77.604408	822.950623	
-0.031175	-0.651928	0.757640	-0.424276	0.694960	0.580535	-0.904996	-0.303350	-0.298262	-116.492455	-69.491531	769.173035	
-0.059771	-0.276767	0.959076	-0.257440	0.932566	0.253072	-0.964444	-0.231778	-0.126991	-113.822998	-55.974602	811.554016	
-0.059771	-0.276767	0.959076	-0.257440	0.932566	0.253072	-0.964444	-0.231778	-0.126991	-113.822998	-55.974602	811.554016	
-0.059771	-0.276767	0.959076	-0.257440	0.932566	0.253072	-0.964444	-0.231778	-0.126991	-113.822998	-55.974602	811.554016	
-0.191517	-0.472235	0.860415	0.107061	0.861361	0.496584	-0.975633	0.187221	-0.114407	-81.741768	-12.332781	771.676331	
-0.285530	-0.488758	0.824370	0.291562	0.775107	0.560536	-0.912943	0.400405	-0.078813	-73.065315	-4.882492	767.697571	
-0.252392	-0.474274	0.843422	0.177646	0.834116	0.522201	-0.951179	0.281630	-0.126271	-63.375721	8.881605	749.762451	
-0.104464	-0.544776	0.832049	-0.052217	0.838478	0.542429	-0.993157	0.013217	-0.116037	-62.358616	30.348017	736.004395	
-0.441973	-0.545335	0.712229	0.516831	0.494147	0.699074	-0.733175	0.677074	0.063446	-33.702099	20.680500	726.643005	
-0.441973	-0.545335	0.712229	0.516831	0.494147	0.699074	-0.733175	0.677074	0.063446	-33.702099	20.680500	726.643005	
-0.441973	-0.545335	0.712229	0.516831	0.494147	0.699074	-0.733175	0.677074	0.063446	-33.702099	20.680500	726.643005	
-0.441973	-0.545335	0.712229	0.516831	0.494147	0.699074	-0.733175	0.677074	0.063446	-33.702099	20.680500	726.643005	
-0.752229	-0.530191	0.391213	0.552911	-0.184981	0.812448	-0.358387	0.827453	0.432296	6.979732	47.300331	682.427368	
-0.767271	-0.640115	0.039338	0.543368	-0.616273	0.570052	-0.340656	0.458759	0.820666	12.666817	53.570396	675.325439	
-0.790840	-0.589988	-0.162738	0.489562	-0.769400	0.410308	-0.367287	0.244818	0.897309	23.016975	59.460617	708.946716	
-0.892645	-0.445983	-0.065447	0.406187	-0.858805	0.312196	-0.195441	0.252097	0.947760	35.853214	62.056744	673.011108	
-0.907615	-0.403473	-0.115947	0.386205	-0.910764	0.146133	-0.164561	0.087853	0.982446	42.273430	59.767178	674.079651	
-0.938860	-0.236454	-0.250259	0.223757	-0.971482	0.078458	-0.261673	0.017664	0.964994	53.733360	60.819931	640.641296	
-0.944930	-0.069062	-0.319902	0.049166	-0.996343	0.069871	-0.323557	0.050295	0.944870	62.972179	63.188629	622.723145	
-0.940860	0.015125	-0.338456	-0.057898	-0.991484	0.116645	-0.333810	0.129343	0.933724	68.669930	65.602745	613.778320	
-0.922970	0.006983	-0.384807	-0.058576	-0.990736	0.122520	-0.380386	0.135623	0.914829	73.686432	64.284424	608.977539	
-0.847304	-0.079306	-0.525153	-0.050066	-0.972458	0.227636	-0.528742	0.219169	0.819997	77.370331	62.018501	628.099243	
-0.667270	-0.122592	-0.734657	-0.132352	-0.951147	0.278930	-0.732962	0.283355	0.618446	75.944107	60.365181	620.598572	
-0.390388	-0.322745	-0.862225	-0.084628	-0.919994	0.382686	-0.916752	0.222366	0.331841	67.808311	53.241013	607.766052	
-0.271312	-0.470620	-0.839586	-0.041308	-0.865808	0.498668	-0.961604	0.169977	0.215463	63.498539	43.401001	573.097839	
-0.730036	0.342247	-0.591536	-0.485766	-0.868702	0.096893	-0.480707	0.358083	0.800435	97.169899	29.265499	593.283020	
-0.730036	0.342247	-0.591536	-0.485766	-0.868702	0.096893	-0.480707	0.358083	0.800435	97.169899	29.265499	593.283020	
-0.730036	0.342247	-0.591536	-0.485766	-0.868702	0.096893	-0.480707	0.358083	0.800435	97.169899	29.265499	593.283020	
-0.730036	0.342247	-0.591536	-0.485766	-0.868702	0.096893	-0.480707	0.358083	0.800435	97.169899	29.265499	593.283020	
-0.730036	0.342247	-0.591536	-0.485766	-0.868702	0.096893	-0.480707	0.358083	0.800435	97.169899	29.265499	593.283020	
-0.305276	0.327885	-0.894035	-0.643311	-0.763231	-0.060249	-0.702110	0.556750	0.443928	49.954117	-6.528568	573.533691	
-0.211756	0.292672	-0.932471	-0.635791	-0.765869	-0.095998	-0.742247	0.572529	0.348255	34.106297	-19.595142	570.407104	
-0.123211	0.196710	-0.972689	-0.600818	-0.794892	-0.084647	-0.789834	0.573980	0.216126	25.705347	-27.571276	566.694214	
-0.041129	0.137403	-0.989661	-0.617470	-0.782210	-0.082939	-0.785519	0.607675	0.117014	8.579602	-35.384293	563.720154	
0.019853	0.047558	-0.998671	-0.599593	-0.798745	-0.049957	-0.800059	0.599788	0.012658	-0.321661	-43.363655	563.354065	
0.023061	-0.059720	-0.997948	-0.546007	-0.836943	0.037468	-0.837464	0.544024	-0.051908	-21.109436	-57.924458	561.682678	
0.135749	-0.222212	-0.965502	-0.529923	-0.839691	0.118749	-0.837111	0.495522	-0.231742	-40.751408	-63.889282	553.646484	
0.073499	-0.272293	-0.959403	-0.621062	-0.765193	0.169594	-0.780308	0.583384	-0.225352	-61.751598	-82.858101	575.432007	
0.073499	-0.272293	-0.959403	-0.621062	-0.765193	0.169594	-0.780308	0.583384	-0.225352	-61.751598	-82.858101	575.432007	
0.073499	-0.272293	-0.959403	-0.621062	-0.765193	0.169594	-0.780308	0.583384	-0.225352	-61.751598	-82.858101	575.432007	
-0.014927	-0.614679	-0.788636	-0.696176	-0.559753	0.449461	-0.717716	0.555739	-0.419570	-103.382561	-112.293343	585.500671	
-0.038466	-0.654993	-0.754656	-0.651407	-0.556253	0.515996	-0.757753	0.511436	-0.405270	-122.448807	-120.209335	588.115356	
-0.133896	-0.685241	-0.715903	-0.636410	-0.494300	0.592158	-0.759641	0.534896	-0.369910	-132.566956	-134.982986	599.621277	
-0.216745	-0.800030	-0.559440	-0.629934	-0.323176	0.706216	-0.745791	0.505479	-0.433919	-149.315994	-147.507004	603.632996	
-0.216745	-0.800030	-0.559440	-0.629934	-0.323176	0.706216	-0.745791	0.505479	-0.433919	-149.315994	-147.507004	603.632996	
-0.216745	-0.800030	-0.559440	-0.629934	-0.323176	0.706216	-0.745791	0.505479	-0.433919	-149.315994	-147.507004	603.632996	
-0.216745	-0.800030	-0.559440	-0.629934	-0.323176	0.706216	-0.745791	0.505479	-0.433919	-149.315994	-147.507004	603.632996	
-0.503326	-0.857196	-0.108981	-0.306347	0.059090	0.950084	-0.807969	0.511589	-0.292341	-186.480820	-185.654938	627.234619	
-0.493446	-0.869038	0.035831	-0.202626	0.154920	0.966924	-0.845845	0.469865	-0.252534	-208.555725	-197.807495	665.702026	
-0.561592	-0.810719	0.165374	-0.102189	0.266297	0.958459	-0.821079	0.521363	-0.232397	-217.999313	-203.480042	677.455566	
-0.547839	-0.786883	0.284056	0.063986	0.299136	0.952063	-0.834133	0.539753	-0.113529	-222.332809	-205.588806	689.051331	
-0.652624	-0.619745	0.435888	0.232532	0.383702	0.893701	-0.721117	0.684609	-0.106303	-204.496002	-203.875000	656.690002	
-0.652624	-0.619745	0.435888	0.232532	0.383702	0.893701	-0.721117	0.684609	-0.106303	-204.496002	-203.875000	656.690002	
-0.652624	-0.619745	0.435888	0.232532	0.383702	0.893701	-0.721117	0.684609	-0.106303	-204.496002	-203.875000	656.690002	
-0.652624	-0.619745	0.435888	0.232532	0.383702	0.893701	-0.721117	0.684609	-0.106303	-204.496002	-203.875000	656.690002	
-0.652624	-0.619745	0.435888	0.232532	0.383702	0.893701	-0.721117	0.684609	-0.106303	-204.496002	-203.875000	656.690002	
-0.459997	-0.164028	0.872638	0.855297	0.182098	0.485085	-0.238474	0.969503	0.056528	-188.599075	-211.369690	715.650696	
-0.422346	-0.083876	0.902545	0.891991	0.138585	0.430287	-0.161171	0.986793	0.016285	-184.426361	-211.269363	731.552368	
-0.313758	-0.043618	0.948500	0.942768	0.104457	0.316667	-0.112890	0.993573	0.008347	-169.374512	-211.431717	743.328491	
-0.115917	-0.069219	0.990844	0.952618	0.274689	0.130635	-0.281217	0.959039	0.034098	-153.518600	-214.610352	766.792542	
0.041828	-0.047831	0.997979	0.959115	0.281753	-0.026694	-0.279907	0.958295	0.057660	-137.158783	-214.560883	784.683044	
0.176066	-0.056030	0.982782	0.971496	0.170882	-0.164300	-0.158734	0.983698	0.084519	-120.499702	-212.494919	808.982971	
0.203935	0.008650	0.978946	0.941589	-0.275468	-0.193718	0.267993	0.961271	-0.064323	-107.157997	-187.074005	794.356018	
0.203935	0.008650	0.978946	0.941589	-0.275468	-0.193718	0.267993	0.961271	-0.064323	-107.157997	-187.074005	794.356018	
0.477914	0.096240	0.873119	0.822513	-0.397933	-0.406351	0.308335	0.912352	-0.269336	-75.936623	-174.984833	857.262390	
0.601478	0.141892	0.786188	0.785765	-0.282726	-0.550127	0.144217	0.948648	-0.281547	-65.038589	-171.780304	896.176636	
0.676892	-0.132379	0.724081	0.564238	-0.538410	-0.625900	0.472708	0.832220	-0.289752	-46.111301	-150.554993	857.086975	
0.676892	-0.132379	0.724081	0.564238	-0.538410	-0.625900	0.472708	0.832220	-0.289752	-46.111301	-150.554993	857.086975	
0.778480	-0.302694	0.549859	0.333963	-0.541988	-0.771180	0.531448	0.783981	-0.320837	-4.769820	-130.378494	884.784485	
0.841564	-0.302417	0.447565	0.190477	-0.609208	-0.769795	0.505459	0.733082	-0.455084	3.877510	-118.042999	889.822021	
0.841564	-0.302417	0.447565	0.190477	-0.609208	-0.769795	0.505459	0.733082	-0.455084	3.877510	-118.042999	889.822021	
0.841564	-0.302417	0.447565	0.190477	-0.609208	-0.769795	0.505459	0.733082	-0.455084	3.877510	-118.042999	889.822021	
0.922006	-0.379780	0.075310	-0.121285	-0.468030	-0.875350	0.367688	0.797944	-0.477588	30.825136	-81.485184	963.066406	
0.843958	-0.533942	0.051383	-0.276918	-0.515725	-0.810768	0.459402	0.670025	-0.583109	36.584702	-67.872498	931.487000	
0.843958	-0.533942	0.051383	-0.276918	-0.515725	-0.810768	0.459402	0.670025	-0.583109	36.584702	-67.872498	931.487000	
0.843958	-0.533942	0.051383	-0.276918	-0.515725	-0.810768	0.459402	0.670025	-0.583109	36.584702	-67.872498	931.487000	
0.746185	-0.601747	-0.284796	-0.564175	-0.344458	-0.750370	0.353433	0.720589	-0.596519	59.560486	-31.454052	972.087708	
0.684777	-0.670427	-0.285673	-0.611936	-0.316112	-0.724988	0.395746	0.671268	-0.626724	64.041901	-18.465099	976.182007	
0.684777	-0.670427	-0.285673	-0.611936	-0.316112	-0.724988	0.395746	0.671268	-0.626724	64.041901	-18.465099	976.182007	
0.684777	-0.670427	-0.285673	-0.611936	-0.316112	-0.724988	0.395746	0.671268	-0.626724	64.041901	-18.465099	976.182007	
0.684777	-0.670427	-0.285673	-0.611936	-0.316112	-0.724988	0.395746	0.671268	-0.626724	64.041901	-18.465099	976.182007	
0.483939	-0.609703	-0.627746	-0.756938	0.068335	-0.649905	0.439146	0.789678	-0.428437	63.540237	26.100559	998.550659	
0.408248	-0.593081	-0.693967	-0.752262	0.212086	-0.623796	0.517142	0.776708	-0.359568	60.655701	36.936821	1008.559448	
0.228534	-0.860101	-0.456069	-0.834406	0.068289	-0.546903	0.501537	0.505532	-0.702067	48.332413	49.550186	1038.707397	
0.150507	-0.984915	-0.085378	-0.949988	-0.120184	-0.288234	0.273625	0.124489	-0.953746	37.034199	50.956467	997.065918	
0.279196	-0.756703	-0.591144	-0.936871	-0.079688	-0.340475	0.210531	0.648884	-0.731181	41.025337	63.002964	1045.134644	
0.230644	-0.472378	-0.850684	-0.903764	0.219971	-0.367184	0.360575	0.853505	-0.376183	28.648045	75.280205	1097.658081	
0.191888	-0.480660	-0.855655	-0.901717	0.257812	-0.347043	0.387407	0.838152	-0.383949	16.354700	85.494003	1051.339966	
0.191888	-0.480660	-0.855655	-0.901717	0.257812	-0.347043	0.387407	0.838152	-0.383949	16.354700	85.494003	1051.339966	
0.191888	-0.480660	-0.855655	-0.901717	0.257812	-0.347043	0.387407	0.838152	-0.383949	16.354700	85.494003	1051.339966	
0.077922	-0.185614	-0.979529	-0.881056	0.446970	-0.154786	0.466550	0.875080	-0.128708	-34.674984	94.085754	1065.702271	
0.024033	-0.097592	-0.994937	-0.854582	0.514426	-0.071102	0.518760	0.851963	-0.071037	-45.151199	97.488144	1076.614502	
0.021149	-0.041171	-0.998929	-0.776136	0.629141	-0.042362	0.630211	0.776199	-0.018649	-54.583458	101.144943	1080.177368	
-0.003953	0.042827	-0.999075	-0.828448	0.559403	0.027258	0.560053	0.827789	0.033269	-66.084900	96.370102	1072.709961	
-0.003953	0.042827	-0.999075	-0.828448	0.559403	0.027258	0.560053	0.827789	0.033269	-66.084900	96.370102	1072.709961	
-0.003953	0.042827	-0.999075	-0.828448	0.559403	0.027258	0.560053	0.827789	0.033269	-66.084900	96.370102	1072.709961	
-0.003953	0.042827	-0.999075	-0.828448	0.559403	0.027258	0.560053	0.827789	0.033269	-66.084900	96.370102	1072.709961	
-0.004401	0.367997	-0.929817	-0.765215	0.597350	0.240038	0.643759	0.712566	0.278968	-114.722488	87.071198	1065.354614	
-0.043271	0.370317	-0.927898	-0.736411	0.615822	0.280112	0.675150	0.695434	0.246058	-131.384705	87.606018	1098.062866	
0.057715	0.503996	-0.861776	-0.670654	0.659005	0.340493	0.739522	0.558301	0.376041	-128.452057	75.668777	1037.774536	
0.079967	0.559614	-0.824887	-0.673616	0.640318	0.369098	0.734742	0.526141	0.428170	-137.017197	69.805923	1046.066650	
0.170859	0.715314	-0.677594	-0.635247	0.605664	0.479199	0.753172	0.348564	0.557885	-145.047958	68.667892	1059.460449	
0.226499	0.639792	-0.734415	-0.531389	0.713079	0.457322	0.816287	0.286676	0.501491	-152.858994	57.552917	1061.739746	
0.200149	0.669616	-0.715232	-0.529840	0.688024	0.495875	0.824142	0.279709	0.492497	-162.368958	44.064407	1044.382812	
0.308496	0.757716	-0.575063	-0.577058	0.629674	0.520110	0.756198	0.171392	0.631499	-174.567703	32.072243	1061.806396	
0.318853	0.782593	-0.534679	-0.581017	0.607088	0.542091	0.748834	0.137809	0.648273	-176.961517	25.909979	1055.183716	
0.359738	0.846653	-0.392131	-0.587114	0.532036	0.610110	0.725180	0.010746	0.688475	-181.082993	20.781200	1048.540039	
0.359738	0.846653	-0.392131	-0.587114	0.532036	0.610110	0.725180	0.010746	0.688475	-181.082993	20.781200	1048.540039	
0.359738	0.846653	-0.392131	-0.587114	0.532036	0.610110	0.725180	0.010746	0.688475	-181.082993	20.781200	1048.540039	
0.359738	0.846653	-0.392131	-0.587114	0.532036	0.610110	0.725180	0.010746	0.688475	-181.082993	20.781200	1048.540039	
0.359738	0.846653	-0.392131	-0.587114	0.532036	0.610110	0.725180	0.010746	0.688475	-181.082993	20.781200	1048.540039	
0.530505	0.822664	0.204425	-0.615682	0.208177	0.759999	0.582666	-0.529043	0.616939	-170.484543	-19.461632	981.629456	
0.551496	0.759695	0.344552	-0.634567	0.113965	0.764419	0.541458	-0.640215	0.544929	-160.602890	-32.859386	976.736694	
0.580911	0.689773	0.432153	-0.663343	0.093495	0.742452	0.471718	-0.717964	0.511869	-150.673553	-39.877903	967.518921	
0.594970	0.645790	0.478506	-0.685278	0.096476	0.721863	0.420007	-0.757396	0.499946	-139.373383	-47.323597	967.799438	
0.573139	0.681131	0.455602	-0.747549	0.206835	0.631181	0.335682	-0.702339	0.627724	-135.326950	-64.176743	986.342407	
