0.998896	-0.024067	0.040353	0.020558	0.996149	0.085230	-0.042249	-0.084306	0.995544	19.506756	2.625785	524.379272	
0.997650	-0.049261	0.047631	0.045314	0.995709	0.080681	-0.051401	-0.078333	0.995601	14.710860	1.898884	523.286560	
0.953587	-0.167756	0.250060	0.174119	0.984719	-0.003380	-0.245672	0.046763	0.968224	36.765099	15.847800	550.117004	
0.953587	-0.167756	0.250060	0.174119	0.984719	-0.003380	-0.245672	0.046763	0.968224	36.765099	15.847800	550.117004	
0.953587	-0.167756	0.250060	0.174119	0.984719	-0.003380	-0.245672	0.046763	0.968224	36.765099	15.847800	550.117004	
0.953587	-0.167756	0.250060	0.174119	0.984719	-0.003380	-0.245672	0.046763	0.968224	36.765099	15.847800	550.117004	
0.953587	-0.167756	0.250060	0.174119	0.984719	-0.003380	-0.245672	0.046763	0.968224	36.765099	15.847800	550.117004	
0.603786	-0.426439	0.673494	0.556820	0.830211	0.026480	-0.570434	0.359026	0.738719	78.785660	25.644657	528.445801	
0.538631	-0.352863	0.765091	0.570845	0.820726	-0.023358	-0.619688	0.449330	0.643498	89.851799	31.724899	564.103027	
0.538631	-0.352863	0.765091	0.570845	0.820726	-0.023358	-0.619688	0.449330	0.643498	89.851799	31.724899	564.103027	
0.538631	-0.352863	0.765091	0.570845	0.820726	-0.023358	-0.619688	0.449330	0.643498	89.851799	31.724899	564.103027	
0.538631	-0.352863	0.765091	0.570845	0.820726	-0.023358	-0.619688	0.449330	0.643498	89.851799	31.724899	564.103027	
0.538631	-0.352863	0.765091	0.570845	0.820726	-0.023358	-0.619688	0.449330	0.643498	89.851799	31.724899	564.103027	
0.538631	-0.352863	0.765091	0.570845	0.820726	-0.023358	-0.619688	0.449330	0.643498	89.851799	31.724899	564.103027	
0.032059	-0.293487	0.955425	0.950756	0.303795	0.061417	-0.308278	0.906407	0.288773	104.321037	9.047050	540.915710	
0.046608	-0.091838	0.994683	0.941736	0.336098	-0.013096	-0.333108	0.937339	0.102152	108.726997	8.352270	611.651001	
0.046608	-0.091838	0.994683	0.941736	0.336098	-0.013096	-0.333108	0.937339	0.102152	108.726997	8.352270	611.651001	
0.046608	-0.091838	0.994683	0.941736	0.336098	-0.013096	-0.333108	0.937339	0.102152	108.726997	8.352270	611.651001	
0.046608	-0.091838	0.994683	0.941736	0.336098	-0.013096	-0.333108	0.937339	0.102152	108.726997	8.352270	611.651001	
0.046608	-0.091838	0.994683	0.941736	0.336098	-0.013096	-0.333108	0.937339	0.102152	108.726997	8.352270	611.651001	
-0.248636	0.120918	0.961019	0.965765	-0.044867	0.255509	0.074014	0.991648	-0.105623	72.680756	-27.249853	586.697144	
0.009043	0.344257	0.938832	0.967480	-0.240354	0.078815	0.252784	0.907589	-0.335236	75.077698	-37.812901	659.747009	
0.009043	0.344257	0.938832	0.967480	-0.240354	0.078815	0.252784	0.907589	-0.335236	75.077698	-37.812901	659.747009	
0.009043	0.344257	0.938832	0.967480	-0.240354	0.078815	0.252784	0.907589	-0.335236	75.077698	-37.812901	659.747009	
-0.229724	0.590047	0.773997	0.970876	0.083353	0.224615	0.068018	0.803055	-0.592011	34.188480	-65.151466	601.777283	
0.187232	0.644465	0.741356	0.849853	-0.484762	0.206773	0.492639	0.591330	-0.638464	33.147099	-84.058197	717.033020	
0.187232	0.644465	0.741356	0.849853	-0.484762	0.206773	0.492639	0.591330	-0.638464	33.147099	-84.058197	717.033020	
0.187232	0.644465	0.741356	0.849853	-0.484762	0.206773	0.492639	0.591330	-0.638464	33.147099	-84.058197	717.033020	
0.383855	0.687572	0.616360	0.889545	-0.454415	-0.047071	0.247718	0.566348	-0.786057	-7.214897	-102.635979	681.394226	
0.464301	0.765106	0.446136	0.671301	-0.632593	0.386238	0.577736	0.120161	-0.807331	-13.107500	-126.323997	753.031006	
0.464301	0.765106	0.446136	0.671301	-0.632593	0.386238	0.577736	0.120161	-0.807331	-13.107500	-126.323997	753.031006	
0.464301	0.765106	0.446136	0.671301	-0.632593	0.386238	0.577736	0.120161	-0.807331	-13.107500	-126.323997	753.031006	
0.693310	0.474850	-0.542069	0.641806	-0.064780	0.764127	0.327730	-0.877679	-0.349674	-39.086311	-134.444565	698.393433	
0.761816	0.645735	0.051594	0.503687	-0.640547	0.579654	0.407352	-0.415603	-0.813227	-48.502300	-175.365997	795.978027	
0.761816	0.645735	0.051594	0.503687	-0.640547	0.579654	0.407352	-0.415603	-0.813227	-48.502300	-175.365997	795.978027	
0.761816	0.645735	0.051594	0.503687	-0.640547	0.579654	0.407352	-0.415603	-0.813227	-48.502300	-175.365997	795.978027	
0.772336	0.252369	-0.582930	0.628750	-0.173141	0.758086	0.090388	-0.952015	-0.292400	-69.392509	-167.717789	706.589783	
0.858713	0.451208	-0.242947	0.475846	-0.526092	0.704839	0.190216	-0.720860	-0.666467	-94.991699	-216.274002	844.877991	
0.858713	0.451208	-0.242947	0.475846	-0.526092	0.704839	0.190216	-0.720860	-0.666467	-94.991699	-216.274002	844.877991	
0.858713	0.451208	-0.242947	0.475846	-0.526092	0.704839	0.190216	-0.720860	-0.666467	-94.991699	-216.274002	844.877991	
0.897831	0.221787	-0.380406	0.440042	-0.483636	0.756611	-0.016171	-0.846704	-0.531819	-100.426529	-197.087830	777.311462	
0.853696	0.127297	-0.504973	0.500304	-0.469647	0.727412	-0.144562	-0.873629	-0.464623	-115.860001	-238.270996	901.768005	
0.853696	0.127297	-0.504973	0.500304	-0.469647	0.727412	-0.144562	-0.873629	-0.464623	-115.860001	-238.270996	901.768005	
0.853696	0.127297	-0.504973	0.500304	-0.469647	0.727412	-0.144562	-0.873629	-0.464623	-115.860001	-238.270996	901.768005	
0.853696	0.127297	-0.504973	0.500304	-0.469647	0.727412	-0.144562	-0.873629	-0.464623	-115.860001	-238.270996	901.768005	
0.853696	0.127297	-0.504973	0.500304	-0.469647	0.727412	-0.144562	-0.873629	-0.464623	-115.860001	-238.270996	901.768005	
0.789185	0.161474	-0.592548	0.610333	-0.098729	0.785968	0.068411	-0.981926	-0.176469	-91.063660	-207.323242	792.551697	
0.576572	-0.149607	-0.803233	0.695997	-0.425006	0.578756	-0.427964	-0.892742	-0.140921	-98.016899	-253.289001	964.247986	
0.576572	-0.149607	-0.803233	0.695997	-0.425006	0.578756	-0.427964	-0.892742	-0.140921	-98.016899	-253.289001	964.247986	
0.576572	-0.149607	-0.803233	0.695997	-0.425006	0.578756	-0.427964	-0.892742	-0.140921	-98.016899	-253.289001	964.247986	
0.576572	-0.149607	-0.803233	0.695997	-0.425006	0.578756	-0.427964	-0.892742	-0.140921	-98.016899	-253.289001	964.247986	
0.576572	-0.149607	-0.803233	0.695997	-0.425006	0.578756	-0.427964	-0.892742	-0.140921	-98.016899	-253.289001	964.247986	
0.490187	-0.212215	-0.845389	0.581430	-0.642963	0.498535	-0.649350	-0.735910	-0.191784	-40.195129	-196.350494	849.879517	
0.215122	-0.214118	-0.952825	0.742050	-0.598453	0.302018	-0.634889	-0.772015	0.030146	-40.685398	-228.108994	1005.630005	
0.215122	-0.214118	-0.952825	0.742050	-0.598453	0.302018	-0.634889	-0.772015	0.030146	-40.685398	-228.108994	1005.630005	
0.215122	-0.214118	-0.952825	0.742050	-0.598453	0.302018	-0.634889	-0.772015	0.030146	-40.685398	-228.108994	1005.630005	
0.215122	-0.214118	-0.952825	0.742050	-0.598453	0.302018	-0.634889	-0.772015	0.030146	-40.685398	-228.108994	1005.630005	
0.037621	-0.182378	-0.982509	0.809403	-0.571051	0.136994	-0.586047	-0.800399	0.126134	12.671902	-157.601685	884.630249	
0.000989	-0.002580	-0.999996	0.690516	-0.723312	0.002549	-0.723316	-0.690516	0.001066	16.929300	-176.248001	1021.419983	
0.000989	-0.002580	-0.999996	0.690516	-0.723312	0.002549	-0.723316	-0.690516	0.001066	16.929300	-176.248001	1021.419983	
0.000989	-0.002580	-0.999996	0.690516	-0.723312	0.002549	-0.723316	-0.690516	0.001066	16.929300	-176.248001	1021.419983	
-0.277285	0.261245	-0.924589	0.750353	-0.542147	-0.378216	-0.600070	-0.798642	-0.045696	44.718853	-117.473312	924.771057	
0.000317	0.278981	-0.960297	0.591321	-0.774471	-0.224800	-0.806436	-0.567772	-0.165213	69.726997	-121.514000	1024.689941	
0.000317	0.278981	-0.960297	0.591321	-0.774471	-0.224800	-0.806436	-0.567772	-0.165213	69.726997	-121.514000	1024.689941	
0.000317	0.278981	-0.960297	0.591321	-0.774471	-0.224800	-0.806436	-0.567772	-0.165213	69.726997	-121.514000	1024.689941	
0.000317	0.278981	-0.960297	0.591321	-0.774471	-0.224800	-0.806436	-0.567772	-0.165213	69.726997	-121.514000	1024.689941	
0.603778	0.492881	-0.626515	0.782448	-0.516690	0.347571	-0.152404	-0.700071	-0.697620	97.223267	-73.772629	952.816589	
0.245917	0.391312	-0.886792	0.431755	-0.863334	-0.261230	-0.867820	-0.318636	-0.381260	116.265999	-67.012703	1015.229980	
0.245917	0.391312	-0.886792	0.431755	-0.863334	-0.261230	-0.867820	-0.318636	-0.381260	116.265999	-67.012703	1015.229980	
0.245917	0.391312	-0.886792	0.431755	-0.863334	-0.261230	-0.867820	-0.318636	-0.381260	116.265999	-67.012703	1015.229980	
0.245917	0.391312	-0.886792	0.431755	-0.863334	-0.261230	-0.867820	-0.318636	-0.381260	116.265999	-67.012703	1015.229980	
0.931879	0.237591	-0.274137	0.258978	-0.964876	0.044102	-0.254031	-0.112093	-0.960679	114.279587	-13.904116	964.458313	
0.982853	0.058338	-0.174913	0.064369	-0.997505	0.028996	-0.172785	-0.039757	-0.984157	111.284142	-1.709040	986.723999	
0.999391	-0.034555	-0.004728	-0.034067	-0.996221	0.079893	-0.007471	-0.079683	-0.996792	103.919891	4.937506	978.676147	
0.986446	-0.153265	-0.058589	-0.149621	-0.986784	0.062219	-0.067351	-0.052609	-0.996341	102.279488	9.858994	963.702026	
0.706239	0.132007	-0.695558	0.113631	-0.990861	-0.072675	-0.698795	-0.027711	-0.714785	106.429001	20.903799	975.453979	
0.706239	0.132007	-0.695558	0.113631	-0.990861	-0.072675	-0.698795	-0.027711	-0.714785	106.429001	20.903799	975.453979	
0.706239	0.132007	-0.695558	0.113631	-0.990861	-0.072675	-0.698795	-0.027711	-0.714785	106.429001	20.903799	975.453979	
0.706239	0.132007	-0.695558	0.113631	-0.990861	-0.072675	-0.698795	-0.027711	-0.714785	106.429001	20.903799	975.453979	
0.973441	-0.142257	-0.179372	-0.115164	-0.981435	0.153373	-0.197861	-0.128643	-0.971752	59.142097	45.081642	890.637573	
0.836847	-0.172584	-0.519521	-0.046735	-0.968064	0.246309	-0.545438	-0.181843	-0.818187	51.109901	48.019600	938.827026	
0.836847	-0.172584	-0.519521	-0.046735	-0.968064	0.246309	-0.545438	-0.181843	-0.818187	51.109901	48.019600	938.827026	
0.836847	-0.172584	-0.519521	-0.046735	-0.968064	0.246309	-0.545438	-0.181843	-0.818187	51.109901	48.019600	938.827026	
0.772182	-0.557202	-0.305388	-0.353807	-0.776272	0.521749	-0.527784	-0.294837	-0.796565	5.362421	56.155525	809.977966	
0.727994	-0.567311	-0.384946	-0.336105	-0.784709	0.520831	-0.597543	-0.249780	-0.761940	-13.436400	55.756599	889.986023	
0.727994	-0.567311	-0.384946	-0.336105	-0.784709	0.520831	-0.597543	-0.249780	-0.761940	-13.436400	55.756599	889.986023	
0.727994	-0.567311	-0.384946	-0.336105	-0.784709	0.520831	-0.597543	-0.249780	-0.761940	-13.436400	55.756599	889.986023	
0.700460	-0.589758	0.401923	-0.711475	-0.532676	0.458321	-0.056204	-0.606993	-0.792716	-66.863647	53.296310	854.784363	
0.414594	-0.866379	-0.278386	-0.410109	-0.450975	0.792737	-0.812356	-0.214496	-0.542281	-81.324600	45.281200	869.359009	
0.414594	-0.866379	-0.278386	-0.410109	-0.450975	0.792737	-0.812356	-0.214496	-0.542281	-81.324600	45.281200	869.359009	
0.414594	-0.866379	-0.278386	-0.410109	-0.450975	0.792737	-0.812356	-0.214496	-0.542281	-81.324600	45.281200	869.359009	
0.278011	-0.832936	-0.478463	-0.748891	-0.499876	0.435071	-0.601559	0.237362	-0.762749	-120.466156	33.009785	821.905701	
-0.020271	-0.983170	-0.181567	-0.217388	-0.172925	0.960645	-0.975875	0.058944	-0.210224	-136.233994	26.266600	806.614990	
-0.020271	-0.983170	-0.181567	-0.217388	-0.172925	0.960645	-0.975875	0.058944	-0.210224	-136.233994	26.266600	806.614990	
-0.020271	-0.983170	-0.181567	-0.217388	-0.172925	0.960645	-0.975875	0.058944	-0.210224	-136.233994	26.266600	806.614990	
-0.020271	-0.983170	-0.181567	-0.217388	-0.172925	0.960645	-0.975875	0.058944	-0.210224	-136.233994	26.266600	806.614990	
-0.308613	-0.948233	-0.074919	-0.198716	-0.012752	0.979974	-0.930199	0.317320	-0.184493	-139.242767	0.515926	669.563171	
-0.469577	-0.876984	-0.101961	0.210418	-0.223322	0.951762	-0.857451	0.425472	0.289400	-170.470993	-13.118800	743.817993	
-0.469577	-0.876984	-0.101961	0.210418	-0.223322	0.951762	-0.857451	0.425472	0.289400	-170.470993	-13.118800	743.817993	
-0.469577	-0.876984	-0.101961	0.210418	-0.223322	0.951762	-0.857451	0.425472	0.289400	-170.470993	-13.118800	743.817993	
-0.469577	-0.876984	-0.101961	0.210418	-0.223322	0.951762	-0.857451	0.425472	0.289400	-170.470993	-13.118800	743.817993	
-0.469577	-0.876984	-0.101961	0.210418	-0.223322	0.951762	-0.857451	0.425472	0.289400	-170.470993	-13.118800	743.817993	
-0.867117	-0.415185	-0.275189	0.127201	-0.718729	0.683557	-0.481589	0.557719	0.676034	-146.086639	-51.851543	639.287048	
-0.920830	-0.389137	-0.025402	0.252947	-0.645596	0.720571	-0.296801	0.657098	0.692915	-160.873993	-73.622200	691.382019	
-0.920830	-0.389137	-0.025402	0.252947	-0.645596	0.720571	-0.296801	0.657098	0.692915	-160.873993	-73.622200	691.382019	
-0.920830	-0.389137	-0.025402	0.252947	-0.645596	0.720571	-0.296801	0.657098	0.692915	-160.873993	-73.622200	691.382019	
-0.974286	-0.223421	-0.029173	0.166759	-0.802074	0.573471	-0.151525	0.553860	0.818706	-121.229065	-97.053345	605.927979	
-0.983045	-0.134868	-0.124230	0.053559	-0.859150	0.508914	-0.175369	0.493631	0.851807	-119.695618	-104.970512	623.433167	
-0.992044	-0.018652	-0.124509	-0.057617	-0.812054	0.580731	-0.111940	0.583284	0.804518	-121.494789	-118.885628	639.134094	
-0.988518	0.090837	-0.120752	-0.147250	-0.758425	0.634908	-0.033908	0.645399	0.763093	-108.417946	-128.660202	633.779907	
-0.974712	0.130560	-0.181359	-0.219076	-0.718354	0.660283	-0.044073	0.683317	0.728791	-105.485847	-142.245117	639.894958	
-0.981169	0.148400	-0.123638	-0.191032	-0.650898	0.734737	0.028559	0.744520	0.666989	-96.488884	-152.390213	622.490906	
-0.987730	-0.011708	-0.155732	-0.119758	-0.583252	0.803415	-0.100237	0.812207	0.574693	-94.838600	-174.058487	635.943542	
-0.977606	0.105171	-0.182283	-0.209189	-0.580224	0.787134	-0.022982	0.807638	0.589230	-88.391815	-180.245071	630.272644	
-0.859887	0.473547	0.190655	-0.221557	-0.682665	0.696334	0.459900	0.556527	0.691932	-76.055382	-186.043823	605.137085	
-0.668962	0.742730	0.029015	-0.682474	-0.598289	-0.419857	-0.294481	-0.300670	0.907126	-23.287201	-174.556000	594.867004	
-0.668962	0.742730	0.029015	-0.682474	-0.598289	-0.419857	-0.294481	-0.300670	0.907126	-23.287201	-174.556000	594.867004	
-0.668962	0.742730	0.029015	-0.682474	-0.598289	-0.419857	-0.294481	-0.300670	0.907126	-23.287201	-174.556000	594.867004	
-0.283922	0.929968	0.233558	-0.772835	-0.077771	-0.629822	-0.567550	-0.359322	0.740793	21.134829	-186.431488	559.975525	
-0.187141	0.976332	0.108419	-0.932870	-0.142052	-0.331018	-0.307783	-0.163088	0.937375	28.185455	-187.973999	569.539917	
0.007004	0.991187	0.132286	-0.930602	0.054875	-0.361894	-0.365965	-0.120570	0.922786	45.847584	-195.529953	605.172913	
0.207326	0.964135	0.165707	-0.891830	0.255893	-0.373038	-0.402063	-0.070442	0.912899	51.959858	-189.466095	582.499451	
0.366548	0.908824	0.199203	-0.830056	0.416153	-0.371245	-0.420296	-0.029270	0.906915	59.830765	-183.521072	553.012695	
0.235873	0.971621	-0.017781	-0.345091	0.066642	-0.936200	-0.908447	0.226960	0.351017	69.710297	-194.490997	565.020996	
0.235873	0.971621	-0.017781	-0.345091	0.066642	-0.936200	-0.908447	0.226960	0.351017	69.710297	-194.490997	565.020996	
0.235873	0.971621	-0.017781	-0.345091	0.066642	-0.936200	-0.908447	0.226960	0.351017	69.710297	-194.490997	565.020996	
0.235873	0.971621	-0.017781	-0.345091	0.066642	-0.936200	-0.908447	0.226960	0.351017	69.710297	-194.490997	565.020996	
0.235873	0.971621	-0.017781	-0.345091	0.066642	-0.936200	-0.908447	0.226960	0.351017	69.710297	-194.490997	565.020996	
0.235873	0.971621	-0.017781	-0.345091	0.066642	-0.936200	-0.908447	0.226960	0.351017	69.710297	-194.490997	565.020996	
0.235873	0.971621	-0.017781	-0.345091	0.066642	-0.936200	-0.908447	0.226960	0.351017	69.710297	-194.490997	565.020996	
0.235873	0.971621	-0.017781	-0.345091	0.066642	-0.936200	-0.908447	0.226960	0.351017	69.710297	-194.490997	565.020996	
0.235873	0.971621	-0.017781	-0.345091	0.066642	-0.936200	-0.908447	0.226960	0.351017	69.710297	-194.490997	565.020996	
0.235873	0.971621	-0.017781	-0.345091	0.066642	-0.936200	-0.908447	0.226960	0.351017	69.710297	-194.490997	565.020996	
0.852887	0.406715	-0.327363	0.255580	-0.871995	-0.417496	-0.455262	0.272410	-0.847662	49.189663	-120.325478	531.783630	
0.921543	0.343060	-0.181844	0.149072	-0.745056	-0.650130	-0.358518	0.572015	-0.737742	43.098701	-131.945999	579.059998	
0.921543	0.343060	-0.181844	0.149072	-0.745056	-0.650130	-0.358518	0.572015	-0.737742	43.098701	-131.945999	579.059998	
0.921543	0.343060	-0.181844	0.149072	-0.745056	-0.650130	-0.358518	0.572015	-0.737742	43.098701	-131.945999	579.059998	
0.988271	-0.093535	-0.120711	-0.082075	-0.991927	0.096661	-0.128777	-0.085620	-0.987970	-0.279121	-97.651825	544.333374	
0.961849	0.007043	-0.273492	-0.094832	-0.929108	-0.357442	-0.256621	0.369741	-0.892993	-15.660300	-97.020599	608.431030	
0.961849	0.007043	-0.273492	-0.094832	-0.929108	-0.357442	-0.256621	0.369741	-0.892993	-15.660300	-97.020599	608.431030	
0.961849	0.007043	-0.273492	-0.094832	-0.929108	-0.357442	-0.256621	0.369741	-0.892993	-15.660300	-97.020599	608.431030	
0.866725	-0.482535	0.126285	-0.498472	-0.846942	0.184968	0.017702	-0.223266	-0.974597	-55.427673	-64.539711	602.376770	
0.814669	-0.425287	-0.394265	-0.396943	-0.904568	0.155541	-0.422789	0.029786	-0.905739	-74.946602	-52.914001	645.109985	
0.814669	-0.425287	-0.394265	-0.396943	-0.904568	0.155541	-0.422789	0.029786	-0.905739	-74.946602	-52.914001	645.109985	
0.814669	-0.425287	-0.394265	-0.396943	-0.904568	0.155541	-0.422789	0.029786	-0.905739	-74.946602	-52.914001	645.109985	
0.656865	-0.751718	0.058718	-0.750836	-0.644981	0.142284	-0.069085	-0.137550	-0.988082	-133.548813	-32.607193	679.256104	
0.594769	-0.784744	0.174433	-0.789418	-0.611139	-0.057704	0.151886	-0.103380	-0.982976	-137.581558	-20.466455	681.649414	
0.697001	-0.715811	-0.042474	-0.705005	-0.673251	-0.222937	0.130986	0.185332	-0.973907	-138.732590	-10.139045	668.940491	
0.307176	-0.740729	-0.597465	-0.539816	-0.652664	0.531627	-0.783736	0.159218	-0.600340	-157.166000	-2.144420	700.442993	
0.307176	-0.740729	-0.597465	-0.539816	-0.652664	0.531627	-0.783736	0.159218	-0.600340	-157.166000	-2.144420	700.442993	
0.307176	-0.740729	-0.597465	-0.539816	-0.652664	0.531627	-0.783736	0.159218	-0.600340	-157.166000	-2.144420	700.442993	
0.307176	-0.740729	-0.597465	-0.539816	-0.652664	0.531627	-0.783736	0.159218	-0.600340	-157.166000	-2.144420	700.442993	
-0.153406	-0.631978	-0.759651	-0.266595	-0.713776	0.647650	-0.951521	0.301873	-0.058985	-163.262100	20.351372	642.244080	
-0.440592	-0.614297	-0.654612	-0.530189	-0.410375	0.741951	-0.724415	0.673966	-0.144886	-180.936142	19.600798	707.192444	
-0.143690	-0.608809	-0.780196	-0.386300	-0.691326	0.610607	-0.911112	0.389127	-0.135846	-195.903000	35.338299	753.885010	
-0.143690	-0.608809	-0.780196	-0.386300	-0.691326	0.610607	-0.911112	0.389127	-0.135846	-195.903000	35.338299	753.885010	
-0.143690	-0.608809	-0.780196	-0.386300	-0.691326	0.610607	-0.911112	0.389127	-0.135846	-195.903000	35.338299	753.885010	
-0.143690	-0.608809	-0.780196	-0.386300	-0.691326	0.610607	-0.911112	0.389127	-0.135846	-195.903000	35.338299	753.885010	
-0.543176	-0.461519	-0.701398	-0.281714	-0.686772	0.670059	-0.790947	0.561554	0.243022	-184.439468	43.320419	790.684753	
-0.304941	-0.404095	-0.862391	-0.287989	-0.824001	0.487939	-0.907785	0.397151	0.134897	-181.865997	43.062599	820.690002	
-0.304941	-0.404095	-0.862391	-0.287989	-0.824001	0.487939	-0.907785	0.397151	0.134897	-181.865997	43.062599	820.690002	
-0.304941	-0.404095	-0.862391	-0.287989	-0.824001	0.487939	-0.907785	0.397151	0.134897	-181.865997	43.062599	820.690002	
-0.304941	-0.404095	-0.862391	-0.287989	-0.824001	0.487939	-0.907785	0.397151	0.134897	-181.865997	43.062599	820.690002	
-0.538886	-0.410979	-0.735321	-0.125344	-0.824073	0.552443	-0.833001	0.389873	0.392568	-136.646545	38.731834	798.165833	
-0.244721	-0.116244	-0.962600	-0.336694	-0.920819	0.196796	-0.909257	0.372262	0.186205	-137.164993	31.236799	892.781982	
-0.244721	-0.116244	-0.962600	-0.336694	-0.920819	0.196796	-0.909257	0.372262	0.186205	-137.164993	31.236799	892.781982	
-0.244721	-0.116244	-0.962600	-0.336694	-0.920819	0.196796	-0.909257	0.372262	0.186205	-137.164993	31.236799	892.781982	
-0.692878	-0.334354	-0.638848	-0.107144	-0.828414	0.549773	-0.713049	0.449375	0.538166	-81.918777	17.320694	908.679382	
-0.098312	-0.010054	-0.995105	-0.221161	-0.974722	0.031698	-0.970269	0.223195	0.093603	-62.448200	4.534850	936.427002	
-0.098312	-0.010054	-0.995105	-0.221161	-0.974722	0.031698	-0.970269	0.223195	0.093603	-62.448200	4.534850	936.427002	
-0.098312	-0.010054	-0.995105	-0.221161	-0.974722	0.031698	-0.970269	0.223195	0.093603	-62.448200	4.534850	936.427002	
0.353443	0.035504	-0.934782	-0.475104	-0.853991	-0.212073	-0.805825	0.519074	-0.284969	-23.434689	-10.133633	936.354736	
0.153534	-0.048433	-0.986956	-0.282491	-0.959265	0.003129	-0.946903	0.278326	-0.160962	-1.158590	-22.189899	973.940002	
0.153534	-0.048433	-0.986956	-0.282491	-0.959265	0.003129	-0.946903	0.278326	-0.160962	-1.158590	-22.189899	973.940002	
0.153534	-0.048433	-0.986956	-0.282491	-0.959265	0.003129	-0.946903	0.278326	-0.160962	-1.158590	-22.189899	973.940002	
0.153534	-0.048433	-0.986956	-0.282491	-0.959265	0.003129	-0.946903	0.278326	-0.160962	-1.158590	-22.189899	973.940002	
0.861194	0.108997	-0.496452	-0.216785	-0.804675	-0.552723	-0.459727	0.583625	-0.669352	50.948685	-55.515923	914.991333	
0.328814	-0.323894	-0.887116	-0.251063	-0.935526	0.248511	-0.910411	0.141008	-0.388932	65.234001	-69.544197	1006.719971	
0.328814	-0.323894	-0.887116	-0.251063	-0.935526	0.248511	-0.910411	0.141008	-0.388932	65.234001	-69.544197	1006.719971	
0.328814	-0.323894	-0.887116	-0.251063	-0.935526	0.248511	-0.910411	0.141008	-0.388932	65.234001	-69.544197	1006.719971	
0.328814	-0.323894	-0.887116	-0.251063	-0.935526	0.248511	-0.910411	0.141008	-0.388932	65.234001	-69.544197	1006.719971	
0.582533	-0.106044	-0.805860	-0.778950	-0.356006	-0.516234	-0.232148	0.928448	-0.289988	81.822479	-86.943932	791.342590	
0.133876	-0.689890	-0.711427	-0.437415	-0.685311	0.582252	-0.889239	0.233239	-0.393515	99.333603	-120.739998	1021.030029	
0.133876	-0.689890	-0.711427	-0.437415	-0.685311	0.582252	-0.889239	0.233239	-0.393515	99.333603	-120.739998	1021.030029	
0.133876	-0.689890	-0.711427	-0.437415	-0.685311	0.582252	-0.889239	0.233239	-0.393515	99.333603	-120.739998	1021.030029	
0.133876	-0.689890	-0.711427	-0.437415	-0.685311	0.582252	-0.889239	0.233239	-0.393515	99.333603	-120.739998	1021.030029	
0.133876	-0.689890	-0.711427	-0.437415	-0.685311	0.582252	-0.889239	0.233239	-0.393515	99.333603	-120.739998	1021.030029	
0.145272	-0.615480	-0.774649	-0.672930	-0.635432	0.378672	-0.725302	0.466273	-0.506485	87.850998	-159.344849	923.542358	
-0.348845	-0.820264	-0.453292	-0.291105	-0.364912	0.884363	-0.890823	0.440461	-0.111485	87.582703	-183.610992	1031.640015	
-0.348845	-0.820264	-0.453292	-0.291105	-0.364912	0.884363	-0.890823	0.440461	-0.111485	87.582703	-183.610992	1031.640015	
-0.348845	-0.820264	-0.453292	-0.291105	-0.364912	0.884363	-0.890823	0.440461	-0.111485	87.582703	-183.610992	1031.640015	
-0.348845	-0.820264	-0.453292	-0.291105	-0.364912	0.884363	-0.890823	0.440461	-0.111485	87.582703	-183.610992	1031.640015	
-0.348845	-0.820264	-0.453292	-0.291105	-0.364912	0.884363	-0.890823	0.440461	-0.111485	87.582703	-183.610992	1031.640015	
-0.874950	-0.474877	0.094628	0.375268	-0.541514	0.752288	-0.306002	0.693725	0.652003	34.472088	-163.150513	862.963135	
-0.898587	-0.438376	0.019176	0.237317	-0.448768	0.861562	-0.369082	0.778739	0.507291	31.439800	-211.350998	1017.929993	
-0.898587	-0.438376	0.019176	0.237317	-0.448768	0.861562	-0.369082	0.778739	0.507291	31.439800	-211.350998	1017.929993	
-0.898587	-0.438376	0.019176	0.237317	-0.448768	0.861562	-0.369082	0.778739	0.507291	31.439800	-211.350998	1017.929993	
-0.948158	-0.105257	0.299863	0.297170	-0.628067	0.719180	0.112635	0.771007	0.626786	-14.905381	-196.993439	914.384705	
-0.928697	-0.007954	0.370753	0.252723	-0.745233	0.617056	0.271390	0.666756	0.694106	-26.149145	-219.527100	1002.916565	
-0.953354	-0.079478	0.291204	0.157334	-0.954142	0.254672	0.257610	0.288609	0.922139	-46.998367	-227.540390	1023.723083	
-0.972163	-0.078761	0.220669	0.172014	-0.879390	0.443940	0.159089	0.469541	0.868459	-63.532951	-223.009552	988.482666	
-0.981492	-0.108073	0.158093	0.183079	-0.771677	0.609094	0.056170	0.626765	0.777181	-79.719368	-214.943192	962.380859	
-0.977034	-0.087804	0.194150	0.185618	-0.798167	0.573126	0.104642	0.596002	0.796135	-106.510834	-215.950043	975.488953	
-0.722126	0.336663	0.604312	-0.298385	-0.939728	0.166966	0.624100	-0.059747	0.779057	-94.482300	-201.615997	964.468994	
-0.722126	0.336663	0.604312	-0.298385	-0.939728	0.166966	0.624100	-0.059747	0.779057	-94.482300	-201.615997	964.468994	
-0.722126	0.336663	0.604312	-0.298385	-0.939728	0.166966	0.624100	-0.059747	0.779057	-94.482300	-201.615997	964.468994	
-0.722126	0.336663	0.604312	-0.298385	-0.939728	0.166966	0.624100	-0.059747	0.779057	-94.482300	-201.615997	964.468994	
-0.403144	0.450443	0.796603	-0.902517	-0.339761	-0.264626	0.151455	-0.825629	0.543504	-112.705833	-136.953461	793.699463	
-0.301946	0.466372	0.831460	-0.917689	-0.378426	-0.120999	0.258215	-0.799557	0.542249	-135.354996	-163.128006	919.111023	
-0.301946	0.466372	0.831460	-0.917689	-0.378426	-0.120999	0.258215	-0.799557	0.542249	-135.354996	-163.128006	919.111023	
-0.301946	0.466372	0.831460	-0.917689	-0.378426	-0.120999	0.258215	-0.799557	0.542249	-135.354996	-163.128006	919.111023	
-0.301946	0.466372	0.831460	-0.917689	-0.378426	-0.120999	0.258215	-0.799557	0.542249	-135.354996	-163.128006	919.111023	
0.018044	0.196485	0.980340	-0.930677	0.361632	-0.055350	-0.365397	-0.911381	0.189390	-125.653465	-96.917160	739.274048	
-0.026509	0.125781	0.991704	-0.880230	0.467269	-0.082795	-0.473806	-0.875122	0.098329	-145.270996	-102.653000	872.351990	
-0.026509	0.125781	0.991704	-0.880230	0.467269	-0.082795	-0.473806	-0.875122	0.098329	-145.270996	-102.653000	872.351990	
-0.026509	0.125781	0.991704	-0.880230	0.467269	-0.082795	-0.473806	-0.875122	0.098329	-145.270996	-102.653000	872.351990	
-0.269447	-0.271262	0.924021	-0.931918	0.315313	-0.179185	-0.242749	-0.909393	-0.337753	-118.374550	-66.788567	787.072876	
-0.556073	-0.489086	0.671995	-0.830998	0.341753	-0.438916	-0.014988	-0.802496	-0.596469	-113.463219	-65.039322	803.292236	
-0.676947	-0.406987	0.613274	-0.719089	0.187956	-0.669016	0.157012	-0.893887	-0.419896	-115.198914	-58.818890	826.889832	
-0.106615	-0.382257	0.917885	-0.156065	0.918138	0.364235	-0.981976	-0.104417	-0.157544	-106.851997	-41.382599	806.556030	
-0.106615	-0.382257	0.917885	-0.156065	0.918138	0.364235	-0.981976	-0.104417	-0.157544	-106.851997	-41.382599	806.556030	
-0.106615	-0.382257	0.917885	-0.156065	0.918138	0.364235	-0.981976	-0.104417	-0.157544	-106.851997	-41.382599	806.556030	
-0.291527	-0.528621	0.797228	0.057043	0.822339	0.566131	-0.954860	0.210519	-0.209580	-65.452568	-7.290432	674.703430	
-0.325642	-0.513384	0.793974	0.362278	0.707907	0.606319	-0.873334	0.485082	-0.044537	-64.058403	1.584570	761.689026	
-0.325642	-0.513384	0.793974	0.362278	0.707907	0.606319	-0.873334	0.485082	-0.044537	-64.058403	1.584570	761.689026	
-0.661013	-0.455348	0.596423	0.165104	0.687096	0.707558	-0.731985	0.566178	-0.379001	-25.535172	9.626296	621.500244	
-0.528931	-0.580898	0.618700	0.554026	0.315897	0.770236	-0.642874	0.750178	0.154745	-23.704500	30.945499	720.919006	
-0.528931	-0.580898	0.618700	0.554026	0.315897	0.770236	-0.642874	0.750178	0.154745	-23.704500	30.945499	720.919006	
-0.528931	-0.580898	0.618700	0.554026	0.315897	0.770236	-0.642874	0.750178	0.154745	-23.704500	30.945499	720.919006	
-0.528931	-0.580898	0.618700	0.554026	0.315897	0.770236	-0.642874	0.750178	0.154745	-23.704500	30.945499	720.919006	
-0.888423	-0.439790	0.131489	0.360199	-0.490370	0.793595	-0.284536	0.752411	0.594068	22.369595	52.112202	608.282837	
-0.906350	-0.360980	0.219598	0.389831	-0.513937	0.764134	-0.162977	0.778179	0.606527	35.853001	54.402599	664.072998	
-0.906350	-0.360980	0.219598	0.389831	-0.513937	0.764134	-0.162977	0.778179	0.606527	35.853001	54.402599	664.072998	
-0.906350	-0.360980	0.219598	0.389831	-0.513937	0.764134	-0.162977	0.778179	0.606527	35.853001	54.402599	664.072998	
-0.906350	-0.360980	0.219598	0.389831	-0.513937	0.764134	-0.162977	0.778179	0.606527	35.853001	54.402599	664.072998	
-0.995017	-0.032837	0.094133	0.086549	-0.753164	0.652114	0.049485	0.657013	0.752254	82.387901	59.195847	590.179138	
-0.943856	0.039473	0.327989	0.177125	-0.777600	0.603295	0.278859	0.627520	0.726950	90.715378	62.049488	602.414551	
-0.970857	0.060698	-0.231845	-0.156743	-0.892626	0.422672	-0.181296	0.446694	0.876126	97.400299	57.380699	620.656982	
-0.970857	0.060698	-0.231845	-0.156743	-0.892626	0.422672	-0.181296	0.446694	0.876126	97.400299	57.380699	620.656982	
-0.970857	0.060698	-0.231845	-0.156743	-0.892626	0.422672	-0.181296	0.446694	0.876126	97.400299	57.380699	620.656982	
-0.970857	0.060698	-0.231845	-0.156743	-0.892626	0.422672	-0.181296	0.446694	0.876126	97.400299	57.380699	620.656982	
-0.970857	0.060698	-0.231845	-0.156743	-0.892626	0.422672	-0.181296	0.446694	0.876126	97.400299	57.380699	620.656982	
-0.970857	0.060698	-0.231845	-0.156743	-0.892626	0.422672	-0.181296	0.446694	0.876126	97.400299	57.380699	620.656982	
-0.970857	0.060698	-0.231845	-0.156743	-0.892626	0.422672	-0.181296	0.446694	0.876126	97.400299	57.380699	620.656982	
-0.411055	0.481174	-0.774278	-0.790023	-0.611822	0.039199	-0.454859	0.627811	0.631631	71.684959	20.460842	509.687500	
-0.413022	0.386775	-0.824511	-0.674607	-0.738130	-0.008324	-0.611816	0.552782	0.565785	75.962997	7.706150	583.494995	
-0.413022	0.386775	-0.824511	-0.674607	-0.738130	-0.008324	-0.611816	0.552782	0.565785	75.962997	7.706150	583.494995	
-0.413022	0.386775	-0.824511	-0.674607	-0.738130	-0.008324	-0.611816	0.552782	0.565785	75.962997	7.706150	583.494995	
-0.252575	0.365682	-0.895814	-0.515347	-0.834427	-0.195320	-0.818917	0.412323	0.399208	32.929565	-15.966866	540.030151	
-0.253648	0.402116	-0.879753	-0.741726	-0.664645	-0.089943	-0.620891	0.629722	0.466846	37.342613	-38.469933	619.783752	
-0.061256	0.109127	-0.992139	-0.612639	-0.788846	-0.048941	-0.787985	0.604825	0.115177	8.445840	-35.643101	572.718994	
-0.061256	0.109127	-0.992139	-0.612639	-0.788846	-0.048941	-0.787985	0.604825	0.115177	8.445840	-35.643101	572.718994	
-0.061256	0.109127	-0.992139	-0.612639	-0.788846	-0.048941	-0.787985	0.604825	0.115177	8.445840	-35.643101	572.718994	
0.090199	-0.217362	-0.971915	-0.912469	-0.409090	0.006807	-0.399080	0.886227	-0.235236	-38.904049	-74.821266	560.618164	
0.161390	-0.066048	-0.984678	-0.921248	-0.367895	-0.126318	-0.353915	0.927519	-0.120222	-63.725098	-92.094627	555.932617	
0.244430	-0.085314	-0.965907	-0.874435	-0.449894	-0.181546	-0.419068	0.888997	-0.184569	-84.404472	-111.448204	570.002197	
0.036686	-0.531374	-0.846343	-0.682383	-0.632046	0.367250	-0.730074	0.564057	-0.385787	-93.528503	-105.179001	582.885986	
0.036686	-0.531374	-0.846343	-0.682383	-0.632046	0.367250	-0.730074	0.564057	-0.385787	-93.528503	-105.179001	582.885986	
0.036686	-0.531374	-0.846343	-0.682383	-0.632046	0.367250	-0.730074	0.564057	-0.385787	-93.528503	-105.179001	582.885986	
-0.188069	-0.716921	-0.671308	-0.654551	-0.418100	0.629884	-0.732251	0.557867	-0.390629	-121.711449	-122.146255	558.458496	
-0.216745	-0.800030	-0.559440	-0.629934	-0.323176	0.706216	-0.745791	0.505479	-0.433919	-149.315994	-147.507004	603.632996	
-0.216745	-0.800030	-0.559440	-0.629934	-0.323176	0.706216	-0.745791	0.505479	-0.433919	-149.315994	-147.507004	603.632996	
-0.216745	-0.800030	-0.559440	-0.629934	-0.323176	0.706216	-0.745791	0.505479	-0.433919	-149.315994	-147.507004	603.632996	
-0.216745	-0.800030	-0.559440	-0.629934	-0.323176	0.706216	-0.745791	0.505479	-0.433919	-149.315994	-147.507004	603.632996	
-0.594814	-0.799715	-0.081557	-0.314456	0.138107	0.939172	-0.739806	0.584279	-0.333623	-163.715973	-171.441452	567.599365	
-0.639413	-0.750981	-0.164856	-0.513385	0.257405	0.818644	-0.572352	0.608087	-0.550131	-214.402832	-200.957428	668.596130	
-0.582947	-0.794285	0.171124	-0.096518	0.276816	0.956063	-0.806757	0.540818	-0.238032	-200.464005	-195.283005	639.450012	
-0.582947	-0.794285	0.171124	-0.096518	0.276816	0.956063	-0.806757	0.540818	-0.238032	-200.464005	-195.283005	639.450012	
-0.582947	-0.794285	0.171124	-0.096518	0.276816	0.956063	-0.806757	0.540818	-0.238032	-200.464005	-195.283005	639.450012	
-0.582947	-0.794285	0.171124	-0.096518	0.276816	0.956063	-0.806757	0.540818	-0.238032	-200.464005	-195.283005	639.450012	
-0.582947	-0.794285	0.171124	-0.096518	0.276816	0.956063	-0.806757	0.540818	-0.238032	-200.464005	-195.283005	639.450012	
-0.565651	-0.087402	0.819999	0.821372	0.028782	0.569666	-0.073391	0.995757	0.055509	-180.441559	-184.059052	599.000183	
-0.529851	-0.259664	0.807362	0.760589	0.275652	0.587810	-0.375184	0.925522	0.051443	-191.447006	-211.037003	696.257996	
-0.529851	-0.259664	0.807362	0.760589	0.275652	0.587810	-0.375184	0.925522	0.051443	-191.447006	-211.037003	696.257996	
-0.529851	-0.259664	0.807362	0.760589	0.275652	0.587810	-0.375184	0.925522	0.051443	-191.447006	-211.037003	696.257996	
-0.529851	-0.259664	0.807362	0.760589	0.275652	0.587810	-0.375184	0.925522	0.051443	-191.447006	-211.037003	696.257996	
-0.003550	-0.165741	0.986163	0.948754	-0.312185	-0.049053	0.315996	0.935452	0.158356	-133.696991	-169.398224	650.582092	
-0.003278	-0.000679	0.999994	0.999075	-0.042888	0.003246	0.042885	0.999080	0.000819	-134.591995	-197.725998	764.138000	
-0.003278	-0.000679	0.999994	0.999075	-0.042888	0.003246	0.042885	0.999080	0.000819	-134.591995	-197.725998	764.138000	
-0.003278	-0.000679	0.999994	0.999075	-0.042888	0.003246	0.042885	0.999080	0.000819	-134.591995	-197.725998	764.138000	
0.228753	-0.100438	0.968290	0.931359	-0.266853	-0.247708	0.283271	0.958489	0.032501	-89.310699	-158.354996	736.422241	
0.463622	-0.035548	0.885320	0.787341	-0.441759	-0.430050	0.406385	0.896429	-0.176820	-77.000801	-167.643005	831.103027	
0.463622	-0.035548	0.885320	0.787341	-0.441759	-0.430050	0.406385	0.896429	-0.176820	-77.000801	-167.643005	831.103027	
0.463622	-0.035548	0.885320	0.787341	-0.441759	-0.430050	0.406385	0.896429	-0.176820	-77.000801	-167.643005	831.103027	
0.613282	0.083619	0.785426	0.757392	-0.344442	-0.554722	0.224149	0.935076	-0.274572	-25.942520	-109.355492	687.706604	
0.785486	-0.249371	0.566415	0.331265	-0.603663	-0.725159	0.522757	0.757235	-0.391560	-6.118460	-131.516998	882.953979	
0.785486	-0.249371	0.566415	0.331265	-0.603663	-0.725159	0.522757	0.757235	-0.391560	-6.118460	-131.516998	882.953979	
0.785486	-0.249371	0.566415	0.331265	-0.603663	-0.725159	0.522757	0.757235	-0.391560	-6.118460	-131.516998	882.953979	
0.998068	0.060772	0.012901	0.041758	-0.502469	-0.863587	-0.045999	0.862457	-0.504035	14.199157	-66.901520	735.407043	
0.874999	-0.469092	0.119706	-0.182764	-0.549034	-0.815573	0.448302	0.691747	-0.566137	29.662901	-82.327400	914.658997	
0.874999	-0.469092	0.119706	-0.182764	-0.549034	-0.815573	0.448302	0.691747	-0.566137	29.662901	-82.327400	914.658997	
0.874999	-0.469092	0.119706	-0.182764	-0.549034	-0.815573	0.448302	0.691747	-0.566137	29.662901	-82.327400	914.658997	
0.970815	-0.099952	-0.218012	-0.231506	-0.627974	-0.743003	-0.062641	0.771789	-0.632785	44.059616	-28.815905	804.046448	
0.720113	-0.658095	-0.219884	-0.552450	-0.352067	-0.755545	0.419806	0.665552	-0.617092	61.192101	-32.365101	971.106995	
0.720113	-0.658095	-0.219884	-0.552450	-0.352067	-0.755545	0.419806	0.665552	-0.617092	61.192101	-32.365101	971.106995	
0.720113	-0.658095	-0.219884	-0.552450	-0.352067	-0.755545	0.419806	0.665552	-0.617092	61.192101	-32.365101	971.106995	
0.720113	-0.658095	-0.219884	-0.552450	-0.352067	-0.755545	0.419806	0.665552	-0.617092	61.192101	-32.365101	971.106995	
0.719978	-0.320222	-0.615702	-0.693601	-0.361996	-0.622798	-0.023448	0.875452	-0.482736	57.661865	22.839073	784.619202	
0.498143	-0.685290	-0.531255	-0.788716	-0.103557	-0.605973	0.360252	0.720870	-0.592085	64.939598	27.016701	1009.070007	
0.498143	-0.685290	-0.531255	-0.788716	-0.103557	-0.605973	0.360252	0.720870	-0.592085	64.939598	27.016701	1009.070007	
0.498143	-0.685290	-0.531255	-0.788716	-0.103557	-0.605973	0.360252	0.720870	-0.592085	64.939598	27.016701	1009.070007	
0.498143	-0.685290	-0.531255	-0.788716	-0.103557	-0.605973	0.360252	0.720870	-0.592085	64.939598	27.016701	1009.070007	
0.596949	-0.438145	-0.672072	-0.802260	-0.320101	-0.503900	0.005649	0.839979	-0.542590	39.768230	66.081284	889.845703	
0.244214	-0.518280	-0.819601	-0.902871	0.186852	-0.387183	0.353813	0.834549	-0.422308	24.465500	77.822197	1048.420044	
0.244214	-0.518280	-0.819601	-0.902871	0.186852	-0.387183	0.353813	0.834549	-0.422308	24.465500	77.822197	1048.420044	
0.244214	-0.518280	-0.819601	-0.902871	0.186852	-0.387183	0.353813	0.834549	-0.422308	24.465500	77.822197	1048.420044	
0.244214	-0.518280	-0.819601	-0.902871	0.186852	-0.387183	0.353813	0.834549	-0.422308	24.465500	77.822197	1048.420044	
-0.109117	-0.341842	-0.933401	-0.990003	0.121795	0.071128	0.089369	0.931831	-0.351715	-14.595845	77.805496	865.561768	
0.030468	-0.147451	-0.988600	-0.879553	0.465892	-0.096596	0.474824	0.872470	-0.115496	-45.653900	95.131798	1067.459961	
0.030468	-0.147451	-0.988600	-0.879553	0.465892	-0.096596	0.474824	0.872470	-0.115496	-45.653900	95.131798	1067.459961	
0.030468	-0.147451	-0.988600	-0.879553	0.465892	-0.096596	0.474824	0.872470	-0.115496	-45.653900	95.131798	1067.459961	
0.030468	-0.147451	-0.988600	-0.879553	0.465892	-0.096596	0.474824	0.872470	-0.115496	-45.653900	95.131798	1067.459961	
0.104929	0.227199	-0.968179	-0.855519	0.516981	0.028599	0.507027	0.825295	0.248619	-84.288765	72.818375	865.405029	
0.540525	-0.053544	-0.839623	-0.729134	0.468098	-0.499247	0.419757	0.882053	0.213978	-99.046875	110.480080	1053.361206	
0.016959	0.413798	-0.910211	-0.753909	0.603254	0.260203	0.656760	0.681803	0.322197	-115.796997	87.428299	1075.030029	
0.016959	0.413798	-0.910211	-0.753909	0.603254	0.260203	0.656760	0.681803	0.322197	-115.796997	87.428299	1075.030029	
0.016959	0.413798	-0.910211	-0.753909	0.603254	0.260203	0.656760	0.681803	0.322197	-115.796997	87.428299	1075.030029	
0.016959	0.413798	-0.910211	-0.753909	0.603254	0.260203	0.656760	0.681803	0.322197	-115.796997	87.428299	1075.030029	
0.016959	0.413798	-0.910211	-0.753909	0.603254	0.260203	0.656760	0.681803	0.322197	-115.796997	87.428299	1075.030029	
0.273267	0.937955	-0.213458	-0.905990	0.325532	0.270575	0.323274	0.119452	0.938736	-139.216507	44.969353	947.562561	
0.220115	0.684067	-0.695415	-0.588325	0.661743	0.464726	0.778089	0.306837	0.548113	-165.317001	44.030899	1061.319946	
0.220115	0.684067	-0.695415	-0.588325	0.661743	0.464726	0.778089	0.306837	0.548113	-165.317001	44.030899	1061.319946	
0.220115	0.684067	-0.695415	-0.588325	0.661743	0.464726	0.778089	0.306837	0.548113	-165.317001	44.030899	1061.319946	
0.220115	0.684067	-0.695415	-0.588325	0.661743	0.464726	0.778089	0.306837	0.548113	-165.317001	44.030899	1061.319946	
0.220115	0.684067	-0.695415	-0.588325	0.661743	0.464726	0.778089	0.306837	0.548113	-165.317001	44.030899	1061.319946	
0.220115	0.684067	-0.695415	-0.588325	0.661743	0.464726	0.778089	0.306837	0.548113	-165.317001	44.030899	1061.319946	
0.444675	0.734514	0.512595	-0.729824	-0.034639	0.682757	0.519250	-0.677709	0.520662	-153.710495	1.967433	806.825378	
0.501213	0.862047	0.075235	-0.641535	0.311836	0.700850	0.580705	-0.399541	0.709330	-177.179993	-13.052900	1015.280029	
0.501213	0.862047	0.075235	-0.641535	0.311836	0.700850	0.580705	-0.399541	0.709330	-177.179993	-13.052900	1015.280029	
0.501213	0.862047	0.075235	-0.641535	0.311836	0.700850	0.580705	-0.399541	0.709330	-177.179993	-13.052900	1015.280029	
0.501213	0.862047	0.075235	-0.641535	0.311836	0.700850	0.580705	-0.399541	0.709330	-177.179993	-13.052900	1015.280029	
0.277746	0.750600	0.599548	-0.819788	-0.140161	0.555248	0.500803	-0.645721	0.576404	-124.588837	-43.226646	833.691040	
0.544179	0.731028	0.411664	-0.712137	0.143073	0.687307	0.443542	-0.667179	0.598450	-135.542007	-64.367203	964.293030	
