0.995822	-0.041164	0.081514	0.041281	0.999147	0.000254	-0.081455	0.003112	0.996672	19.004749	3.824926	544.509583	
0.969522	-0.128867	0.208374	0.131791	0.991277	-0.000151	-0.206537	0.027608	0.978049	27.948227	7.429542	544.936279	
0.950568	-0.168808	0.260623	0.176909	0.984196	-0.007764	-0.255193	0.053486	0.965410	36.636463	15.480406	546.105713	
0.902150	-0.205767	0.379190	0.224164	0.974541	-0.004485	-0.368614	0.089047	0.925308	44.907501	18.263702	545.173584	
0.829836	-0.266931	0.490021	0.311040	0.950353	-0.009046	-0.463278	0.159923	0.871664	52.871326	24.067556	546.771667	
0.772337	-0.328399	0.543737	0.393615	0.919267	-0.003893	-0.498561	0.217029	0.839247	69.772583	25.950397	550.329163	
0.676018	-0.364301	0.640534	0.480599	0.876899	-0.008490	-0.558591	0.313580	0.767883	76.758110	29.449373	551.067993	
0.586521	-0.354514	0.728226	0.527103	0.849731	-0.010869	-0.614943	0.390225	0.685251	84.036400	30.604980	557.258972	
0.537516	-0.351559	0.766474	0.570537	0.820934	-0.023570	-0.620938	0.449971	0.641843	89.254272	31.412327	558.910156	
0.443588	-0.324564	0.835397	0.616132	0.787356	-0.021261	-0.650854	0.524146	0.549236	99.515327	31.267441	567.354919	
0.368506	-0.325525	0.870768	0.689944	0.723543	-0.021495	-0.623041	0.608702	0.491225	102.937561	29.658989	574.214722	
0.257873	-0.282040	0.924097	0.764175	0.644798	-0.016450	-0.591216	0.710414	0.381804	105.485176	26.915539	575.794556	
0.195606	-0.262968	0.944768	0.834536	0.550607	-0.019527	-0.515060	0.792262	0.327159	107.987267	25.601412	588.056641	
0.119746	-0.168877	0.978336	0.865615	0.500326	-0.019584	-0.486180	0.849208	0.206095	109.033752	20.688087	597.041992	
0.071257	-0.129267	0.989046	0.912685	0.408475	-0.012368	-0.402402	0.903569	0.147087	108.848259	14.825207	597.873840	
0.041110	-0.090536	0.995044	0.940431	0.339892	-0.007928	-0.337490	0.936096	0.099116	107.178497	8.541547	602.854675	
0.010942	-0.037952	0.999220	0.957346	0.288941	0.000491	-0.288734	0.956594	0.039495	103.358948	4.838695	612.830078	
-0.007896	0.022948	0.999705	0.983056	0.183270	0.003557	-0.183134	0.982794	-0.024007	99.602921	-3.781467	617.429932	
-0.015262	0.082480	0.996476	0.997711	0.066917	0.009742	-0.065877	0.994343	-0.083313	95.142517	-14.430088	621.496155	
-0.020944	0.122985	0.992188	0.998958	-0.037657	0.025754	0.040530	0.991693	-0.122069	85.652283	-25.377815	627.364502	
-0.004249	0.241796	0.970318	0.985631	-0.162835	0.044894	0.168857	0.956566	-0.237630	79.820869	-31.215246	639.533997	
0.009775	0.342920	0.939314	0.973764	-0.216836	0.069028	0.227348	0.913995	-0.336043	73.542564	-37.778549	648.617676	
0.022464	0.387776	0.921480	0.955397	-0.279808	0.094458	0.294466	0.878257	-0.376767	66.839272	-49.880451	663.974365	
0.057956	0.485936	0.872070	0.933963	-0.334954	0.124575	0.352639	0.807261	-0.473259	59.084579	-56.862587	679.023499	
0.103308	0.577123	0.810097	0.909667	-0.384224	0.157721	0.402284	0.720625	-0.564684	51.387295	-70.207710	698.099792	
0.189652	0.648868	0.736887	0.851301	-0.482605	0.205861	0.489202	0.588270	-0.643910	32.984959	-83.677155	711.154724	
0.244516	0.707470	0.663097	0.812998	-0.522269	0.257427	0.528437	0.476151	-0.702876	14.645272	-97.483910	723.686707	
0.306683	0.753397	0.581669	0.774451	-0.552785	0.307659	0.553327	0.356120	-0.752999	5.841766	-103.740173	733.522644	
0.353191	0.761029	0.544143	0.730241	-0.587829	0.348145	0.584811	0.274394	-0.763351	-2.876982	-111.063431	738.713318	
0.459988	0.766692	0.447877	0.666153	-0.631481	0.396826	0.587069	0.115820	-0.801209	-12.628446	-125.391159	746.184021	
0.524783	0.771861	0.358934	0.628012	-0.635710	0.448857	0.574633	-0.010137	-0.818349	-22.238918	-139.032913	749.210327	
0.620410	0.738005	0.265404	0.565380	-0.655392	0.500805	0.543540	-0.160650	-0.823867	-30.587145	-146.262512	770.958374	
0.672424	0.719995	0.171617	0.538680	-0.635056	0.553649	0.507611	-0.279840	-0.814875	-38.658791	-159.661621	780.454346	
0.755797	0.651689	0.063812	0.494885	-0.632309	0.596049	0.428787	-0.418912	-0.800409	-47.434643	-173.840179	789.389465	
0.792981	0.607649	-0.044082	0.492411	-0.596624	0.633696	0.358765	-0.524215	-0.772325	-55.609592	-180.674088	811.253845	
0.821321	0.562520	-0.094882	0.466970	-0.567413	0.678220	0.327675	-0.601343	-0.728708	-69.310318	-191.490005	817.278137	
0.841256	0.502860	-0.198544	0.483507	-0.535482	0.692445	0.241886	-0.678520	-0.693615	-82.448509	-203.071808	825.404419	
0.857500	0.452478	-0.244858	0.472826	-0.505492	0.721743	0.202799	-0.734671	-0.647404	-94.104424	-213.545319	837.452148	
0.869924	0.398301	-0.290840	0.472155	-0.502230	0.724454	0.142483	-0.767542	-0.624963	-104.010109	-219.614792	858.021484	
0.879772	0.292883	-0.374461	0.474629	-0.496420	0.726839	0.026989	-0.817182	-0.575747	-111.652657	-224.691605	876.984131	
0.885434	0.184943	-0.426382	0.458737	-0.495033	0.737904	-0.074602	-0.848963	-0.523160	-114.534485	-232.719788	893.149170	
0.845827	0.117422	-0.520373	0.510277	-0.462512	0.725052	-0.155542	-0.878803	-0.451123	-117.941833	-239.085022	906.392944	
0.829006	0.068603	-0.555016	0.522793	-0.447482	0.725567	-0.198583	-0.891658	-0.406830	-116.652710	-238.523499	904.807434	
0.781188	0.032959	-0.623426	0.576650	-0.420722	0.700334	-0.239206	-0.906590	-0.347669	-117.120071	-245.368469	925.846558	
0.726240	-0.001066	-0.687441	0.628971	-0.402548	0.665094	-0.277437	-0.915398	-0.291676	-116.111671	-250.521698	934.131470	
0.694034	-0.043391	-0.718634	0.650312	-0.390481	0.651628	-0.308887	-0.919588	-0.242789	-114.502129	-254.511292	950.218079	
0.625459	-0.076613	-0.776487	0.695359	-0.396700	0.599253	-0.353943	-0.914745	-0.194846	-108.752960	-253.519135	948.940613	
0.576990	-0.142167	-0.804283	0.696395	-0.428890	0.575403	-0.426751	-0.892100	-0.148461	-98.764610	-252.498032	960.307251	
0.521124	-0.201558	-0.829340	0.677828	-0.492739	0.545672	-0.518632	-0.846512	-0.120156	-93.443283	-251.928482	963.546448	
0.475700	-0.220388	-0.851552	0.704340	-0.484462	0.518846	-0.526891	-0.846597	-0.075230	-80.478287	-248.703079	965.039490	
0.407552	-0.263353	-0.874384	0.701269	-0.523048	0.484399	-0.584912	-0.810596	-0.028487	-72.985100	-244.398010	968.816223	
0.346607	-0.296823	-0.889809	0.707156	-0.540554	0.455777	-0.616274	-0.787209	0.022540	-58.036835	-243.534866	992.851196	
0.280670	-0.263024	-0.923062	0.722023	-0.575783	0.383610	-0.632381	-0.774139	0.028305	-48.728153	-236.031754	996.284058	
0.211857	-0.222447	-0.951649	0.748351	-0.589352	0.304359	-0.628559	-0.776647	0.041610	-39.268600	-227.887817	999.970581	
0.173044	-0.204259	-0.963502	0.742881	-0.615233	0.263848	-0.646671	-0.761423	0.045278	-29.817341	-219.376099	1003.652283	
0.096546	-0.164099	-0.981709	0.728411	-0.660513	0.182045	-0.678304	-0.732662	0.055762	-19.698692	-209.730347	1004.333191	
0.059813	-0.154775	-0.986138	0.748861	-0.646252	0.146851	-0.660022	-0.747263	0.077251	-9.126389	-200.019379	1014.020813	
0.031034	-0.090965	-0.995372	0.716967	-0.691835	0.085579	-0.696416	-0.716303	0.043749	9.487530	-185.324738	999.448914	
-0.006712	-0.013905	-0.999882	0.698552	-0.715540	0.005262	-0.715527	-0.698434	0.014516	18.429802	-175.371155	1016.853271	
-0.029103	0.059899	-0.997781	0.665854	-0.743329	-0.064045	-0.745514	-0.666239	-0.018251	28.048773	-163.147064	1023.803406	
0.064589	0.117349	-0.990989	0.566316	-0.821971	-0.060424	-0.821653	-0.557309	-0.119547	42.222889	-146.050659	988.436951	
-0.046498	0.162884	-0.985550	0.509862	-0.844550	-0.163636	-0.858998	-0.510102	-0.043779	53.915482	-132.117142	996.045776	
-0.022349	0.242519	-0.969890	0.544780	-0.810492	-0.215216	-0.838281	-0.533186	-0.114006	70.052628	-119.781891	1015.369690	
0.045584	0.309361	-0.949852	0.561907	-0.794098	-0.231667	-0.825943	-0.523167	-0.210030	77.417007	-113.521286	1031.764038	
0.085228	0.336723	-0.937739	0.518003	-0.818945	-0.246987	-0.851122	-0.464700	-0.244221	90.291733	-105.441521	1026.379883	
0.121287	0.378669	-0.917552	0.561751	-0.788290	-0.251068	-0.818367	-0.484983	-0.308327	102.339035	-97.241547	1023.455444	
0.182712	0.390154	-0.902440	0.491635	-0.831146	-0.259793	-0.851417	-0.396202	-0.343674	110.231606	-80.354523	1004.536804	
0.248216	0.391889	-0.885897	0.425750	-0.865589	-0.263617	-0.870129	-0.311735	-0.381700	114.389191	-65.985924	1010.118530	
0.330645	0.401536	-0.854075	0.395782	-0.880546	-0.260760	-0.856755	-0.251808	-0.450070	117.178268	-51.326679	1001.146362	
0.416489	0.390626	-0.820944	0.374013	-0.896656	-0.236905	-0.828644	-0.208375	-0.519547	121.531433	-44.236115	998.940613	
0.478025	0.355154	-0.803342	0.347644	-0.916422	-0.198283	-0.806620	-0.184492	-0.561540	122.472801	-29.532608	987.489563	
0.512205	0.328403	-0.793599	0.327889	-0.928793	-0.172723	-0.793810	-0.171742	-0.583412	123.543907	-15.861279	991.369873	
0.584773	0.279204	-0.761635	0.238755	-0.956552	-0.167346	-0.775265	-0.083984	-0.626027	119.779709	-2.743799	979.671204	
0.624357	0.254414	-0.738548	0.213571	-0.965048	-0.151891	-0.751376	-0.062897	-0.656871	115.855919	3.330791	973.365112	
0.676360	0.170001	-0.716685	0.127120	-0.985343	-0.113762	-0.725519	-0.014160	-0.688057	114.148315	8.047196	987.129395	
0.695858	0.130328	-0.706256	0.101315	-0.991377	-0.083121	-0.710997	-0.013713	-0.703062	105.285400	19.995653	964.117249	
0.738444	0.086438	-0.668753	0.081674	-0.995914	-0.038540	-0.669350	-0.026159	-0.742487	95.284378	25.053749	962.325623	
0.776206	-0.005732	-0.630455	0.019350	-0.999271	0.032908	-0.630183	-0.037742	-0.775530	88.334717	30.387981	950.713867	
0.804239	-0.055581	-0.591703	-0.019068	-0.997518	0.067783	-0.594001	-0.043231	-0.803303	74.577164	38.303551	940.174072	
0.809266	-0.116280	-0.575821	-0.033361	-0.987729	0.152573	-0.586495	-0.104261	-0.803215	67.080673	44.716454	940.204712	
0.823880	-0.180297	-0.537324	-0.046266	-0.966283	0.253292	-0.564873	-0.183821	-0.804443	51.178623	47.453320	932.954895	
0.822168	-0.235518	-0.518240	-0.069163	-0.944982	0.319727	-0.565028	-0.227026	-0.793224	32.689625	51.903122	920.763184	
0.809839	-0.347335	-0.472780	-0.173377	-0.911597	0.372735	-0.560447	-0.219885	-0.798468	14.872097	54.554874	910.054260	
0.768655	-0.461356	-0.443083	-0.242279	-0.851051	0.465848	-0.592006	-0.250726	-0.765942	6.049092	55.079750	887.550964	
0.710500	-0.563701	-0.421227	-0.353083	-0.803359	0.479528	-0.608705	-0.191976	-0.769821	-12.295912	55.213993	869.911560	
0.643313	-0.660681	-0.386847	-0.387123	-0.716636	0.580145	-0.660518	-0.223457	-0.716787	-32.390865	54.062767	869.131287	
0.560126	-0.749347	-0.353184	-0.411821	-0.621803	0.666157	-0.718792	-0.227682	-0.656886	-52.466206	53.917164	874.414368	
0.471575	-0.824218	-0.313501	-0.414864	-0.521075	0.745902	-0.778142	-0.221688	-0.587665	-71.811279	50.565666	869.572510	
0.417026	-0.864774	-0.279744	-0.417939	-0.455767	0.785879	-0.807104	-0.210815	-0.551490	-81.177696	45.477127	866.497742	
0.349063	-0.902159	-0.253504	-0.358753	-0.378560	0.853224	-0.865708	-0.206882	-0.455794	-89.814262	39.890587	847.836121	
0.260163	-0.944128	-0.202329	-0.372283	-0.291424	0.881181	-0.890910	-0.153925	-0.427301	-106.605690	35.516365	828.350891	
0.129911	-0.972064	-0.195487	-0.306182	-0.226850	0.924551	-0.943067	-0.060254	-0.327099	-122.466599	31.678669	814.522278	
-0.017135	-0.982851	-0.183604	-0.217770	-0.175553	0.960083	-0.975850	0.056435	-0.211027	-135.542587	26.222486	800.188171	
-0.085167	-0.982331	-0.166648	-0.109548	-0.157009	0.981504	-0.990326	0.101849	-0.094240	-147.271469	20.865192	781.751526	
-0.210430	-0.967162	-0.142535	-0.019932	-0.141524	0.989735	-0.977406	0.211112	0.010504	-152.317383	14.960636	770.315186	
-0.269398	-0.953904	-0.132252	0.093702	-0.162642	0.982227	-0.958459	0.252218	0.133199	-161.693939	8.264854	767.374390	
-0.337693	-0.933760	-0.118552	0.139106	-0.174077	0.974858	-0.930920	0.312712	0.188677	-165.461151	1.200472	756.454956	
-0.466248	-0.878545	-0.103778	0.205924	-0.221867	0.953086	-0.860353	0.423004	0.284359	-167.669830	-12.947062	732.796448	
-0.527456	-0.844777	-0.090221	0.288753	-0.278129	0.916116	-0.799006	0.457160	0.390634	-170.220245	-26.338892	723.433411	
-0.638485	-0.766978	-0.063862	0.305535	-0.328755	0.893628	-0.706388	0.551057	0.444245	-170.883469	-34.744080	719.983826	
-0.688383	-0.723158	-0.056284	0.323317	-0.375378	0.868654	-0.649302	0.579769	0.492215	-168.372330	-41.708382	710.951111	
-0.773480	-0.632193	-0.045369	0.344388	-0.479286	0.807269	-0.532095	0.608782	0.588439	-167.389755	-49.037663	706.214783	
-0.859168	-0.510545	-0.034234	0.305324	-0.565199	0.766374	-0.410618	0.647991	0.641484	-162.996445	-65.267151	701.784546	
-0.920448	-0.389947	-0.026729	0.251585	-0.643408	0.723002	-0.299132	0.658761	0.690330	-159.575272	-73.239159	687.237000	
-0.967152	-0.254119	0.006200	0.194283	-0.723251	0.662693	-0.163920	0.642129	0.748867	-154.877518	-88.836502	680.584473	
-0.981636	-0.190351	-0.012501	0.154661	-0.832512	0.531980	-0.111671	0.520277	0.846666	-143.016037	-96.875633	673.334473	
-0.989918	-0.140748	-0.015822	0.117349	-0.877590	0.464828	-0.079310	0.458285	0.885261	-128.047836	-110.907951	661.491028	
-0.999908	0.012970	0.003746	-0.011104	-0.948023	0.318007	0.007675	0.317936	0.948082	-115.038177	-118.742012	658.107178	
-0.989264	0.145856	0.009110	-0.140745	-0.967681	0.209243	0.039335	0.205714	0.977822	-106.151596	-125.218834	651.338135	
-0.971244	0.228068	0.068339	-0.219407	-0.968830	0.115011	0.092439	0.096710	0.991012	-88.109489	-131.727768	637.166931	
-0.959716	0.278861	0.034372	-0.278029	-0.960191	0.027046	0.040546	0.016400	0.999044	-79.666832	-137.759171	624.315247	
-0.911346	0.409578	0.041171	-0.409872	-0.912141	0.001389	0.038122	-0.015609	0.999152	-70.965538	-142.976776	615.273438	
-0.881297	0.469999	0.049156	-0.472359	-0.873089	-0.120793	-0.013855	-0.129674	0.991461	-61.972214	-155.195267	608.265320	
-0.847357	0.528682	0.049826	-0.525158	-0.820390	-0.226201	-0.078712	-0.217839	0.972806	-52.507732	-160.352051	602.479492	
-0.766156	0.638710	0.071105	-0.624973	-0.714726	-0.313964	-0.149711	-0.284983	0.946770	-33.135338	-168.246902	590.363464	
-0.671611	0.738457	0.060179	-0.686499	-0.589686	-0.425427	-0.278672	-0.327033	0.902991	-23.721323	-172.858536	590.481567	
-0.558259	0.829343	0.023154	-0.712839	-0.465182	-0.524848	-0.424508	-0.309505	0.850882	-4.560131	-179.574997	582.885254	
-0.435517	0.900095	0.012454	-0.725065	-0.342560	-0.597439	-0.533485	-0.269223	0.801819	13.479240	-185.367584	578.544800	
-0.315429	0.948388	0.032636	-0.722634	-0.217769	-0.656031	-0.615064	-0.230513	0.754029	21.154716	-187.642227	563.685364	
-0.180036	0.983393	0.022887	-0.660409	-0.103595	-0.743726	-0.729004	-0.149011	0.668094	29.684320	-191.892395	569.766724	
-0.040300	0.999106	0.012741	-0.579977	-0.013006	-0.814530	-0.813635	-0.040213	0.579984	44.768314	-193.735672	568.769165	
0.092200	0.995729	0.004678	-0.467530	0.047438	-0.882704	-0.879156	0.079200	0.469908	51.737293	-194.278961	565.329041	
0.164007	0.986440	-0.005947	-0.402219	0.061367	-0.913485	-0.900734	0.152211	0.406831	63.448601	-194.099945	562.792908	
0.227992	0.973478	-0.018934	-0.335325	0.060248	-0.940175	-0.914099	0.220702	0.340168	68.266434	-192.425766	557.643555	
0.303715	0.951901	-0.040493	-0.217100	0.027760	-0.975755	-0.927698	0.305144	0.215090	72.446754	-189.829697	554.887146	
0.369198	0.928186	-0.046485	-0.157292	0.013111	-0.987466	-0.915943	0.371882	0.150838	77.034409	-184.528336	552.869690	
0.499173	0.864716	-0.055583	-0.050121	-0.035225	-0.998123	-0.865051	0.501022	0.025758	78.373543	-182.126953	552.585999	
0.556114	0.828655	-0.063758	0.041690	-0.104431	-0.993659	-0.830059	0.549930	-0.092622	79.976906	-177.975769	557.574524	
0.618232	0.782107	-0.078076	0.089589	-0.168806	-0.981570	-0.780873	0.599843	-0.174429	79.797493	-173.208786	556.775635	
0.680000	0.726326	-0.100239	0.106248	-0.232880	-0.966685	-0.725473	0.646695	-0.235529	76.078522	-164.004745	558.765625	
0.756219	0.645586	-0.106528	0.165811	-0.346570	-0.923254	-0.632960	0.680519	-0.369128	69.796242	-159.159119	560.943970	
0.796502	0.593227	-0.116895	0.208426	-0.450865	-0.867917	-0.567576	0.666934	-0.482760	66.196495	-154.800797	563.513000	
0.831008	0.536667	-0.146329	0.191155	-0.522551	-0.830904	-0.522384	0.662516	-0.536831	61.413395	-149.547424	566.674316	
0.863322	0.475750	-0.168332	0.203401	-0.633300	-0.746699	-0.461847	0.610402	-0.643511	55.723129	-137.410873	570.094360	
0.919304	0.347222	-0.185244	0.148725	-0.742317	-0.653335	-0.364363	0.573063	-0.734057	43.117645	-130.767929	575.462830	
0.938757	0.281660	-0.198499	0.109415	-0.789906	-0.603388	-0.326746	0.544716	-0.772349	28.725737	-123.578262	578.021973	
0.950303	0.218635	-0.221635	0.086902	-0.869895	-0.485520	-0.298951	0.442131	-0.845665	20.453991	-116.678169	587.510071	
0.965077	0.083219	-0.248397	-0.030273	-0.906417	-0.421296	-0.260211	0.414103	-0.872244	2.938282	-109.962837	597.351562	
0.961086	0.011628	-0.276002	-0.089624	-0.931941	-0.351357	-0.261304	0.362421	-0.894635	-15.376865	-95.651039	605.383423	
0.948055	-0.125077	-0.292486	-0.196384	-0.953450	-0.228831	-0.250249	0.274384	-0.928488	-35.110718	-88.681931	614.463501	
0.908094	-0.246604	-0.338454	-0.296782	-0.949187	-0.104695	-0.295438	0.195521	-0.935141	-44.626617	-73.269173	616.474060	
0.853108	-0.359364	-0.378240	-0.391609	-0.920085	-0.009096	-0.344744	0.155882	-0.925664	-54.046024	-66.012054	617.103455	
0.818500	-0.420977	-0.390943	-0.393245	-0.906621	0.152949	-0.418825	0.028548	-0.907619	-75.315475	-52.299137	643.315186	
0.732880	-0.525272	-0.432409	-0.483403	-0.849255	0.212330	-0.478756	0.053416	-0.876322	-95.300446	-45.028770	648.146667	
0.642923	-0.614285	-0.457499	-0.555502	-0.785198	0.273641	-0.527320	0.078212	-0.846060	-113.237640	-38.399120	658.688049	
0.585281	-0.638673	-0.499545	-0.515700	-0.768631	0.378495	-0.625699	0.036090	-0.779229	-132.858231	-32.602280	675.893799	
0.532966	-0.658821	-0.530946	-0.461776	-0.752281	0.469930	-0.709019	-0.005278	-0.705169	-141.515015	-20.197044	682.330017	
0.420845	-0.703474	-0.572727	-0.493385	-0.707312	0.506241	-0.761222	0.069527	-0.644753	-147.693008	-7.075747	680.381592	
0.307925	-0.737743	-0.600765	-0.523289	-0.658682	0.540654	-0.794575	0.147894	-0.588878	-154.221848	-1.549427	688.486755	
0.191830	-0.758898	-0.622315	-0.500198	-0.621154	0.603298	-0.844395	0.195551	-0.498756	-166.627243	2.810604	691.008911	
0.134870	-0.739450	-0.659564	-0.417562	-0.646067	0.638936	-0.898583	0.189237	-0.395901	-178.462936	7.895701	705.499207	
0.030333	-0.720569	-0.692720	-0.447297	-0.629556	0.635283	-0.893870	0.290582	-0.341405	-183.735596	16.796665	714.651978	
-0.067677	-0.679427	-0.730616	-0.402934	-0.651305	0.642998	-0.912723	0.337907	-0.229685	-187.061295	21.261772	715.834534	
-0.117299	-0.641081	-0.758457	-0.389483	-0.672844	0.628955	-0.913533	0.369183	-0.170766	-189.247604	27.932863	733.029419	
-0.165215	-0.604755	-0.779087	-0.375638	-0.691817	0.616673	-0.911921	0.394539	-0.112869	-191.770126	34.618271	740.391785	
-0.193138	-0.577573	-0.793163	-0.291570	-0.738079	0.608462	-0.936848	0.348780	-0.025851	-193.517395	36.717457	761.181458	
-0.243292	-0.529698	-0.812545	-0.277624	-0.764638	0.581595	-0.929373	0.367081	0.038975	-193.109314	38.366245	769.568909	
-0.264912	-0.485113	-0.833359	-0.283020	-0.787055	0.548127	-0.921803	0.381064	0.071204	-190.490295	39.949612	788.841309	
-0.278803	-0.443961	-0.851568	-0.284177	-0.808876	0.514744	-0.917340	0.385509	0.099354	-184.979156	41.652607	794.286987	
-0.292399	-0.407990	-0.864898	-0.280981	-0.827848	0.485506	-0.914086	0.384982	0.127425	-178.782166	43.024948	811.110168	
-0.294066	-0.340984	-0.892892	-0.291329	-0.857765	0.423516	-0.910304	0.384667	0.152902	-174.729401	42.888378	828.833069	
-0.278663	-0.283526	-0.917584	-0.300862	-0.881564	0.363767	-0.912047	0.377436	0.160358	-163.685898	41.494091	833.912476	
-0.267454	-0.244812	-0.931953	-0.245959	-0.917801	0.311681	-0.931651	0.312583	0.185256	-158.332611	38.691395	853.395996	
-0.270788	-0.184515	-0.944790	-0.255132	-0.932603	0.255260	-0.928215	0.310168	0.205463	-143.325104	36.476177	863.068176	
-0.241319	-0.118698	-0.963159	-0.318995	-0.927637	0.194245	-0.916520	0.354119	0.185993	-135.619675	31.727737	882.601196	
-0.217066	-0.096987	-0.971327	-0.281394	-0.946594	0.157402	-0.934720	0.307493	0.178183	-117.718231	25.636360	889.232178	
-0.197354	-0.068061	-0.977967	-0.210426	-0.971393	0.110068	-0.957483	0.227513	0.177387	-100.543610	18.122931	906.549255	
-0.157565	-0.048447	-0.986320	-0.202590	-0.975965	0.080302	-0.966505	0.212473	0.143964	-81.408134	14.539788	909.196411	
-0.161968	-0.018943	-0.986614	-0.151440	-0.987494	0.043821	-0.975107	0.156512	0.157075	-62.630806	4.664753	947.393677	
-0.109109	-0.023455	-0.993753	-0.108878	-0.993424	0.035401	-0.988050	0.112061	0.105839	-40.843716	-1.370857	936.984009	
0.032733	-0.005344	-0.999450	-0.204585	-0.978847	-0.001467	-0.978302	0.204522	-0.033134	-31.295286	-5.082624	931.200195	
0.080316	-0.021732	-0.996533	-0.203143	-0.979136	0.004980	-0.975850	0.202040	-0.083054	-21.146994	-16.240345	940.727173	
0.185730	-0.010320	-0.982547	-0.185260	-0.982379	-0.024701	-0.964979	0.186615	-0.184368	-4.788246	-23.685234	979.096985	
0.253965	-0.051550	-0.965839	-0.255325	-0.966730	-0.015540	-0.932905	0.250551	-0.258677	14.297631	-27.822510	957.368469	
0.267265	-0.173490	-0.947877	-0.398596	-0.915465	0.055170	-0.877321	0.363076	-0.313824	26.498703	-35.202606	977.004578	
0.276035	-0.207352	-0.938515	-0.354896	-0.929437	0.100965	-0.893227	0.305207	-0.330145	35.181076	-49.531563	985.872864	
0.315656	-0.278852	-0.906976	-0.298823	-0.936420	0.183905	-0.900593	0.212975	-0.378913	51.439007	-62.983162	990.008911	
0.336679	-0.320980	-0.885224	-0.252721	-0.936416	0.243425	-0.907073	0.141760	-0.396389	65.156456	-69.219406	1000.268555	
0.309463	-0.390112	-0.867206	-0.312600	-0.903022	0.294672	-0.898062	0.179899	-0.401400	77.596016	-83.558426	997.328308	
0.287591	-0.496468	-0.819031	-0.387017	-0.842470	0.374782	-0.876077	0.209196	-0.434428	88.387497	-91.512741	1008.176575	
0.232231	-0.563138	-0.793061	-0.383197	-0.802379	0.457545	-0.893997	0.197644	-0.402130	92.989494	-104.858459	1003.184998	
0.166996	-0.619451	-0.767068	-0.434394	-0.744639	0.506768	-0.885108	0.248582	-0.393437	96.187462	-112.740303	1007.723999	
0.133376	-0.691173	-0.710275	-0.438433	-0.683883	0.583163	-0.888813	0.233629	-0.394246	99.917419	-120.825928	1019.425964	
0.078580	-0.720128	-0.689377	-0.437684	-0.646224	0.625162	-0.895689	0.252606	-0.365968	100.464516	-133.562515	1014.720398	
-0.016840	-0.757934	-0.652114	-0.432469	-0.582520	0.688216	-0.901493	0.293609	-0.317972	99.556076	-145.047287	1007.437683	
-0.108654	-0.787542	-0.606607	-0.443683	-0.507648	0.738539	-0.889574	0.349387	-0.294260	100.158928	-152.891556	1018.919556	
-0.158500	-0.803415	-0.573935	-0.359434	-0.494447	0.791410	-0.919612	0.331730	-0.210405	98.818428	-164.818848	1021.605896	
-0.222628	-0.817271	-0.531510	-0.318284	-0.454388	0.832002	-0.921485	0.354399	-0.158964	91.420624	-175.825439	1018.956909	
-0.342241	-0.828502	-0.443231	-0.276900	-0.361837	0.890169	-0.897886	0.427383	-0.105577	86.804993	-180.981567	1019.605957	
-0.392241	-0.828212	-0.400263	-0.167010	-0.363781	0.916390	-0.904575	0.426294	0.004371	76.025040	-185.655746	1016.775513	
-0.512394	-0.778362	-0.362772	-0.092362	-0.370040	0.924414	-0.853770	0.507171	0.117716	63.310295	-189.643158	1010.829895	
-0.665749	-0.695096	-0.271328	-0.004856	-0.359582	0.933101	-0.746161	0.622528	0.236017	55.900887	-192.478897	1005.131897	
-0.742429	-0.644891	-0.181424	0.088843	-0.363200	0.927466	-0.664009	0.672459	0.326944	48.044277	-201.341888	1015.345581	
-0.830615	-0.551710	-0.075455	0.158888	-0.364689	0.917473	-0.533699	0.750078	0.390576	39.315979	-205.809875	1014.337097	
-0.900432	-0.434559	0.019502	0.234637	-0.447452	0.862979	-0.366291	0.781629	0.504864	29.268330	-207.116318	1000.308594	
-0.944514	-0.322174	0.064006	0.245250	-0.562066	0.789895	-0.218510	0.761764	0.609893	10.714626	-209.169586	990.245300	
-0.959614	-0.258211	0.111668	0.251841	-0.611568	0.750041	-0.125378	0.747870	0.651897	0.608858	-207.403046	974.252563	
-0.966220	-0.192613	0.171227	0.257080	-0.673633	0.692912	-0.018120	0.713525	0.700395	-17.657900	-215.533997	1000.650024	
-0.966220	-0.192613	0.171227	0.257080	-0.673633	0.692912	-0.018120	0.713525	0.700395	-17.657900	-215.533997	1000.650024	
-0.966220	-0.192613	0.171227	0.257080	-0.673633	0.692912	-0.018120	0.713525	0.700395	-17.657900	-215.533997	1000.650024	
-0.966220	-0.192613	0.171227	0.257080	-0.673633	0.692912	-0.018120	0.713525	0.700395	-17.657900	-215.533997	1000.650024	
-0.841997	0.159136	0.515476	0.049480	-0.928696	0.367526	0.537207	0.334962	0.774085	-67.329521	-208.126251	971.989014	
-0.787590	0.267333	0.555189	-0.127032	-0.952077	0.278234	0.602963	0.148608	0.783805	-77.385971	-209.819839	972.806152	
-0.721605	0.346124	0.599571	-0.309312	-0.935992	0.168067	0.619364	-0.064176	0.782476	-93.569229	-203.206085	966.906006	
-0.668488	0.373710	0.643012	-0.394639	-0.911069	0.119227	0.630384	-0.174056	0.756518	-101.656487	-198.626099	948.755066	
-0.588232	0.432201	0.683510	-0.526273	-0.846330	0.082242	0.614019	-0.311335	0.725293	-109.348854	-193.017654	935.912720	
-0.473654	0.441463	0.762077	-0.692859	-0.720956	-0.012992	0.543688	-0.534167	0.647355	-123.062157	-183.598984	930.871887	
-0.384491	0.463571	0.798291	-0.810023	-0.584185	-0.050904	0.442751	-0.666207	0.600117	-129.238358	-172.887436	924.370300	
-0.300004	0.472264	0.828833	-0.914114	-0.390746	-0.108229	0.272750	-0.790118	0.548928	-133.667633	-161.836716	911.197693	
-0.249860	0.444984	0.859977	-0.962885	-0.207825	-0.172223	0.102088	-0.871091	0.480395	-141.553955	-150.564987	903.805542	
-0.166911	0.378473	0.910439	-0.985259	-0.028934	-0.168600	-0.037468	-0.925161	0.377723	-143.777161	-137.049301	897.028320	
-0.113621	0.270542	0.955980	-0.974256	0.158242	-0.160575	-0.194719	-0.949614	0.245598	-145.169464	-122.937622	886.046265	
-0.054468	0.177794	0.982559	-0.938432	0.327073	-0.111206	-0.341141	-0.928123	0.149033	-144.822998	-107.941910	865.302490	
-0.029769	0.131832	0.990825	-0.887338	0.452854	-0.086913	-0.460157	-0.881785	0.103498	-144.498642	-101.350525	866.130554	
-0.007319	0.083948	0.996443	-0.823806	0.564331	-0.053594	-0.566823	-0.821269	0.065027	-140.973770	-94.355392	858.560242	
-0.000158	-0.047131	0.998888	-0.707872	0.705561	0.033180	-0.706341	-0.707081	-0.033474	-134.601151	-79.556091	841.201843	
-0.010912	-0.107066	0.994192	-0.522790	0.848153	0.085600	-0.852391	-0.518820	-0.065228	-130.945343	-71.645233	832.707275	
-0.032800	-0.220175	0.974908	-0.363571	0.911235	0.193563	-0.930989	-0.348100	-0.109938	-119.826279	-63.971001	813.650146	
-0.062436	-0.283772	0.956856	-0.248272	0.933007	0.260499	-0.966676	-0.221297	-0.128706	-113.221146	-55.510902	806.318237	
-0.116229	-0.389968	0.913463	-0.163497	0.914663	0.369677	-0.979673	-0.106382	-0.170069	-106.032646	-40.868626	799.524597	
-0.154626	-0.431092	0.888960	-0.076946	0.902304	0.424179	-0.984972	-0.002813	-0.172691	-98.293808	-26.649773	789.130798	
-0.207978	-0.468295	0.858746	0.090284	0.865005	0.493573	-0.973958	0.180183	-0.137623	-82.048386	-12.182268	774.477661	
-0.271775	-0.489075	0.828821	0.289762	0.779685	0.555094	-0.917701	0.391021	-0.070184	-73.247520	-5.907190	766.485413	
-0.323113	-0.516945	0.792695	0.358980	0.708073	0.608084	-0.875631	0.481042	-0.043214	-63.847267	1.459138	757.436462	
-0.394140	-0.526628	0.753203	0.478721	0.581945	0.657394	-0.784525	0.619680	0.022740	-53.018600	7.978555	735.959045	
-0.396412	-0.564324	0.724152	0.517636	0.514057	0.683959	-0.758229	0.645976	0.088336	-34.075859	19.997097	720.834534	
-0.529542	-0.580311	0.618728	0.554851	0.314776	0.770101	-0.641658	0.751103	0.155299	-23.061571	30.025650	710.187500	
-0.613281	-0.597159	0.516999	0.561184	0.131193	0.817227	-0.555841	0.791322	0.254658	-13.476334	34.773983	700.915649	
-0.700378	-0.541234	0.465335	0.580224	-0.052018	0.812794	-0.415706	0.839261	0.350469	-2.871490	42.845005	695.463440	
-0.757180	-0.511988	0.405644	0.548732	-0.161669	0.820216	-0.354360	0.843642	0.403357	7.644499	46.477787	677.125671	
-0.828122	-0.438418	0.349290	0.507149	-0.320562	0.800025	-0.238775	0.839660	0.487807	17.725483	49.980354	666.210266	
-0.908793	-0.353619	0.221471	0.387126	-0.516591	0.763719	-0.155655	0.779800	0.606369	35.625034	53.685684	652.987549	
-0.944558	-0.317142	0.085037	0.279307	-0.639920	0.715884	-0.172619	0.699946	0.693021	51.663338	56.190594	647.804810	
-0.976966	-0.212657	0.017754	0.173847	-0.744899	0.644129	-0.123753	0.632379	0.764710	58.918755	58.145412	645.322144	
-0.986586	-0.156102	-0.047762	0.096124	-0.791992	0.602916	-0.131943	0.590238	0.796373	72.600746	59.370167	641.684265	
-0.987431	-0.105539	-0.117650	0.021976	-0.828835	0.559061	-0.156514	0.549449	0.820736	83.642227	59.488274	632.828796	
-0.983343	0.009460	-0.181513	-0.096343	-0.873943	0.476384	-0.154125	0.485937	0.860296	92.392609	58.339970	621.455750	
-0.967418	0.058887	-0.246242	-0.163527	-0.887832	0.430133	-0.193291	0.456386	0.868533	96.592453	57.109726	615.054016	
-0.938877	0.161606	-0.303963	-0.274687	-0.883899	0.378511	-0.207503	0.438870	0.874262	99.299591	53.708744	605.568542	
-0.895523	0.253885	-0.365487	-0.378676	-0.866153	0.326164	-0.233759	0.430489	0.871800	100.551216	51.317802	601.661621	
-0.856211	0.291765	-0.426350	-0.416252	-0.878408	0.234809	-0.306000	0.378515	0.873550	101.232567	45.246284	597.976257	
-0.811661	0.325147	-0.485269	-0.461486	-0.866239	0.191471	-0.358103	0.379354	0.853142	99.788551	38.135479	591.645020	
-0.727665	0.337775	-0.597001	-0.482434	-0.870724	0.095380	-0.487606	0.357419	0.796549	96.091835	29.315821	589.203735	
-0.653532	0.390816	-0.648195	-0.556295	-0.828728	0.061209	-0.513256	0.400590	0.759009	93.000519	20.176817	584.219238	
-0.533079	0.401331	-0.744821	-0.619373	-0.784832	0.020404	-0.576371	0.472199	0.666951	85.062012	14.183432	581.869873	
-0.410072	0.383368	-0.827568	-0.676145	-0.736743	-0.006254	-0.612102	0.556991	0.561329	74.986885	7.871764	577.303467	
-0.351773	0.363693	-0.862544	-0.652224	-0.756182	-0.052848	-0.671461	0.543981	0.503214	63.279060	1.016979	574.157776	
-0.283122	0.292008	-0.913549	-0.627912	-0.776438	-0.053583	-0.724961	0.558457	0.403182	49.133053	-5.246484	555.571533	
-0.222084	0.298422	-0.928236	-0.635778	-0.766105	-0.094186	-0.739233	0.569234	0.359870	34.014320	-18.855682	565.997620	
-0.137958	0.217221	-0.966324	-0.614686	-0.783799	-0.088435	-0.776613	0.581785	0.241654	25.555038	-27.036896	566.072021	
-0.064293	0.159198	-0.985151	-0.635414	-0.767742	-0.082597	-0.769491	0.620667	0.150516	8.756778	-35.890156	574.962830	
-0.000623	-0.011619	-0.999932	-0.593177	-0.805014	0.009723	-0.805072	0.593142	-0.006390	-0.814592	-42.942200	563.743652	
0.031897	-0.073087	-0.996815	-0.560146	-0.827291	0.042734	-0.827780	0.556999	-0.067327	-21.044701	-58.705200	572.031982	
0.031897	-0.073087	-0.996815	-0.560146	-0.827291	0.042734	-0.827780	0.556999	-0.067327	-21.044701	-58.705200	572.031982	
0.031897	-0.073087	-0.996815	-0.560146	-0.827291	0.042734	-0.827780	0.556999	-0.067327	-21.044701	-58.705200	572.031982	
0.069339	-0.400338	-0.913740	-0.670654	-0.696784	0.254391	-0.738522	0.595164	-0.316802	-81.566147	-96.659546	572.317261	
0.047630	-0.527374	-0.848297	-0.684412	-0.635802	0.356841	-0.727538	0.563588	-0.391225	-92.038391	-104.329552	578.522583	
-0.005852	-0.641315	-0.767255	-0.691968	-0.551307	0.466091	-0.721905	0.533643	-0.440543	-102.725883	-112.210632	583.978210	
-0.037612	-0.694213	-0.718786	-0.653014	-0.527393	0.543534	-0.756411	0.489820	-0.433495	-121.978828	-119.622902	588.540588	
-0.122969	-0.777981	-0.616137	-0.631391	-0.417659	0.653381	-0.765653	0.469369	-0.439851	-132.058060	-134.101898	597.825134	
-0.207540	-0.802427	-0.559498	-0.632048	-0.326539	0.702772	-0.746621	0.499482	-0.439402	-148.690399	-147.562546	604.446411	
-0.292013	-0.819195	-0.493606	-0.587217	-0.253804	0.768609	-0.754920	0.514298	-0.406932	-157.329773	-160.665802	610.686523	
-0.363618	-0.852516	-0.375497	-0.496237	-0.163869	0.852582	-0.788372	0.496349	-0.363464	-169.617020	-170.109787	611.416626	
-0.459811	-0.855913	-0.236617	-0.423975	-0.022530	0.905394	-0.780269	0.516629	-0.352526	-176.704773	-176.287582	620.803650	
-0.515105	-0.850554	-0.105948	-0.304378	0.065966	0.950265	-0.801262	0.521734	-0.292869	-186.908066	-185.540436	627.514526	
-0.556643	-0.830127	0.032225	-0.197082	0.169637	0.965599	-0.807036	0.531143	-0.258031	-196.075470	-190.498642	637.568542	
-0.590609	-0.789626	0.166351	-0.097903	0.274738	0.956522	-0.800997	0.548643	-0.239570	-203.136169	-195.459839	644.352600	
-0.637094	-0.709986	0.300051	0.079974	0.326289	0.941881	-0.766626	0.624063	-0.151096	-203.505692	-195.280731	646.560486	
-0.658532	-0.616505	0.431577	0.238026	0.373409	0.896610	-0.713919	0.693172	-0.099157	-205.218109	-202.728317	655.117432	
-0.647889	-0.519236	0.557345	0.386588	0.406314	0.827924	-0.656345	0.751866	-0.062516	-202.993332	-205.623535	665.054443	
-0.606662	-0.437709	0.663605	0.524155	0.407366	0.747873	-0.597681	0.801538	-0.017706	-202.484467	-208.170212	677.383118	
-0.596963	-0.360959	0.716480	0.631472	0.339451	0.697149	-0.494851	0.868609	0.025296	-197.896729	-209.190643	682.740662	
-0.531615	-0.265638	0.804253	0.758621	0.272946	0.591604	-0.376669	0.924628	0.056417	-189.683517	-208.497009	687.167236	
-0.447243	-0.173817	0.877361	0.855335	0.203666	0.476364	-0.261488	0.963487	0.057584	-185.768509	-207.880280	705.489807	
-0.390799	-0.135028	0.910519	0.899920	0.151836	0.408767	-0.193444	0.979139	0.062177	-180.509521	-206.100510	717.860962	
-0.267141	-0.080127	0.960321	0.958361	0.082240	0.273459	-0.100888	0.993386	0.054821	-166.015228	-203.321045	727.879944	
-0.144576	-0.041534	0.988622	0.989173	0.019336	0.145469	-0.025158	0.998950	0.038289	-150.447357	-200.357040	747.960571	
-0.003772	0.001785	0.999992	0.998836	-0.048073	0.003853	0.048080	0.998842	-0.001602	-134.118301	-199.348892	765.156738	
0.133040	0.018527	0.990938	0.976182	-0.175331	-0.127781	0.171375	0.984335	-0.041412	-117.410263	-198.634781	789.603027	
0.184942	-0.016111	0.982618	0.938878	-0.292513	-0.181506	0.290353	0.956126	-0.038972	-107.564186	-193.516190	812.944641	
0.320439	-0.030593	0.946775	0.870482	-0.384685	-0.307048	0.373604	0.922541	-0.096638	-97.438766	-185.716858	839.532227	
0.457118	-0.055986	0.887642	0.772776	-0.469061	-0.427550	0.440296	0.881389	-0.171152	-77.133911	-174.837311	857.966125	
0.575250	-0.080197	0.814037	0.674877	-0.515797	-0.527726	0.462200	0.852949	-0.242590	-65.728661	-166.821106	873.595703	
0.668878	-0.143102	0.729468	0.555515	-0.555846	-0.618416	0.493969	0.818875	-0.292298	-45.108471	-153.553192	872.690063	
0.713555	-0.174433	0.678537	0.469685	-0.599527	-0.648046	0.519842	0.781115	-0.345868	-24.167770	-146.095337	880.034424	
0.786532	-0.247979	0.565573	0.323281	-0.614985	-0.719224	0.526172	0.748531	-0.403539	-4.817240	-131.724350	885.419250	
0.845985	-0.293456	0.445188	0.190294	-0.613779	-0.766201	0.498094	0.732911	-0.463405	4.756976	-117.751190	890.471313	
0.856668	-0.338739	0.389069	0.105669	-0.622986	-0.775063	0.504929	0.705084	-0.497899	13.759625	-110.700211	895.261902	
0.870780	-0.421899	0.252474	-0.052457	-0.590290	-0.805485	0.488867	0.688155	-0.536145	21.879854	-96.435760	908.840210	
0.881470	-0.457832	0.115757	-0.174655	-0.543804	-0.820837	0.438755	0.703325	-0.559310	29.609833	-81.368530	913.917908	
0.850417	-0.523810	0.049128	-0.267174	-0.510424	-0.817365	0.453220	0.681975	-0.574023	36.081757	-67.103111	931.917786	
0.804268	-0.594028	-0.016833	-0.368522	-0.476328	-0.798313	0.466202	0.648261	-0.602008	42.539921	-52.769772	954.080750	
0.757940	-0.646459	-0.087276	-0.453949	-0.426624	-0.782255	0.468463	0.632520	-0.616815	52.239552	-45.652557	959.667236	
0.721621	-0.655534	-0.222571	-0.555312	-0.356131	-0.751532	0.413390	0.665917	-0.621018	60.719021	-31.913361	972.024414	
0.684230	-0.668092	-0.292373	-0.608738	-0.302467	-0.733452	0.401581	0.679828	-0.613650	63.061890	-17.645622	973.306580	
0.621509	-0.698968	-0.353795	-0.665963	-0.233552	-0.708482	0.412577	0.675941	-0.610642	64.278229	-3.262408	971.866943	
0.592836	-0.685105	-0.423293	-0.702007	-0.182069	-0.688504	0.394629	0.705324	-0.588885	65.431061	9.484243	978.851501	
0.560226	-0.675362	-0.479618	-0.730297	-0.129452	-0.670752	0.390913	0.726035	-0.565738	64.059158	21.440449	974.248779	
0.510825	-0.672383	-0.535686	-0.780467	-0.101445	-0.616913	0.360459	0.733218	-0.576593	62.560886	26.724794	990.197144	
0.459793	-0.674892	-0.577158	-0.813357	-0.059192	-0.578747	0.356429	0.735538	-0.576144	60.219048	37.315674	1014.401123	
0.378638	-0.632161	-0.676023	-0.868564	0.009629	-0.495484	0.319736	0.774777	-0.545426	53.502167	49.162773	1023.831909	
0.336921	-0.597464	-0.727682	-0.890898	0.047740	-0.451688	0.304607	0.800473	-0.516195	48.400093	59.249592	1031.394531	
0.292201	-0.557870	-0.776788	-0.909542	0.088909	-0.405990	0.295554	0.825152	-0.481427	38.393845	67.765442	1043.235718	
0.227425	-0.544413	-0.807399	-0.925114	0.138084	-0.353690	0.304043	0.827374	-0.472240	25.491047	76.320274	1057.622681	
0.182734	-0.499205	-0.846996	-0.921137	0.214220	-0.324987	0.343679	0.839586	-0.420691	17.868172	84.574707	1060.225464	
0.150885	-0.426677	-0.891729	-0.920169	0.269049	-0.284433	0.361280	0.863458	-0.352019	1.867317	87.985367	1056.109375	
0.081554	-0.347410	-0.934160	-0.899323	0.378363	-0.219224	0.429613	0.857991	-0.281576	-15.130270	91.735306	1072.964478	
0.056229	-0.277865	-0.958973	-0.912519	0.375459	-0.162296	0.405152	0.884207	-0.232445	-32.725655	92.850601	1046.397827	
0.031212	-0.170293	-0.984899	-0.890125	0.443481	-0.104888	0.454646	0.879958	-0.137739	-42.866543	94.743843	1063.554077	
0.015458	-0.098835	-0.994984	-0.859226	0.507607	-0.063771	0.511364	0.855901	-0.077074	-52.777275	96.385574	1070.454224	
0.000007	0.040338	-0.999186	-0.843025	0.537437	0.021691	0.537875	0.842339	0.034010	-64.262161	97.548340	1072.424316	
0.010239	0.087595	-0.996103	-0.894579	0.445901	0.030017	0.446794	0.890786	0.082927	-81.964890	104.060272	1099.064209	
0.014453	0.239352	-0.970825	-0.811161	0.570513	0.128581	0.584645	0.785637	0.202399	-97.012245	99.281715	1102.656860	
0.028974	0.379009	-0.924939	-0.777051	0.590603	0.217668	0.628771	0.712418	0.311622	-107.533096	95.365250	1098.917480	
0.035306	0.435006	-0.899735	-0.746404	0.610148	0.265707	0.664556	0.662185	0.346233	-118.350533	91.673660	1101.045288	
0.045728	0.472282	-0.880260	-0.709338	0.635810	0.304280	0.703384	0.610488	0.364082	-127.657814	85.270905	1096.085205	
0.075869	0.530211	-0.844464	-0.678177	0.648291	0.346112	0.730971	0.546437	0.408763	-136.335846	78.616905	1091.402222	
0.118377	0.583398	-0.803513	-0.651668	0.656200	0.380434	0.749210	0.478589	0.457861	-141.731934	68.985992	1071.442505	
0.162855	0.635424	-0.754794	-0.618900	0.661576	0.423415	0.768402	0.398187	0.501005	-148.470917	65.243774	1064.658691	
0.203163	0.664957	-0.718719	-0.580689	0.672834	0.458360	0.788369	0.324231	0.522829	-153.763519	55.293659	1057.063354	
0.218208	0.694255	-0.685853	-0.563277	0.663504	0.492424	0.796935	0.278874	0.535840	-164.538879	44.000877	1052.015259	
0.270276	0.755150	-0.597243	-0.563452	0.627066	0.537875	0.780687	0.191144	0.594972	-174.105881	32.801910	1052.847168	
0.308877	0.809039	-0.500049	-0.569062	0.578471	0.584414	0.762079	0.104047	0.639070	-176.115967	26.513418	1041.323730	
0.345632	0.845021	-0.408017	-0.589449	0.533836	0.606274	0.730129	0.030958	0.682608	-181.805267	20.309631	1044.535034	
0.390101	0.874446	-0.288383	-0.585785	0.477333	0.654987	0.710406	-0.086581	0.698446	-180.238800	13.223614	1014.048584	
0.414430	0.891460	-0.183154	-0.603285	0.419780	0.678109	0.681392	-0.170534	0.711775	-181.669403	6.040251	1024.497437	
0.465169	0.883988	-0.046712	-0.618852	0.362475	0.696874	0.632961	-0.295256	0.715671	-180.870316	-0.272909	1020.835266	
0.508340	0.856177	0.092469	-0.651815	0.312368	0.691059	0.562785	-0.411565	0.716859	-177.653473	-13.955265	1016.492737	
0.513605	0.844855	0.149766	-0.652573	0.271297	0.707493	0.557098	-0.461105	0.690669	-172.941010	-21.014336	1001.372498	
0.522885	0.810113	0.265156	-0.678222	0.206970	0.705109	0.516339	-0.548524	0.657658	-163.456909	-35.790115	991.290649	
0.526305	0.791002	0.311960	-0.687985	0.180545	0.702908	0.499679	-0.584567	0.639220	-152.178116	-42.609642	969.372986	
0.545666	0.752300	0.369180	-0.699043	0.165670	0.695623	0.462155	-0.637650	0.616291	-140.487106	-49.406719	959.226990	
0.546176	0.726602	0.416823	-0.703976	0.128462	0.698509	0.453992	-0.674942	0.581673	-132.762634	-63.494938	952.796753	
