0.997309	-0.043495	0.059023	0.043254	0.999049	0.005350	-0.059200	-0.002783	0.998243	18.861723	4.111619	542.959900	
0.986732	-0.126221	0.102123	0.130636	0.990712	-0.037736	-0.096411	0.050576	0.994056	27.622620	6.881541	543.925659	
0.969372	-0.168964	0.178240	0.178348	0.983237	-0.037892	-0.168850	0.068520	0.983258	36.446938	15.141032	544.323914	
0.955119	-0.203044	0.215688	0.216234	0.975555	-0.039169	-0.202463	0.084050	0.975677	44.598511	18.012306	542.593201	
0.929915	-0.259953	0.260158	0.292719	0.951402	-0.095652	-0.222650	0.165101	0.960817	52.427269	23.587662	545.124695	
0.911769	-0.324245	0.252077	0.367476	0.918157	-0.148149	-0.183410	0.227709	0.956300	69.422066	25.730913	549.935059	
0.899500	-0.349592	0.262077	0.415165	0.870797	-0.263344	-0.136153	0.345683	0.928421	76.056740	29.292740	549.676758	
0.904337	-0.341152	0.256494	0.416693	0.835800	-0.357497	-0.092417	0.430177	0.898002	82.717293	30.320591	552.279419	
0.902588	-0.348867	0.252242	0.425486	0.812106	-0.399306	-0.065543	0.467734	0.881436	88.477409	31.199869	555.008118	
0.915356	-0.321152	0.242869	0.401382	0.775556	-0.487242	-0.031880	0.543483	0.838815	98.162895	30.941565	560.858276	
0.902911	-0.336662	0.267228	0.429635	0.725537	-0.537596	-0.012896	0.600212	0.799737	102.457230	29.796648	571.288452	
0.912716	-0.309201	0.267104	0.408331	0.666792	-0.623420	0.014659	0.678073	0.734849	105.708359	26.975260	576.122803	
0.921310	-0.284993	0.264512	0.385425	0.579555	-0.718027	0.051333	0.763475	0.643794	107.951675	25.473562	586.857239	
0.931879	-0.220585	0.288001	0.362607	0.542539	-0.757739	0.010894	0.810551	0.585567	109.923729	20.990055	602.352234	
0.929775	-0.178778	0.321803	0.368121	0.445762	-0.815955	0.002427	0.877117	0.480271	110.406700	15.307033	607.104675	
0.920596	-0.128755	0.368681	0.389305	0.376900	-0.840469	-0.030742	0.917261	0.397098	108.871651	8.601529	612.735962	
0.915455	-0.063518	0.397377	0.396785	0.307168	-0.864991	-0.067119	0.949533	0.306402	104.151772	5.031159	616.669373	
0.889296	0.000322	0.457333	0.449391	0.184946	-0.873981	-0.084863	0.982748	0.164327	100.649223	-3.562555	621.390015	
0.876212	0.062514	0.477855	0.475391	0.050626	-0.878317	-0.079099	0.996759	0.014641	95.015335	-13.688437	618.051575	
0.882681	0.077687	0.463508	0.464341	0.008069	-0.885620	-0.072541	0.996945	-0.028950	85.836334	-23.458782	637.067444	
0.923053	0.038035	0.382789	0.382531	0.014126	-0.923835	-0.040545	0.999176	-0.001511	73.933807	-25.503378	633.650085	
0.955844	0.008228	0.293759	0.293741	0.003365	-0.955880	-0.008853	0.999960	0.000800	63.333817	-30.350916	639.688049	
0.986385	-0.008549	0.164232	0.163942	-0.027672	-0.986082	0.012975	0.999580	-0.025893	54.105492	-41.250988	655.670227	
0.999645	-0.024622	-0.010134	-0.010801	-0.027095	-0.999575	0.024336	0.999329	-0.027352	42.907005	-46.265320	671.811218	
0.990390	-0.033044	-0.134295	-0.135914	-0.052935	-0.989306	0.025581	0.998051	-0.056917	32.123524	-58.280563	683.051941	
0.945398	-0.169483	-0.278385	-0.290076	-0.048145	-0.955792	0.148588	0.984356	-0.094679	16.912830	-70.995499	712.929382	
0.875169	-0.304681	-0.375830	-0.403031	-0.029352	-0.914716	0.267665	0.952002	-0.148484	1.233186	-87.089943	751.103027	
0.829620	-0.284243	-0.480559	-0.503432	-0.008651	-0.863991	0.241427	0.958712	-0.150275	-10.676054	-96.300903	776.235413	
0.776390	-0.230883	-0.586441	-0.607553	-0.026696	-0.793831	0.167627	0.972615	-0.161000	-20.396130	-101.739380	766.704163	
0.464301	0.765106	0.446136	0.671301	-0.632593	0.386238	0.577736	0.120161	-0.807331	-13.107500	-126.323997	753.031006	
0.464301	0.765106	0.446136	0.671301	-0.632593	0.386238	0.577736	0.120161	-0.807331	-13.107500	-126.323997	753.031006	
0.464301	0.765106	0.446136	0.671301	-0.632593	0.386238	0.577736	0.120161	-0.807331	-13.107500	-126.323997	753.031006	
0.651290	0.714047	0.256825	0.569643	-0.683660	0.456197	0.501327	-0.150818	-0.852012	-37.918388	-155.663376	758.175171	
0.699706	0.651029	0.294233	0.478564	-0.732895	0.483571	0.530461	-0.197549	-0.824369	-45.183186	-166.728546	752.551941	
0.715890	0.625199	0.310850	0.402252	-0.733204	0.548275	0.570698	-0.267465	-0.776380	-53.139946	-174.397858	776.004211	
0.744908	0.584606	0.321478	0.339154	-0.746762	0.572120	0.574533	-0.317147	-0.754539	-67.005409	-188.883133	797.349060	
0.782112	0.548484	0.295749	0.266086	-0.723123	0.637410	0.563472	-0.419831	-0.711506	-81.130737	-203.310303	817.615356	
0.808785	0.499464	0.310487	0.203298	-0.732842	0.649317	0.551849	-0.462037	-0.694251	-93.446449	-215.468185	836.734619	
0.849540	0.429110	0.306832	0.076323	-0.675508	0.733392	0.521974	-0.599628	-0.606622	-104.366539	-222.898026	865.305237	
0.944270	0.270024	0.188261	-0.043575	-0.464345	0.884582	0.326277	-0.843487	-0.426700	-108.259483	-219.101410	853.714233	
0.973713	0.171695	0.149681	-0.054625	-0.461939	0.885228	0.221134	-0.870134	-0.440417	-110.062599	-225.833038	864.510742	
0.985156	0.114591	0.127814	-0.069470	-0.414733	0.907287	0.156976	-0.902699	-0.400616	-111.415154	-228.449402	866.766235	
0.995361	0.066123	0.069886	-0.039770	-0.378632	0.924692	0.087605	-0.923182	-0.374246	-111.399315	-229.238525	869.016602	
0.785431	0.027067	-0.618357	0.570666	-0.418506	0.706536	-0.239662	-0.907811	-0.344154	-115.802002	-246.240997	928.081970	
0.785431	0.027067	-0.618357	0.570666	-0.418506	0.706536	-0.239662	-0.907811	-0.344154	-115.802002	-246.240997	928.081970	
0.785431	0.027067	-0.618357	0.570666	-0.418506	0.706536	-0.239662	-0.907811	-0.344154	-115.802002	-246.240997	928.081970	
0.785431	0.027067	-0.618357	0.570666	-0.418506	0.706536	-0.239662	-0.907811	-0.344154	-115.802002	-246.240997	928.081970	
0.785431	0.027067	-0.618357	0.570666	-0.418506	0.706536	-0.239662	-0.907811	-0.344154	-115.802002	-246.240997	928.081970	
0.785431	0.027067	-0.618357	0.570666	-0.418506	0.706536	-0.239662	-0.907811	-0.344154	-115.802002	-246.240997	928.081970	
0.479207	-0.191299	-0.856601	0.746982	-0.423545	0.512471	-0.460844	-0.885446	-0.060068	-77.526184	-240.407959	937.261658	
0.412367	-0.231058	-0.881229	0.751686	-0.460209	0.472415	-0.514705	-0.857216	-0.016092	-70.667076	-235.902679	938.436096	
0.310356	-0.256816	-0.915273	0.756290	-0.516621	0.401406	-0.575936	-0.816792	0.033891	-55.941948	-230.268753	945.757996	
0.283928	-0.250824	-0.925458	0.712422	-0.590802	0.378692	-0.641747	-0.766838	0.010947	-49.918098	-234.992004	997.687988	
0.283928	-0.250824	-0.925458	0.712422	-0.590802	0.378692	-0.641747	-0.766838	0.010947	-49.918098	-234.992004	997.687988	
0.283928	-0.250824	-0.925458	0.712422	-0.590802	0.378692	-0.641747	-0.766838	0.010947	-49.918098	-234.992004	997.687988	
0.283928	-0.250824	-0.925458	0.712422	-0.590802	0.378692	-0.641747	-0.766838	0.010947	-49.918098	-234.992004	997.687988	
0.101667	-0.120930	-0.987441	0.775908	-0.611563	0.154785	-0.622601	-0.781899	0.031655	-10.846521	-193.610352	985.409790	
0.041159	-0.081989	-0.995783	0.776051	-0.625113	0.083546	-0.629327	-0.776216	0.037899	7.632405	-182.146042	986.295532	
-0.003158	-0.004851	-0.999983	0.749300	-0.662231	0.000847	-0.662224	-0.749284	0.005726	16.408346	-169.807571	984.619324	
-0.017371	0.065603	-0.997694	0.721904	-0.689566	-0.057911	-0.691775	-0.721246	-0.035380	25.480104	-156.867981	982.548462	
-0.025843	0.139531	-0.989880	0.639835	-0.758505	-0.123621	-0.768078	-0.636555	-0.069675	44.483299	-149.996002	1024.770020	
-0.025843	0.139531	-0.989880	0.639835	-0.758505	-0.123621	-0.768078	-0.636555	-0.069675	44.483299	-149.996002	1024.770020	
-0.025843	0.139531	-0.989880	0.639835	-0.758505	-0.123621	-0.768078	-0.636555	-0.069675	44.483299	-149.996002	1024.770020	
-0.025843	0.139531	-0.989880	0.639835	-0.758505	-0.123621	-0.768078	-0.636555	-0.069675	44.483299	-149.996002	1024.770020	
0.184841	0.323514	-0.927994	0.560406	-0.810396	-0.170894	-0.807329	-0.488465	-0.331093	88.532967	-103.942032	1000.653381	
0.198061	0.379441	-0.903768	0.563005	-0.798803	-0.211989	-0.802370	-0.466838	-0.371839	99.703949	-96.469322	999.767761	
0.146032	0.386135	-0.910810	0.518410	-0.814013	-0.261980	-0.842571	-0.433915	-0.319048	110.058929	-81.229912	1004.614075	
0.164401	0.394594	-0.904029	0.417971	-0.858019	-0.298501	-0.893461	-0.328784	-0.305988	113.391693	-65.923126	997.299927	
0.202866	0.404471	-0.891767	0.341599	-0.882724	-0.322659	-0.917691	-0.239170	-0.317241	114.973320	-50.723408	978.015259	
0.224174	0.404739	-0.886528	0.250196	-0.903093	-0.349035	-0.941886	-0.143561	-0.303714	117.534462	-43.364376	960.732483	
0.202377	0.361093	-0.910305	0.219465	-0.922620	-0.317187	-0.954400	-0.135589	-0.265964	119.220642	-29.195381	955.359009	
0.192183	0.340313	-0.920463	0.181645	-0.934076	-0.307420	-0.964402	-0.108117	-0.241330	119.566895	-15.590052	951.160706	
0.166668	0.284789	-0.943990	0.127383	-0.955577	-0.265794	-0.977750	-0.075949	-0.195542	118.108345	-2.777149	957.880554	
0.150406	0.256926	-0.954656	0.106445	-0.964236	-0.242734	-0.982878	-0.065110	-0.172375	114.174637	3.155744	953.754272	
0.143183	0.173615	-0.974349	0.078562	-0.983381	-0.163679	-0.986574	-0.053111	-0.154443	112.252632	8.943849	963.187927	
0.141853	0.140264	-0.979900	0.056475	-0.989445	-0.133455	-0.988276	-0.036409	-0.148277	105.260529	20.626932	962.653931	
0.172139	0.098460	-0.980140	0.038307	-0.994909	-0.093215	-0.984328	-0.021500	-0.175034	93.422836	24.930122	941.794128	
0.164352	0.013044	-0.986315	0.027598	-0.999583	-0.008621	-0.986016	-0.025803	-0.164644	87.516647	29.670956	932.596375	
0.188874	-0.043583	-0.981034	-0.013780	-0.999034	0.041729	-0.981905	0.005637	-0.189292	74.303772	38.335159	929.843140	
0.213146	-0.099039	-0.971988	0.013007	-0.994474	0.104182	-0.976934	-0.034849	-0.210680	65.957405	43.788773	918.314575	
0.237239	-0.145143	-0.960547	0.076273	-0.982941	0.167365	-0.968453	-0.112969	-0.222121	50.074104	46.001930	911.005249	
0.281574	-0.197258	-0.939045	0.184996	-0.949121	0.254846	-0.941538	-0.245477	-0.230756	32.982643	51.136833	909.686096	
0.334811	-0.288272	-0.897107	0.278060	-0.879434	0.386368	-0.900325	-0.378810	-0.214288	15.440968	53.988667	896.337158	
0.324880	-0.384366	-0.864127	0.400034	-0.772083	0.493823	-0.856986	-0.506114	-0.097075	6.631378	54.160988	865.907104	
0.348348	-0.460163	-0.816642	0.423229	-0.700140	0.575049	-0.836380	-0.545944	-0.049138	-11.867120	54.673916	858.547729	
0.355168	-0.540662	-0.762588	0.438426	-0.624147	0.646702	-0.825614	-0.564026	0.015363	-31.048252	54.064014	852.191833	
0.356341	-0.653008	-0.668283	0.326217	-0.583277	0.743889	-0.875559	-0.483084	0.005177	-51.641758	53.958824	869.970825	
0.559614	-0.590775	-0.581220	0.375904	-0.444087	0.813316	-0.738599	-0.673626	-0.026443	-68.198059	49.838871	847.911316	
0.703167	-0.540529	-0.461935	0.302527	-0.360494	0.882339	-0.643454	-0.760180	-0.089963	-75.349472	44.172699	828.726807	
0.779056	-0.517513	-0.353911	0.231371	-0.287332	0.929467	-0.582701	-0.805991	-0.104110	-83.107315	38.342499	806.411255	
0.826049	-0.482928	-0.290559	0.212037	-0.211373	0.954129	-0.522192	-0.849766	-0.072206	-99.180435	34.255783	792.817871	
0.803043	-0.508447	-0.310811	0.255199	-0.177902	0.950382	-0.538512	-0.842516	-0.013107	-114.948639	30.677746	783.079529	
0.749367	-0.592034	-0.296554	0.253030	-0.157841	0.954496	-0.611902	-0.790306	0.031522	-128.926910	25.441551	774.720581	
0.638610	-0.718731	-0.274961	0.229135	-0.163504	0.959565	-0.734626	-0.675791	0.060271	-144.145294	20.883476	772.720154	
0.542794	-0.800501	-0.254110	0.213649	-0.161001	0.963552	-0.812236	-0.577302	0.083636	-150.215851	14.620186	762.351013	
0.566320	-0.773150	-0.285519	0.241556	-0.175511	0.954383	-0.787993	-0.609455	0.087364	-158.255615	7.963295	756.757629	
0.596336	-0.746390	-0.295444	0.246605	-0.179910	0.952271	-0.763917	-0.640731	0.076777	-161.480698	1.084188	741.727234	
0.650879	-0.673321	-0.350707	0.276308	-0.220174	0.935510	-0.707114	-0.705807	0.042737	-165.675293	-12.703112	727.890930	
0.708339	-0.607356	-0.359688	0.259124	-0.250251	0.932861	-0.656591	-0.753985	-0.019882	-168.147156	-25.628958	720.849121	
0.766354	-0.511384	-0.388831	0.270903	-0.291566	0.917388	-0.582507	-0.808379	-0.084908	-168.448196	-33.481888	717.246155	
0.809814	-0.444978	-0.382357	0.257453	-0.316090	0.913130	-0.527181	-0.837904	-0.141413	-167.371796	-40.197708	714.360718	
0.850504	-0.318950	-0.418228	0.283017	-0.392714	0.875030	-0.443334	-0.862582	-0.243736	-165.163483	-46.453716	705.435791	
0.898027	-0.181404	-0.400800	0.297056	-0.421968	0.856564	-0.324508	-0.888278	-0.325051	-159.419037	-61.487305	695.187012	
0.919158	-0.059328	-0.389396	0.323271	-0.451197	0.831816	-0.225044	-0.890450	-0.395542	-155.334244	-68.254158	673.305847	
0.935658	0.039417	-0.350701	0.315744	-0.537394	0.781994	-0.157640	-0.842410	-0.515262	-153.159668	-84.509384	675.584595	
0.941980	0.051003	-0.331772	0.287617	-0.632224	0.719423	-0.173061	-0.773106	-0.610211	-141.983749	-93.397728	668.503784	
0.944137	0.068749	-0.322302	0.285862	-0.657471	0.697149	-0.163976	-0.750338	-0.640395	-128.339951	-107.818909	660.095642	
0.924003	0.142520	-0.354834	0.346379	-0.705067	0.618792	-0.161991	-0.694673	-0.700849	-114.481842	-115.633392	652.131165	
0.893006	0.236449	-0.382925	0.436037	-0.665202	0.606119	-0.111406	-0.708237	-0.697129	-105.899353	-122.450806	643.768188	
0.870942	0.261715	-0.415891	0.475971	-0.659645	0.581654	-0.122112	-0.704540	-0.699081	-88.649765	-129.159698	633.136536	
0.858876	0.307553	-0.409564	0.505362	-0.638936	0.579976	-0.083312	-0.705106	-0.704192	-80.079445	-134.425522	617.467407	
0.823187	0.377682	-0.423933	0.567770	-0.546858	0.615293	0.000554	-0.747198	-0.664602	-71.338303	-141.438126	612.488770	
0.823232	0.363255	-0.436273	0.561314	-0.405843	0.721263	0.084944	-0.838653	-0.538002	-61.517078	-149.926910	591.969910	
0.814790	0.400252	-0.419422	0.567217	-0.400706	0.719514	0.119923	-0.824157	-0.553521	-53.656040	-156.060287	593.461060	
0.813324	0.446870	-0.372572	0.535159	-0.323356	0.780415	0.228271	-0.834117	-0.502139	-35.300518	-164.077911	585.658203	
0.771238	0.582783	-0.256037	0.539715	-0.385431	0.748433	0.337489	-0.715408	-0.611796	-25.746956	-173.024017	596.289490	
0.719582	0.607765	-0.335891	0.568109	-0.237097	0.788060	0.399316	-0.757898	-0.515887	-7.375229	-178.036835	582.018250	
0.693862	0.618019	-0.369605	0.535964	-0.100426	0.838247	0.480934	-0.779724	-0.400917	10.601876	-183.186005	574.417542	
0.655633	0.590648	-0.470404	0.568676	0.023591	0.822224	0.496742	-0.806585	-0.320419	18.748732	-187.871399	566.774841	
0.601997	0.607666	-0.518016	0.584617	0.106471	0.804293	0.543895	-0.787024	-0.291156	26.998211	-192.197769	569.863892	
0.601084	0.586749	-0.542608	0.557188	0.179052	0.810853	0.572922	-0.789726	-0.219304	42.865734	-192.381927	563.828430	
0.615854	0.628136	-0.475572	0.415655	0.253746	0.873410	0.669294	-0.735568	-0.104817	51.134129	-195.086090	566.663391	
0.565283	0.701747	-0.433597	0.349472	0.272403	0.896474	0.747211	-0.658293	-0.091255	63.365574	-196.239716	567.325378	
0.515315	0.761088	-0.393948	0.288211	0.279002	0.916020	0.807083	-0.585581	-0.075580	69.151306	-195.720428	566.727173	
0.465560	0.816678	-0.341016	0.220443	0.266168	0.938382	0.857122	-0.512049	-0.056113	73.271484	-192.972061	563.535706	
0.475582	0.804123	-0.356661	0.226241	0.280000	0.932960	0.850080	-0.524392	-0.048762	77.651871	-187.744934	561.439636	
0.559300	0.723177	-0.405214	0.276568	0.298025	0.913614	0.781468	-0.623055	-0.033322	78.304565	-185.694946	562.734863	
0.646447	0.643378	-0.410085	0.330631	0.248168	0.910547	0.687596	-0.724209	-0.052293	77.822334	-178.638321	560.467163	
0.668970	0.599585	-0.439290	0.384168	0.227039	0.894912	0.636312	-0.767432	-0.078459	77.426025	-174.952011	562.267151	
0.700878	0.560815	-0.440745	0.436553	0.151392	0.886849	0.564084	-0.813983	-0.138718	73.582283	-166.112045	566.559692	
0.765219	0.477252	-0.432053	0.465441	0.053508	0.883460	0.444752	-0.877137	-0.181187	67.688011	-161.490723	573.048218	
0.811776	0.429625	-0.395526	0.467221	-0.071515	0.881244	0.350319	-0.900172	-0.258783	63.967453	-155.658127	574.661438	
0.847821	0.381395	-0.368423	0.453327	-0.160828	0.876715	0.275122	-0.910315	-0.309250	59.509830	-149.613098	577.524475	
0.893150	0.345836	-0.287538	0.405808	-0.344034	0.846735	0.193910	-0.872948	-0.447617	54.613258	-137.361282	582.421936	
0.927409	0.272391	-0.256348	0.366679	-0.526695	0.766903	0.073880	-0.805231	-0.588341	42.868359	-131.736832	591.934021	
0.948910	0.247115	-0.196216	0.312479	-0.649478	0.693208	0.043864	-0.719106	-0.693514	28.834946	-125.597969	597.617065	
0.969441	0.200672	-0.141114	0.245299	-0.784967	0.568907	0.003394	-0.586138	-0.810204	20.644701	-117.395729	596.024536	
0.988158	0.082649	-0.129271	0.138643	-0.841891	0.521534	-0.065728	-0.533281	-0.843381	2.949377	-109.806274	599.114624	
0.996356	0.035197	-0.077683	0.068956	-0.868469	0.490924	-0.050187	-0.494492	-0.867732	-15.144983	-95.277145	602.626404	
0.996702	-0.064390	-0.049370	-0.034729	-0.888467	0.457625	-0.073330	-0.454402	-0.887773	-33.515377	-87.711853	604.343750	
0.970566	-0.210388	-0.117207	-0.140845	-0.890628	0.432370	-0.195353	-0.403136	-0.894046	-43.900070	-73.693481	616.537170	
0.925778	-0.341904	-0.161354	-0.261031	-0.886791	0.381397	-0.273488	-0.310971	-0.910221	-54.250595	-67.174408	623.964233	
0.899880	-0.394940	-0.185033	-0.333653	-0.896624	0.291101	-0.280873	-0.200219	-0.938628	-73.844772	-52.997971	633.380920	
0.853701	-0.508797	-0.110995	-0.495264	-0.859122	0.128928	-0.160956	-0.055094	-0.985423	-92.202232	-43.676262	633.857239	
0.796253	-0.604948	0.004327	-0.604068	-0.794666	0.060055	-0.032892	-0.050433	-0.998186	-110.469162	-37.056343	644.461792	
0.765046	-0.636965	0.094766	-0.642025	-0.765868	0.035331	0.050073	-0.087873	-0.994872	-128.713547	-31.071659	657.889404	
0.733772	-0.657318	0.171791	-0.665846	-0.746015	-0.010420	0.135007	-0.106741	-0.985078	-137.231796	-19.133200	662.941284	
0.689659	-0.695004	0.203323	-0.694166	-0.714461	-0.087617	0.206160	-0.080715	-0.975183	-143.592850	-6.295483	662.255615	
0.644158	-0.745094	0.172906	-0.729303	-0.666438	-0.154837	0.230599	-0.026361	-0.972691	-150.822754	-1.158777	675.126770	
0.618543	-0.776492	0.120271	-0.734764	-0.625829	-0.261643	0.278432	0.073466	-0.957642	-166.401810	3.140146	691.080139	
0.636532	-0.758904	0.137446	-0.702778	-0.644145	-0.301959	0.317692	0.095612	-0.943360	-177.319901	8.642582	701.808777	
0.656161	-0.744683	0.122070	-0.676913	-0.652336	-0.340947	0.333527	0.141084	-0.932123	-182.753082	17.403446	711.129211	
0.695004	-0.711384	0.104412	-0.629597	-0.672261	-0.389450	0.347239	0.204932	-0.915110	-188.920853	21.757816	721.098450	
0.743111	-0.666463	0.060120	-0.570811	-0.678209	-0.462824	0.349227	0.309612	-0.884409	-192.230148	28.533680	740.166199	
0.766985	-0.637342	0.074368	-0.530904	-0.695407	-0.484302	0.360380	0.331970	-0.871735	-194.031830	35.470890	746.144714	
0.788757	-0.602937	0.119706	-0.490189	-0.734449	-0.469359	0.370911	0.311531	-0.874856	-194.961441	37.454872	763.182922	
0.826637	-0.553118	0.103595	-0.402867	-0.710215	-0.577314	0.392896	0.435494	-0.809924	-193.826202	38.321842	768.255554	
0.839878	-0.517195	0.164667	-0.381942	-0.778709	-0.497727	0.385648	0.355136	-0.851559	-191.938095	40.435226	791.136902	
0.857577	-0.470460	0.207919	-0.324520	-0.808511	-0.490913	0.399059	0.353521	-0.846034	-186.470306	42.169075	797.610779	
0.872846	-0.438339	0.214476	-0.282603	-0.812342	-0.510133	0.397837	0.384655	-0.832926	-180.928528	42.574860	814.664795	
0.905465	-0.369622	0.208601	-0.230250	-0.840673	-0.490156	0.356536	0.395789	-0.846305	-175.480942	42.080372	826.235107	
0.934195	-0.307148	0.181494	-0.207653	-0.881799	-0.423451	0.290102	0.357898	-0.887553	-164.165329	40.616821	831.364624	
0.938291	-0.264509	0.222811	-0.176446	-0.920216	-0.349383	0.297448	0.288508	-0.910103	-157.859406	37.954491	845.177490	
0.956816	-0.224914	0.184164	-0.158404	-0.934617	-0.318432	0.243741	0.275509	-0.929884	-143.487518	35.936035	861.616272	
0.978453	-0.143543	0.148411	-0.077468	-0.921512	-0.380544	0.191385	0.360847	-0.912777	-136.149048	31.452295	883.627563	
0.984346	-0.118914	0.130089	-0.080061	-0.959236	-0.271027	0.157013	0.256369	-0.953741	-118.553711	24.646889	888.222656	
0.991311	-0.098487	0.087199	-0.079671	-0.977011	-0.197742	0.104668	0.189077	-0.976368	-100.968643	17.836329	897.509338	
0.996133	-0.083064	0.028623	-0.078824	-0.988847	-0.126361	0.038798	0.123616	-0.991572	-81.527069	14.199068	892.881836	
0.996804	-0.070651	-0.037297	-0.075062	-0.988068	-0.134486	-0.027352	0.136856	-0.990214	-64.254486	5.079317	919.037048	
0.994559	-0.067793	-0.079095	-0.076897	-0.989981	-0.118426	-0.070275	0.123865	-0.989808	-44.295517	-0.119352	922.988403	
0.993734	-0.039983	-0.104378	-0.056002	-0.986264	-0.155394	-0.096732	0.160266	-0.982324	-32.137512	-4.997389	926.354736	
0.994990	-0.043623	-0.089952	-0.052659	-0.993523	-0.100687	-0.084978	0.104920	-0.990844	-21.003042	-15.492779	927.326965	
0.991366	-0.056915	-0.118122	-0.071109	-0.990263	-0.119673	-0.110162	0.127040	-0.985762	-2.146185	-20.832172	932.360779	
0.984151	-0.095110	-0.149669	-0.115120	-0.984639	-0.131275	-0.134886	0.146425	-0.979983	16.537012	-27.300714	943.999695	
0.971360	-0.204160	-0.121572	-0.228922	-0.941180	-0.248544	-0.063680	0.269256	-0.960962	25.872526	-34.839428	960.574890	
0.967401	-0.241455	-0.076384	-0.252335	-0.944610	-0.209853	-0.021484	0.222287	-0.974745	34.206024	-47.515583	963.304688	
0.952103	-0.291723	-0.091641	-0.303875	-0.936063	-0.177330	-0.034051	0.196684	-0.979876	50.047039	-60.923573	970.058777	
0.932877	-0.358880	-0.030773	-0.359713	-0.932642	-0.028023	-0.018644	0.037211	-0.999134	62.371368	-66.126030	961.972717	
0.902765	-0.429204	-0.028300	-0.430108	-0.900016	-0.070547	0.004807	0.075859	-0.997108	74.958778	-80.743584	965.255188	
0.285354	-0.492631	-0.822124	-0.391990	-0.842752	0.368934	-0.874595	0.216988	-0.433589	88.353104	-92.024803	1014.719971	
0.285354	-0.492631	-0.822124	-0.391990	-0.842752	0.368934	-0.874595	0.216988	-0.433589	88.353104	-92.024803	1014.719971	
0.285354	-0.492631	-0.822124	-0.391990	-0.842752	0.368934	-0.874595	0.216988	-0.433589	88.353104	-92.024803	1014.719971	
0.285354	-0.492631	-0.822124	-0.391990	-0.842752	0.368934	-0.874595	0.216988	-0.433589	88.353104	-92.024803	1014.719971	
0.285354	-0.492631	-0.822124	-0.391990	-0.842752	0.368934	-0.874595	0.216988	-0.433589	88.353104	-92.024803	1014.719971	
-0.015040	-0.784466	-0.619990	-0.347080	-0.577410	0.739009	-0.937715	0.226301	-0.263588	98.972862	-143.978851	1001.469299	
-0.129360	-0.787779	-0.602222	-0.430655	-0.502425	0.749737	-0.893198	0.356335	-0.274267	98.170090	-150.168121	1003.222290	
-0.164018	-0.803613	-0.572106	-0.384125	-0.482154	0.787385	-0.908595	0.348906	-0.229605	96.341690	-161.038971	998.911987	
-0.201292	-0.813879	-0.545053	-0.404010	-0.437925	0.803118	-0.892332	0.381868	-0.240664	88.998428	-171.162598	994.557800	
-0.316555	-0.797335	-0.513858	-0.450362	-0.350437	0.821199	-0.834845	0.491378	-0.248156	84.030022	-176.010178	990.593994	
-0.356635	-0.775486	-0.520992	-0.416860	-0.366981	0.831597	-0.836085	0.513758	-0.192390	73.859985	-181.126968	991.313232	
-0.523959	-0.768997	-0.366211	-0.089462	-0.377890	0.921518	-0.847032	0.515600	0.129203	64.140503	-193.557999	1028.989990	
-0.523959	-0.768997	-0.366211	-0.089462	-0.377890	0.921518	-0.847032	0.515600	0.129203	64.140503	-193.557999	1028.989990	
-0.523959	-0.768997	-0.366211	-0.089462	-0.377890	0.921518	-0.847032	0.515600	0.129203	64.140503	-193.557999	1028.989990	
-0.523959	-0.768997	-0.366211	-0.089462	-0.377890	0.921518	-0.847032	0.515600	0.129203	64.140503	-193.557999	1028.989990	
-0.523959	-0.768997	-0.366211	-0.089462	-0.377890	0.921518	-0.847032	0.515600	0.129203	64.140503	-193.557999	1028.989990	
-0.954673	-0.296158	0.029828	0.192901	-0.539259	0.819749	-0.226691	0.788347	0.571945	11.507241	-207.756668	979.931763	
-0.973500	-0.227767	0.020525	0.157199	-0.601288	0.783417	-0.166095	0.765882	0.621158	1.958598	-209.157288	976.729126	
-0.984932	-0.172651	-0.010053	0.105902	-0.648063	0.754188	-0.136727	0.741759	0.656582	-16.943905	-206.443268	959.163025	
-0.991467	-0.122429	-0.044784	0.055304	-0.706104	0.705945	-0.118051	0.697444	0.706849	-26.519325	-207.108627	962.368530	
-0.995039	-0.067376	-0.073210	0.000556	-0.739573	0.673076	-0.099494	0.669696	0.735941	-45.783546	-207.290222	959.827393	
-0.997885	0.052701	-0.038081	-0.065005	-0.821358	0.566696	-0.001412	0.567973	0.823046	-55.392059	-206.906113	956.574219	
-0.987284	0.151854	0.047036	-0.116057	-0.890692	0.439543	0.108641	0.428495	0.896989	-66.565041	-207.142868	965.670898	
-0.965958	0.235828	0.106356	-0.185549	-0.918038	0.350396	0.180272	0.318734	0.930543	-77.300537	-206.642929	962.998962	
-0.958612	0.230530	0.167093	-0.113465	-0.847573	0.518407	0.261132	0.477993	0.838650	-95.202759	-203.374161	969.925293	
-0.959907	0.209640	0.186092	-0.062469	-0.807138	0.587047	0.273271	0.551886	0.787874	-103.448532	-197.353043	947.458191	
-0.945304	0.234070	0.227183	-0.056882	-0.804089	0.591780	0.321194	0.546490	0.773423	-110.341675	-189.491226	926.888428	
-0.921177	0.282519	0.267613	-0.108166	-0.846486	0.521307	0.373810	0.451270	0.810322	-120.948769	-179.418518	909.909302	
-0.911873	0.303721	0.276118	-0.095377	-0.811050	0.577148	0.399238	0.499951	0.768543	-127.281731	-170.584320	908.340454	
-0.933979	0.260945	0.244114	0.008387	-0.666965	0.745041	0.357231	0.697900	0.620743	-131.312302	-161.603455	897.557739	
-0.954754	0.190205	0.228621	0.098935	-0.521817	0.847300	0.280460	0.831582	0.479389	-137.909576	-150.140884	889.100342	
-0.971293	0.092672	0.219096	0.173926	-0.351707	0.919810	0.162299	0.931512	0.325493	-141.191330	-138.600067	894.442749	
-0.972999	-0.078719	0.216974	0.227275	-0.162813	0.960123	-0.040254	0.983512	0.176308	-136.869400	-118.834976	849.806641	
-0.968022	-0.176215	0.178558	0.223126	-0.279424	0.933882	-0.114671	0.943859	0.309807	-140.353516	-105.451965	836.569763	
-0.981641	-0.123188	0.145627	0.185295	-0.434738	0.881287	-0.045255	0.892092	0.449582	-142.211075	-100.765762	854.879761	
-0.980470	-0.066724	0.185005	0.190325	-0.558926	0.807079	0.049553	0.826529	0.560709	-138.709824	-93.588684	849.151123	
-0.975590	0.050477	0.213722	0.119914	-0.692869	0.711022	0.183972	0.719295	0.669902	-131.149689	-78.035233	823.537659	
-0.974851	0.109126	0.194316	0.022291	-0.819797	0.572220	0.221744	0.562160	0.796746	-127.424820	-70.626656	817.386841	
-0.939467	0.223341	0.259850	-0.095330	-0.898802	0.427863	0.329113	0.377191	0.865684	-117.408485	-62.660789	801.741272	
-0.891802	0.300163	0.338516	-0.228449	-0.944585	0.235732	0.390515	0.132893	0.910953	-110.444885	-53.657181	788.817871	
-0.826097	0.388582	0.408127	-0.329720	-0.920622	0.209142	0.457000	0.038203	0.888645	-104.155663	-40.873886	788.916260	
-0.777216	0.413948	0.473902	-0.338828	-0.909949	0.239141	0.530219	0.025293	0.847483	-97.230263	-26.754715	784.797241	
-0.697395	0.462022	0.547884	-0.395097	-0.885657	0.243947	0.597947	-0.046340	0.800195	-78.520912	-12.628765	747.471680	
-0.607624	0.505619	0.612489	-0.515455	-0.837752	0.180218	0.604236	-0.206206	0.769660	-70.429703	-7.028507	752.453491	
-0.483070	0.522648	0.702483	-0.696921	-0.715198	0.052864	0.530044	-0.464038	0.709733	-63.219440	1.455604	753.832642	
-0.385127	0.515160	0.765694	-0.829749	-0.556483	-0.042943	0.403973	-0.651872	0.641769	-52.617661	8.801968	727.790894	
-0.305882	0.513809	0.801521	-0.890524	-0.452183	-0.049979	0.336755	-0.729062	0.595873	-33.591320	20.898401	706.357849	
-0.230566	0.538395	0.810536	-0.952204	-0.296363	-0.074007	0.200368	-0.788860	0.580992	-23.620613	30.267496	696.613098	
-0.138473	0.574929	0.806400	-0.988885	-0.124783	-0.080843	0.054146	-0.808632	0.585818	-13.906185	35.268005	694.176208	
-0.094888	0.525257	0.845636	-0.988784	0.048691	-0.141194	-0.115338	-0.849549	0.514745	-3.743489	43.249329	688.897888	
-0.094671	0.496949	0.862599	-0.970638	0.146395	-0.190867	-0.221132	-0.855342	0.468498	6.881326	46.683949	672.559387	
0.019091	0.421509	0.906622	-0.940644	0.314901	-0.126596	-0.338859	-0.850392	0.402502	16.838482	50.406780	662.466064	
0.166803	0.351691	0.921134	-0.866843	0.497490	-0.032971	-0.469852	-0.792979	0.387844	34.540527	53.448448	653.801453	
0.299343	0.301416	0.905285	-0.786540	0.615058	0.055294	-0.540137	-0.728595	0.421189	50.439461	55.745747	643.975037	
0.312262	0.194610	0.929848	-0.694481	0.714631	0.083654	-0.648219	-0.671885	0.358305	57.723042	57.142181	639.144775	
0.326096	0.139383	0.935004	-0.650029	0.751199	0.114724	-0.686384	-0.645191	0.335566	71.231171	58.201366	635.201294	
0.330869	0.084952	0.939844	-0.593530	0.793019	0.137269	-0.733654	-0.603244	0.312806	82.222305	58.295895	627.297913	
0.279048	-0.015822	0.960146	-0.525385	0.834426	0.166443	-0.803805	-0.550891	0.224532	91.460571	57.099899	620.225586	
0.214586	-0.065381	0.974514	-0.498944	0.850407	0.166921	-0.839648	-0.522046	0.149864	95.493279	55.844105	612.392517	
0.149970	-0.162664	0.975217	-0.454787	0.864475	0.214130	-0.877882	-0.475629	0.055668	98.450249	52.768097	603.601624	
0.111405	-0.252274	0.961221	-0.476402	0.835298	0.274440	-0.872141	-0.488501	-0.027128	99.909485	50.084778	599.451538	
0.012726	-0.287663	0.957646	-0.444804	0.856119	0.263076	-0.895537	-0.429313	-0.117059	100.553711	44.114521	593.373474	
-0.025065	-0.322034	0.946395	-0.502471	0.822477	0.266560	-0.864230	-0.468855	-0.182428	98.813660	36.622704	585.108765	
-0.063375	-0.331190	0.941432	-0.503499	0.825085	0.256366	-0.861668	-0.457763	-0.219043	95.426819	27.691647	583.093567	
-0.076383	-0.379264	0.922129	-0.566100	0.777813	0.273016	-0.820790	-0.501164	-0.274113	91.796570	18.582787	574.917358	
-0.080611	-0.390313	0.917146	-0.621997	0.738698	0.259701	-0.778859	-0.549527	-0.302320	83.403374	12.762268	568.443359	
-0.068108	-0.374926	0.924548	-0.639681	0.727561	0.247920	-0.765617	-0.574530	-0.289386	73.587189	6.778954	567.184509	
-0.108157	-0.356993	0.927823	-0.620652	0.753316	0.217500	-0.776590	-0.552331	-0.303045	62.512398	0.239786	566.870667	
-0.127980	-0.324809	0.937080	-0.613508	0.768306	0.182521	-0.779249	-0.551547	-0.297601	48.501709	-6.823101	562.625244	
-0.114994	-0.295974	0.948248	-0.629081	0.760468	0.161075	-0.768787	-0.578002	-0.273641	33.460663	-19.887104	560.791138	
-0.098958	-0.209779	0.972727	-0.589955	0.799572	0.112418	-0.801349	-0.562741	-0.202884	25.394396	-27.592854	561.771912	
-0.053240	-0.111000	0.992393	-0.585700	0.808377	0.058996	-0.808777	-0.578104	-0.108050	8.059784	-35.521385	561.635803	
-0.029069	0.002859	0.999573	-0.581999	0.812961	-0.019250	-0.812669	-0.582310	-0.021969	-1.224814	-43.477783	557.976685	
0.100039	0.066455	0.992761	-0.564017	0.825761	0.001560	-0.819680	-0.560091	0.120090	-20.962708	-57.332279	556.676025	
0.155330	0.186093	0.970175	-0.611803	0.789203	-0.053427	-0.775608	-0.585258	0.236440	-39.187702	-65.117027	548.963135	
0.073499	-0.272293	-0.959403	-0.621062	-0.765193	0.169594	-0.780308	0.583384	-0.225352	-61.751598	-82.858101	575.432007	
0.073499	-0.272293	-0.959403	-0.621062	-0.765193	0.169594	-0.780308	0.583384	-0.225352	-61.751598	-82.858101	575.432007	
0.073499	-0.272293	-0.959403	-0.621062	-0.765193	0.169594	-0.780308	0.583384	-0.225352	-61.751598	-82.858101	575.432007	
-0.065997	-0.627504	-0.775811	-0.680146	-0.540607	0.495122	-0.730100	0.560342	-0.391116	-102.359581	-110.980370	576.828674	
-0.086779	-0.669649	-0.737590	-0.676214	-0.504104	0.537228	-0.731576	0.545389	-0.409081	-120.916100	-117.927742	578.408508	
-0.184606	-0.731878	-0.655954	-0.659491	-0.402606	0.634807	-0.728692	0.549786	-0.408343	-129.244888	-130.508835	579.531433	
-0.246555	-0.766668	-0.592816	-0.656456	-0.317876	0.684121	-0.712935	0.557832	-0.424909	-145.021698	-143.167831	585.176208	
-0.306751	-0.781105	-0.543856	-0.639559	-0.254019	0.725561	-0.704889	0.570395	-0.421642	-152.406006	-155.385178	588.473511	
-0.304302	-0.824672	-0.476776	-0.672187	-0.168743	0.720896	-0.674955	0.539854	-0.502985	-165.789093	-166.733154	597.040894	
-0.375157	-0.818093	-0.435868	-0.719374	-0.039595	0.693493	-0.584600	0.573722	-0.573661	-170.968689	-171.020737	599.912170	
-0.419868	-0.812036	-0.405350	-0.736002	0.043314	0.675592	-0.531048	0.581999	-0.615846	-180.598114	-179.862244	605.501221	
-0.459609	-0.798480	-0.388831	-0.774670	0.146322	0.615204	-0.434333	0.583970	-0.685810	-189.324844	-184.705368	615.123291	
-0.508482	-0.776486	-0.372177	-0.797642	0.261936	0.543283	-0.324365	0.573114	-0.752548	-195.642761	-189.813354	622.551025	
-0.591283	-0.707217	-0.387592	-0.771268	0.355458	0.528011	-0.235646	0.611142	-0.755630	-200.818481	-194.288208	640.852966	
-0.652265	-0.616577	-0.440890	-0.745090	0.414690	0.522372	-0.139250	0.669228	-0.729893	-201.870621	-201.327667	648.309326	
-0.702174	-0.502522	-0.504403	-0.707037	0.408590	0.577194	-0.083959	0.761923	-0.642204	-198.825089	-202.666748	654.936401	
-0.747383	-0.418686	-0.515868	-0.660645	0.385971	0.643875	-0.070472	0.822028	-0.565071	-195.085464	-201.863388	657.053711	
-0.778258	-0.348801	-0.522161	-0.621678	0.310809	0.718967	-0.088484	0.884159	-0.458732	-191.767258	-203.013702	664.083313	
-0.791817	-0.248949	-0.557718	-0.608390	0.241169	0.756108	-0.053729	0.938010	-0.342420	-183.602036	-201.871033	667.778320	
-0.736797	-0.160678	-0.656744	-0.676092	0.182851	0.713769	0.005398	0.969923	-0.243357	-178.671509	-200.254959	682.029785	
-0.709150	-0.121653	-0.694483	-0.704956	0.139004	0.695496	0.011926	0.982792	-0.184335	-172.973389	-197.676926	691.404907	
-0.679001	-0.061892	-0.731524	-0.734017	0.075285	0.674946	0.013299	0.995240	-0.096549	-160.023361	-195.558533	705.184265	
-0.679020	-0.020846	-0.733824	-0.734119	0.020207	0.678720	0.000679	0.999579	-0.029025	-144.704834	-191.606979	720.692810	
-0.651284	0.013527	-0.758714	-0.758571	-0.037918	0.650486	-0.019970	0.999190	0.034957	-127.754921	-188.375656	728.676758	
-0.651372	0.035123	-0.757946	-0.752504	-0.157905	0.639378	-0.097227	0.986830	0.129284	-111.221100	-185.449387	744.667664	
-0.569463	0.019639	-0.821783	-0.800523	-0.240368	0.548986	-0.186750	0.970484	0.152601	-101.132858	-177.119843	753.955017	
0.337870	0.000844	0.941193	0.879288	-0.356961	-0.315327	0.335703	0.934119	-0.121348	-96.626701	-177.811996	812.187012	
0.337870	0.000844	0.941193	0.879288	-0.356961	-0.315327	0.335703	0.934119	-0.121348	-96.626701	-177.811996	812.187012	
0.596443	-0.067778	0.799789	0.688307	-0.469394	-0.553085	0.412904	0.880384	-0.233314	-63.927109	-156.909210	824.039124	
0.676892	-0.132379	0.724081	0.564238	-0.538410	-0.625900	0.472708	0.832220	-0.289752	-46.111301	-150.554993	857.086975	
0.676892	-0.132379	0.724081	0.564238	-0.538410	-0.625900	0.472708	0.832220	-0.289752	-46.111301	-150.554993	857.086975	
0.757090	-0.244245	0.605937	0.378230	-0.592376	-0.711360	0.532688	0.767747	-0.356101	-6.147605	-127.826515	856.561157	
0.715890	-0.288189	0.635963	0.395756	-0.582910	-0.709644	0.575220	0.759712	-0.303246	3.674529	-114.446709	858.630493	
0.652286	-0.331597	0.681591	0.407547	-0.604751	-0.684239	0.639084	0.724100	-0.259328	12.763458	-108.162849	865.880188	
0.623001	-0.411086	0.665491	0.381835	-0.582700	-0.717401	0.682694	0.701049	-0.206055	20.839817	-94.011765	876.620300	
0.606798	-0.462450	0.646480	0.371357	-0.554168	-0.744979	0.702773	0.692126	-0.164533	28.865875	-80.119164	886.717468	
0.592295	-0.524614	0.611529	0.337755	-0.527414	-0.779588	0.731511	0.668292	-0.135192	35.623886	-66.203026	905.260132	
0.595126	-0.573779	0.562674	0.311139	-0.481047	-0.819627	0.740957	0.662851	-0.107757	41.334953	-51.885700	916.257690	
0.641278	-0.593172	0.486734	0.267491	-0.421725	-0.866371	0.719174	0.685781	-0.111774	50.579552	-44.618084	923.625549	
0.666634	-0.612220	0.425189	0.251068	-0.352669	-0.901439	0.701828	0.707681	-0.081391	58.293129	-30.831671	926.613159	
0.697049	-0.614168	0.370027	0.211956	-0.316504	-0.924609	0.684979	0.722927	-0.090441	61.115265	-17.237312	931.263062	
0.694423	-0.650786	0.307007	0.186444	-0.249355	-0.950296	0.694993	0.717146	-0.051822	63.294395	-3.669443	940.325989	
0.679392	-0.687073	0.257598	0.179924	-0.184356	-0.966251	0.711375	0.702811	-0.001628	64.493553	8.922469	948.350586	
0.696527	-0.676923	0.237960	0.193892	-0.141736	-0.970731	0.690837	0.722278	0.032529	63.822788	20.810833	952.257385	
0.498143	-0.685290	-0.531255	-0.788716	-0.103557	-0.605973	0.360252	0.720870	-0.592085	64.939598	27.016701	1009.070007	
0.498143	-0.685290	-0.531255	-0.788716	-0.103557	-0.605973	0.360252	0.720870	-0.592085	64.939598	27.016701	1009.070007	
0.498143	-0.685290	-0.531255	-0.788716	-0.103557	-0.605973	0.360252	0.720870	-0.592085	64.939598	27.016701	1009.070007	
0.498143	-0.685290	-0.531255	-0.788716	-0.103557	-0.605973	0.360252	0.720870	-0.592085	64.939598	27.016701	1009.070007	
0.328009	-0.519496	-0.789008	-0.887062	0.117837	-0.446359	0.324856	0.846308	-0.422173	35.855392	66.635429	1001.532715	
0.244214	-0.518280	-0.819601	-0.902871	0.186852	-0.387183	0.353813	0.834549	-0.422308	24.465500	77.822197	1048.420044	
0.244214	-0.518280	-0.819601	-0.902871	0.186852	-0.387183	0.353813	0.834549	-0.422308	24.465500	77.822197	1048.420044	
0.244214	-0.518280	-0.819601	-0.902871	0.186852	-0.387183	0.353813	0.834549	-0.422308	24.465500	77.822197	1048.420044	
0.244214	-0.518280	-0.819601	-0.902871	0.186852	-0.387183	0.353813	0.834549	-0.422308	24.465500	77.822197	1048.420044	
0.124446	-0.255997	-0.958634	-0.883378	0.411375	-0.224532	0.451838	0.874777	-0.174949	-34.117661	90.393944	1027.017822	
0.134345	-0.149220	-0.979635	-0.877507	0.441362	-0.187569	0.460363	0.884834	-0.071648	-43.798897	91.187592	1024.546387	
0.138446	-0.090917	-0.986189	-0.861274	0.480534	-0.165210	0.488917	0.872250	-0.011777	-53.727169	91.469170	1026.205444	
0.107225	0.028009	-0.993841	-0.841599	0.534768	-0.075729	0.529352	0.844534	0.080912	-64.720894	93.495987	1044.478149	
0.155308	0.140986	-0.977754	-0.854867	0.515190	-0.061501	0.495058	0.845400	0.200537	-82.463829	91.369301	1026.874756	
0.210680	0.230479	-0.949997	-0.827551	0.559349	-0.047822	0.520358	0.796245	0.308577	-93.777817	92.029938	1048.170410	
0.320288	0.363707	-0.874719	-0.797199	0.602291	-0.041471	0.511752	0.710607	0.482853	-105.333298	90.509758	1065.189453	
0.418657	0.448049	-0.789924	-0.761872	0.646670	-0.036996	0.494244	0.617308	0.612089	-116.702034	87.503151	1080.561401	
0.451480	0.484498	-0.749285	-0.759076	0.649943	-0.037118	0.469008	0.585521	0.661207	-124.552719	81.582985	1070.108398	
0.471948	0.534533	-0.701100	-0.751861	0.659312	-0.003445	0.460402	0.528755	0.713055	-132.473480	75.440613	1065.333496	
0.484651	0.578815	-0.655810	-0.736852	0.674168	0.050476	0.471342	0.458770	0.753237	-138.713455	67.066040	1050.989380	
0.476773	0.617013	-0.626085	-0.740531	0.665679	0.092109	0.473604	0.419719	0.774296	-144.368134	62.749146	1038.104858	
0.444808	0.608950	-0.656753	-0.755472	0.648962	0.090058	0.481049	0.456099	0.748709	-150.824249	53.659737	1040.527466	
0.459365	0.659294	-0.595243	-0.733312	0.659641	0.164706	0.501236	0.360838	0.786484	-164.201859	42.804272	1048.066162	
0.498393	0.755454	-0.425315	-0.711656	0.636681	0.296956	0.495127	0.154676	0.854941	-171.471466	31.036333	1034.469238	
0.460744	0.792429	-0.399713	-0.746004	0.589760	0.309290	0.480825	0.155683	0.862884	-174.294022	25.494158	1030.161743	
0.432192	0.828820	-0.355341	-0.782541	0.540524	0.308971	0.448152	0.144534	0.882196	-177.649475	18.715935	1015.809387	
0.418654	0.862622	-0.283919	-0.804622	0.497298	0.324465	0.421083	0.092609	0.902282	-180.387543	12.488209	1010.859619	
0.411823	0.900131	-0.142002	-0.841360	0.435442	0.320161	0.350021	-0.012376	0.936660	-179.507706	5.964691	1008.852966	
0.398221	0.914827	-0.067154	-0.868536	0.399594	0.293208	0.295069	-0.058436	0.953687	-177.662827	-0.113214	1001.314026	
0.390754	0.919211	0.048579	-0.891873	0.365018	0.267069	0.227760	-0.147685	0.962452	-176.283035	-13.378147	1005.974731	
0.339433	0.939264	-0.050667	-0.915360	0.342236	0.212112	0.216569	-0.025619	0.975931	-172.520111	-20.592859	995.603882	
0.298346	0.949969	-0.092449	-0.949520	0.305247	0.072360	0.096959	0.066193	0.993085	-169.451691	-36.340145	1012.086609	
0.251461	0.959718	0.125328	-0.965953	0.240709	0.094840	0.060852	-0.144909	0.987572	-157.366928	-43.549862	1003.136475	
0.260769	0.830380	0.492409	-0.963387	0.190894	0.188270	0.062338	-0.523475	0.849757	-143.857056	-49.984306	972.434448	
0.273517	0.727993	0.628659	-0.957934	0.147117	0.246414	0.086902	-0.669611	0.737609	-132.776825	-62.783112	942.521118	
0.273771	0.655161	0.704139	-0.952849	0.085135	0.291257	0.130873	-0.750675	0.647578	-122.546844	-69.158562	925.462158	
