0.999163	-0.029024	-0.028834	0.027403	0.998105	-0.055100	0.030379	0.054264	0.998065	15.355962	1.882954	543.261475	
0.986310	-0.033683	-0.161425	0.047808	0.995281	0.084431	0.157819	-0.090993	0.983267	19.679501	9.849309	567.737366	
0.933167	-0.084707	-0.349320	0.132055	0.984665	0.113995	0.334307	-0.152506	0.930043	24.485773	18.637230	595.377136	
0.812242	-0.237822	-0.532639	0.249885	0.966948	-0.050681	0.527087	-0.091933	0.844824	33.688133	23.641821	566.995972	
0.913297	-0.360459	-0.189625	0.367523	0.930011	0.002250	0.175542	-0.071747	0.981854	44.252357	29.376284	548.982239	
0.893648	-0.432716	-0.118953	0.438253	0.898536	0.023809	0.096581	-0.073408	0.992615	58.534821	30.025003	538.006775	
0.869493	-0.480282	-0.115369	0.478915	0.876897	-0.041131	0.120921	-0.019489	0.992471	65.136574	34.215336	553.127319	
0.865212	-0.457617	-0.204927	0.414454	0.882736	-0.221368	0.282198	0.106597	0.953415	78.558311	36.509708	594.964172	
0.732964	-0.499087	-0.462251	0.279379	0.840411	-0.464388	0.620251	0.211237	0.755425	87.754997	38.656452	609.420105	
0.783853	-0.398200	-0.476457	0.029248	0.790132	-0.612238	0.620257	0.465970	0.630994	97.833984	32.659576	578.117554	
0.850045	-0.367564	-0.377252	-0.009424	0.705514	-0.708633	0.526625	0.605925	0.596255	103.284485	30.382088	580.507690	
0.925856	-0.290184	-0.242041	-0.014744	0.612299	-0.790488	0.377589	0.735447	0.562623	106.666649	27.342087	584.427063	
0.964446	-0.219537	-0.147129	-0.017775	0.501570	-0.864934	0.263681	0.836797	0.479835	109.569504	25.407574	596.568176	
0.986505	-0.153777	-0.056207	0.021993	0.464644	-0.885224	0.162244	0.872042	0.461756	111.999786	20.833460	613.008240	
0.979705	-0.182798	-0.082233	0.003141	0.424207	-0.905559	0.200419	0.886923	0.416173	112.752892	15.261726	621.885193	
0.996300	-0.084942	-0.013055	0.020329	0.380533	-0.924543	0.083501	0.920857	0.380853	110.414505	8.782881	625.685852	
0.018432	-0.041178	0.998982	0.960376	0.278638	-0.006234	-0.278097	0.959513	0.044682	104.724998	4.812450	620.288025	
0.018432	-0.041178	0.998982	0.960376	0.278638	-0.006234	-0.278097	0.959513	0.044682	104.724998	4.812450	620.288025	
0.018432	-0.041178	0.998982	0.960376	0.278638	-0.006234	-0.278097	0.959513	0.044682	104.724998	4.812450	620.288025	
0.018432	-0.041178	0.998982	0.960376	0.278638	-0.006234	-0.278097	0.959513	0.044682	104.724998	4.812450	620.288025	
0.002549	0.197279	0.980344	0.981859	-0.186363	0.034950	0.189595	0.962470	-0.194175	79.015274	-30.824518	640.816162	
0.009043	0.344257	0.938832	0.967480	-0.240354	0.078815	0.252784	0.907589	-0.335236	75.077698	-37.812901	659.747009	
0.009043	0.344257	0.938832	0.967480	-0.240354	0.078815	0.252784	0.907589	-0.335236	75.077698	-37.812901	659.747009	
0.009043	0.344257	0.938832	0.967480	-0.240354	0.078815	0.252784	0.907589	-0.335236	75.077698	-37.812901	659.747009	
0.104394	0.572897	0.812952	0.909340	-0.386003	0.155249	0.402744	0.723043	-0.561255	51.225616	-69.683876	697.200012	
0.187232	0.644465	0.741356	0.849853	-0.484762	0.206773	0.492639	0.591330	-0.638464	33.147099	-84.058197	717.033020	
0.187232	0.644465	0.741356	0.849853	-0.484762	0.206773	0.492639	0.591330	-0.638464	33.147099	-84.058197	717.033020	
0.187232	0.644465	0.741356	0.849853	-0.484762	0.206773	0.492639	0.591330	-0.638464	33.147099	-84.058197	717.033020	
0.390697	0.782015	0.485602	0.776015	-0.563557	0.283203	0.495133	0.266187	-0.827036	-3.394301	-109.479004	724.461975	
0.464301	0.765106	0.446136	0.671301	-0.632593	0.386238	0.577736	0.120161	-0.807331	-13.107500	-126.323997	753.031006	
0.464301	0.765106	0.446136	0.671301	-0.632593	0.386238	0.577736	0.120161	-0.807331	-13.107500	-126.323997	753.031006	
0.464301	0.765106	0.446136	0.671301	-0.632593	0.386238	0.577736	0.120161	-0.807331	-13.107500	-126.323997	753.031006	
0.676817	0.722533	0.140942	0.558967	-0.628994	0.540300	0.479036	-0.286902	-0.829585	-39.126183	-159.969971	779.013000	
0.670453	0.735779	0.095510	0.424013	-0.485600	0.764465	0.608857	-0.472040	-0.637551	-47.120602	-181.108322	842.539734	
0.801479	0.597534	0.024165	0.446027	-0.624199	0.641433	0.398362	-0.503317	-0.766798	-53.958672	-181.252655	822.173523	
0.839615	0.534082	-0.099006	0.439644	-0.561144	0.701307	0.319000	-0.632355	-0.705950	-73.165672	-204.229385	870.165466	
0.841640	0.503426	-0.195458	0.486967	-0.551012	0.677679	0.233462	-0.665544	-0.708906	-83.677696	-205.559006	833.341980	
0.841640	0.503426	-0.195458	0.486967	-0.551012	0.677679	0.233462	-0.665544	-0.708906	-83.677696	-205.559006	833.341980	
0.841640	0.503426	-0.195458	0.486967	-0.551012	0.677679	0.233462	-0.665544	-0.708906	-83.677696	-205.559006	833.341980	
0.873264	0.268888	-0.406337	0.486502	-0.435048	0.757660	0.026949	-0.859321	-0.510726	-111.409271	-224.184113	870.520203	
0.886674	0.252061	-0.387652	0.462261	-0.503317	0.730058	-0.011093	-0.826521	-0.562797	-117.927261	-238.037781	903.849854	
0.853696	0.127297	-0.504973	0.500304	-0.469647	0.727412	-0.144562	-0.873629	-0.464623	-115.860001	-238.270996	901.768005	
0.853696	0.127297	-0.504973	0.500304	-0.469647	0.727412	-0.144562	-0.873629	-0.464623	-115.860001	-238.270996	901.768005	
0.853696	0.127297	-0.504973	0.500304	-0.469647	0.727412	-0.144562	-0.873629	-0.464623	-115.860001	-238.270996	901.768005	
0.853696	0.127297	-0.504973	0.500304	-0.469647	0.727412	-0.144562	-0.873629	-0.464623	-115.860001	-238.270996	901.768005	
0.853696	0.127297	-0.504973	0.500304	-0.469647	0.727412	-0.144562	-0.873629	-0.464623	-115.860001	-238.270996	901.768005	
0.605408	-0.089498	-0.790868	0.693978	-0.427176	0.579581	-0.389711	-0.899728	-0.196506	-106.672073	-250.629227	938.158264	
0.576572	-0.149607	-0.803233	0.695997	-0.425006	0.578756	-0.427964	-0.892742	-0.140921	-98.016899	-253.289001	964.247986	
0.576572	-0.149607	-0.803233	0.695997	-0.425006	0.578756	-0.427964	-0.892742	-0.140921	-98.016899	-253.289001	964.247986	
0.576572	-0.149607	-0.803233	0.695997	-0.425006	0.578756	-0.427964	-0.892742	-0.140921	-98.016899	-253.289001	964.247986	
0.576572	-0.149607	-0.803233	0.695997	-0.425006	0.578756	-0.427964	-0.892742	-0.140921	-98.016899	-253.289001	964.247986	
0.576572	-0.149607	-0.803233	0.695997	-0.425006	0.578756	-0.427964	-0.892742	-0.140921	-98.016899	-253.289001	964.247986	
0.281052	-0.254426	-0.925352	0.715203	-0.587406	0.378732	-0.639917	-0.768259	0.016875	-48.884933	-229.885986	975.262085	
0.228709	-0.199963	-0.952737	0.764388	-0.569151	0.302949	-0.602829	-0.797548	0.022679	-40.256031	-225.105911	990.771362	
0.179754	-0.199332	-0.963305	0.752742	-0.602557	0.265147	-0.633298	-0.772782	0.041734	-30.197739	-215.648666	988.497314	
0.110215	-0.158439	-0.981198	0.692846	-0.695565	0.190141	-0.712612	-0.700776	0.033113	-21.133606	-206.242752	986.260986	
0.074137	-0.150140	-0.985881	0.562172	-0.810257	0.165669	-0.823690	-0.566517	0.024335	-12.696873	-200.833313	998.553345	
0.036083	-0.068071	-0.997028	0.746860	-0.661054	0.072162	-0.664001	-0.747244	0.026987	7.857560	-188.190994	1018.549988	
0.036083	-0.068071	-0.997028	0.746860	-0.661054	0.072162	-0.664001	-0.747244	0.026987	7.857560	-188.190994	1018.549988	
0.036083	-0.068071	-0.997028	0.746860	-0.661054	0.072162	-0.664001	-0.747244	0.026987	7.857560	-188.190994	1018.549988	
-0.064137	0.111866	-0.991651	0.591377	-0.796162	-0.128062	-0.803841	-0.594654	-0.015091	44.244263	-144.413254	985.943420	
-0.110563	0.084130	-0.990302	0.788026	-0.599761	-0.138931	-0.605632	-0.795745	0.000014	56.836433	-138.152832	1036.701172	
0.000317	0.278981	-0.960297	0.591321	-0.774471	-0.224800	-0.806436	-0.567772	-0.165213	69.726997	-121.514000	1024.689941	
0.000317	0.278981	-0.960297	0.591321	-0.774471	-0.224800	-0.806436	-0.567772	-0.165213	69.726997	-121.514000	1024.689941	
0.000317	0.278981	-0.960297	0.591321	-0.774471	-0.224800	-0.806436	-0.567772	-0.165213	69.726997	-121.514000	1024.689941	
0.000317	0.278981	-0.960297	0.591321	-0.774471	-0.224800	-0.806436	-0.567772	-0.165213	69.726997	-121.514000	1024.689941	
0.167561	0.389913	-0.905478	0.470024	-0.838954	-0.274287	-0.866603	-0.379636	-0.323844	109.582748	-80.126816	991.617554	
0.049983	0.368369	-0.928335	0.407471	-0.856143	-0.317783	-0.911849	-0.362386	-0.192892	114.110695	-68.563126	1018.045898	
-0.004563	0.425066	-0.905151	0.344671	-0.849025	-0.400447	-0.938713	-0.313807	-0.142633	116.398949	-58.914406	1034.927124	
0.030552	0.408130	-0.912412	0.185896	-0.899232	-0.396010	-0.982095	-0.157514	-0.103343	118.030655	-51.646233	1011.643677	
-0.007588	0.369449	-0.929220	0.335355	-0.874492	-0.350429	-0.942062	-0.314277	-0.117261	121.432877	-43.308292	998.809998	
-0.053732	0.215338	-0.975060	0.566177	-0.797769	-0.207384	-0.822531	-0.563199	-0.079054	121.350594	-38.512413	979.961487	
0.596175	0.281250	-0.751980	0.250833	-0.954996	-0.158319	-0.762665	-0.094235	-0.639892	122.593002	-2.212050	995.728027	
0.596175	0.281250	-0.751980	0.250833	-0.954996	-0.158319	-0.762665	-0.094235	-0.639892	122.593002	-2.212050	995.728027	
0.596175	0.281250	-0.751980	0.250833	-0.954996	-0.158319	-0.762665	-0.094235	-0.639892	122.593002	-2.212050	995.728027	
0.596175	0.281250	-0.751980	0.250833	-0.954996	-0.158319	-0.762665	-0.094235	-0.639892	122.593002	-2.212050	995.728027	
0.765557	0.090423	-0.636983	0.079312	-0.995787	-0.046036	-0.638462	-0.015277	-0.769502	92.831314	25.061300	941.886597	
0.785960	-0.006828	-0.618240	0.018495	-0.999232	0.034548	-0.618001	-0.038587	-0.785230	88.840103	30.797199	956.229004	
0.785960	-0.006828	-0.618240	0.018495	-0.999232	0.034548	-0.618001	-0.038587	-0.785230	88.840103	30.797199	956.229004	
0.785960	-0.006828	-0.618240	0.018495	-0.999232	0.034548	-0.618001	-0.038587	-0.785230	88.840103	30.797199	956.229004	
0.785960	-0.006828	-0.618240	0.018495	-0.999232	0.034548	-0.618001	-0.038587	-0.785230	88.840103	30.797199	956.229004	
0.827425	-0.229510	-0.512534	-0.045695	-0.937163	0.345888	-0.559713	-0.262776	-0.785920	32.213696	52.612209	917.064026	
0.767622	-0.259790	-0.585888	0.027735	-0.899840	0.435338	-0.640303	-0.350424	-0.683532	16.014271	58.825966	961.263794	
0.758191	-0.314691	-0.571066	0.007488	-0.871565	0.490224	-0.651990	-0.375959	-0.658456	6.127828	59.166836	946.753601	
0.727994	-0.567311	-0.384946	-0.336105	-0.784709	0.520831	-0.597543	-0.249780	-0.761940	-13.436400	55.756599	889.986023	
0.727994	-0.567311	-0.384946	-0.336105	-0.784709	0.520831	-0.597543	-0.249780	-0.761940	-13.436400	55.756599	889.986023	
0.727994	-0.567311	-0.384946	-0.336105	-0.784709	0.520831	-0.597543	-0.249780	-0.761940	-13.436400	55.756599	889.986023	
0.444735	-0.821000	-0.358007	-0.348851	-0.526927	0.775016	-0.824932	-0.219786	-0.520750	-70.903297	48.744164	841.165283	
0.432842	-0.847252	-0.307917	-0.374218	-0.479625	0.793675	-0.820127	-0.228307	-0.524659	-82.618004	43.661476	860.129272	
0.412753	-0.890417	-0.191811	-0.423073	-0.373910	0.825349	-0.806625	-0.259515	-0.531044	-95.041313	39.193054	883.041931	
0.270501	-0.948127	-0.166988	-0.388265	-0.266161	0.882275	-0.880954	-0.173820	-0.440121	-113.242775	33.178795	876.210144	
0.110703	-0.974207	-0.196634	-0.297677	-0.221269	0.928670	-0.948227	-0.044274	-0.314494	-122.263000	31.504999	817.564026	
0.110703	-0.974207	-0.196634	-0.297677	-0.221269	0.928670	-0.948227	-0.044274	-0.314494	-122.263000	31.504999	817.564026	
0.110703	-0.974207	-0.196634	-0.297677	-0.221269	0.928670	-0.948227	-0.044274	-0.314494	-122.263000	31.504999	817.564026	
-0.307768	-0.941078	-0.140182	-0.035908	-0.135740	0.990093	-0.950784	0.309753	0.007984	-151.882568	14.650196	772.153931	
-0.332465	-0.933484	-0.134444	0.071415	-0.167062	0.983356	-0.940408	0.317331	0.122207	-159.897766	7.428538	771.121948	
-0.489177	-0.863840	-0.120360	0.158080	-0.223526	0.961794	-0.857740	0.451461	0.245899	-165.867340	0.586156	766.644714	
-0.513777	-0.849911	-0.116976	0.230172	-0.267903	0.935547	-0.826471	0.453739	0.333268	-170.828278	-13.094069	746.203247	
-0.503509	-0.846251	-0.174176	0.185773	-0.302921	0.934734	-0.843782	0.438289	0.309734	-179.825714	-25.306564	755.258789	
-0.464690	-0.870821	-0.160419	0.232248	-0.294690	0.926941	-0.854473	0.393484	0.339185	-180.063705	-35.674751	754.014038	
-0.689540	-0.721763	-0.059933	0.328686	-0.385601	0.862135	-0.645368	0.574778	0.503121	-171.132004	-42.098000	723.101990	
-0.689540	-0.721763	-0.059933	0.328686	-0.385601	0.862135	-0.645368	0.574778	0.503121	-171.132004	-42.098000	723.101990	
-0.689540	-0.721763	-0.059933	0.328686	-0.385601	0.862135	-0.645368	0.574778	0.503121	-171.132004	-42.098000	723.101990	
-0.689540	-0.721763	-0.059933	0.328686	-0.385601	0.862135	-0.645368	0.574778	0.503121	-171.132004	-42.098000	723.101990	
-0.961524	-0.274559	-0.009403	0.186136	-0.676271	0.712749	-0.202050	0.683576	0.701356	-153.854645	-87.836189	671.374390	
-0.968654	-0.248313	0.006988	0.158142	-0.594720	0.788225	-0.191571	0.764624	0.615347	-143.758484	-95.112244	660.526001	
-0.921939	-0.383812	-0.052117	0.273679	-0.740709	0.613556	-0.274093	0.551399	0.787929	-140.809967	-112.291000	693.631226	
-0.889924	-0.410644	-0.198511	0.296115	-0.851201	0.433328	-0.346916	0.326847	0.879102	-134.010712	-121.195396	703.741394	
-0.989047	0.147339	0.008731	-0.142842	-0.970397	0.194743	0.037166	0.191363	0.980815	-107.819000	-126.806000	657.739014	
-0.989047	0.147339	0.008731	-0.142842	-0.970397	0.194743	0.037166	0.191363	0.980815	-107.819000	-126.806000	657.739014	
-0.989047	0.147339	0.008731	-0.142842	-0.970397	0.194743	0.037166	0.191363	0.980815	-107.819000	-126.806000	657.739014	
-0.910892	0.412354	0.015466	-0.412643	-0.910211	-0.035236	-0.000452	-0.038478	0.999259	-70.488747	-144.024277	612.084717	
-0.880969	0.472274	0.029158	-0.472265	-0.873789	-0.116010	-0.029311	-0.115972	0.992820	-62.430099	-156.656998	612.107971	
-0.880969	0.472274	0.029158	-0.472265	-0.873789	-0.116010	-0.029311	-0.115972	0.992820	-62.430099	-156.656998	612.107971	
-0.880969	0.472274	0.029158	-0.472265	-0.873789	-0.116010	-0.029311	-0.115972	0.992820	-62.430099	-156.656998	612.107971	
-0.880969	0.472274	0.029158	-0.472265	-0.873789	-0.116010	-0.029311	-0.115972	0.992820	-62.430099	-156.656998	612.107971	
-0.556857	0.829678	0.039290	-0.710093	-0.450989	-0.540719	-0.430903	-0.329003	0.840285	-4.870289	-180.211334	584.780945	
-0.575434	0.815874	0.056794	-0.452271	-0.259589	-0.853267	-0.681414	-0.516685	0.518372	10.939903	-199.061050	621.332947	
-0.304972	0.937115	-0.169725	-0.351313	-0.276345	-0.894546	-0.885195	-0.213185	0.413498	20.375103	-197.432983	585.341553	
-0.391839	0.913429	-0.110041	-0.461402	-0.298576	-0.835440	-0.795970	-0.276585	0.538452	25.727642	-212.558273	611.257385	
-0.389848	0.904997	0.170287	-0.285675	0.056942	-0.956633	-0.875447	-0.421588	0.236336	38.030113	-202.454681	548.199280	
0.098901	0.995097	0.000014	-0.468384	0.046564	-0.882297	-0.877972	0.087253	0.470693	52.683998	-195.181000	568.809021	
0.098901	0.995097	0.000014	-0.468384	0.046564	-0.882297	-0.877972	0.087253	0.470693	52.683998	-195.181000	568.809021	
0.098901	0.995097	0.000014	-0.468384	0.046564	-0.882297	-0.877972	0.087253	0.470693	52.683998	-195.181000	568.809021	
0.098901	0.995097	0.000014	-0.468384	0.046564	-0.882297	-0.877972	0.087253	0.470693	52.683998	-195.181000	568.809021	
0.098901	0.995097	0.000014	-0.468384	0.046564	-0.882297	-0.877972	0.087253	0.470693	52.683998	-195.181000	568.809021	
0.098901	0.995097	0.000014	-0.468384	0.046564	-0.882297	-0.877972	0.087253	0.470693	52.683998	-195.181000	568.809021	
0.098901	0.995097	0.000014	-0.468384	0.046564	-0.882297	-0.877972	0.087253	0.470693	52.683998	-195.181000	568.809021	
0.098901	0.995097	0.000014	-0.468384	0.046564	-0.882297	-0.877972	0.087253	0.470693	52.683998	-195.181000	568.809021	
0.098901	0.995097	0.000014	-0.468384	0.046564	-0.882297	-0.877972	0.087253	0.470693	52.683998	-195.181000	568.809021	
0.098901	0.995097	0.000014	-0.468384	0.046564	-0.882297	-0.877972	0.087253	0.470693	52.683998	-195.181000	568.809021	
0.098901	0.995097	0.000014	-0.468384	0.046564	-0.882297	-0.877972	0.087253	0.470693	52.683998	-195.181000	568.809021	
0.098901	0.995097	0.000014	-0.468384	0.046564	-0.882297	-0.877972	0.087253	0.470693	52.683998	-195.181000	568.809021	
0.854905	0.492495	-0.163055	0.239738	-0.653773	-0.717709	-0.460069	0.574482	-0.676984	55.042076	-137.320190	569.088623	
0.921543	0.343060	-0.181844	0.149072	-0.745056	-0.650130	-0.358518	0.572015	-0.737742	43.098701	-131.945999	579.059998	
0.921543	0.343060	-0.181844	0.149072	-0.745056	-0.650130	-0.358518	0.572015	-0.737742	43.098701	-131.945999	579.059998	
0.921543	0.343060	-0.181844	0.149072	-0.745056	-0.650130	-0.358518	0.572015	-0.737742	43.098701	-131.945999	579.059998	
0.971698	0.039370	-0.232924	-0.059810	-0.912883	-0.403816	-0.228530	0.406318	-0.884691	1.904117	-109.809303	589.902405	
0.990674	-0.071598	-0.115928	-0.127084	-0.792399	-0.596618	-0.049144	0.605786	-0.794108	-12.889909	-102.930679	628.502380	
0.948679	-0.126217	-0.289960	-0.197265	-0.952833	-0.230643	-0.247173	0.276006	-0.928831	-34.969898	-89.604401	615.853027	
0.948679	-0.126217	-0.289960	-0.197265	-0.952833	-0.230643	-0.247173	0.276006	-0.928831	-34.969898	-89.604401	615.853027	
0.948679	-0.126217	-0.289960	-0.197265	-0.952833	-0.230643	-0.247173	0.276006	-0.928831	-34.969898	-89.604401	615.853027	
0.832469	-0.414045	-0.368187	-0.395410	-0.909444	0.128696	-0.388131	0.038449	-0.920802	-72.547867	-52.052216	633.816101	
0.847617	-0.330791	-0.414877	-0.368210	-0.929678	-0.011019	-0.382057	0.162101	-0.909812	-85.459846	-47.419750	651.706848	
0.640903	-0.609132	-0.467120	-0.553632	-0.788327	0.268390	-0.531728	0.086601	-0.842476	-114.044998	-39.160702	664.132019	
0.640903	-0.609132	-0.467120	-0.553632	-0.788327	0.268390	-0.531728	0.086601	-0.842476	-114.044998	-39.160702	664.132019	
0.640903	-0.609132	-0.467120	-0.553632	-0.788327	0.268390	-0.531728	0.086601	-0.842476	-114.044998	-39.160702	664.132019	
0.391465	-0.681945	-0.617823	-0.439884	-0.728407	0.525287	-0.808244	0.066139	-0.585122	-145.454529	-6.329588	668.172852	
0.307176	-0.740729	-0.597465	-0.539816	-0.652664	0.531627	-0.783736	0.159218	-0.600340	-157.166000	-2.144420	700.442993	
0.307176	-0.740729	-0.597465	-0.539816	-0.652664	0.531627	-0.783736	0.159218	-0.600340	-157.166000	-2.144420	700.442993	
0.307176	-0.740729	-0.597465	-0.539816	-0.652664	0.531627	-0.783736	0.159218	-0.600340	-157.166000	-2.144420	700.442993	
0.307176	-0.740729	-0.597465	-0.539816	-0.652664	0.531627	-0.783736	0.159218	-0.600340	-157.166000	-2.144420	700.442993	
-0.068462	-0.676313	-0.733426	-0.415745	-0.648937	0.637211	-0.906901	0.348542	-0.236746	-188.552612	21.096437	719.451660	
-0.104576	-0.637919	-0.762970	-0.399269	-0.675705	0.619683	-0.910850	0.369434	-0.184039	-194.233994	28.538300	747.955994	
-0.104576	-0.637919	-0.762970	-0.399269	-0.675705	0.619683	-0.910850	0.369434	-0.184039	-194.233994	28.538300	747.955994	
-0.104576	-0.637919	-0.762970	-0.399269	-0.675705	0.619683	-0.910850	0.369434	-0.184039	-194.233994	28.538300	747.955994	
-0.104576	-0.637919	-0.762970	-0.399269	-0.675705	0.619683	-0.910850	0.369434	-0.184039	-194.233994	28.538300	747.955994	
-0.141475	-0.480927	-0.865271	-0.240707	-0.831119	0.501301	-0.960231	0.279198	0.001820	-182.325409	39.110649	753.910645	
-0.290490	-0.445819	-0.846676	-0.286623	-0.803663	0.521509	-0.912942	0.394170	0.105674	-188.669006	42.494301	807.763977	
-0.290490	-0.445819	-0.846676	-0.286623	-0.803663	0.521509	-0.912942	0.394170	0.105674	-188.669006	42.494301	807.763977	
-0.290490	-0.445819	-0.846676	-0.286623	-0.803663	0.521509	-0.912942	0.394170	0.105674	-188.669006	42.494301	807.763977	
-0.290490	-0.445819	-0.846676	-0.286623	-0.803663	0.521509	-0.912942	0.394170	0.105674	-188.669006	42.494301	807.763977	
-0.307001	-0.230088	-0.923477	-0.283985	-0.903982	0.319639	-0.908352	0.360383	0.212181	-159.806473	38.796558	859.678528	
-0.149087	-0.248243	-0.957156	-0.220295	-0.935308	0.276891	-0.963973	0.252138	0.084755	-153.148987	32.873100	893.677246	
-0.244721	-0.116244	-0.962600	-0.336694	-0.920819	0.196796	-0.909257	0.372262	0.186205	-137.164993	31.236799	892.781982	
-0.244721	-0.116244	-0.962600	-0.336694	-0.920819	0.196796	-0.909257	0.372262	0.186205	-137.164993	31.236799	892.781982	
-0.244721	-0.116244	-0.962600	-0.336694	-0.920819	0.196796	-0.909257	0.372262	0.186205	-137.164993	31.236799	892.781982	
-0.191269	-0.041737	-0.980650	-0.237286	-0.967495	0.087458	-0.952424	0.249422	0.175148	-81.838791	13.990011	920.617920	
-0.098312	-0.010054	-0.995105	-0.221161	-0.974722	0.031698	-0.970269	0.223195	0.093603	-62.448200	4.534850	936.427002	
-0.098312	-0.010054	-0.995105	-0.221161	-0.974722	0.031698	-0.970269	0.223195	0.093603	-62.448200	4.534850	936.427002	
-0.098312	-0.010054	-0.995105	-0.221161	-0.974722	0.031698	-0.970269	0.223195	0.093603	-62.448200	4.534850	936.427002	
0.054374	-0.013442	-0.998430	-0.189088	-0.981955	0.002923	-0.980453	0.188632	-0.055935	-20.320274	-16.919394	949.069824	
0.153534	-0.048433	-0.986956	-0.282491	-0.959265	0.003129	-0.946903	0.278326	-0.160962	-1.158590	-22.189899	973.940002	
0.153534	-0.048433	-0.986956	-0.282491	-0.959265	0.003129	-0.946903	0.278326	-0.160962	-1.158590	-22.189899	973.940002	
0.153534	-0.048433	-0.986956	-0.282491	-0.959265	0.003129	-0.946903	0.278326	-0.160962	-1.158590	-22.189899	973.940002	
0.153534	-0.048433	-0.986956	-0.282491	-0.959265	0.003129	-0.946903	0.278326	-0.160962	-1.158590	-22.189899	973.940002	
0.315013	-0.276272	-0.907987	-0.273227	-0.942592	0.192009	-0.908908	0.187601	-0.372413	49.394184	-60.910458	966.087708	
0.547848	-0.361742	-0.754325	-0.222669	-0.932206	0.285326	-0.806400	0.011650	-0.591255	59.969589	-69.533134	985.949158	
0.416658	-0.431188	-0.800295	-0.309137	-0.895092	0.321316	-0.854886	0.113523	-0.506244	73.297737	-82.054886	982.238403	
0.297159	-0.529233	-0.794738	-0.294249	-0.842585	0.451073	-0.908358	0.099811	-0.406108	84.453171	-89.884552	985.346558	
0.275705	-0.601908	-0.749462	-0.319418	-0.792743	0.519163	-0.906620	0.096256	-0.410824	90.829628	-105.686150	998.716370	
0.391923	-0.646983	-0.654071	-0.359151	-0.762133	0.538668	-0.846999	0.023795	-0.531062	94.720741	-120.219170	1033.646851	
0.253749	-0.711290	-0.655499	-0.370326	-0.697485	0.613493	-0.893572	0.087076	-0.440395	98.246056	-124.817383	1029.363281	
0.152883	-0.751802	-0.641421	-0.346526	-0.648623	0.677649	-0.925499	0.118669	-0.359682	97.514526	-132.393753	1002.553528	
-0.012347	-0.757250	-0.653008	-0.385668	-0.598921	0.701822	-0.922556	0.260510	-0.284652	99.968666	-144.943771	1009.991028	
-0.104533	-0.799387	-0.591653	-0.356076	-0.525391	0.772771	-0.928592	0.291454	-0.229722	99.780853	-151.543579	1013.124329	
-0.181301	-0.811978	-0.554817	-0.279631	-0.498315	0.820664	-0.942835	0.303932	-0.136709	97.029579	-162.915878	1004.153564	
-0.216599	-0.840067	-0.497365	-0.197461	-0.461231	0.865029	-0.956083	0.285574	-0.065978	91.646004	-178.317123	1017.063660	
-0.342697	-0.839929	-0.420807	-0.225228	-0.361411	0.904795	-0.912048	0.404849	-0.065321	88.319740	-186.336304	1034.681274	
-0.410987	-0.814014	-0.410452	-0.178586	-0.369622	0.911859	-0.893978	0.448063	0.006539	76.883003	-188.776001	1031.339966	
-0.410987	-0.814014	-0.410452	-0.178586	-0.369622	0.911859	-0.893978	0.448063	0.006539	76.883003	-188.776001	1031.339966	
-0.410987	-0.814014	-0.410452	-0.178586	-0.369622	0.911859	-0.893978	0.448063	0.006539	76.883003	-188.776001	1031.339966	
-0.410987	-0.814014	-0.410452	-0.178586	-0.369622	0.911859	-0.893978	0.448063	0.006539	76.883003	-188.776001	1031.339966	
-0.410987	-0.814014	-0.410452	-0.178586	-0.369622	0.911859	-0.893978	0.448063	0.006539	76.883003	-188.776001	1031.339966	
-0.901760	-0.430925	0.033656	0.221403	-0.393630	0.892209	-0.371227	0.812010	0.450368	31.045082	-207.102219	1008.074951	
-0.945336	-0.318582	0.069609	0.248306	-0.564861	0.786941	-0.211386	0.761208	0.613089	12.010900	-214.263000	1011.390015	
-0.945336	-0.318582	0.069609	0.248306	-0.564861	0.786941	-0.211386	0.761208	0.613089	12.010900	-214.263000	1011.390015	
-0.945336	-0.318582	0.069609	0.248306	-0.564861	0.786941	-0.211386	0.761208	0.613089	12.010900	-214.263000	1011.390015	
-0.945336	-0.318582	0.069609	0.248306	-0.564861	0.786941	-0.211386	0.761208	0.613089	12.010900	-214.263000	1011.390015	
-0.948377	-0.069302	0.309479	0.258617	-0.733826	0.628185	0.183569	0.675793	0.713867	-47.066002	-208.776749	967.185364	
-0.905608	0.052340	0.420873	0.160765	-0.875935	0.454855	0.392465	0.479582	0.784839	-57.248001	-213.037003	987.377014	
-0.905608	0.052340	0.420873	0.160765	-0.875935	0.454855	0.392465	0.479582	0.784839	-57.248001	-213.037003	987.377014	
-0.905608	0.052340	0.420873	0.160765	-0.875935	0.454855	0.392465	0.479582	0.784839	-57.248001	-213.037003	987.377014	
-0.905608	0.052340	0.420873	0.160765	-0.875935	0.454855	0.392465	0.479582	0.784839	-57.248001	-213.037003	987.377014	
-0.595436	0.311570	0.740528	-0.319137	-0.937624	0.137887	0.737298	-0.154227	0.657727	-98.874336	-189.502548	914.517883	
-0.589085	0.424024	0.687883	-0.533535	-0.843429	0.063000	0.606894	-0.329897	0.723082	-111.333000	-193.983002	943.135010	
-0.589085	0.424024	0.687883	-0.533535	-0.843429	0.063000	0.606894	-0.329897	0.723082	-111.333000	-193.983002	943.135010	
-0.589085	0.424024	0.687883	-0.533535	-0.843429	0.063000	0.606894	-0.329897	0.723082	-111.333000	-193.983002	943.135010	
-0.589085	0.424024	0.687883	-0.533535	-0.843429	0.063000	0.606894	-0.329897	0.723082	-111.333000	-193.983002	943.135010	
-0.252966	0.451583	0.855618	-0.961726	-0.213651	-0.171575	0.105322	-0.866271	0.488345	-141.305511	-149.832367	902.242554	
-0.168157	0.428546	0.887735	-0.980223	0.022629	-0.196600	-0.104342	-0.903237	0.416264	-147.728104	-142.585251	922.354370	
-0.113556	0.275974	0.954433	-0.972343	0.166470	-0.163821	-0.204095	-0.946639	0.249438	-146.845001	-124.082001	893.836975	
-0.113556	0.275974	0.954433	-0.972343	0.166470	-0.163821	-0.204095	-0.946639	0.249438	-146.845001	-124.082001	893.836975	
-0.113556	0.275974	0.954433	-0.972343	0.166470	-0.163821	-0.204095	-0.946639	0.249438	-146.845001	-124.082001	893.836975	
-0.113556	0.275974	0.954433	-0.972343	0.166470	-0.163821	-0.204095	-0.946639	0.249438	-146.845001	-124.082001	893.836975	
-0.008831	-0.052651	0.998574	-0.710535	0.702988	0.030783	-0.703607	-0.709249	-0.043619	-132.879654	-78.889244	832.798096	
-0.009987	-0.106664	0.994245	-0.518234	0.850896	0.086079	-0.855180	-0.514392	-0.063775	-130.496002	-72.288399	833.395996	
-0.009987	-0.106664	0.994245	-0.518234	0.850896	0.086079	-0.855180	-0.514392	-0.063775	-130.496002	-72.288399	833.395996	
-0.009987	-0.106664	0.994245	-0.518234	0.850896	0.086079	-0.855180	-0.514392	-0.063775	-130.496002	-72.288399	833.395996	
-0.009987	-0.106664	0.994245	-0.518234	0.850896	0.086079	-0.855180	-0.514392	-0.063775	-130.496002	-72.288399	833.395996	
-0.123162	-0.430088	0.894346	-0.040619	0.902638	0.428481	-0.991555	0.016445	-0.128641	-96.418076	-26.444372	775.071228	
-0.191554	-0.460231	0.866888	0.093964	0.870588	0.482958	-0.976974	0.173969	-0.123519	-83.400490	-12.012245	776.384827	
-0.247772	-0.508129	0.824871	0.270768	0.781173	0.562543	-0.930212	0.362731	-0.055968	-74.267471	-5.481771	773.272095	
-0.325129	-0.519394	0.790266	0.313974	0.728978	0.608286	-0.892027	0.445895	-0.073935	-67.134377	2.691923	780.455811	
-0.382983	-0.532727	0.754669	0.469606	0.591235	0.655676	-0.795483	0.605510	0.023739	-53.526199	8.552730	744.064026	
-0.382983	-0.532727	0.754669	0.469606	0.591235	0.655676	-0.795483	0.605510	0.023739	-53.526199	8.552730	744.064026	
-0.382983	-0.532727	0.754669	0.469606	0.591235	0.655676	-0.795483	0.605510	0.023739	-53.526199	8.552730	744.064026	
-0.624077	-0.587291	0.515380	0.557020	0.128168	0.820551	-0.547957	0.799163	0.247145	-14.203871	35.056690	698.871155	
-0.709651	-0.541611	0.450614	0.624612	-0.187727	0.758036	-0.325969	0.819400	0.471517	-8.780204	39.865429	679.763062	
-0.741858	-0.419055	0.523488	0.635922	-0.192015	0.747485	-0.212720	0.887425	0.408934	-3.069466	45.223114	686.833679	
-0.828275	-0.443239	0.342782	0.508526	-0.337745	0.792041	-0.235290	0.830342	0.505144	17.675600	51.304699	679.377014	
-0.828275	-0.443239	0.342782	0.508526	-0.337745	0.792041	-0.235290	0.830342	0.505144	17.675600	51.304699	679.377014	
-0.828275	-0.443239	0.342782	0.508526	-0.337745	0.792041	-0.235290	0.830342	0.505144	17.675600	51.304699	679.377014	
-0.972948	-0.230937	-0.006238	0.184049	-0.791160	0.583260	-0.139631	0.566334	0.812262	58.189335	56.292053	627.600769	
-0.985852	-0.166434	-0.019843	0.120585	-0.786485	0.605723	-0.116419	0.594761	0.795428	70.257874	56.689011	626.679749	
-0.991133	-0.115741	-0.065253	0.037986	-0.717442	0.695581	-0.127323	0.686935	0.715478	81.595810	54.793495	627.042114	
-0.979062	0.000053	-0.203560	-0.157344	-0.634647	0.756615	-0.129148	0.772802	0.621368	92.868202	54.327888	628.000244	
-0.929794	0.101639	-0.353769	-0.292340	-0.787908	0.541976	-0.223651	0.607347	0.762306	101.904144	55.232742	646.265381	
-0.902887	0.189039	-0.386082	-0.347602	-0.849461	0.396974	-0.252918	0.492625	0.832678	103.118332	52.335472	623.565186	
-0.871050	0.283768	-0.400932	-0.420873	-0.852015	0.311344	-0.253250	0.439938	0.861579	102.984337	49.897129	608.472473	
-0.881155	0.300943	-0.364690	-0.418131	-0.856058	0.303858	-0.220751	0.420234	0.880154	109.217674	46.719139	619.934204	
-0.859850	0.310735	-0.405095	-0.440641	-0.852426	0.281434	-0.257861	0.420492	0.869881	111.004341	40.729290	624.995667	
-0.756984	0.305501	-0.577619	-0.498535	-0.841473	0.208290	-0.422418	0.445636	0.789285	102.261185	30.646687	607.929260	
-0.705442	0.407000	-0.580261	-0.612650	-0.761812	0.210477	-0.356385	0.503976	0.786764	96.998802	20.857971	597.508240	
-0.430750	0.355743	-0.829398	-0.570010	-0.819756	-0.055571	-0.699672	0.448829	0.555887	87.245888	15.305058	574.998901	
-0.389224	0.362714	-0.846725	-0.627560	-0.777295	-0.044494	-0.674293	0.514053	0.530167	78.186401	9.735281	582.386169	
-0.442412	0.544941	-0.712258	-0.804145	-0.592645	0.046061	-0.397015	0.593137	0.700405	76.139221	2.527569	611.476074	
-0.294636	0.339329	-0.893334	-0.631194	-0.770989	-0.084679	-0.717485	0.538918	0.441343	50.033100	-6.432280	577.570007	
-0.294636	0.339329	-0.893334	-0.631194	-0.770989	-0.084679	-0.717485	0.538918	0.441343	50.033100	-6.432280	577.570007	
-0.294636	0.339329	-0.893334	-0.631194	-0.770989	-0.084679	-0.717485	0.538918	0.441343	50.033100	-6.432280	577.570007	
-0.056447	0.099535	-0.993432	-0.571988	-0.818765	-0.049534	-0.818317	0.565435	0.103150	8.488889	-34.992916	563.323059	
0.001625	0.006313	-0.999979	-0.559210	-0.829003	-0.006142	-0.829024	0.559208	0.002183	-0.183548	-42.951485	565.786743	
0.057601	-0.054290	-0.996863	-0.368992	-0.928972	0.029271	-0.927646	0.366148	-0.073542	-20.057632	-54.571152	563.444214	
0.085929	0.015314	-0.996184	-0.274160	-0.960916	-0.038420	-0.957837	0.276415	-0.078372	-31.869347	-59.945950	531.530334	
0.073499	-0.272293	-0.959403	-0.621062	-0.765193	0.169594	-0.780308	0.583384	-0.225352	-61.751598	-82.858101	575.432007	
0.073499	-0.272293	-0.959403	-0.621062	-0.765193	0.169594	-0.780308	0.583384	-0.225352	-61.751598	-82.858101	575.432007	
0.073499	-0.272293	-0.959403	-0.621062	-0.765193	0.169594	-0.780308	0.583384	-0.225352	-61.751598	-82.858101	575.432007	
0.002690	-0.659599	-0.751613	-0.679179	-0.552869	0.482756	-0.733968	0.509181	-0.449473	-103.114243	-111.858238	583.723816	
0.120122	-0.702020	-0.701954	-0.756537	-0.522570	0.393157	-0.642823	0.483828	-0.593876	-120.449402	-121.144714	604.617676	
-0.133532	-0.776703	-0.615550	-0.632657	-0.411279	0.656197	-0.762833	0.477055	-0.436467	-132.975006	-134.408005	598.591003	
-0.133532	-0.776703	-0.615550	-0.632657	-0.411279	0.656197	-0.762833	0.477055	-0.436467	-132.975006	-134.408005	598.591003	
-0.133532	-0.776703	-0.615550	-0.632657	-0.411279	0.656197	-0.762833	0.477055	-0.436467	-132.975006	-134.408005	598.591003	
-0.356243	-0.858066	-0.369883	-0.490255	-0.165346	0.855751	-0.795450	0.486193	-0.361768	-169.036926	-169.962967	608.696655	
-0.446462	-0.864160	-0.232162	-0.410185	-0.032937	0.911407	-0.795248	0.502138	-0.339761	-175.005493	-174.974396	613.092224	
-0.526398	-0.848094	-0.060335	-0.302185	0.120287	0.945629	-0.794726	0.516010	-0.319600	-187.200668	-188.114777	631.632751	
-0.494239	-0.866080	0.075060	-0.167532	0.179615	0.969366	-0.853030	0.466524	-0.233869	-211.289627	-200.786835	677.428467	
-0.604326	-0.773817	0.189727	-0.091459	0.303933	0.948293	-0.791470	0.555727	-0.254447	-214.547485	-203.146790	671.623962	
-0.672520	-0.689358	0.269264	0.089334	0.285556	0.954189	-0.734668	0.665766	-0.130459	-218.215790	-205.261322	684.593201	
-0.652624	-0.619745	0.435888	0.232532	0.383702	0.893701	-0.721117	0.684609	-0.106303	-204.496002	-203.875000	656.690002	
-0.652624	-0.619745	0.435888	0.232532	0.383702	0.893701	-0.721117	0.684609	-0.106303	-204.496002	-203.875000	656.690002	
-0.652624	-0.619745	0.435888	0.232532	0.383702	0.893701	-0.721117	0.684609	-0.106303	-204.496002	-203.875000	656.690002	
-0.652624	-0.619745	0.435888	0.232532	0.383702	0.893701	-0.721117	0.684609	-0.106303	-204.496002	-203.875000	656.690002	
-0.652624	-0.619745	0.435888	0.232532	0.383702	0.893701	-0.721117	0.684609	-0.106303	-204.496002	-203.875000	656.690002	
-0.430203	-0.162761	0.887937	0.859035	0.228507	0.458087	-0.277459	0.959841	0.041512	-186.350647	-209.181198	709.615051	
-0.387462	-0.132055	0.912379	0.900664	0.156910	0.405197	-0.196669	0.978745	0.058140	-181.115997	-207.156998	723.036011	
-0.387462	-0.132055	0.912379	0.900664	0.156910	0.405197	-0.196669	0.978745	0.058140	-181.115997	-207.156998	723.036011	
-0.387462	-0.132055	0.912379	0.900664	0.156910	0.405197	-0.196669	0.978745	0.058140	-181.115997	-207.156998	723.036011	
-0.002731	0.030610	0.999527	0.999469	-0.032381	0.003723	0.032479	0.999007	-0.030505	-135.521301	-199.343628	768.635437	
0.134518	0.016622	0.990772	0.976210	-0.173812	-0.129625	0.170054	0.984639	-0.039608	-117.306000	-194.544998	781.635010	
0.134518	0.016622	0.990772	0.976210	-0.173812	-0.129625	0.170054	0.984639	-0.039608	-117.306000	-194.544998	781.635010	
0.134518	0.016622	0.990772	0.976210	-0.173812	-0.129625	0.170054	0.984639	-0.039608	-117.306000	-194.544998	781.635010	
0.463112	0.030061	0.885790	0.845155	-0.315956	-0.431144	0.266910	0.948297	-0.171729	-74.798859	-162.591919	827.302429	
0.579120	-0.067276	0.812462	0.693227	-0.483813	-0.534192	0.429018	0.872582	-0.233548	-66.103203	-161.871002	850.088013	
0.579120	-0.067276	0.812462	0.693227	-0.483813	-0.534192	0.429018	0.872582	-0.233548	-66.103203	-161.871002	850.088013	
0.579120	-0.067276	0.812462	0.693227	-0.483813	-0.534192	0.429018	0.872582	-0.233548	-66.103203	-161.871002	850.088013	
0.748802	-0.283760	0.598979	0.355577	-0.590672	-0.724343	0.559339	0.755372	-0.341397	-6.532847	-128.336319	873.878113	
0.841564	-0.302417	0.447565	0.190477	-0.609208	-0.769795	0.505459	0.733082	-0.455084	3.877510	-118.042999	889.822021	
0.841564	-0.302417	0.447565	0.190477	-0.609208	-0.769795	0.505459	0.733082	-0.455084	3.877510	-118.042999	889.822021	
0.841564	-0.302417	0.447565	0.190477	-0.609208	-0.769795	0.505459	0.733082	-0.455084	3.877510	-118.042999	889.822021	
0.886421	-0.445674	0.125028	-0.156958	-0.543512	-0.824596	0.435456	0.711315	-0.551733	29.351137	-80.394165	892.423950	
0.859866	-0.501067	0.097789	-0.200250	-0.507233	-0.838222	0.469608	0.701175	-0.536490	35.514851	-71.341286	945.641296	
0.804794	-0.593310	-0.017048	-0.365157	-0.472264	-0.802264	0.467940	0.651882	-0.596726	42.737499	-53.414299	948.653015	
0.804794	-0.593310	-0.017048	-0.365157	-0.472264	-0.802264	0.467940	0.651882	-0.596726	42.737499	-53.414299	948.653015	
0.804794	-0.593310	-0.017048	-0.365157	-0.472264	-0.802264	0.467940	0.651882	-0.596726	42.737499	-53.414299	948.653015	
0.804794	-0.593310	-0.017048	-0.365157	-0.472264	-0.802264	0.467940	0.651882	-0.596726	42.737499	-53.414299	948.653015	
0.603375	-0.706836	-0.369217	-0.705978	-0.258146	-0.659512	0.370855	0.658592	-0.654770	63.255646	-2.630684	956.355652	
0.593617	-0.671351	-0.443741	-0.741212	-0.241379	-0.626371	0.313405	0.700731	-0.640901	67.145744	7.453056	979.780151	
0.525985	-0.673475	-0.519394	-0.825179	-0.256225	-0.503416	0.205957	0.693383	-0.690509	68.197067	18.172556	986.665283	
0.488130	-0.608516	-0.625650	-0.861307	-0.220063	-0.457955	0.140991	0.762418	-0.631538	67.497856	21.770527	1002.142883	
0.399005	-0.629108	-0.667096	-0.908353	-0.171810	-0.381281	0.125253	0.758092	-0.640006	69.074799	32.371292	1063.308716	
0.387247	-0.611813	-0.689728	-0.861248	0.026967	-0.507468	0.329076	0.790542	-0.516480	54.145100	49.715801	1025.290039	
0.387247	-0.611813	-0.689728	-0.861248	0.026967	-0.507468	0.329076	0.790542	-0.516480	54.145100	49.715801	1025.290039	
0.387247	-0.611813	-0.689728	-0.861248	0.026967	-0.507468	0.329076	0.790542	-0.516480	54.145100	49.715801	1025.290039	
0.387247	-0.611813	-0.689728	-0.861248	0.026967	-0.507468	0.329076	0.790542	-0.516480	54.145100	49.715801	1025.290039	
0.193274	-0.489385	-0.850381	-0.901046	0.254464	-0.351231	0.388277	0.834116	-0.391779	15.560431	83.868141	1033.254517	
0.144800	-0.436723	-0.887866	-0.896941	0.320930	-0.304139	0.417767	0.840403	-0.345244	0.661272	88.780098	1056.640015	
0.144800	-0.436723	-0.887866	-0.896941	0.320930	-0.304139	0.417767	0.840403	-0.345244	0.661272	88.780098	1056.640015	
0.144800	-0.436723	-0.887866	-0.896941	0.320930	-0.304139	0.417767	0.840403	-0.345244	0.661272	88.780098	1056.640015	
0.144800	-0.436723	-0.887866	-0.896941	0.320930	-0.304139	0.417767	0.840403	-0.345244	0.661272	88.780098	1056.640015	
0.020684	-0.099330	-0.994839	-0.848375	0.524743	-0.070032	0.528992	0.845445	-0.073416	-54.577068	93.961983	1046.650269	
-0.017858	-0.097665	-0.995059	-0.849614	0.526148	-0.036393	0.527103	0.844766	-0.092373	-63.701702	99.795715	1080.338867	
0.042493	-0.126846	-0.991012	-0.923626	0.373204	-0.087372	0.380933	0.919037	-0.101300	-59.352085	98.451584	1045.832520	
-0.008853	0.233502	-0.972316	-0.799463	0.582415	0.147147	0.600650	0.778633	0.181520	-96.582298	94.702698	1075.579956	
-0.008853	0.233502	-0.972316	-0.799463	0.582415	0.147147	0.600650	0.778633	0.181520	-96.582298	94.702698	1075.579956	
-0.008853	0.233502	-0.972316	-0.799463	0.582415	0.147147	0.600650	0.778633	0.181520	-96.582298	94.702698	1075.579956	
-0.008853	0.233502	-0.972316	-0.799463	0.582415	0.147147	0.600650	0.778633	0.181520	-96.582298	94.702698	1075.579956	
-0.008853	0.233502	-0.972316	-0.799463	0.582415	0.147147	0.600650	0.778633	0.181520	-96.582298	94.702698	1075.579956	
0.117213	0.575187	-0.809581	-0.658062	0.655526	0.370460	0.743785	0.489332	0.455344	-138.623962	67.599892	1052.400391	
0.149285	0.609310	-0.778752	-0.629283	0.666041	0.400490	0.762704	0.430268	0.482859	-148.440002	64.567200	1066.209961	
0.149285	0.609310	-0.778752	-0.629283	0.666041	0.400490	0.762704	0.430268	0.482859	-148.440002	64.567200	1066.209961	
0.149285	0.609310	-0.778752	-0.629283	0.666041	0.400490	0.762704	0.430268	0.482859	-148.440002	64.567200	1066.209961	
0.149285	0.609310	-0.778752	-0.629283	0.666041	0.400490	0.762704	0.430268	0.482859	-148.440002	64.567200	1066.209961	
0.149285	0.609310	-0.778752	-0.629283	0.666041	0.400490	0.762704	0.430268	0.482859	-148.440002	64.567200	1066.209961	
0.409194	0.837461	-0.362241	-0.650153	0.546153	0.528222	0.640204	0.019367	0.767960	-175.217148	20.122229	1012.701294	
0.394604	0.875606	-0.278573	-0.596889	0.474767	0.646776	0.698578	-0.088944	0.709984	-183.643005	13.998700	1039.489990	
0.394604	0.875606	-0.278573	-0.596889	0.474767	0.646776	0.698578	-0.088944	0.709984	-183.643005	13.998700	1039.489990	
0.394604	0.875606	-0.278573	-0.596889	0.474767	0.646776	0.698578	-0.088944	0.709984	-183.643005	13.998700	1039.489990	
0.394604	0.875606	-0.278573	-0.596889	0.474767	0.646776	0.698578	-0.088944	0.709984	-183.643005	13.998700	1039.489990	
0.394604	0.875606	-0.278573	-0.596889	0.474767	0.646776	0.698578	-0.088944	0.709984	-183.643005	13.998700	1039.489990	
0.561357	0.781650	0.271850	-0.669765	0.236153	0.704021	0.486101	-0.577283	0.656088	-161.680359	-34.787201	970.224365	
0.512816	0.818956	0.257548	-0.715115	0.241503	0.655962	0.475006	-0.520564	0.709495	-159.310257	-42.606598	1013.156372	
0.543760	0.758684	0.358781	-0.697210	0.170414	0.696316	0.467143	-0.628775	0.621627	-142.434998	-49.747501	968.963013	
0.543760	0.758684	0.358781	-0.697210	0.170414	0.696316	0.467143	-0.628775	0.621627	-142.434998	-49.747501	968.963013	
