0.996732	-0.044008	0.067743	0.042995	0.998941	0.016345	-0.068390	-0.013379	0.997569	19.012842	3.842153	546.726501	
0.972551	-0.138412	0.187049	0.121116	0.987488	0.100982	-0.198686	-0.075556	0.977147	27.969141	7.097910	547.135437	
0.943653	-0.195719	0.266857	0.151880	0.972562	0.176225	-0.294026	-0.125766	0.947487	36.557640	14.658304	547.713867	
0.895215	-0.258727	0.362838	0.171926	0.951686	0.254429	-0.411135	-0.165387	0.896446	44.740356	16.431156	545.099304	
0.859015	-0.355343	0.368544	0.239439	0.915155	0.324284	-0.452507	-0.190321	0.871215	52.172153	21.257738	544.719177	
0.823378	-0.458386	0.334559	0.316125	0.860081	0.400406	-0.471288	-0.223923	0.853080	67.837730	22.388865	544.864014	
0.800072	-0.544186	0.252479	0.404681	0.800267	0.442498	-0.442852	-0.251857	0.860494	74.475311	24.560696	544.671997	
0.800026	-0.578791	0.157981	0.449880	0.752939	0.480302	-0.396945	-0.313182	0.862758	78.905800	24.790274	545.508972	
0.788975	-0.606823	0.096354	0.492282	0.718150	0.491852	-0.367664	-0.340625	0.865331	83.276726	25.433126	546.956055	
0.782012	-0.623009	0.017778	0.517384	0.664805	0.538839	-0.347521	-0.412180	0.842222	90.047211	25.455833	553.208252	
0.753928	-0.656788	0.014857	0.512922	0.602614	0.611365	-0.410491	-0.453305	0.791210	92.924156	26.476078	565.081726	
0.746327	-0.663776	-0.048949	0.521618	0.537637	0.662466	-0.413413	-0.519948	0.747492	94.367493	26.798285	576.044434	
0.734755	-0.673686	-0.079258	0.516771	0.480232	0.708749	-0.439412	-0.561715	0.700995	95.459702	27.456970	591.217224	
0.753651	-0.654390	-0.061508	0.481714	0.486257	0.729044	-0.447170	-0.579074	0.681698	93.360046	24.945057	603.000916	
0.735723	-0.677099	-0.015717	0.429664	0.448675	0.783632	-0.523544	-0.583289	0.621027	92.716766	23.773613	608.929565	
0.746135	-0.665763	-0.006333	0.385494	0.424237	0.819400	-0.542840	-0.613825	0.573187	89.807114	22.097429	618.492126	
0.747021	-0.664790	0.003445	0.348265	0.395747	0.849762	-0.566277	-0.633590	0.527155	85.423195	21.766212	620.320557	
0.768177	-0.639994	-0.017600	0.353433	0.400978	0.845164	-0.533843	-0.655456	0.534218	80.940239	23.096210	632.732544	
0.788056	-0.614615	-0.034863	0.374316	0.433445	0.819764	-0.488728	-0.659069	0.571640	74.442146	23.436411	650.879578	
-0.015658	0.125314	0.991994	0.997746	-0.062781	0.023679	0.065246	0.990129	-0.124049	87.379097	-25.442900	639.239990	
-0.015658	0.125314	0.991994	0.997746	-0.062781	0.023679	0.065246	0.990129	-0.124049	87.379097	-25.442900	639.239990	
-0.015658	0.125314	0.991994	0.997746	-0.062781	0.023679	0.065246	0.990129	-0.124049	87.379097	-25.442900	639.239990	
-0.015658	0.125314	0.991994	0.997746	-0.062781	0.023679	0.065246	0.990129	-0.124049	87.379097	-25.442900	639.239990	
0.066570	0.492630	0.867690	0.931260	-0.342886	0.123225	0.358223	0.799841	-0.481592	59.288471	-57.104355	683.803223	
0.108647	0.578018	0.808759	0.910561	-0.384287	0.152326	0.398843	0.719874	-0.568071	51.557526	-70.297569	700.915039	
0.188528	0.641415	0.743670	0.852994	-0.482218	0.199670	0.486682	0.596702	-0.638034	33.004059	-83.907982	712.896667	
0.246109	0.701949	0.668355	0.813394	-0.524573	0.251423	0.527087	0.481757	-0.700063	14.802345	-97.249664	724.264221	
0.306102	0.754055	0.581123	0.783325	-0.546402	0.296391	0.541022	0.364481	-0.757924	5.829745	-104.038895	737.164490	
0.355516	0.763789	0.538735	0.739982	-0.582125	0.336984	0.570996	0.278850	-0.772144	-2.943119	-111.477623	744.141541	
0.454900	0.766786	0.452886	0.670832	-0.629521	0.392032	0.585706	0.125474	-0.800753	-12.515308	-125.373360	749.090271	
0.514914	0.778444	0.359010	0.624859	-0.627539	0.464486	0.586869	-0.014841	-0.809546	-22.000896	-139.359924	754.687256	
0.616854	0.739492	0.269524	0.563201	-0.653918	0.505169	0.549815	-0.159820	-0.819854	-31.168398	-146.481720	774.521240	
0.674537	0.720083	0.162728	0.542253	-0.632853	0.552683	0.500960	-0.284567	-0.817350	-39.917629	-160.531372	787.125549	
0.755362	0.652439	0.061254	0.500486	-0.634714	0.588771	0.423016	-0.414080	-0.805976	-48.553955	-174.319412	794.616150	
0.792614	0.605141	-0.074618	0.514682	-0.598419	0.614001	0.326905	-0.525071	-0.785770	-56.641754	-180.967926	814.346069	
0.820389	0.556326	-0.132152	0.497210	-0.579910	0.645359	0.282393	-0.595153	-0.752362	-70.757156	-193.238251	827.622070	
0.838092	0.502156	-0.213169	0.498633	-0.546634	0.672723	0.221287	-0.670098	-0.708521	-83.580269	-204.357742	831.343933	
0.857307	0.445867	-0.257349	0.482162	-0.520235	0.704894	0.180407	-0.728395	-0.660981	-94.758232	-215.208145	842.792419	
0.868634	0.392110	-0.302861	0.479417	-0.510925	0.713523	0.125041	-0.764987	-0.631791	-104.494919	-220.478683	861.055542	
0.875828	0.279007	-0.393802	0.482579	-0.495221	0.722408	0.006538	-0.822746	-0.568372	-111.599297	-224.228302	874.886353	
0.881955	0.181271	-0.435083	0.464679	-0.488986	0.738218	-0.078931	-0.853249	-0.515497	-114.271309	-231.722488	890.414612	
0.847141	0.125172	-0.516415	0.511473	-0.455534	0.728618	-0.144041	-0.881375	-0.449924	-116.341560	-237.081635	900.147339	
0.824503	0.077714	-0.560497	0.537958	-0.414847	0.733827	-0.175492	-0.906567	-0.383850	-117.854210	-239.855957	911.443298	
0.779594	0.033928	-0.625366	0.588077	-0.383092	0.712324	-0.215404	-0.923087	-0.318609	-116.458908	-244.350937	922.561890	
0.713582	-0.018253	-0.700335	0.646847	-0.366754	0.668640	-0.269055	-0.930139	-0.249903	-115.375870	-248.647034	928.687866	
0.676775	-0.057654	-0.733929	0.673906	-0.352799	0.649140	-0.296355	-0.933922	-0.199913	-112.428421	-250.539719	937.822754	
0.619654	-0.083773	-0.780391	0.705437	-0.376434	0.600547	-0.344076	-0.922648	-0.174163	-108.596405	-252.547913	947.303345	
0.580156	-0.140573	-0.802283	0.707332	-0.401438	0.581832	-0.403857	-0.905035	-0.133466	-99.119095	-251.788864	957.412231	
0.519703	-0.204968	-0.829395	0.688320	-0.474615	0.548595	-0.506088	-0.855996	-0.105576	-93.396423	-251.695419	964.852234	
0.476640	-0.222291	-0.850530	0.712426	-0.469157	0.521863	-0.515037	-0.854681	-0.065254	-80.764954	-249.307739	970.811646	
0.435095	-0.250431	-0.864857	0.698918	-0.511619	0.499759	-0.567632	-0.821907	-0.047573	-73.850075	-246.894165	983.720154	
0.380276	-0.273488	-0.883513	0.686016	-0.557287	0.467775	-0.620301	-0.783987	-0.024307	-57.689999	-241.304916	994.494446	
0.331892	-0.234853	-0.913615	0.701127	-0.586527	0.405472	-0.631086	-0.775133	-0.030003	-49.352547	-238.129074	1014.033081	
0.263275	-0.196371	-0.944524	0.732311	-0.596676	0.328174	-0.628019	-0.778085	-0.013286	-40.462322	-232.782150	1028.623413	
0.199359	-0.197988	-0.959717	0.719911	-0.634855	0.280513	-0.664820	-0.746834	0.015968	-30.254992	-219.965500	1017.829956	
0.112635	-0.162042	-0.980334	0.711676	-0.675363	0.193399	-0.693420	-0.719464	0.039251	-19.959654	-209.875000	1016.640259	
0.080175	-0.141990	-0.986616	0.712281	-0.684258	0.156357	-0.697301	-0.715283	0.046275	-9.832055	-197.923203	1021.151367	
0.053083	-0.067769	-0.996287	0.727688	-0.680614	0.085068	-0.683852	-0.729502	0.013185	8.817345	-188.486740	1032.786865	
-0.020940	-0.023419	-0.999506	0.703952	-0.710246	0.001893	-0.709940	-0.703564	0.031357	19.524399	-179.301575	1042.319702	
-0.085463	-0.008685	-0.996303	0.694655	-0.717364	-0.053335	-0.714249	-0.696645	0.067340	33.134674	-170.045029	1062.070190	
-0.123301	0.058494	-0.990643	0.653278	-0.746663	-0.125399	-0.747012	-0.662627	0.053851	50.748016	-151.359970	1046.024658	
-0.004383	0.214429	-0.976729	0.609373	-0.773864	-0.172627	-0.792872	-0.595949	-0.127276	54.464592	-135.656509	1040.048340	
0.005513	0.280530	-0.959828	0.590377	-0.775624	-0.223302	-0.807110	-0.565430	-0.169895	70.354576	-120.661865	1030.649536	
0.038494	0.307083	-0.950903	0.557142	-0.796564	-0.234687	-0.829525	-0.520755	-0.201752	77.766891	-113.497528	1029.269531	
0.088343	0.334912	-0.938098	0.538511	-0.808345	-0.237876	-0.837976	-0.484161	-0.251765	90.831154	-106.020554	1026.969360	
0.140010	0.383958	-0.912673	0.555821	-0.793300	-0.248472	-0.819428	-0.472494	-0.324482	101.993668	-98.240906	1027.321899	
0.208889	0.399756	-0.892501	0.497488	-0.829161	-0.254949	-0.841946	-0.390752	-0.372077	111.299255	-82.175354	1020.380859	
0.255772	0.390648	-0.884293	0.431843	-0.864553	-0.257022	-0.864924	-0.316137	-0.389827	115.373978	-66.648857	1019.071594	
0.330028	0.399693	-0.855176	0.404557	-0.878408	-0.254426	-0.852887	-0.262000	-0.451598	118.546883	-52.036484	1013.488403	
0.408413	0.388546	-0.825972	0.376712	-0.895973	-0.235205	-0.831438	-0.215093	-0.512296	122.533928	-44.651657	1006.757874	
0.471760	0.347920	-0.810181	0.343415	-0.918802	-0.194599	-0.812102	-0.186424	-0.552935	123.641052	-30.137491	996.464661	
0.512844	0.333600	-0.791013	0.325020	-0.928271	-0.180764	-0.794578	-0.164391	-0.584484	124.486702	-15.931215	995.145935	
0.588953	0.279248	-0.758390	0.245999	-0.955821	-0.160907	-0.769819	-0.091797	-0.631627	121.702225	-2.291451	992.360962	
0.623560	0.247322	-0.741623	0.229471	-0.964757	-0.128795	-0.747340	-0.089870	-0.658336	117.902550	4.146158	987.695496	
0.672999	0.169015	-0.720073	0.145126	-0.984792	-0.095512	-0.725267	-0.040222	-0.687292	114.012436	9.770048	982.576233	
0.702758	0.128181	-0.699787	0.117366	-0.991046	-0.063668	-0.701683	-0.037389	-0.711508	106.223785	20.753918	972.804260	
0.740368	0.087480	-0.666486	0.089402	-0.995502	-0.031354	-0.666232	-0.036372	-0.744857	95.193047	25.392706	961.715149	
0.777942	-0.012517	-0.628212	0.021489	-0.998686	0.046508	-0.627970	-0.049681	-0.776650	88.682663	30.775002	950.489868	
0.805168	-0.069252	-0.588990	-0.015833	-0.995315	0.095381	-0.592837	-0.067473	-0.802491	75.015533	39.315418	946.161255	
0.813783	-0.116695	-0.569334	-0.026751	-0.986116	0.163884	-0.580555	-0.118136	-0.805605	67.289352	45.650970	945.749023	
0.826221	-0.176386	-0.535022	-0.041660	-0.966249	0.254218	-0.561806	-0.187751	-0.805682	51.066788	48.208447	937.989990	
0.828184	-0.230267	-0.510970	-0.057095	-0.941620	0.331799	-0.557543	-0.245617	-0.792981	33.506538	52.491322	922.454590	
0.813580	-0.345854	-0.467411	-0.167193	-0.909066	0.381634	-0.556899	-0.232342	-0.797421	15.236434	55.250359	914.323608	
0.782347	-0.456694	-0.423514	-0.241339	-0.849125	0.469830	-0.574187	-0.265360	-0.774528	6.052254	55.876465	900.797607	
0.731292	-0.566177	-0.380338	-0.339266	-0.785697	0.517280	-0.591704	-0.249247	-0.766657	-13.063224	55.883228	890.687927	
0.658686	-0.661264	-0.358976	-0.386653	-0.706761	0.592442	-0.645472	-0.251434	-0.721212	-33.314201	55.579247	886.063904	
0.564872	-0.748792	-0.346742	-0.410091	-0.619376	0.669475	-0.716063	-0.235973	-0.656940	-53.284836	54.873283	881.499512	
0.459485	-0.830214	-0.315623	-0.409659	-0.513397	0.754057	-0.788070	-0.217181	-0.576002	-71.022331	50.832996	870.494995	
0.411841	-0.866924	-0.280766	-0.409733	-0.451375	0.792702	-0.813946	-0.211429	-0.541102	-80.539566	45.836746	867.261230	
0.352958	-0.902455	-0.246972	-0.361814	-0.375073	0.853468	-0.862852	-0.211881	-0.458906	-89.793694	40.282368	853.311523	
0.239332	-0.947444	-0.212295	-0.361528	-0.289885	0.886150	-0.901121	-0.135334	-0.411906	-106.972557	36.078373	834.738037	
0.109889	-0.974597	-0.195151	-0.287570	-0.219117	0.932357	-0.951436	-0.046337	-0.304343	-120.532372	31.591761	812.125732	
-0.023570	-0.983086	-0.181617	-0.215530	-0.172399	0.961157	-0.976214	0.061798	-0.207821	-134.912643	26.509338	803.116028	
-0.090361	-0.981775	-0.167186	-0.113260	-0.156652	0.981137	-0.989449	0.107591	-0.097040	-146.845703	21.327740	783.583191	
-0.231688	-0.962692	-0.139798	-0.026206	-0.137479	0.990157	-0.972438	0.233071	0.006624	-152.498230	15.350295	774.349365	
-0.285927	-0.949694	-0.127772	0.078100	-0.155990	0.984665	-0.955064	0.271563	0.118772	-161.014481	8.531952	767.536987	
-0.348536	-0.930208	-0.115038	0.127416	-0.168616	0.977411	-0.928595	0.326005	0.177292	-165.002274	1.050115	757.151550	
-0.471354	-0.876258	-0.099981	0.209580	-0.221404	0.952394	-0.856682	0.427960	0.288006	-170.568771	-13.386518	743.869385	
-0.528989	-0.843551	-0.092688	0.293044	-0.284076	0.912920	-0.796428	0.455763	0.397471	-172.191879	-26.847754	731.964539	
-0.638103	-0.766452	-0.073310	0.308904	-0.342057	0.887453	-0.705269	0.543641	0.455027	-172.498520	-35.074593	728.075562	
-0.690583	-0.720655	-0.061252	0.332284	-0.391355	0.858153	-0.642405	0.572272	0.509725	-170.630356	-42.343529	722.269348	
-0.781965	-0.621715	-0.044746	0.349625	-0.496906	0.794257	-0.516038	0.605437	0.605930	-169.039459	-49.348209	715.110107	
-0.859616	-0.509772	-0.034562	0.309542	-0.573400	0.758547	-0.406505	0.641360	0.650700	-163.691483	-65.329407	706.366882	
-0.921129	-0.388242	-0.028116	0.251217	-0.648090	0.718935	-0.297343	0.655168	0.694507	-160.600311	-73.662384	691.217529	
-0.965704	-0.258842	-0.020418	0.187105	-0.748264	0.636467	-0.180023	0.610819	0.771032	-155.830750	-89.215767	684.977112	
-0.981452	-0.191432	-0.010320	0.155598	-0.826867	0.540443	-0.111992	0.528813	0.841316	-144.014297	-97.317902	674.484985	
-0.989478	-0.144117	-0.012804	0.120319	-0.868766	0.480382	-0.080356	0.473788	0.876965	-128.326431	-110.318031	656.679810	
-0.999952	0.009793	-0.001087	-0.009560	-0.937544	0.347733	0.002385	0.347727	0.937592	-115.938736	-119.343842	657.196289	
-0.988595	0.150572	0.002975	-0.146385	-0.965370	0.215939	0.035386	0.213041	0.976402	-108.127098	-126.942390	655.975220	
-0.972901	0.227906	0.039027	-0.218193	-0.960761	0.171255	0.076525	0.158100	0.984453	-90.601616	-133.322021	640.884033	
-0.955133	0.292157	0.048638	-0.285796	-0.952237	0.107537	0.077732	0.088812	0.993010	-81.518250	-138.529388	626.892822	
-0.905950	0.419229	0.059185	-0.415543	-0.907218	0.065414	0.081117	0.034669	0.996101	-72.364151	-144.438232	619.547546	
-0.870567	0.483171	0.093054	-0.488862	-0.870811	-0.051972	0.055921	-0.090735	0.994303	-62.902382	-155.605576	607.807678	
-0.832814	0.540339	0.120232	-0.552724	-0.823608	-0.127147	0.030321	-0.172344	0.984569	-53.176575	-159.103226	595.850098	
-0.758209	0.642778	0.109345	-0.651775	-0.742672	-0.153711	-0.017595	-0.187813	0.982046	-33.844067	-167.699249	588.541687	
-0.649883	0.745383	0.148513	-0.760027	-0.638259	-0.122412	0.003546	-0.192427	0.981304	-24.889158	-169.726227	582.255737	
-0.506902	0.845407	0.168333	-0.854929	-0.518031	0.027225	0.110218	-0.130112	0.985353	-7.513453	-176.662247	576.542847	
-0.382628	0.917568	0.107998	-0.913145	-0.393366	0.106911	0.140581	-0.057710	0.988385	11.494807	-187.550186	586.654785	
-0.255118	0.965935	0.043395	-0.955473	-0.258728	0.141892	0.148286	-0.005263	0.988929	21.596901	-195.496414	588.832214	
-0.092161	0.992798	0.076531	-0.962965	-0.108422	0.246870	0.253390	-0.050944	0.966021	29.872343	-199.466354	592.928650	
0.100470	0.984525	0.143580	-0.932588	0.042904	0.358385	0.346679	-0.169907	0.922466	42.541428	-200.827927	586.444092	
0.285465	0.952607	0.105114	-0.814250	0.183221	0.550842	0.505478	-0.242835	0.827962	55.334026	-206.636246	604.426575	
0.167789	0.985808	-0.005454	-0.406873	0.064210	-0.911225	-0.897943	0.155113	0.411872	64.383202	-195.147995	566.783020	
0.167789	0.985808	-0.005454	-0.406873	0.064210	-0.911225	-0.897943	0.155113	0.411872	64.383202	-195.147995	566.783020	
0.167789	0.985808	-0.005454	-0.406873	0.064210	-0.911225	-0.897943	0.155113	0.411872	64.383202	-195.147995	566.783020	
0.167789	0.985808	-0.005454	-0.406873	0.064210	-0.911225	-0.897943	0.155113	0.411872	64.383202	-195.147995	566.783020	
0.167789	0.985808	-0.005454	-0.406873	0.064210	-0.911225	-0.897943	0.155113	0.411872	64.383202	-195.147995	566.783020	
0.167789	0.985808	-0.005454	-0.406873	0.064210	-0.911225	-0.897943	0.155113	0.411872	64.383202	-195.147995	566.783020	
0.167789	0.985808	-0.005454	-0.406873	0.064210	-0.911225	-0.897943	0.155113	0.411872	64.383202	-195.147995	566.783020	
0.167789	0.985808	-0.005454	-0.406873	0.064210	-0.911225	-0.897943	0.155113	0.411872	64.383202	-195.147995	566.783020	
0.167789	0.985808	-0.005454	-0.406873	0.064210	-0.911225	-0.897943	0.155113	0.411872	64.383202	-195.147995	566.783020	
0.167789	0.985808	-0.005454	-0.406873	0.064210	-0.911225	-0.897943	0.155113	0.411872	64.383202	-195.147995	566.783020	
0.167789	0.985808	-0.005454	-0.406873	0.064210	-0.911225	-0.897943	0.155113	0.411872	64.383202	-195.147995	566.783020	
0.868146	0.468385	-0.164128	0.201772	-0.635219	-0.745509	-0.453443	0.614095	-0.645970	55.548176	-137.551590	570.144287	
0.922482	0.344963	-0.173283	0.151013	-0.735569	-0.660404	-0.355277	0.583043	-0.730643	42.317123	-130.170593	570.135132	
0.941623	0.277559	-0.190545	0.111164	-0.790553	-0.602219	-0.317788	0.545882	-0.775257	28.388449	-124.321480	578.572693	
0.954696	0.212240	-0.208589	0.084200	-0.864962	-0.494722	-0.285422	0.454746	-0.843647	20.201286	-117.502480	586.947083	
0.967667	0.078020	-0.239861	-0.034745	-0.900662	-0.433130	-0.249827	0.427460	-0.868829	2.585069	-110.746254	596.833435	
0.961266	0.011607	-0.275377	-0.093371	-0.926324	-0.364973	-0.259325	0.376548	-0.889360	-15.661477	-96.793060	605.264893	
0.946381	-0.119097	-0.300297	-0.197157	-0.949305	-0.244844	-0.255914	0.290922	-0.921885	-34.919289	-89.378571	612.444519	
0.909982	-0.253014	-0.328507	-0.302646	-0.946839	-0.109096	-0.283441	0.198697	-0.938179	-44.955311	-74.419014	622.043213	
0.852945	-0.373599	-0.364565	-0.390923	-0.919992	0.028177	-0.345924	0.118483	-0.930751	-55.117416	-67.037369	632.269348	
0.810818	-0.424162	-0.403311	-0.396692	-0.904911	0.154182	-0.430360	0.034976	-0.901980	-75.050056	-52.772556	644.319519	
0.733682	-0.524013	-0.432573	-0.481433	-0.850136	0.213290	-0.479514	0.051767	-0.876006	-94.959419	-45.426720	649.101807	
0.640937	-0.608766	-0.467551	-0.554437	-0.788407	0.266486	-0.530848	0.088427	-0.842841	-114.004860	-38.988689	662.869812	
0.584192	-0.637672	-0.502089	-0.517821	-0.769203	0.374419	-0.624965	0.041259	-0.779562	-133.100403	-32.877056	679.336365	
0.524516	-0.654973	-0.543960	-0.462117	-0.755612	0.464219	-0.715074	0.007884	-0.699004	-141.768356	-20.188190	683.498230	
0.416213	-0.698067	-0.582640	-0.499561	-0.710963	0.494946	-0.759741	0.085061	-0.644638	-150.062592	-7.351562	688.844604	
0.308138	-0.736975	-0.601596	-0.533929	-0.657352	0.531797	-0.787382	0.157343	-0.596047	-157.045059	-2.170902	698.804932	
0.196060	-0.760882	-0.618562	-0.502075	-0.619742	0.603192	-0.842307	0.192302	-0.503527	-170.275711	2.539467	706.108704	
0.134240	-0.742888	-0.655817	-0.421785	-0.641701	0.640560	-0.896703	0.190625	-0.399482	-181.154861	7.613902	716.741394	
0.015141	-0.719326	-0.694506	-0.452579	-0.624292	0.636735	-0.891596	0.304678	-0.335004	-185.318024	16.885071	723.285828	
-0.083568	-0.682521	-0.726072	-0.428075	-0.633379	0.644657	-0.899871	0.364686	-0.239241	-188.827042	21.458191	724.973572	
-0.118413	-0.633699	-0.764463	-0.409197	-0.670327	0.619047	-0.904730	0.386119	-0.179933	-192.543289	28.498974	744.367249	
-0.147236	-0.606650	-0.781215	-0.390910	-0.689832	0.609361	-0.908577	0.395104	-0.135578	-193.588867	35.259258	747.829956	
-0.183131	-0.597954	-0.780329	-0.375368	-0.691083	0.617659	-0.908605	0.406022	-0.097895	-196.546310	38.118671	771.091614	
-0.282704	-0.574467	-0.768157	-0.417634	-0.647218	0.637723	-0.863516	0.501095	-0.056947	-197.994476	38.080006	788.316772	
-0.308493	-0.580556	-0.753516	-0.505038	-0.571317	0.646942	-0.806083	0.580131	-0.116956	-194.288208	39.137276	804.982361	
-0.320197	-0.577933	-0.750644	-0.585010	-0.502611	0.636510	-0.745143	0.642943	-0.177163	-188.916016	39.599957	809.078491	
-0.402222	-0.456151	-0.793815	-0.555673	-0.567457	0.607633	-0.727630	0.685506	-0.025228	-182.540283	39.621288	822.032532	
-0.366264	-0.392478	-0.843689	-0.510811	-0.673056	0.534853	-0.777768	0.626863	0.046033	-175.355988	41.025829	833.636414	
-0.281944	-0.284326	-0.916332	-0.323769	-0.870859	0.369836	-0.903150	0.400953	0.153477	-166.457275	40.511436	844.416382	
-0.275809	-0.242365	-0.930154	-0.257008	-0.913863	0.314328	-0.926216	0.325751	0.189761	-159.300003	38.267883	855.771667	
-0.277445	-0.186153	-0.942534	-0.264433	-0.928361	0.261192	-0.923634	0.321703	0.208343	-144.543945	36.240231	870.774170	
-0.240659	-0.113433	-0.963958	-0.334253	-0.922714	0.192028	-0.911240	0.368419	0.184143	-136.448120	31.424343	886.169983	
-0.217714	-0.087430	-0.972088	-0.277501	-0.949330	0.147534	-0.935731	0.301875	0.182419	-119.216446	24.724054	898.536072	
-0.186328	-0.060207	-0.980640	-0.216475	-0.971076	0.100752	-0.958342	0.231057	0.167904	-101.157143	17.932318	910.300659	
-0.157559	-0.041015	-0.986656	-0.221368	-0.972243	0.075766	-0.962378	0.230351	0.144106	-82.075180	14.421805	917.194092	
-0.095687	-0.010068	-0.995359	-0.224199	-0.974038	0.031406	-0.969834	0.226164	0.090945	-62.402977	4.922726	931.975037	
-0.026950	0.003374	-0.999630	-0.216795	-0.976214	0.002550	-0.975845	0.216783	0.027039	-41.854031	0.024149	930.833862	
0.045851	-0.003956	-0.998939	-0.241467	-0.970382	-0.007240	-0.969325	0.241543	-0.045449	-31.730331	-4.545171	942.265015	
0.083376	-0.011576	-0.996450	-0.223755	-0.974617	-0.007400	-0.971072	0.223577	-0.083851	-21.117401	-15.936657	953.368225	
0.150662	-0.044792	-0.987569	-0.286057	-0.958213	-0.000180	-0.946294	0.282528	-0.157180	-1.194597	-21.709827	967.080872	
0.205997	-0.099366	-0.973493	-0.343831	-0.938749	0.023063	-0.916158	0.329966	-0.227545	18.643360	-28.809151	978.627014	
0.256572	-0.169666	-0.951515	-0.406538	-0.912095	0.053016	-0.876868	0.373224	-0.302994	27.094692	-35.765259	982.463379	
0.266546	-0.210358	-0.940585	-0.346175	-0.931668	0.110263	-0.899509	0.296217	-0.321153	35.380039	-48.291779	980.306396	
0.321691	-0.274911	-0.906055	-0.301072	-0.936957	0.177393	-0.897703	0.215722	-0.384179	51.425663	-63.026764	994.529724	
0.340210	-0.318571	-0.884741	-0.258890	-0.936238	0.237562	-0.904009	0.148229	-0.400993	64.635551	-69.842484	1007.096008	
0.311414	-0.390534	-0.866315	-0.324643	-0.900522	0.289255	-0.893100	0.191164	-0.407219	77.697746	-84.287331	1006.251648	
0.284048	-0.483507	-0.827970	-0.395354	-0.845776	0.358272	-0.873505	0.225575	-0.431398	87.582245	-91.694931	1011.368530	
0.231413	-0.552256	-0.800911	-0.396892	-0.805226	0.440553	-0.888214	0.215926	-0.405526	93.096336	-106.167244	1015.197266	
0.159544	-0.610316	-0.775923	-0.442546	-0.746808	0.496418	-0.882439	0.264182	-0.389242	96.190582	-113.290222	1015.976074	
0.129063	-0.686581	-0.715505	-0.435134	-0.687576	0.581289	-0.891067	0.236317	-0.387496	99.152016	-120.139549	1017.111572	
0.085554	-0.722157	-0.686416	-0.421677	-0.650444	0.631753	-0.902701	0.235397	-0.360165	100.604530	-134.282364	1021.372375	
-0.011057	-0.760404	-0.649355	-0.436950	-0.580440	0.687141	-0.899417	0.291333	-0.325842	101.026901	-147.611252	1024.044067	
-0.129847	-0.779570	-0.612707	-0.443360	-0.507075	0.739125	-0.886888	0.367623	-0.279789	99.233574	-152.351807	1014.896484	
-0.182747	-0.795384	-0.577899	-0.357330	-0.493868	0.792723	-0.915925	0.351368	-0.193962	98.324142	-165.281998	1022.172424	
-0.244082	-0.802979	-0.543735	-0.318787	-0.463096	0.826992	-0.915859	0.375189	-0.142947	91.603462	-177.385376	1026.887085	
-0.372135	-0.802562	-0.466272	-0.294603	-0.374247	0.879288	-0.880184	0.464579	-0.097167	86.752411	-183.115906	1030.184570	
-0.527463	-0.734586	-0.426809	-0.211025	-0.373352	0.903369	-0.822953	0.566561	0.041912	78.216156	-188.075180	1023.688477	
-0.668356	-0.644219	-0.371864	-0.164705	-0.359344	0.918555	-0.725378	0.675169	0.134063	64.922234	-193.034607	1022.851135	
-0.729383	-0.623704	-0.281058	-0.041423	-0.369822	0.928178	-0.682850	0.688640	0.243905	55.929256	-195.576187	1018.878357	
-0.760518	-0.624283	-0.178559	0.008632	-0.284691	0.958579	-0.649259	0.727476	0.221900	47.700546	-203.152328	1016.044189	
-0.775026	-0.625378	-0.090761	0.105483	-0.269637	0.957166	-0.623063	0.732256	0.274941	38.622768	-212.448837	1040.918335	
-0.771939	-0.623983	-0.121475	0.042226	-0.240998	0.969606	-0.634293	0.743347	0.212383	29.412399	-217.097275	1063.477417	
-0.945336	-0.318582	0.069609	0.248306	-0.564861	0.786941	-0.211386	0.761208	0.613089	12.010900	-214.263000	1011.390015	
-0.945336	-0.318582	0.069609	0.248306	-0.564861	0.786941	-0.211386	0.761208	0.613089	12.010900	-214.263000	1011.390015	
-0.945336	-0.318582	0.069609	0.248306	-0.564861	0.786941	-0.211386	0.761208	0.613089	12.010900	-214.263000	1011.390015	
-0.945336	-0.318582	0.069609	0.248306	-0.564861	0.786941	-0.211386	0.761208	0.613089	12.010900	-214.263000	1011.390015	
-0.945229	-0.075294	0.317603	0.254884	-0.778100	0.574103	0.203900	0.623611	0.754674	-47.858017	-214.849503	993.027588	
-0.912239	0.038286	0.407865	0.165128	-0.876792	0.451630	0.374903	0.479345	0.793521	-58.369202	-216.157501	996.934814	
-0.861057	0.134790	0.490318	0.083364	-0.913767	0.397594	0.501628	0.383226	0.775568	-67.155930	-209.279541	974.766846	
-0.867259	0.194579	0.458257	-0.036572	-0.942874	0.331136	0.496511	0.270421	0.824832	-75.651535	-205.590958	953.232300	
-0.856407	0.254374	0.449289	-0.120760	-0.944759	0.304709	0.501979	0.206699	0.839816	-91.812218	-203.385468	957.218201	
-0.815382	0.318857	0.483201	-0.207240	-0.940106	0.270652	0.540559	0.120545	0.832624	-103.285545	-202.983109	969.981628	
-0.660494	0.411433	0.628069	-0.477401	-0.875760	0.071642	0.579513	-0.252522	0.774852	-112.673042	-199.171402	967.808533	
-0.480133	0.440978	0.758294	-0.695610	-0.718055	-0.022865	0.534414	-0.538457	0.651511	-124.140121	-184.657211	937.908142	
-0.387775	0.465891	0.795346	-0.809035	-0.585502	-0.051478	0.441694	-0.663425	0.603965	-130.600082	-173.309830	928.636597	
-0.286387	0.469811	0.835020	-0.918192	-0.383533	-0.099123	0.273689	-0.795097	0.541216	-133.306793	-161.211868	905.504395	
-0.246518	0.438236	0.864394	-0.962196	-0.217235	-0.164274	0.115786	-0.872214	0.475222	-140.728958	-148.363113	896.017029	
-0.180941	0.362517	0.914243	-0.983098	-0.040324	-0.178578	-0.027871	-0.931104	0.363686	-142.763718	-135.014160	891.093994	
-0.119983	0.299472	0.946530	-0.979887	0.117411	-0.161358	-0.159455	-0.946853	0.279361	-144.540497	-120.521263	877.582642	
-0.046813	0.185758	0.981479	-0.928370	0.354573	-0.111387	-0.368697	-0.916391	0.155854	-145.372253	-108.619614	866.568359	
-0.036380	0.125507	0.991425	-0.889728	0.447668	-0.089319	-0.455039	-0.885348	0.095381	-144.133286	-100.983871	864.896851	
-0.001484	0.088875	0.996041	-0.848000	0.527786	-0.048357	-0.529994	-0.844715	0.074583	-140.544373	-92.559608	853.615601	
0.004666	-0.040366	0.999174	-0.733776	0.678692	0.030846	-0.679375	-0.733314	-0.026453	-135.122162	-78.157272	842.684204	
-0.012559	-0.106412	0.994242	-0.534690	0.840938	0.083250	-0.844955	-0.530566	-0.067458	-129.943909	-71.307495	828.141052	
-0.037694	-0.220320	0.974698	-0.369209	0.909446	0.191292	-0.928582	-0.352657	-0.115624	-119.614639	-63.404278	812.026001	
-0.068910	-0.274847	0.959015	-0.258825	0.933310	0.248881	-0.963463	-0.231066	-0.135451	-113.417717	-55.806335	809.153992	
-0.105895	-0.382313	0.917944	-0.158041	0.917873	0.364051	-0.981738	-0.106521	-0.157619	-106.373573	-41.166298	801.844604	
-0.147846	-0.426417	0.892362	-0.050443	0.904355	0.423789	-0.987723	0.017644	-0.155215	-98.527885	-27.147614	790.653748	
-0.190547	-0.468930	0.862436	0.104827	0.863790	0.492826	-0.976065	0.184314	-0.115436	-81.531769	-12.916906	769.893677	
-0.276863	-0.486313	0.828762	0.296839	0.777008	0.555108	-0.913911	0.399698	-0.070768	-73.011070	-6.131478	767.708557	
-0.332804	-0.511835	0.792001	0.371487	0.700800	0.608995	-0.866741	0.496895	-0.043089	-63.525990	1.006518	756.282227	
-0.393373	-0.527889	0.752722	0.476716	0.582951	0.657958	-0.786130	0.617658	0.022336	-52.906799	7.922507	738.459229	
-0.461372	-0.534040	0.708475	0.521665	0.482627	0.703516	-0.717636	0.694171	0.055919	-32.356071	19.266829	716.591125	
-0.528207	-0.579226	0.620883	0.562884	0.308603	0.766762	-0.635735	0.754495	0.163031	-22.924210	28.744444	710.553345	
-0.612089	-0.602321	0.512403	0.559433	0.128152	0.818908	-0.558911	0.787901	0.258518	-13.198673	34.650589	705.964600	
-0.700569	-0.550124	0.454497	0.569404	-0.047076	0.820708	-0.430096	0.833756	0.346222	-2.024237	42.420681	698.262451	
-0.754067	-0.521998	0.398623	0.546462	-0.161935	0.821678	-0.364364	0.837434	0.407362	7.991758	46.562534	684.453369	
-0.830069	-0.441607	0.340541	0.504518	-0.334522	0.795962	-0.237585	0.832514	0.500474	17.901190	50.466492	674.629211	
-0.907241	-0.355341	0.225045	0.390192	-0.511256	0.765746	-0.157047	0.782528	0.602483	36.092190	54.054153	662.162903	
-0.945348	-0.312703	0.092378	0.280832	-0.636892	0.717985	-0.165682	0.704688	0.689901	51.836136	56.171265	650.959900	
-0.977174	-0.210429	0.029154	0.177642	-0.734120	0.655371	-0.116507	0.645591	0.754743	58.536190	57.498215	643.640686	
-0.987332	-0.154894	-0.034408	0.102358	-0.787466	0.607800	-0.121240	0.596578	0.793344	72.584381	59.212955	642.761536	
-0.990300	-0.097138	-0.099343	0.023528	-0.821910	0.569132	-0.136936	0.561275	0.816222	83.681999	59.273808	633.511719	
-0.986150	0.008894	-0.165619	-0.089416	-0.869531	0.485717	-0.139691	0.493798	0.858282	92.706207	57.865326	624.479736	
-0.972421	0.062617	-0.224669	-0.157205	-0.887553	0.433055	-0.172289	0.456431	0.872918	97.328453	57.120934	619.776672	
-0.941105	0.162209	-0.296665	-0.273787	-0.880438	0.387130	-0.198399	0.445553	0.872994	99.827576	53.255032	607.776855	
-0.897905	0.254653	-0.359052	-0.378761	-0.862571	0.335427	-0.224291	0.437176	0.870959	101.229851	50.801579	604.583557	
-0.857694	0.295137	-0.421017	-0.418243	-0.876755	0.237431	-0.299055	0.379731	0.875426	102.343773	44.867977	601.532654	
-0.810281	0.328631	-0.485228	-0.464340	-0.865156	0.189456	-0.357537	0.378824	0.853615	100.688545	37.737057	594.217712	
-0.726263	0.341578	-0.596546	-0.488924	-0.866693	0.098978	-0.483214	0.363550	0.796452	97.027275	28.917320	592.107300	
-0.653491	0.395179	-0.645587	-0.557637	-0.828085	0.057575	-0.511850	0.397629	0.761512	94.109535	19.923899	588.969971	
-0.536940	0.403079	-0.741096	-0.620745	-0.783660	0.023515	-0.571289	0.472658	0.670987	86.196915	14.057293	586.707825	
-0.418624	0.386711	-0.821710	-0.675702	-0.737170	-0.002685	-0.606779	0.554108	0.569898	76.228760	7.687209	582.167114	
-0.366880	0.367487	-0.854606	-0.656203	-0.753400	-0.042260	-0.659390	0.545292	0.517553	65.291138	0.825244	580.851990	
-0.317648	0.340778	-0.884856	-0.632657	-0.771270	-0.069920	-0.706290	0.537600	0.460587	52.127117	-6.452804	578.390015	
-0.239358	0.313082	-0.919068	-0.628127	-0.771747	-0.099309	-0.740381	0.553522	0.381379	36.383091	-20.449574	579.213623	
-0.198726	0.232379	-0.952106	-0.562990	-0.822267	-0.083181	-0.802216	0.519497	0.294232	31.274677	-31.352798	586.407410	
-0.202710	0.164284	-0.965359	-0.405914	-0.911239	-0.069838	-0.891146	0.377697	0.251402	19.173401	-47.729275	612.692383	
0.005032	-0.010122	-0.999936	-0.585285	-0.810811	0.005262	-0.810812	0.585221	-0.010004	-0.820478	-43.891602	572.424011	
0.005032	-0.010122	-0.999936	-0.585285	-0.810811	0.005262	-0.810812	0.585221	-0.010004	-0.820478	-43.891602	572.424011	
0.005032	-0.010122	-0.999936	-0.585285	-0.810811	0.005262	-0.810812	0.585221	-0.010004	-0.820478	-43.891602	572.424011	
0.072299	-0.272926	-0.959314	-0.622523	-0.763827	0.170393	-0.779255	0.584876	-0.225127	-61.090485	-82.129829	570.392883	
0.099157	-0.382954	-0.918430	-0.677411	-0.702061	0.219600	-0.728891	0.600380	-0.329032	-81.924637	-97.450043	579.318481	
0.115069	-0.468615	-0.875876	-0.720653	-0.646236	0.251075	-0.683681	0.602312	-0.412070	-91.125916	-104.884033	590.087891	
0.109240	-0.550047	-0.827958	-0.755550	-0.587200	0.290414	-0.645919	0.593839	-0.479734	-99.900017	-113.643456	595.759399	
0.057102	-0.641374	-0.765100	-0.705875	-0.567888	0.423372	-0.706032	0.515889	-0.485158	-120.810059	-123.152199	603.059875	
-0.010368	-0.671220	-0.741185	-0.730221	-0.501300	0.464194	-0.683133	0.546042	-0.484942	-126.681000	-133.345886	600.387390	
-0.056232	-0.685394	-0.725998	-0.730885	-0.467117	0.497602	-0.680181	0.558602	-0.474678	-140.156509	-143.682968	607.391541	
-0.079875	-0.668913	-0.739037	-0.720717	-0.473423	0.506396	-0.688612	0.573086	-0.444282	-141.582077	-150.241516	595.454285	
-0.070501	-0.719895	-0.690493	-0.651160	-0.491170	0.578569	-0.755659	0.490412	-0.434139	-144.977310	-154.541031	582.737366	
0.007429	-0.714222	-0.699880	-0.683346	-0.514607	0.517898	-0.730058	0.474412	-0.491884	-147.587845	-156.632553	604.100708	
-0.012998	-0.779782	-0.625916	-0.588023	-0.500328	0.635532	-0.808741	0.376313	-0.452027	-152.908615	-162.037720	612.762390	
-0.554467	-0.831569	0.032530	-0.209647	0.177401	0.961549	-0.805366	0.526328	-0.272699	-194.753006	-191.287003	635.432007	
-0.554467	-0.831569	0.032530	-0.209647	0.177401	0.961549	-0.805366	0.526328	-0.272699	-194.753006	-191.287003	635.432007	
-0.554467	-0.831569	0.032530	-0.209647	0.177401	0.961549	-0.805366	0.526328	-0.272699	-194.753006	-191.287003	635.432007	
-0.554467	-0.831569	0.032530	-0.209647	0.177401	0.961549	-0.805366	0.526328	-0.272699	-194.753006	-191.287003	635.432007	
-0.554467	-0.831569	0.032530	-0.209647	0.177401	0.961549	-0.805366	0.526328	-0.272699	-194.753006	-191.287003	635.432007	
-0.554467	-0.831569	0.032530	-0.209647	0.177401	0.961549	-0.805366	0.526328	-0.272699	-194.753006	-191.287003	635.432007	
-0.591045	-0.358490	0.722600	0.633640	0.348013	0.690933	-0.499166	0.866240	0.021463	-198.929321	-210.840240	687.595398	
-0.521791	-0.262786	0.811589	0.762538	0.282845	0.581838	-0.382453	0.922465	0.052799	-191.237915	-210.438751	694.197449	
-0.427614	-0.173689	0.887117	0.860179	0.223532	0.458395	-0.277917	0.959096	0.053819	-185.855637	-209.026184	707.395508	
-0.375069	-0.129508	0.917905	0.903735	0.169351	0.393173	-0.206366	0.977010	0.053523	-180.585556	-206.690292	718.445862	
-0.246798	-0.076496	0.966043	0.963268	0.089534	0.253179	-0.105860	0.993042	0.051590	-167.695770	-204.250275	732.313904	
-0.128926	-0.035306	0.991025	0.991262	0.023516	0.129795	-0.027887	0.999100	0.031966	-150.928726	-199.581573	747.041382	
-0.001317	-0.009529	0.999954	0.999528	-0.030723	0.001024	0.030712	0.999482	0.009566	-133.592484	-197.564148	760.106201	
0.127163	0.011232	0.991818	0.980148	-0.154779	-0.123913	0.152122	0.987885	-0.030691	-116.054596	-194.000992	774.673584	
0.194087	-0.003787	0.980977	0.946684	-0.261397	-0.188311	0.257138	0.965224	-0.047148	-105.810425	-186.812180	789.064819	
0.329243	-0.003388	0.944239	0.890346	-0.331909	-0.311641	0.314458	0.943305	-0.106262	-95.661682	-178.219910	808.342468	
0.450621	-0.036258	0.891979	0.803001	-0.420090	-0.422745	0.390040	0.906757	-0.160186	-75.980820	-167.976990	829.222717	
0.575316	-0.059306	0.815779	0.705627	-0.468404	-0.531684	0.413647	0.881521	-0.227632	-65.310143	-161.737640	846.663147	
0.675772	-0.118607	0.727506	0.579152	-0.525104	-0.623577	0.455978	0.842732	-0.286158	-45.482285	-150.622803	854.607544	
0.718142	-0.158881	0.677518	0.490544	-0.574988	-0.654794	0.493600	0.802586	-0.334984	-24.552563	-144.429306	869.222839	
0.789372	-0.237836	0.565975	0.338577	-0.600376	-0.724509	0.512112	0.763533	-0.393393	-5.742479	-131.566544	882.016113	
0.850484	-0.289477	0.439182	0.192480	-0.605759	-0.772015	0.489520	0.741120	-0.459469	4.031403	-118.060471	890.874146	
0.869767	-0.330250	0.366662	0.088552	-0.626519	-0.774359	0.485454	0.705981	-0.515680	13.542237	-111.194130	900.185547	
0.881581	-0.411791	0.230746	-0.069882	-0.597303	-0.798965	0.466832	0.688228	-0.555347	22.058702	-96.787346	912.140381	
0.882547	-0.458574	0.104026	-0.192416	-0.554045	-0.809945	0.429055	0.694798	-0.577206	29.619755	-81.695404	913.789246	
0.852167	-0.521965	0.036940	-0.281506	-0.516808	-0.808495	0.441097	0.678574	-0.587342	35.856537	-67.189987	927.157349	
0.809861	-0.585860	-0.029918	-0.370807	-0.471729	-0.799984	0.454566	0.658969	-0.599274	41.866844	-52.534996	941.201965	
0.762555	-0.639759	-0.096011	-0.460414	-0.432440	-0.775252	0.454456	0.635377	-0.624312	52.168148	-45.728031	958.547668	
0.722383	-0.654486	-0.223185	-0.554346	-0.355178	-0.752695	0.413358	0.667456	-0.619385	60.560352	-31.912579	964.860046	
0.686013	-0.665390	-0.294351	-0.616282	-0.316343	-0.721197	0.386762	0.676153	-0.627082	63.260796	-17.957890	969.338745	
0.626653	-0.692740	-0.356955	-0.672793	-0.249768	-0.696396	0.393266	0.676555	-0.622587	64.741898	-3.980071	974.957886	
0.588283	-0.691879	-0.418600	-0.715333	-0.203832	-0.668396	0.377125	0.692644	-0.614833	66.447525	9.038511	987.151245	
0.546597	-0.686553	-0.479455	-0.757757	-0.161818	-0.632156	0.356424	0.708845	-0.608688	65.681328	21.300159	995.130310	
0.502058	-0.676943	-0.538224	-0.792567	-0.111096	-0.599581	0.346088	0.727602	-0.592298	63.736595	26.728910	1002.885681	
0.454868	-0.664739	-0.592635	-0.824274	-0.062323	-0.562752	0.337149	0.744471	-0.576274	61.195724	37.796440	1020.244263	
0.385942	-0.610898	-0.691268	-0.866435	0.017260	-0.498993	0.316766	0.791521	-0.522640	53.829659	49.269440	1024.247681	
0.340267	-0.579320	-0.740680	-0.889682	0.056681	-0.453051	0.304444	0.813127	-0.496122	48.451126	59.827858	1028.531372	
0.291079	-0.544123	-0.786894	-0.907437	0.103507	-0.407242	0.303040	0.832596	-0.463627	37.813782	68.830139	1031.189331	
0.236717	-0.516948	-0.822635	-0.909167	0.180715	-0.375180	0.342612	0.836724	-0.427212	24.915287	77.426361	1047.027222	
0.182341	-0.478019	-0.859214	-0.908563	0.252130	-0.333085	0.375855	0.841385	-0.388335	17.005634	84.883034	1048.485107	
0.132359	-0.439332	-0.888520	-0.905581	0.310857	-0.288605	0.402997	0.842826	-0.356704	1.527241	88.309814	1053.744141	
0.078304	-0.332011	-0.940019	-0.904709	0.372419	-0.206900	0.418775	0.866645	-0.271210	-16.318897	92.369553	1063.887939	
0.045276	-0.272389	-0.961121	-0.895189	0.415956	-0.160056	0.443382	0.867632	-0.225005	-34.193375	93.842392	1065.623291	
0.014089	-0.153833	-0.987996	-0.885401	0.457211	-0.083815	0.464618	0.875953	-0.129760	-44.241779	94.819191	1066.909668	
0.009330	-0.085400	-0.996302	-0.864845	0.499452	-0.050911	0.501955	0.862122	-0.069197	-54.285172	95.942169	1065.383179	
-0.002680	0.044622	-0.998999	-0.835446	0.548922	0.026759	0.549568	0.834682	0.035810	-65.307640	96.401810	1070.527588	
-0.042167	0.133860	-0.990102	-0.865530	0.490127	0.103125	0.499081	0.861311	0.095194	-83.703896	100.957863	1083.310181	
-0.013172	0.231880	-0.972654	-0.803168	0.576968	0.148425	0.595609	0.783160	0.178640	-95.321419	94.193611	1067.861938	
0.005449	0.353375	-0.935465	-0.774802	0.592895	0.219454	0.632183	0.723604	0.277027	-105.582687	91.646637	1070.459473	
0.018764	0.412651	-0.910695	-0.757966	0.599877	0.256196	0.652026	0.685469	0.324032	-115.106964	87.522072	1069.054321	
0.048119	0.469782	-0.881469	-0.731919	0.617102	0.288931	0.679693	0.631261	0.373537	-124.814606	82.710251	1071.511475	
0.081477	0.525341	-0.846981	-0.698516	0.636277	0.327456	0.710943	0.564950	0.418801	-133.446213	76.366936	1069.562012	
0.116709	0.571971	-0.811927	-0.667135	0.650765	0.362542	0.735740	0.499353	0.457533	-141.503296	68.621719	1068.853271	
0.148398	0.609671	-0.778639	-0.631313	0.664449	0.399940	0.761199	0.432215	0.483496	-148.282074	64.376801	1061.468872	
0.184292	0.645503	-0.741189	-0.596381	0.672861	0.437708	0.781261	0.361366	0.508968	-154.551270	54.684166	1060.225220	
0.205412	0.680253	-0.703605	-0.577587	0.664644	0.473963	0.790064	0.309036	0.529432	-164.748199	43.063072	1052.850830	
0.228285	0.716003	-0.659715	-0.555476	0.652285	0.515724	0.799585	0.248724	0.546629	-172.728836	30.255630	1038.204834	
0.270058	0.773310	-0.573637	-0.558089	0.611206	0.561216	0.784607	0.168580	0.596636	-177.088028	25.272686	1044.583984	
0.325047	0.831897	-0.449767	-0.579518	0.551052	0.600416	0.747333	0.065486	0.661217	-182.044373	19.543083	1045.097046	
0.379794	0.871311	-0.310763	-0.589202	0.486823	0.644859	0.713163	-0.061810	0.698270	-184.199738	12.981491	1036.494629	
0.423438	0.890216	-0.167978	-0.607713	0.416637	0.676090	0.671855	-0.184199	0.717415	-182.062531	6.247639	1028.435669	
0.473482	0.880043	-0.036607	-0.611500	0.358344	0.705447	0.633945	-0.311631	0.707815	-178.356720	0.210543	1012.252075	
0.507986	0.857826	0.078015	-0.631429	0.309246	0.711100	0.585876	-0.410489	0.698748	-173.817230	-13.129004	1000.549927	
0.518808	0.843569	0.138680	-0.644516	0.279382	0.711718	0.561640	-0.458626	0.688638	-171.956757	-20.765944	997.911255	
0.523494	0.814167	0.251176	-0.667847	0.209032	0.714342	0.529092	-0.541699	0.653165	-161.807495	-35.436592	981.485291	
0.524425	0.790630	0.316047	-0.692187	0.179712	0.698985	0.495842	-0.585328	0.641508	-153.175171	-42.791733	975.299988	
0.541518	0.758860	0.361790	-0.698829	0.167097	0.695496	0.467332	-0.629452	0.620798	-141.463348	-49.642838	963.223083	
0.542976	0.729670	0.415645	-0.712354	0.138127	0.688093	0.444670	-0.669704	0.594782	-135.056778	-64.132454	960.774658	
