0.995202	-0.044627	0.087074	0.046091	0.998826	-0.014876	-0.086307	0.018818	0.996091	18.351292	4.406042	544.651733	
0.975098	-0.129395	0.180111	0.133790	0.990932	-0.012419	-0.176871	0.036207	0.983568	27.404985	7.491089	540.240295	
0.959078	-0.192573	0.207568	0.201563	0.979208	-0.022865	-0.198850	0.063767	0.977954	35.142254	13.767207	528.313965	
0.913518	-0.230595	0.335128	0.248314	0.968624	-0.010381	-0.322219	0.092700	0.942116	40.298962	14.173816	516.043518	
0.835265	-0.265380	0.481566	0.308864	0.951035	-0.011623	-0.454902	0.158447	0.876333	53.260601	24.480900	552.442017	
0.835265	-0.265380	0.481566	0.308864	0.951035	-0.011623	-0.454902	0.158447	0.876333	53.260601	24.480900	552.442017	
0.835265	-0.265380	0.481566	0.308864	0.951035	-0.011623	-0.454902	0.158447	0.876333	53.260601	24.480900	552.442017	
0.835265	-0.265380	0.481566	0.308864	0.951035	-0.011623	-0.454902	0.158447	0.876333	53.260601	24.480900	552.442017	
0.835265	-0.265380	0.481566	0.308864	0.951035	-0.011623	-0.454902	0.158447	0.876333	53.260601	24.480900	552.442017	
0.435942	-0.324161	0.839567	0.631235	0.775067	-0.028509	-0.641480	0.542392	0.542507	99.609871	31.367397	569.180786	
0.369624	-0.328077	0.869334	0.702821	0.710708	-0.030612	-0.607800	0.622301	0.493275	103.176147	30.076050	577.332764	
0.263614	-0.285249	0.921488	0.777651	0.628070	-0.028045	-0.570760	0.723989	0.387393	106.053780	27.362883	579.743591	
0.202228	-0.266673	0.942331	0.843767	0.535903	-0.029420	-0.497153	0.801058	0.333385	108.338547	25.661110	589.398132	
0.115207	-0.177207	0.977407	0.885114	0.464943	-0.020033	-0.450889	0.867424	0.210414	109.426064	21.149231	599.889954	
0.073050	-0.139728	0.987491	0.924594	0.380677	-0.014532	-0.373884	0.914090	0.157001	109.556419	15.254243	602.669250	
0.041034	-0.081565	0.995823	0.943490	0.331194	-0.011751	-0.328852	0.940030	0.090546	107.293823	8.519114	607.532898	
0.011889	-0.032686	0.999395	0.958974	0.283488	-0.002137	-0.283246	0.958418	0.034716	103.287064	5.025493	616.210083	
-0.014968	0.032273	0.999367	0.982891	0.183980	0.008779	-0.183579	0.982400	-0.034474	99.405586	-3.614240	622.785339	
-0.034102	0.084501	0.995840	0.997658	0.061989	0.028904	-0.059288	0.994493	-0.086417	95.109947	-13.657015	627.579041	
-0.039011	0.170137	0.984648	0.998955	-0.016835	0.042486	0.023806	0.985276	-0.169302	85.966141	-25.168726	636.103394	
-0.029491	0.271493	0.961989	0.990525	-0.121205	0.064572	0.134129	0.954777	-0.265346	80.262482	-31.568808	648.701782	
-0.002060	0.291729	0.956499	0.966659	-0.244339	0.076604	0.256058	0.924766	-0.281499	74.342964	-37.614323	666.997864	
0.024400	0.330817	0.943380	0.939556	-0.329968	0.091409	0.341526	0.884127	-0.318872	67.644768	-50.051632	683.773621	
0.063908	0.472216	0.879163	0.925367	-0.357883	0.124959	0.373646	0.805562	-0.459845	59.188774	-56.380238	682.815063	
0.098525	0.568504	0.816760	0.902641	-0.396601	0.167169	0.418965	0.720770	-0.552230	51.580322	-69.400749	700.181641	
0.171730	0.646114	0.743671	0.855330	-0.472335	0.212858	0.488793	0.599530	-0.633755	32.904938	-83.941376	716.167603	
0.229535	0.708290	0.667562	0.817817	-0.512232	0.262285	0.527721	0.485740	-0.696827	14.175791	-97.107239	724.645996	
0.261579	0.780482	0.567824	0.790662	-0.510687	0.337714	0.553561	0.360617	-0.750683	5.302114	-103.322792	731.757996	
0.345457	0.766945	0.540792	0.756106	-0.568804	0.323673	0.555845	0.297081	-0.776389	-3.734739	-111.588219	748.574280	
0.454018	0.774715	0.440097	0.679960	-0.620460	0.390745	0.575779	0.121843	-0.808476	-13.234346	-125.735046	751.179321	
0.537410	0.793396	0.285855	0.666608	-0.607271	0.432266	0.516550	-0.041752	-0.855239	-19.735592	-136.408051	744.222229	
0.658170	0.732300	0.174782	0.624279	-0.660607	0.416980	0.420817	-0.165332	-0.891953	-27.851528	-141.781448	768.135132	
0.704137	0.697634	0.132276	0.607505	-0.688330	0.396406	0.367596	-0.198766	-0.908497	-39.306007	-156.354050	791.827026	
0.776508	0.619871	0.113115	0.531139	-0.740494	0.411774	0.339008	-0.259666	-0.904239	-50.038792	-167.850937	789.756836	
0.793475	0.605589	0.060491	0.524213	-0.730561	0.437583	0.309189	-0.315501	-0.897142	-59.470020	-173.828262	809.959656	
0.803956	0.591976	0.056751	0.512514	-0.738105	0.438781	0.301637	-0.323675	-0.896801	-75.166473	-185.094864	821.598022	
0.828551	0.559799	0.011357	0.499918	-0.748751	0.435261	0.252162	-0.354958	-0.900233	-90.519577	-195.679733	832.591064	
0.841167	0.540558	-0.015334	0.490249	-0.750299	0.443515	0.228241	-0.380588	-0.896136	-103.157555	-206.194138	848.946228	
0.842165	0.539105	-0.011205	0.488696	-0.754307	0.438401	0.227892	-0.374682	-0.898710	-113.899124	-211.391617	864.313843	
0.834106	0.550300	-0.037931	0.513275	-0.749122	0.418763	0.202031	-0.368762	-0.907303	-124.814011	-215.775604	882.625366	
0.856576	0.514869	-0.034473	0.478272	-0.767060	0.427635	0.193733	-0.382790	-0.903294	-130.190964	-224.940002	905.635376	
0.847623	0.530528	-0.008661	0.487541	-0.772295	0.407261	0.209375	-0.349426	-0.913271	-133.920074	-226.882523	905.017761	
0.868090	0.493373	-0.054813	0.474222	-0.791580	0.385373	0.146744	-0.360532	-0.921132	-133.741547	-228.176865	918.079529	
0.830655	0.529230	-0.173002	0.552933	-0.747576	0.367958	0.065403	-0.401305	-0.913607	-133.199585	-233.130096	938.071655	
0.759534	0.612253	-0.219670	0.650391	-0.709643	0.270919	0.009984	-0.348644	-0.937203	-133.620605	-234.100189	941.961548	
0.694770	0.676332	-0.244687	0.717397	-0.627371	0.302894	0.051347	-0.385980	-0.921078	-134.124969	-235.512451	946.351135	
0.646936	0.723511	-0.240844	0.761834	-0.599616	0.245087	0.032910	-0.342039	-0.939110	-133.785202	-231.964996	943.687073	
0.621064	0.735800	-0.269960	0.783707	-0.579010	0.224830	0.009121	-0.351204	-0.936255	-125.112137	-225.475800	934.228088	
0.522662	-0.202933	-0.828035	0.681231	-0.484557	0.548752	-0.512590	-0.850895	-0.115015	-93.022003	-252.479004	968.301025	
0.522662	-0.202933	-0.828035	0.681231	-0.484557	0.548752	-0.512590	-0.850895	-0.115015	-93.022003	-252.479004	968.301025	
0.522662	-0.202933	-0.828035	0.681231	-0.484557	0.548752	-0.512590	-0.850895	-0.115015	-93.022003	-252.479004	968.301025	
0.522662	-0.202933	-0.828035	0.681231	-0.484557	0.548752	-0.512590	-0.850895	-0.115015	-93.022003	-252.479004	968.301025	
0.270760	-0.242495	-0.931604	0.698351	-0.616602	0.363468	-0.662567	-0.748999	0.002395	-48.517815	-229.840881	976.501648	
0.190449	-0.219916	-0.956748	0.731514	-0.618155	0.287701	-0.654688	-0.754667	0.043145	-38.836147	-221.621445	977.815796	
0.176142	-0.200920	-0.963642	0.717603	-0.643893	0.265420	-0.673810	-0.738264	0.030764	-29.360085	-212.266205	974.577820	
0.100618	-0.151232	-0.983364	0.708113	-0.683411	0.177556	-0.698894	-0.714198	0.038325	-20.555580	-205.866821	986.821411	
0.058011	-0.127810	-0.990101	0.748093	-0.651155	0.127887	-0.661054	-0.748106	0.057840	-10.611139	-196.797653	997.926025	
0.016502	-0.067448	-0.997587	0.746705	-0.662695	0.057157	-0.664950	-0.745846	0.039428	7.748098	-186.468124	1005.417053	
-0.015853	-0.026691	-0.999518	0.685004	-0.728489	0.008589	-0.728367	-0.684538	0.029833	17.289616	-174.718292	1009.624390	
-0.029967	0.059149	-0.997799	0.650759	-0.756549	-0.064393	-0.758693	-0.651256	-0.015820	26.581491	-162.874100	1015.990540	
-0.068435	0.116910	-0.990782	0.620942	-0.772315	-0.134021	-0.780864	-0.624389	-0.019741	43.877533	-149.055069	1015.788879	
-0.065467	0.182472	-0.981029	0.569165	-0.800697	-0.186913	-0.819613	-0.570603	-0.051438	52.145775	-133.978683	1008.386963	
-0.052741	0.239111	-0.969559	0.558299	-0.797937	-0.227156	-0.827962	-0.553283	-0.091411	68.591148	-120.079430	1005.062256	
-0.004481	0.278627	-0.960389	0.577498	-0.783337	-0.229955	-0.816380	-0.555653	-0.157396	76.753471	-113.534943	1017.536560	
0.079339	0.323350	-0.942948	0.533833	-0.812640	-0.233750	-0.841860	-0.484830	-0.237089	91.034523	-105.752594	1023.584717	
0.130124	0.389084	-0.911966	0.593984	-0.767055	-0.242507	-0.793884	-0.510137	-0.330921	102.655472	-97.970177	1017.327209	
0.198331	0.394284	-0.897332	0.517737	-0.819512	-0.245658	-0.832234	-0.415860	-0.366670	112.245201	-81.781136	1012.758850	
0.244682	0.396110	-0.885001	0.431195	-0.861975	-0.266590	-0.868448	-0.316378	-0.381710	115.675301	-66.316330	1005.513855	
0.318402	0.416578	-0.851518	0.389997	-0.876292	-0.282870	-0.864016	-0.242022	-0.441477	118.003426	-50.969875	992.890076	
0.382519	0.406715	-0.829616	0.344998	-0.895833	-0.280106	-0.857121	-0.179070	-0.482988	121.291779	-43.207584	983.522766	
0.445700	0.359252	-0.819933	0.330195	-0.917329	-0.222439	-0.832060	-0.171596	-0.527476	123.287178	-29.359585	975.142822	
0.518555	0.330956	-0.788396	0.326615	-0.928802	-0.175070	-0.790204	-0.166718	-0.589731	125.502998	-15.991500	998.991028	
0.518555	0.330956	-0.788396	0.326615	-0.928802	-0.175070	-0.790204	-0.166718	-0.589731	125.502998	-15.991500	998.991028	
0.518555	0.330956	-0.788396	0.326615	-0.928802	-0.175070	-0.790204	-0.166718	-0.589731	125.502998	-15.991500	998.991028	
0.518555	0.330956	-0.788396	0.326615	-0.928802	-0.175070	-0.790204	-0.166718	-0.589731	125.502998	-15.991500	998.991028	
0.518555	0.330956	-0.788396	0.326615	-0.928802	-0.175070	-0.790204	-0.166718	-0.589731	125.502998	-15.991500	998.991028	
0.747918	0.090192	-0.657636	0.086812	-0.995508	-0.037800	-0.658091	-0.028819	-0.752387	93.843391	25.291479	952.985901	
0.796384	0.006596	-0.604756	0.024476	-0.999473	0.021330	-0.604296	-0.031789	-0.796125	87.585220	30.311985	942.399353	
0.837569	-0.048409	-0.544183	-0.023058	-0.998312	0.053319	-0.545845	-0.032111	-0.837270	73.610039	37.292206	926.792603	
0.831383	-0.111535	-0.544393	-0.029348	-0.987096	0.157417	-0.554926	-0.114897	-0.823927	66.911423	44.952686	936.240051	
0.839379	-0.169503	-0.516442	-0.044781	-0.968468	0.245080	-0.541700	-0.182589	-0.820502	50.893166	47.422306	927.896362	
0.838336	-0.222680	-0.497602	-0.049759	-0.940217	0.336921	-0.542879	-0.257693	-0.799298	32.638264	51.874615	915.733948	
0.826665	-0.340088	-0.448293	-0.166287	-0.908755	0.382770	-0.537564	-0.241877	-0.807788	14.908754	54.259869	907.620239	
0.786140	-0.449254	-0.424448	-0.257348	-0.862327	0.436078	-0.561923	-0.233588	-0.793524	5.055867	54.033756	879.064697	
0.727994	-0.567311	-0.384946	-0.336105	-0.784709	0.520831	-0.597543	-0.249780	-0.761940	-13.436400	55.756599	889.986023	
0.727994	-0.567311	-0.384946	-0.336105	-0.784709	0.520831	-0.597543	-0.249780	-0.761940	-13.436400	55.756599	889.986023	
0.727994	-0.567311	-0.384946	-0.336105	-0.784709	0.520831	-0.597543	-0.249780	-0.761940	-13.436400	55.756599	889.986023	
0.444153	-0.831994	-0.332437	-0.404673	-0.517330	0.754061	-0.799354	-0.200390	-0.566459	-71.294701	49.389595	859.047058	
0.377707	-0.872168	-0.310903	-0.407005	-0.457985	0.790314	-0.831676	-0.171968	-0.527961	-79.347519	44.264648	845.834595	
0.338731	-0.904124	-0.260425	-0.347018	-0.377325	0.858606	-0.874551	-0.200463	-0.441559	-88.344727	39.069515	832.484741	
0.270605	-0.934410	-0.231627	-0.346119	-0.318948	0.882311	-0.898317	-0.158587	-0.409726	-103.686279	34.743664	809.921753	
0.139581	-0.966514	-0.215329	-0.287629	-0.247656	0.925168	-0.947516	-0.067200	-0.312566	-118.577782	30.894011	795.447205	
-0.002412	-0.985577	-0.169207	-0.240303	-0.163678	0.956799	-0.970695	0.042969	-0.236442	-133.277802	25.740158	790.726929	
-0.067013	-0.987039	-0.145818	-0.173668	-0.132376	0.975866	-0.982521	0.090720	-0.162546	-145.464630	21.857798	772.331482	
-0.113603	-0.987586	-0.108484	-0.152965	-0.090503	0.984078	-0.981680	0.128389	-0.140785	-150.821381	18.064489	756.042053	
-0.139378	-0.988720	-0.054828	-0.162804	-0.031735	0.986147	-0.976764	0.146374	-0.156544	-156.475189	12.681946	739.700134	
-0.183156	-0.982988	-0.013751	-0.191113	0.021882	0.981323	-0.964328	0.182364	-0.191870	-159.710800	6.489896	728.511658	
-0.271701	-0.961269	0.046260	-0.201980	0.103955	0.973856	-0.940948	0.255255	-0.222402	-165.054657	-7.990974	718.098877	
-0.287266	-0.951721	0.108190	-0.216099	0.174434	0.960663	-0.933155	0.252587	-0.255775	-166.585205	-21.450579	706.604248	
-0.355343	-0.916127	0.185588	-0.231403	0.278583	0.932117	-0.905640	0.288276	-0.310987	-165.570618	-31.369617	700.935852	
-0.346188	-0.909203	0.231306	-0.280388	0.335554	0.899325	-0.895285	0.246481	-0.371094	-162.725601	-37.260540	690.497986	
-0.355123	-0.883015	0.306873	-0.295990	0.417592	0.859073	-0.886723	0.214245	-0.409661	-162.751190	-46.973579	689.808105	
-0.301432	-0.885571	0.353415	-0.351631	0.447775	0.822103	-0.886281	0.123537	-0.446368	-151.602325	-58.139198	662.215393	
-0.920830	-0.389137	-0.025402	0.252947	-0.645596	0.720571	-0.296801	0.657098	0.692915	-160.873993	-73.622200	691.382019	
-0.920830	-0.389137	-0.025402	0.252947	-0.645596	0.720571	-0.296801	0.657098	0.692915	-160.873993	-73.622200	691.382019	
-0.920830	-0.389137	-0.025402	0.252947	-0.645596	0.720571	-0.296801	0.657098	0.692915	-160.873993	-73.622200	691.382019	
-0.990155	-0.139971	0.001576	0.126767	-0.891856	0.434192	-0.059369	0.430117	0.900819	-130.124100	-111.740860	667.753113	
-0.999951	0.009924	-0.000005	-0.009446	-0.951715	0.306836	0.003040	0.306821	0.951762	-114.344460	-117.616592	653.757629	
-0.992372	0.123252	0.002855	-0.120121	-0.971856	0.202646	0.027751	0.200757	0.979248	-105.807701	-123.650604	648.453796	
-0.985468	0.168729	0.019594	-0.163453	-0.973339	0.160919	0.046223	0.155377	0.986773	-87.193558	-129.917175	635.777039	
-0.972858	0.231021	0.013270	-0.228035	-0.966873	0.114704	0.039330	0.108564	0.993311	-78.316490	-135.295212	620.381165	
-0.945446	0.321823	-0.050617	-0.324561	-0.943896	0.060983	-0.028151	0.074084	0.996855	-67.432976	-129.735611	580.903931	
-0.880969	0.472274	0.029158	-0.472265	-0.873789	-0.116010	-0.029311	-0.115972	0.992820	-62.430099	-156.656998	612.107971	
-0.880969	0.472274	0.029158	-0.472265	-0.873789	-0.116010	-0.029311	-0.115972	0.992820	-62.430099	-156.656998	612.107971	
-0.880969	0.472274	0.029158	-0.472265	-0.873789	-0.116010	-0.029311	-0.115972	0.992820	-62.430099	-156.656998	612.107971	
-0.880969	0.472274	0.029158	-0.472265	-0.873789	-0.116010	-0.029311	-0.115972	0.992820	-62.430099	-156.656998	612.107971	
-0.557441	0.830212	-0.002949	-0.693134	-0.467350	-0.548770	-0.456973	-0.303862	0.835968	-3.229947	-178.568390	580.714966	
-0.434963	0.900370	0.011886	-0.725079	-0.342393	-0.597517	-0.533916	-0.268516	0.801768	14.378139	-183.745300	575.373779	
-0.296776	0.954940	-0.003715	-0.710716	-0.223471	-0.667041	-0.637814	-0.195322	0.745011	23.358969	-187.600327	568.917053	
-0.181964	0.982384	0.042547	-0.683572	-0.095275	-0.723638	-0.706836	-0.160760	0.688867	29.513884	-191.920776	571.842102	
-0.211355	0.966245	0.147309	-0.679891	-0.037064	-0.732376	-0.702194	-0.254945	0.664775	40.363243	-200.839920	592.525696	
-0.168685	0.956531	0.237895	-0.697023	0.054891	-0.714945	-0.696924	-0.286419	0.657464	51.826096	-201.587631	608.934265	
0.167789	0.985808	-0.005454	-0.406873	0.064210	-0.911225	-0.897943	0.155113	0.411872	64.383202	-195.147995	566.783020	
0.167789	0.985808	-0.005454	-0.406873	0.064210	-0.911225	-0.897943	0.155113	0.411872	64.383202	-195.147995	566.783020	
0.167789	0.985808	-0.005454	-0.406873	0.064210	-0.911225	-0.897943	0.155113	0.411872	64.383202	-195.147995	566.783020	
0.167789	0.985808	-0.005454	-0.406873	0.064210	-0.911225	-0.897943	0.155113	0.411872	64.383202	-195.147995	566.783020	
0.167789	0.985808	-0.005454	-0.406873	0.064210	-0.911225	-0.897943	0.155113	0.411872	64.383202	-195.147995	566.783020	
0.167789	0.985808	-0.005454	-0.406873	0.064210	-0.911225	-0.897943	0.155113	0.411872	64.383202	-195.147995	566.783020	
0.167789	0.985808	-0.005454	-0.406873	0.064210	-0.911225	-0.897943	0.155113	0.411872	64.383202	-195.147995	566.783020	
0.167789	0.985808	-0.005454	-0.406873	0.064210	-0.911225	-0.897943	0.155113	0.411872	64.383202	-195.147995	566.783020	
0.167789	0.985808	-0.005454	-0.406873	0.064210	-0.911225	-0.897943	0.155113	0.411872	64.383202	-195.147995	566.783020	
0.167789	0.985808	-0.005454	-0.406873	0.064210	-0.911225	-0.897943	0.155113	0.411872	64.383202	-195.147995	566.783020	
0.167789	0.985808	-0.005454	-0.406873	0.064210	-0.911225	-0.897943	0.155113	0.411872	64.383202	-195.147995	566.783020	
0.871141	0.461791	-0.166918	0.198508	-0.642119	-0.740458	-0.449119	0.611910	-0.651045	55.618477	-137.165482	569.607239	
0.926454	0.329724	-0.181562	0.140088	-0.749742	-0.646732	-0.349368	0.573734	-0.740792	43.167217	-130.637024	574.073914	
0.943185	0.264145	-0.201568	0.097535	-0.800020	-0.591992	-0.317631	0.538699	-0.780330	28.543797	-122.668076	574.392090	
0.955503	0.208037	-0.209126	0.081068	-0.866850	-0.491933	-0.283621	0.453091	-0.845144	20.303383	-116.614517	584.613953	
0.974159	0.045595	-0.221214	-0.050063	-0.911463	-0.408324	-0.220246	0.408848	-0.885627	3.264460	-108.801773	590.012695	
0.972939	0.014974	-0.230576	-0.067262	-0.936327	-0.344627	-0.221055	0.350811	-0.909981	-12.893155	-92.654251	584.677612	
0.926506	-0.062884	-0.370987	-0.160734	-0.957599	-0.239101	-0.340222	0.281160	-0.897329	-29.078102	-85.069275	593.035339	
0.906975	-0.211761	-0.364078	-0.262088	-0.960428	-0.094282	-0.329706	0.180933	-0.926584	-37.026581	-70.876053	586.783447	
0.855571	-0.373254	-0.358719	-0.389133	-0.920696	0.029891	-0.341428	0.114016	-0.932967	-54.845402	-67.138496	631.926025	
0.855571	-0.373254	-0.358719	-0.389133	-0.920696	0.029891	-0.341428	0.114016	-0.932967	-54.845402	-67.138496	631.926025	
0.855571	-0.373254	-0.358719	-0.389133	-0.920696	0.029891	-0.341428	0.114016	-0.932967	-54.845402	-67.138496	631.926025	
0.655324	-0.603985	-0.453599	-0.545393	-0.793822	0.269062	-0.522586	0.071067	-0.849620	-112.760719	-38.514706	658.338928	
0.598104	-0.631476	-0.493466	-0.508098	-0.774962	0.375859	-0.619764	0.025926	-0.784360	-131.335632	-32.675362	673.828491	
0.530909	-0.653556	-0.539444	-0.463215	-0.756862	0.461078	-0.709624	0.005088	-0.704562	-139.714905	-20.146057	676.708191	
0.418434	-0.707883	-0.569047	-0.510600	-0.701494	0.497187	-0.751133	0.082516	-0.654974	-147.139954	-7.286432	680.575745	
0.305701	-0.742987	-0.595413	-0.541104	-0.650120	0.533434	-0.783424	0.159109	-0.600775	-154.817429	-2.008829	692.034729	
0.203552	-0.764507	-0.611633	-0.534854	-0.610087	0.584573	-0.820059	0.208143	-0.533084	-167.581558	2.231355	697.632385	
0.140741	-0.743545	-0.653708	-0.435209	-0.639528	0.633717	-0.889261	0.195310	-0.413605	-178.697205	7.952092	707.673035	
0.055801	-0.728375	-0.682902	-0.451948	-0.628312	0.633220	-0.890297	0.273302	-0.364248	-183.819809	16.490290	715.153503	
-0.055621	-0.685974	-0.725497	-0.409494	-0.647027	0.643173	-0.910615	0.332861	-0.244914	-188.592651	20.972694	720.416260	
-0.110226	-0.638576	-0.761624	-0.391157	-0.676584	0.623884	-0.913699	0.366683	-0.175207	-189.884659	27.326283	733.790405	
-0.127396	-0.629188	-0.766741	-0.370582	-0.686862	0.625212	-0.920021	0.363790	-0.145662	-190.006271	33.216469	734.821594	
-0.138230	-0.618781	-0.773306	-0.303102	-0.716908	0.627832	-0.942879	0.321175	-0.088456	-190.388687	34.672493	748.640259	
-0.230842	-0.567314	-0.790485	-0.279831	-0.739395	0.612365	-0.931883	0.362562	0.011931	-190.692245	35.465202	759.958557	
-0.279890	-0.519197	-0.807524	-0.270272	-0.764510	0.585217	-0.921203	0.382048	0.073654	-188.136978	37.081184	779.252686	
-0.295788	-0.449685	-0.842788	-0.283574	-0.801162	0.526998	-0.912192	0.394872	0.109455	-184.593369	40.618683	791.702271	
-0.322748	-0.389246	-0.862740	-0.283265	-0.830018	0.480451	-0.903102	0.399448	0.157627	-177.313309	41.744484	801.630188	
-0.329864	-0.302117	-0.894379	-0.282047	-0.872596	0.398782	-0.900910	0.383800	0.202626	-172.212967	41.151543	806.658142	
-0.278917	-0.279606	-0.918709	-0.313508	-0.877746	0.362319	-0.907699	0.389079	0.157160	-166.296005	41.045399	845.341980	
-0.278917	-0.279606	-0.918709	-0.313508	-0.877746	0.362319	-0.907699	0.389079	0.157160	-166.296005	41.045399	845.341980	
-0.278917	-0.279606	-0.918709	-0.313508	-0.877746	0.362319	-0.907699	0.389079	0.157160	-166.296005	41.045399	845.341980	
-0.279000	-0.105300	-0.954500	-0.319859	-0.927020	0.195763	-0.905455	0.359923	0.224958	-134.279495	30.539772	873.475464	
-0.373500	-0.065855	-0.925290	-0.113960	-0.986663	0.116224	-0.920603	0.148856	0.361014	-113.728432	21.148201	855.573242	
-0.352021	-0.066652	-0.933616	-0.037189	-0.995678	0.085104	-0.935253	0.064679	0.348021	-96.133675	14.571652	868.007324	
-0.164959	-0.040071	-0.985486	-0.218742	-0.972805	0.076170	-0.961738	0.228132	0.151708	-82.114601	14.154100	920.583984	
-0.164959	-0.040071	-0.985486	-0.218742	-0.972805	0.076170	-0.961738	0.228132	0.151708	-82.114601	14.154100	920.583984	
-0.164959	-0.040071	-0.985486	-0.218742	-0.972805	0.076170	-0.961738	0.228132	0.151708	-82.114601	14.154100	920.583984	
0.094683	-0.002075	-0.995506	-0.176569	-0.984178	-0.014742	-0.979724	0.177172	-0.093552	-31.808834	-5.852936	924.048279	
0.078716	-0.006252	-0.996878	-0.210620	-0.977512	-0.010501	-0.974394	0.210789	-0.078263	-20.010574	-15.694024	935.785217	
0.100509	-0.017903	-0.994776	-0.216054	-0.976372	-0.004257	-0.971195	0.215353	-0.102003	-1.539320	-21.549337	943.854980	
0.212020	-0.066870	-0.974975	-0.270616	-0.962661	0.007176	-0.939050	0.262322	-0.222199	17.257843	-28.378626	957.208496	
0.263674	-0.149177	-0.953008	-0.403695	-0.914353	0.031434	-0.876075	0.376436	-0.301314	27.191570	-35.670933	972.008057	
0.283993	-0.217316	-0.933875	-0.387505	-0.916905	0.095526	-0.877034	0.334752	-0.344606	35.427135	-47.724850	968.473267	
0.321483	-0.264615	-0.909191	-0.298010	-0.939644	0.168105	-0.898799	0.216905	-0.380938	50.950310	-62.052414	976.414368	
0.333192	-0.319319	-0.887141	-0.242700	-0.938246	0.246561	-0.911087	0.133157	-0.390115	64.449112	-68.142807	986.545959	
0.310607	-0.383878	-0.869576	-0.295745	-0.908446	0.295400	-0.903360	0.165419	-0.395699	76.341888	-82.416618	981.551880	
0.282200	-0.488144	-0.825881	-0.388631	-0.845239	0.366793	-0.877115	0.217454	-0.428234	86.138481	-89.308838	986.104736	
0.233595	-0.563004	-0.792755	-0.398793	-0.799056	0.449971	-0.886791	0.211034	-0.411178	90.980934	-102.655334	988.051086	
0.157510	-0.618373	-0.769939	-0.458527	-0.736325	0.497574	-0.874611	0.274665	-0.399519	94.427811	-110.699348	993.590332	
0.126155	-0.697917	-0.704981	-0.471044	-0.667575	0.576594	-0.873042	0.259337	-0.412968	97.388435	-117.164352	996.279297	
0.049911	-0.692435	-0.719752	-0.524778	-0.631336	0.570985	-0.849775	0.349212	-0.394885	98.670662	-132.183350	999.202026	
-0.031228	-0.739831	-0.672068	-0.508848	-0.566970	0.647781	-0.860290	0.362209	-0.358756	99.268890	-145.275864	1004.208130	
-0.111656	-0.782788	-0.612189	-0.483232	-0.495532	0.721759	-0.868343	0.376418	-0.322939	99.602936	-151.665466	1014.268616	
-0.179152	-0.797228	-0.576481	-0.370681	-0.488081	0.790174	-0.911318	0.355252	-0.208077	97.897713	-163.228989	1010.863525	
-0.241055	-0.797607	-0.552914	-0.334390	-0.466571	0.818838	-0.911085	0.382274	-0.154242	90.283012	-174.359436	1007.210022	
-0.362579	-0.791160	-0.492546	-0.332176	-0.384088	0.861474	-0.870744	0.475964	-0.123542	85.018440	-179.949677	1003.558228	
-0.411675	-0.812176	-0.413393	-0.169337	-0.377543	0.910378	-0.895460	0.444782	0.017894	75.525665	-184.794922	1006.054504	
-0.522612	-0.780026	-0.344144	-0.082974	-0.355205	0.931099	-0.848524	0.515158	0.120913	63.835854	-187.569733	987.440247	
-0.695669	-0.670288	-0.258377	0.037326	-0.392918	0.918816	-0.717393	0.629546	0.298360	57.754723	-194.723343	1008.186584	
-0.813396	-0.559237	-0.160127	0.059040	-0.353215	0.933678	-0.578707	0.749995	0.320321	49.245235	-198.826645	997.947632	
-0.887217	-0.457288	-0.061115	0.118353	-0.353633	0.927867	-0.445915	0.815985	0.367870	40.918667	-201.351547	991.498108	
-0.932872	-0.359580	0.021277	0.197997	-0.462536	0.864210	-0.300911	0.810409	0.502682	31.057411	-203.027924	976.266479	
-0.945336	-0.318582	0.069609	0.248306	-0.564861	0.786941	-0.211386	0.761208	0.613089	12.010900	-214.263000	1011.390015	
-0.945336	-0.318582	0.069609	0.248306	-0.564861	0.786941	-0.211386	0.761208	0.613089	12.010900	-214.263000	1011.390015	
-0.945336	-0.318582	0.069609	0.248306	-0.564861	0.786941	-0.211386	0.761208	0.613089	12.010900	-214.263000	1011.390015	
-0.945336	-0.318582	0.069609	0.248306	-0.564861	0.786941	-0.211386	0.761208	0.613089	12.010900	-214.263000	1011.390015	
-0.948280	-0.089015	0.304699	0.253554	-0.789915	0.558341	0.190986	0.606722	0.771629	-46.436623	-211.682159	981.106201	
-0.917793	0.012437	0.396863	0.176338	-0.882764	0.435468	0.355752	0.469652	0.808001	-55.442402	-209.972916	972.382874	
-0.842152	0.169664	0.511852	0.001411	-0.948516	0.316726	0.539237	0.267453	0.798555	-66.307274	-204.137650	955.601501	
-0.750950	0.269610	0.602813	-0.138362	-0.956835	0.255584	0.645700	0.108524	0.755839	-76.168701	-201.876678	940.760498	
-0.729994	0.305781	0.611233	-0.258219	-0.951440	0.167586	0.632796	-0.035496	0.773504	-92.628120	-198.700455	946.864868	
-0.683299	0.355227	0.637899	-0.373903	-0.920660	0.112172	0.627134	-0.161867	0.761906	-102.197151	-196.346970	940.366089	
-0.592577	0.407663	0.694739	-0.502791	-0.861027	0.076383	0.629328	-0.304046	0.715194	-109.041603	-190.071823	922.069946	
-0.483902	0.398826	0.778958	-0.647913	-0.761611	-0.012550	0.588258	-0.510771	0.626950	-120.541588	-180.509811	914.368286	
-0.367375	0.426556	0.826489	-0.799023	-0.599559	-0.045730	0.476022	-0.677185	0.561091	-128.880157	-172.030960	919.374146	
-0.304592	0.456351	0.836042	-0.912756	-0.390702	-0.119278	0.272211	-0.799435	0.535542	-134.529129	-162.382126	911.896606	
-0.249920	0.438337	0.863366	-0.961890	-0.214557	-0.169507	0.110940	-0.872827	0.475254	-142.656494	-150.055908	905.929688	
-0.174583	0.371356	0.911929	-0.983640	-0.024003	-0.178536	-0.044411	-0.928181	0.369471	-144.876724	-137.363205	902.089844	
-0.121908	0.221760	0.967451	-0.992266	-0.004281	-0.124053	-0.023369	-0.975092	0.220567	-144.532684	-120.057098	883.819397	
-0.087103	0.226925	0.970009	-0.992091	-0.108098	-0.063796	0.090379	-0.967895	0.234546	-146.472977	-101.375237	862.576599	
-0.107023	0.238601	0.965202	-0.973682	-0.221620	-0.053177	0.201220	-0.945492	0.256040	-147.121643	-92.326370	862.135803	
-0.099313	0.269533	0.957856	-0.969432	-0.243254	-0.032063	0.224361	-0.931762	0.285452	-143.594910	-83.316864	847.828491	
-0.105024	0.345135	0.932658	-0.953248	-0.302157	0.004473	0.283353	-0.888585	0.360733	-140.219254	-68.260712	837.974915	
-0.182947	0.359803	0.914917	-0.911969	-0.409710	-0.021234	0.367210	-0.838260	0.403084	-139.412704	-60.455238	841.945679	
-0.283012	0.408769	0.867648	-0.783441	-0.620380	0.036730	0.553285	-0.669356	0.495821	-134.340042	-53.407116	847.744629	
-0.335302	0.363026	0.869359	-0.648219	-0.758524	0.066733	0.683655	-0.541160	0.489655	-128.893188	-46.260334	847.478088	
-0.354984	0.412415	0.838988	-0.581890	-0.799875	0.146985	0.731704	-0.436022	0.523923	-124.166832	-32.740005	850.615723	
-0.346022	0.396203	0.850466	-0.470338	-0.857585	0.208157	0.811819	-0.327980	0.483092	-115.554901	-17.324377	828.937866	
-0.192168	-0.467689	0.862750	0.098893	0.865432	0.491170	-0.976367	0.179707	-0.120057	-82.368401	-12.376200	777.581970	
-0.192168	-0.467689	0.862750	0.098893	0.865432	0.491170	-0.976367	0.179707	-0.120057	-82.368401	-12.376200	777.581970	
-0.192168	-0.467689	0.862750	0.098893	0.865432	0.491170	-0.976367	0.179707	-0.120057	-82.368401	-12.376200	777.581970	
-0.192168	-0.467689	0.862750	0.098893	0.865432	0.491170	-0.976367	0.179707	-0.120057	-82.368401	-12.376200	777.581970	
-0.477241	-0.527468	0.702865	0.533462	0.461696	0.708700	-0.698326	0.713172	0.061044	-33.118011	20.785734	718.547424	
-0.560859	-0.548986	0.619720	0.562000	0.297200	0.771899	-0.607942	0.781209	0.141842	-23.161818	30.127287	710.664185	
-0.621070	-0.592420	0.513138	0.557806	0.125808	0.820381	-0.550567	0.795746	0.252319	-13.213741	34.925652	700.357544	
-0.710640	-0.539810	0.451217	0.568346	-0.062434	0.820418	-0.414698	0.839469	0.351166	-2.741087	42.450436	690.821228	
-0.764314	-0.508651	0.396358	0.539020	-0.166566	0.825660	-0.353952	0.844708	0.401480	7.265954	46.020561	674.613342	
-0.832548	-0.433959	0.344301	0.504059	-0.335676	0.795769	-0.229757	0.836064	0.498206	16.989611	49.444565	664.471802	
-0.906382	-0.362840	0.216375	0.389804	-0.520849	0.759454	-0.162861	0.772700	0.613524	34.776360	52.967251	649.188599	
-0.939696	-0.325361	0.105406	0.294691	-0.613862	0.732347	-0.173572	0.719246	0.672724	49.569717	54.131874	638.802307	
-0.974774	-0.219485	0.040520	0.191730	-0.730507	0.655439	-0.114258	0.646673	0.754161	57.042053	56.584774	636.672363	
-0.984202	-0.170000	-0.049449	0.108239	-0.798786	0.591800	-0.140104	0.577098	0.804567	71.691566	59.254375	634.018188	
-0.987392	-0.108171	-0.115566	0.025912	-0.830685	0.556140	-0.156157	0.546134	0.823014	82.537415	58.859974	624.494934	
-0.984916	-0.009560	-0.172767	-0.075046	-0.876072	0.476306	-0.155909	0.482087	0.862139	91.436363	58.016819	618.058472	
-0.970914	0.038361	-0.236333	-0.141603	-0.887945	0.437611	-0.193063	0.458348	0.867550	95.924179	56.911877	612.806274	
-0.943914	0.148458	-0.294936	-0.259015	-0.886896	0.382528	-0.204788	0.437465	0.875606	98.202148	53.175549	601.522888	
-0.901210	0.246955	-0.356137	-0.369081	-0.868066	0.332026	-0.227155	0.430668	0.873456	99.594559	50.799545	597.775757	
-0.864169	0.285718	-0.414218	-0.405193	-0.883213	0.236123	-0.298378	0.371888	0.879016	99.968948	44.766651	592.734924	
-0.814960	0.332117	-0.474908	-0.460723	-0.868407	0.183317	-0.351530	0.368197	0.860730	98.842476	37.998035	586.727600	
-0.737500	0.353602	-0.575378	-0.489529	-0.866825	0.094750	-0.465247	0.351541	0.812381	95.180267	29.224062	584.080750	
-0.665794	0.412928	-0.621457	-0.568660	-0.820053	0.064347	-0.483056	0.396239	0.780801	92.176834	20.452467	578.808899	
-0.546624	0.428388	-0.719505	-0.636985	-0.770465	0.025204	-0.543555	0.472090	0.694030	84.945755	14.428175	579.450012	
-0.417547	0.405733	-0.813041	-0.685890	-0.727624	-0.010860	-0.595994	0.553122	0.582105	75.199203	8.094667	577.406372	
-0.354901	0.384261	-0.852285	-0.667516	-0.742428	-0.056769	-0.654574	0.548766	0.519988	63.620773	1.226779	575.588196	
-0.291805	0.338232	-0.894679	-0.630194	-0.771641	-0.086175	-0.719516	0.538675	0.438320	49.762383	-6.247703	572.092529	
-0.252321	0.353036	-0.900944	-0.662991	-0.741258	-0.104783	-0.704823	0.570879	0.421094	34.057362	-19.148811	569.171082	
-0.141733	0.226123	-0.963733	-0.615175	-0.782861	-0.093212	-0.775545	0.579653	0.250062	25.903938	-27.282963	569.420166	
-0.063137	0.121470	-0.990585	-0.618472	-0.783759	-0.056688	-0.783265	0.609070	0.124609	8.387222	-35.387962	568.804199	
0.007910	-0.007410	-0.999941	-0.588104	-0.808784	0.001342	-0.808746	0.588059	-0.010757	-0.808105	-43.751339	569.634888	
0.055108	-0.088109	-0.994585	-0.552351	-0.832494	0.043145	-0.831787	0.546983	-0.094545	-21.544443	-57.516380	563.236389	
0.087221	-0.199224	-0.976065	-0.577621	-0.808392	0.113385	-0.811632	0.553906	-0.185585	-40.431568	-66.116066	565.887939	
0.079256	-0.257230	-0.963095	-0.658021	-0.739240	0.143291	-0.748816	0.622381	-0.227853	-59.891842	-82.060280	561.765747	
0.070722	-0.394173	-0.916311	-0.675784	-0.694609	0.246646	-0.733699	0.601786	-0.315501	-80.062088	-95.927971	565.804504	
0.047281	-0.548864	-0.834573	-0.693832	-0.619100	0.367848	-0.718582	0.561662	-0.410092	-91.123749	-104.279640	575.891968	
-0.009397	-0.647316	-0.762163	-0.679623	-0.554963	0.479718	-0.733501	0.522492	-0.434717	-101.970428	-111.740845	580.463135	
-0.029400	-0.733181	-0.679397	-0.656464	-0.498400	0.566262	-0.753784	0.462649	-0.466655	-119.677704	-119.176193	582.768982	
-0.074571	-0.814089	-0.575932	-0.589025	-0.430068	0.684173	-0.804667	0.390258	-0.447448	-126.497826	-130.964050	578.612122	
-0.216745	-0.800030	-0.559440	-0.629934	-0.323176	0.706216	-0.745791	0.505479	-0.433919	-149.315994	-147.507004	603.632996	
-0.216745	-0.800030	-0.559440	-0.629934	-0.323176	0.706216	-0.745791	0.505479	-0.433919	-149.315994	-147.507004	603.632996	
-0.216745	-0.800030	-0.559440	-0.629934	-0.323176	0.706216	-0.745791	0.505479	-0.433919	-149.315994	-147.507004	603.632996	
-0.216745	-0.800030	-0.559440	-0.629934	-0.323176	0.706216	-0.745791	0.505479	-0.433919	-149.315994	-147.507004	603.632996	
-0.513086	-0.851068	-0.111474	-0.318141	0.067942	0.945606	-0.797200	0.520641	-0.305620	-186.184830	-186.169327	625.098389	
-0.552078	-0.833315	0.028208	-0.216621	0.176018	0.960257	-0.805161	0.524026	-0.277689	-193.726456	-190.174210	631.593140	
-0.573608	-0.799380	0.178786	-0.104441	0.287855	0.951962	-0.812444	0.527380	-0.248604	-198.633957	-193.628891	633.217041	
-0.554050	-0.767063	0.323483	0.047906	0.358554	0.932279	-0.831103	0.532026	-0.161910	-197.345261	-193.224960	633.212036	
-0.597416	-0.661480	0.453362	0.204572	0.420924	0.883727	-0.775399	0.620698	-0.116147	-199.496277	-199.983292	642.029175	
-0.627542	-0.536844	0.563904	0.358823	0.443349	0.821393	-0.690967	0.717801	-0.085588	-200.770157	-204.849457	661.380676	
-0.586306	-0.453289	0.671397	0.506297	0.441943	0.740506	-0.632383	0.774090	-0.029615	-200.006241	-207.188034	672.870728	
-0.596984	-0.360880	0.716502	0.622253	0.355428	0.697475	-0.506370	0.862227	0.012374	-197.785339	-209.264908	683.288086	
-0.533403	-0.255247	0.806431	0.752365	0.292528	0.590232	-0.386558	0.921561	0.036004	-190.593948	-209.554245	691.148926	
-0.446761	-0.170200	0.878314	0.853894	0.211827	0.475387	-0.266962	0.962372	0.050697	-185.377396	-207.326141	704.599609	
-0.393876	-0.141620	0.908188	0.897971	0.151659	0.413095	-0.196237	0.978235	0.067436	-178.640320	-203.660019	712.327148	
-0.275559	-0.088309	0.957219	0.956984	0.068880	0.281846	-0.090823	0.993708	0.065530	-165.599289	-201.577118	725.924744	
-0.128345	-0.050239	0.990456	0.990045	0.051689	0.130913	-0.057773	0.997398	0.043105	-150.775406	-198.703308	746.415100	
0.015635	-0.041429	0.999019	0.999527	-0.025815	-0.016713	0.026482	0.998807	0.041006	-132.619247	-194.423691	751.355713	
0.139277	-0.015458	0.990132	0.979216	-0.146717	-0.140032	0.147434	0.989057	-0.005297	-116.104012	-191.938568	770.803223	
0.206767	-0.024470	0.978084	0.967802	-0.141556	-0.208135	0.143547	0.989627	-0.005587	-107.244293	-185.780380	787.684387	
0.334262	-0.086503	0.938502	0.931643	-0.120245	-0.342902	0.142512	0.988968	0.040396	-97.789619	-176.210251	803.802734	
0.456871	-0.069175	0.886839	0.886981	-0.040033	-0.460067	0.067328	0.996800	0.043067	-78.959007	-169.663925	829.210876	
0.590089	0.035838	0.806542	0.804968	0.050378	-0.591176	-0.061819	0.998087	0.000879	-68.859596	-165.680298	848.509399	
0.696894	0.157580	0.699647	0.695640	0.088740	-0.712889	-0.174424	0.983511	-0.047776	-50.427391	-154.778992	850.279358	
0.735242	0.191460	0.650201	0.642326	0.109472	-0.758573	-0.216415	0.975376	-0.042491	-30.728031	-147.924088	855.522705	
0.807425	0.238679	0.539533	0.524512	0.128264	-0.841686	-0.270096	0.962590	-0.021627	-13.328077	-135.786209	869.519592	
0.860703	0.301147	0.410488	0.391966	0.122558	-0.911779	-0.324888	0.945669	-0.012553	-4.655827	-124.186073	883.075378	
0.863995	0.370711	0.340712	0.313523	0.133376	-0.940167	-0.393973	0.919121	-0.000990	3.457663	-118.122696	893.289246	
0.900720	0.384521	0.202107	0.118985	0.229079	-0.966108	-0.417788	0.894240	0.160584	10.470453	-105.623360	908.588989	
0.903136	0.424527	0.064208	-0.076147	0.305548	-0.949126	-0.422550	0.852300	0.308278	17.489300	-91.163849	910.228455	
0.907959	0.418461	0.022393	-0.148261	0.370751	-0.916821	-0.391957	0.829116	0.398668	23.873005	-77.886726	931.244202	
0.851170	0.522504	-0.049992	-0.289152	0.387274	-0.875448	-0.438065	0.759610	0.480719	27.997999	-62.550861	944.581055	
0.836208	0.540895	-0.090491	-0.364847	0.425494	-0.828155	-0.409441	0.725525	0.553146	36.738312	-55.248039	962.968689	
0.874506	0.472634	-0.108887	-0.414163	0.610861	-0.674772	-0.252405	0.635189	0.729949	43.966164	-41.043358	935.575989	
0.885496	0.441132	-0.145943	-0.424871	0.641561	-0.638658	-0.188101	0.627536	0.755523	48.193214	-28.349434	953.236450	
0.884549	0.432330	-0.175109	-0.449123	0.688043	-0.569987	-0.125939	0.582827	0.802777	49.723042	-14.334944	954.746094	
0.841180	0.482076	-0.244987	-0.532534	0.659798	-0.530164	-0.093938	0.576427	0.811731	50.866436	-0.423085	963.084961	
0.827136	0.483509	-0.286467	-0.560299	0.669821	-0.487241	-0.043703	0.563522	0.824944	49.327488	11.414028	963.634583	
0.815388	0.469401	-0.338827	-0.578903	0.664891	-0.472008	0.003722	0.581018	0.813882	46.569221	16.921783	973.736450	
0.814930	0.425915	-0.393045	-0.577530	0.653491	-0.489293	0.048455	0.625735	0.778529	43.380707	29.225689	977.245544	
0.387247	-0.611813	-0.689728	-0.861248	0.026967	-0.507468	0.329076	0.790542	-0.516480	54.145100	49.715801	1025.290039	
0.387247	-0.611813	-0.689728	-0.861248	0.026967	-0.507468	0.329076	0.790542	-0.516480	54.145100	49.715801	1025.290039	
0.387247	-0.611813	-0.689728	-0.861248	0.026967	-0.507468	0.329076	0.790542	-0.516480	54.145100	49.715801	1025.290039	
0.387247	-0.611813	-0.689728	-0.861248	0.026967	-0.507468	0.329076	0.790542	-0.516480	54.145100	49.715801	1025.290039	
0.169715	-0.533437	-0.828639	-0.902880	0.252832	-0.347682	0.394972	0.807168	-0.438722	16.643240	84.140022	1035.791260	
0.108897	-0.530253	-0.840817	-0.904089	0.298794	-0.305523	0.413234	0.793444	-0.446859	3.113523	87.442345	1035.978882	
0.068546	-0.632395	-0.771608	-0.954596	0.183175	-0.234928	0.289906	0.752677	-0.591127	-9.794456	91.737564	1027.150269	
0.120576	-0.674608	-0.728262	-0.982872	0.021866	-0.182986	0.139367	0.737852	-0.660418	-22.911966	95.088860	1016.308777	
0.055857	-0.663816	-0.745807	-0.995855	0.016655	-0.089408	0.071772	0.747710	-0.660136	-32.518417	97.163460	1025.604370	
0.012658	-0.085203	-0.996283	-0.856415	0.513373	-0.054785	0.516133	0.853925	-0.066471	-55.403702	96.031197	1068.989990	
0.012658	-0.085203	-0.996283	-0.856415	0.513373	-0.054785	0.516133	0.853925	-0.066471	-55.403702	96.031197	1068.989990	
0.012658	-0.085203	-0.996283	-0.856415	0.513373	-0.054785	0.516133	0.853925	-0.066471	-55.403702	96.031197	1068.989990	
0.012658	-0.085203	-0.996283	-0.856415	0.513373	-0.054785	0.516133	0.853925	-0.066471	-55.403702	96.031197	1068.989990	
0.006100	0.363453	-0.931592	-0.767749	0.598616	0.228518	0.640722	0.713835	0.282693	-104.173996	89.933533	1060.689697	
0.027861	0.419790	-0.907193	-0.738748	0.620030	0.264222	0.673406	0.662826	0.327394	-111.936150	84.684486	1048.778320	
0.039381	0.461583	-0.886222	-0.697799	0.647523	0.306251	0.715210	0.606345	0.347592	-122.160698	80.238571	1054.583008	
0.046001	0.496030	-0.867086	-0.656861	0.668979	0.347852	0.752608	0.553554	0.356596	-130.583389	74.416542	1055.731812	
0.066288	0.537746	-0.840497	-0.618200	0.683333	0.388438	0.783221	0.493847	0.377731	-139.198532	67.119644	1058.678467	
0.122499	0.596963	-0.792862	-0.625767	0.666528	0.405161	0.770331	0.446515	0.455208	-147.241043	64.120384	1059.135376	
0.185645	0.646365	-0.740101	-0.597042	0.672415	0.437491	0.780434	0.360654	0.510737	-153.180435	54.599281	1053.860962	
0.231773	0.682030	-0.693626	-0.589528	0.665663	0.457546	0.773782	0.302866	0.556358	-164.188858	44.110558	1050.492188	
0.291501	0.755968	-0.586123	-0.587891	0.624937	0.513651	0.754594	0.194847	0.626596	-171.390533	31.941809	1038.015747	
0.345789	0.808307	-0.476519	-0.584419	0.582843	0.564577	0.734088	0.083263	0.673931	-173.704575	27.029682	1033.817871	
0.351252	0.853069	-0.385871	-0.600177	0.521468	0.606513	0.718617	0.018552	0.695158	-178.511002	21.113523	1033.005371	
0.377973	0.882237	-0.280705	-0.570988	0.460804	0.679435	0.728773	-0.096528	0.677917	-182.362747	14.358541	1032.034790	
0.413778	0.896224	-0.159909	-0.590728	0.397968	0.701898	0.692697	-0.195967	0.694094	-181.141037	7.670658	1025.576904	
0.464694	0.884703	-0.036876	-0.602456	0.346413	0.719058	0.648928	-0.311926	0.693970	-178.549026	1.730697	1012.976685	
0.500351	0.862180	0.079339	-0.634580	0.302834	0.711056	0.589032	-0.406125	0.698645	-173.391037	-11.972331	996.319275	
0.521755	0.842955	0.131145	-0.640038	0.285156	0.713469	0.564026	-0.456193	0.688305	-170.850281	-19.413509	991.191162	
0.527849	0.814301	0.241433	-0.672793	0.227381	0.704023	0.518389	-0.534052	0.667878	-162.194931	-34.573112	980.757446	
0.525900	0.796823	0.297493	-0.678628	0.182247	0.711513	0.512733	-0.576071	0.636590	-152.266693	-42.175133	969.464600	
0.536449	0.768321	0.349149	-0.697726	0.171033	0.695648	0.474766	-0.616789	0.627828	-140.641281	-49.338322	957.468201	
0.539603	0.735020	0.410578	-0.701389	0.122700	0.702139	0.465708	-0.666851	0.581744	-133.413177	-63.583611	951.805359	
