0.997088	-0.042267	0.063474	0.043431	0.998910	-0.017082	-0.062683	0.019789	0.997838	18.942131	3.494111	545.498291	
0.973723	-0.126582	0.189317	0.132464	0.991011	-0.018697	-0.185248	0.043283	0.981738	27.909328	7.042498	545.355225	
0.952987	-0.167397	0.252574	0.180008	0.983280	-0.027507	-0.243746	0.071679	0.967187	36.528862	14.863568	544.964905	
0.907677	-0.201401	0.368186	0.224259	0.974326	-0.019894	-0.354726	0.100626	0.929540	44.867100	18.022440	545.656494	
0.834898	-0.266635	0.481509	0.312220	0.949885	-0.015365	-0.453281	0.163165	0.876307	52.978214	24.033943	548.487000	
0.776911	-0.328456	0.537146	0.399572	0.916535	-0.017482	-0.486571	0.228210	0.843309	69.950241	25.890581	551.671814	
0.679329	-0.363870	0.637268	0.483673	0.875104	-0.015927	-0.551880	0.319049	0.770478	77.011292	29.555588	553.362793	
0.589785	-0.353198	0.726226	0.530802	0.847283	-0.019003	-0.608607	0.396690	0.687194	84.091698	30.833160	558.846069	
0.534913	-0.355419	0.766515	0.574059	0.818543	-0.021064	-0.619938	0.451292	0.641882	89.541969	31.648556	560.934143	
0.440249	-0.322463	0.837973	0.622940	0.781823	-0.026420	-0.646627	0.533638	0.545072	99.369057	31.432049	567.495850	
0.370102	-0.328940	0.868806	0.696642	0.716972	-0.025309	-0.614584	0.614613	0.494507	103.265816	29.970125	576.370667	
0.265555	-0.285116	0.920973	0.770987	0.636348	-0.025307	-0.578843	0.716778	0.388806	106.027634	27.351328	579.024414	
0.203344	-0.265510	0.942421	0.835250	0.549280	-0.025471	-0.510889	0.792336	0.333460	108.640991	25.678970	590.687317	
0.126153	-0.182430	0.975093	0.866902	0.498118	-0.018963	-0.482251	0.847701	0.220988	109.725990	20.930944	600.254395	
0.080463	-0.144142	0.986281	0.914627	0.403999	-0.015575	-0.396211	0.903332	0.164343	109.842705	15.216783	603.091003	
0.048652	-0.096649	0.994129	0.941783	0.335952	-0.013429	-0.332681	0.936907	0.107367	107.805267	8.374167	606.414551	
0.020103	-0.044088	0.998826	0.960435	0.278413	-0.007042	-0.277775	0.959449	0.047941	103.882675	4.865489	614.537781	
-0.001625	0.009895	0.999950	0.985347	0.170556	-0.000087	-0.170548	0.985298	-0.010027	100.832344	-3.748903	623.801331	
-0.011807	0.070341	0.997453	0.998856	0.047050	0.008505	-0.046332	0.996413	-0.070816	96.522507	-13.875422	628.010925	
-0.012089	0.129143	0.991552	0.997781	-0.063355	0.020417	0.065457	0.989600	-0.128091	86.555641	-25.051256	633.760803	
-0.005297	0.237411	0.971395	0.981420	-0.185081	0.050586	0.191797	0.953615	-0.232020	80.672699	-31.211317	645.173218	
0.010264	0.344097	0.938878	0.967253	-0.241544	0.077951	0.253603	0.907333	-0.335309	74.480049	-37.564991	656.047180	
0.029260	0.392227	0.919403	0.949676	-0.297882	0.096857	0.311863	0.870301	-0.381205	67.614372	-49.766998	671.526062	
0.061582	0.487915	0.870716	0.929385	-0.346122	0.128222	0.363936	0.801336	-0.474776	59.336998	-56.628506	681.822205	
0.100534	0.574814	0.812084	0.905695	-0.390733	0.164448	0.411835	0.718969	-0.559889	51.622879	-69.995934	700.813293	
0.185712	0.644371	0.741820	0.848608	-0.485767	0.209509	0.495353	0.590607	-0.637032	33.061726	-83.498322	712.494812	
0.242727	0.703748	0.667699	0.813256	-0.522845	0.255432	0.528863	0.481011	-0.699237	14.775222	-97.222702	724.134521	
0.305171	0.753115	0.582827	0.785053	-0.545385	0.293677	0.539038	0.367929	-0.757672	5.943956	-103.757217	735.245728	
0.358365	0.762460	0.538729	0.740819	-0.583408	0.332897	0.568120	0.279803	-0.773919	-2.993075	-111.150665	741.302979	
0.462791	0.765140	0.447643	0.670881	-0.632379	0.387317	0.579432	0.121069	-0.805978	-12.879742	-125.314697	747.652527	
0.528837	0.772660	0.351179	0.632986	-0.634704	0.443258	0.565383	-0.012120	-0.824740	-22.786669	-139.860031	754.509705	
0.626515	0.736223	0.255839	0.570441	-0.656809	0.493152	0.531107	-0.163025	-0.831473	-31.385628	-146.532104	772.571716	
0.677300	0.717632	0.162073	0.552620	-0.641677	0.531847	0.485669	-0.270655	-0.831187	-39.549583	-160.048172	782.352966	
0.760409	0.646850	0.057979	0.503516	-0.643580	0.576433	0.410179	-0.409132	-0.815085	-48.054359	-173.287949	788.155334	
0.795226	0.604704	-0.044149	0.498257	-0.610277	0.615875	0.345478	-0.511757	-0.786606	-56.062191	-179.588470	806.945129	
0.823278	0.559847	-0.093719	0.477626	-0.594007	0.647324	0.306732	-0.577690	-0.756432	-70.048157	-191.719849	818.667725	
0.840182	0.510452	-0.183119	0.487809	-0.563840	0.666429	0.236929	-0.649248	-0.722731	-83.061676	-202.807175	824.909912	
0.857760	0.451754	-0.245287	0.478093	-0.525759	0.703566	0.188876	-0.720760	-0.666956	-94.127281	-213.580338	836.186523	
0.870279	0.396326	-0.292470	0.474941	-0.517828	0.711537	0.130551	-0.758142	-0.638887	-103.481003	-218.887497	854.195801	
0.878516	0.289006	-0.380374	0.477551	-0.510643	0.714975	0.012397	-0.809765	-0.586623	-110.591187	-222.997894	870.567993	
0.886753	0.184398	-0.423870	0.455367	-0.506049	0.732499	-0.079428	-0.842562	-0.532709	-113.093918	-231.105698	886.707031	
0.852713	0.129318	-0.506119	0.501768	-0.472232	0.724725	-0.145286	-0.871936	-0.467566	-114.719017	-235.569794	893.242737	
0.834512	0.078329	-0.545393	0.518728	-0.445415	0.729744	-0.185766	-0.891891	-0.412336	-115.402534	-237.896835	902.465027	
0.784861	0.028795	-0.619002	0.571605	-0.419379	0.705257	-0.239289	-0.907354	-0.345613	-114.570137	-243.560532	919.068665	
0.725048	-0.016016	-0.688512	0.627604	-0.396285	0.670128	-0.283580	-0.917988	-0.277274	-113.313911	-247.484985	923.497070	
0.689971	-0.055347	-0.721717	0.654310	-0.378698	0.654573	-0.309542	-0.923864	-0.225076	-110.460022	-249.167557	932.026794	
0.617551	-0.089287	-0.781446	0.696646	-0.399124	0.596141	-0.365122	-0.912539	-0.184278	-107.001419	-251.471863	943.120361	
0.573766	-0.148803	-0.805388	0.698950	-0.423619	0.576207	-0.426919	-0.893534	-0.139052	-97.145988	-250.766235	955.670044	
0.525740	-0.200342	-0.826716	0.679624	-0.485549	0.549866	-0.511573	-0.850943	-0.119115	-92.223709	-250.370712	961.235229	
0.480598	-0.217433	-0.849558	0.705115	-0.480166	0.521779	-0.521381	-0.849801	-0.077451	-79.797417	-247.449295	964.950806	
0.421654	-0.250651	-0.871425	0.702640	-0.517143	0.488733	-0.573152	-0.818374	-0.041937	-73.250839	-244.388931	972.396667	
0.364910	-0.264997	-0.892534	0.715704	-0.533300	0.450953	-0.595490	-0.803347	-0.004946	-57.853321	-235.587784	969.973572	
0.309668	-0.236744	-0.920901	0.716227	-0.578939	0.389676	-0.625399	-0.780244	-0.009716	-49.140209	-229.878464	979.477417	
0.264386	-0.180942	-0.947291	0.779564	-0.538183	0.320373	-0.567784	-0.823176	-0.001232	-40.061035	-215.507019	959.478577	
0.176755	-0.198305	-0.964071	0.736359	-0.623293	0.263214	-0.653095	-0.756427	0.035853	-31.083700	-219.382004	1007.559998	
0.176755	-0.198305	-0.964071	0.736359	-0.623293	0.263214	-0.653095	-0.756427	0.035853	-31.083700	-219.382004	1007.559998	
0.176755	-0.198305	-0.964071	0.736359	-0.623293	0.263214	-0.653095	-0.756427	0.035853	-31.083700	-219.382004	1007.559998	
0.056453	-0.064608	-0.996313	0.745411	-0.661150	0.085110	-0.664210	-0.747467	0.010835	7.745955	-185.538712	1008.250122	
0.012480	-0.011015	-0.999862	0.683265	-0.729983	0.016570	-0.730064	-0.683377	-0.001584	17.379627	-174.312286	1014.156372	
-0.018173	0.068826	-0.997464	0.654014	-0.753776	-0.063927	-0.756263	-0.653517	-0.031315	26.527561	-162.316223	1019.287537	
-0.029957	0.146832	-0.988708	0.631897	-0.763633	-0.132553	-0.774472	-0.628733	-0.069907	44.040722	-148.584518	1017.757141	
-0.014852	0.223955	-0.974487	0.590521	-0.784508	-0.189295	-0.806885	-0.578266	-0.120598	52.975357	-134.831223	1021.539795	
-0.009078	0.293346	-0.955964	0.567592	-0.785559	-0.246446	-0.823260	-0.544834	-0.159370	68.911789	-119.113106	1014.533997	
-0.011524	0.309492	-0.950833	0.532391	-0.803011	-0.267830	-0.846420	-0.509301	-0.155517	76.231949	-111.189087	1010.658264	
-0.010459	0.309058	-0.950986	0.519478	-0.810951	-0.269261	-0.854420	-0.496832	-0.152067	90.217140	-102.694855	1003.108704	
0.050760	0.361928	-0.930823	0.548013	-0.789272	-0.277005	-0.834928	-0.496042	-0.238405	102.088982	-95.778534	1005.910400	
0.152284	0.383015	-0.911103	0.493074	-0.828380	-0.265826	-0.856555	-0.408760	-0.315004	111.845215	-81.585457	1010.051086	
0.230908	0.386113	-0.893084	0.427950	-0.864639	-0.263169	-0.873807	-0.321427	-0.364890	115.834396	-66.533897	1011.494385	
0.321242	0.397122	-0.859708	0.404714	-0.878317	-0.254492	-0.856160	-0.266182	-0.442873	118.753151	-51.815536	1009.064026	
0.402770	0.388220	-0.828892	0.381102	-0.894492	-0.233762	-0.832187	-0.221740	-0.508227	122.989899	-44.734024	1005.476868	
0.465548	0.347988	-0.813738	0.346567	-0.917707	-0.194176	-0.814344	-0.191616	-0.547838	124.399818	-29.927759	997.023743	
0.512020	0.331181	-0.792562	0.326392	-0.928491	-0.177122	-0.794546	-0.167995	-0.583501	124.419289	-15.622803	992.463806	
0.586784	0.283677	-0.758427	0.258297	-0.953269	-0.156714	-0.767441	-0.103941	-0.632637	121.605919	-2.148833	989.020569	
0.628671	0.253973	-0.735031	0.234826	-0.963045	-0.131912	-0.741369	-0.089675	-0.665078	117.187057	3.758523	981.592957	
0.674308	0.176171	-0.717128	0.150351	-0.983537	-0.100244	-0.722982	-0.040225	-0.689695	113.639313	9.215436	977.631592	
0.706857	0.134981	-0.694358	0.119357	-0.990308	-0.071007	-0.697213	-0.032685	-0.716119	105.414742	20.637333	966.181274	
0.751192	0.094792	-0.653242	0.088429	-0.995165	-0.042720	-0.654133	-0.025675	-0.755943	94.556549	25.415167	955.726196	
0.788101	-0.001986	-0.615542	0.024244	-0.999118	0.034264	-0.615067	-0.041927	-0.787359	87.900337	30.605854	946.280090	
0.813134	-0.056290	-0.579348	-0.013004	-0.996821	0.078600	-0.581930	-0.056378	-0.811282	74.554237	38.739750	942.085144	
0.820792	-0.111539	-0.560231	-0.021706	-0.986133	0.164531	-0.570813	-0.122885	-0.811832	66.587425	45.306732	938.128662	
0.837974	-0.171207	-0.518158	-0.044089	-0.967647	0.248423	-0.543925	-0.185327	-0.818413	50.854168	47.670506	931.232788	
0.837152	-0.227390	-0.497464	-0.063961	-0.943947	0.323841	-0.543216	-0.239286	-0.804772	32.552238	51.744137	915.089233	
0.819291	-0.343851	-0.458834	-0.169983	-0.909913	0.378370	-0.547601	-0.232001	-0.803933	14.757932	54.415516	906.324097	
0.783662	-0.456792	-0.420969	-0.241244	-0.848290	0.471386	-0.572428	-0.267851	-0.774972	5.896623	55.140137	891.800110	
0.726549	-0.567348	-0.387611	-0.339074	-0.786683	0.515904	-0.597623	-0.243401	-0.763938	-12.994175	55.343811	883.584473	
0.651170	-0.663416	-0.368587	-0.381196	-0.705863	0.597031	-0.656251	-0.248265	-0.712529	-32.958801	54.473644	877.755188	
0.564847	-0.747253	-0.350087	-0.397456	-0.618156	0.678168	-0.723170	-0.243917	-0.646164	-52.849716	53.360909	873.074219	
0.467565	-0.825514	-0.316087	-0.408875	-0.519001	0.750640	-0.783711	-0.221732	-0.580199	-71.685028	50.022079	868.552246	
0.412636	-0.866239	-0.281712	-0.415357	-0.454177	0.788163	-0.810684	-0.208213	-0.547209	-81.048103	44.999512	864.316650	
0.360211	-0.899302	-0.248000	-0.357050	-0.378510	0.853959	-0.861836	-0.219057	-0.457439	-89.704872	39.271133	847.439270	
0.278972	-0.938663	-0.202700	-0.358504	-0.297619	0.884816	-0.890869	-0.174170	-0.419541	-105.837753	35.066563	825.708496	
0.138512	-0.971277	-0.193481	-0.291695	-0.226708	0.929257	-0.946428	-0.072275	-0.314718	-121.491974	31.340023	812.813660	
0.022028	-0.983376	-0.180240	-0.209903	-0.180814	0.960858	-0.977473	0.016668	-0.210396	-135.297272	26.180197	802.260742	
-0.071500	-0.982996	-0.169137	-0.123373	-0.159553	0.979450	-0.989780	0.090898	-0.109866	-147.589355	21.243221	784.658813	
-0.211466	-0.966778	-0.143604	-0.026015	-0.141307	0.989624	-0.977038	0.213008	0.004732	-153.071609	14.928347	774.082520	
-0.283297	-0.950428	-0.128176	0.086607	-0.158460	0.983560	-0.955113	0.267539	0.127206	-161.400330	8.269720	766.914612	
-0.348707	-0.930248	-0.114201	0.130859	-0.168980	0.976894	-0.928050	0.325706	0.180657	-165.276947	1.141748	756.615723	
-0.470067	-0.876507	-0.103787	0.210785	-0.225667	0.951128	-0.857091	0.425218	0.290834	-169.530029	-12.882475	739.489441	
-0.526319	-0.845175	-0.093096	0.294925	-0.284149	0.912293	-0.797500	0.452701	0.398818	-171.362839	-26.437563	727.738037	
-0.638163	-0.766478	-0.072509	0.305682	-0.338689	0.889859	-0.706615	0.545711	0.450439	-171.516174	-34.433441	723.370728	
-0.688837	-0.722112	-0.063688	0.327669	-0.388527	0.861208	-0.646634	0.572364	0.504247	-170.389618	-41.695374	718.659912	
-0.779836	-0.624382	-0.044737	0.347957	-0.491780	0.798172	-0.520365	0.606877	0.600767	-169.192474	-48.979309	713.992249	
-0.855496	-0.515600	-0.047761	0.307417	-0.579958	0.754416	-0.416677	0.630718	0.654658	-162.034668	-63.659512	701.397949	
-0.918642	-0.392492	-0.045226	0.246889	-0.659649	0.709866	-0.308450	0.640947	0.702884	-158.434525	-71.210091	683.698608	
-0.967182	-0.252576	-0.027618	0.180579	-0.759784	0.624596	-0.178743	0.599111	0.780460	-156.272919	-88.064613	683.534729	
-0.982856	-0.180206	-0.038973	0.134872	-0.846862	0.514427	-0.125709	0.500351	0.856649	-145.431351	-96.969925	677.481262	
-0.991935	-0.126589	-0.006117	0.111571	-0.895122	0.431635	-0.060117	0.427471	0.902029	-129.703415	-110.922638	664.653870	
-0.999975	0.004670	-0.005107	-0.006102	-0.943085	0.332496	-0.003265	0.332519	0.943092	-114.421242	-117.078308	651.324585	
-0.984688	0.171333	0.032146	-0.166875	-0.979780	0.110380	0.050406	0.103325	0.993370	-107.894501	-125.217209	655.409729	
-0.977910	0.207258	0.027100	-0.201012	-0.968046	0.149934	0.057308	0.141175	0.988325	-88.512802	-131.058624	636.765808	
-0.961151	0.273943	0.033818	-0.268773	-0.956753	0.111283	0.062839	0.097870	0.993214	-80.091125	-137.389832	624.650940	
-0.913588	0.406365	0.014925	-0.405365	-0.913017	0.045589	0.032151	0.035600	0.998850	-71.638710	-143.101181	616.195740	
-0.875643	0.480537	0.048289	-0.482950	-0.870762	-0.092366	-0.002338	-0.104201	0.994554	-62.399727	-154.871078	606.038452	
-0.844262	0.535641	-0.017576	-0.532977	-0.842598	-0.077218	-0.056171	-0.055825	0.996860	-54.073208	-155.035568	592.091797	
-0.767600	0.639701	-0.039641	-0.632184	-0.765861	-0.117470	-0.105506	-0.065109	0.992286	-34.910957	-163.842819	588.149109	
-0.654406	0.754814	-0.044803	-0.700449	-0.627460	-0.340092	-0.284819	-0.191176	0.939325	-25.092165	-171.232925	589.360474	
-0.534732	0.841716	-0.074667	-0.723217	-0.501567	-0.474749	-0.437055	-0.199863	0.876949	-6.847219	-176.361115	576.363831	
-0.422269	0.903521	-0.073059	-0.745685	-0.392066	-0.538736	-0.515403	-0.173013	0.839302	10.491062	-181.435852	571.799683	
-0.321049	0.946245	-0.039335	-0.724982	-0.272277	-0.632664	-0.609365	-0.174599	0.773428	18.155104	-184.432404	558.685303	
-0.211625	0.977073	-0.023287	-0.697118	-0.167603	-0.697090	-0.685010	-0.131288	0.716606	24.009804	-183.198730	548.740784	
-0.039889	0.999158	0.009558	-0.581462	-0.015432	-0.813427	-0.812595	-0.038004	0.581588	45.679001	-194.960007	572.968994	
-0.039889	0.999158	0.009558	-0.581462	-0.015432	-0.813427	-0.812595	-0.038004	0.581588	45.679001	-194.960007	572.968994	
-0.039889	0.999158	0.009558	-0.581462	-0.015432	-0.813427	-0.812595	-0.038004	0.581588	45.679001	-194.960007	572.968994	
-0.039889	0.999158	0.009558	-0.581462	-0.015432	-0.813427	-0.812595	-0.038004	0.581588	45.679001	-194.960007	572.968994	
-0.039889	0.999158	0.009558	-0.581462	-0.015432	-0.813427	-0.812595	-0.038004	0.581588	45.679001	-194.960007	572.968994	
-0.039889	0.999158	0.009558	-0.581462	-0.015432	-0.813427	-0.812595	-0.038004	0.581588	45.679001	-194.960007	572.968994	
-0.039889	0.999158	0.009558	-0.581462	-0.015432	-0.813427	-0.812595	-0.038004	0.581588	45.679001	-194.960007	572.968994	
-0.039889	0.999158	0.009558	-0.581462	-0.015432	-0.813427	-0.812595	-0.038004	0.581588	45.679001	-194.960007	572.968994	
-0.039889	0.999158	0.009558	-0.581462	-0.015432	-0.813427	-0.812595	-0.038004	0.581588	45.679001	-194.960007	572.968994	
-0.039889	0.999158	0.009558	-0.581462	-0.015432	-0.813427	-0.812595	-0.038004	0.581588	45.679001	-194.960007	572.968994	
-0.039889	0.999158	0.009558	-0.581462	-0.015432	-0.813427	-0.812595	-0.038004	0.581588	45.679001	-194.960007	572.968994	
-0.039889	0.999158	0.009558	-0.581462	-0.015432	-0.813427	-0.812595	-0.038004	0.581588	45.679001	-194.960007	572.968994	
-0.039889	0.999158	0.009558	-0.581462	-0.015432	-0.813427	-0.812595	-0.038004	0.581588	45.679001	-194.960007	572.968994	
0.866909	0.469165	-0.168385	0.198569	-0.634886	-0.746652	-0.457209	0.613843	-0.643551	55.692120	-137.715454	570.607178	
0.920189	0.345414	-0.184232	0.148750	-0.743824	-0.651613	-0.362112	0.572203	-0.735839	42.879951	-131.147461	574.997925	
0.939857	0.278850	-0.197263	0.109145	-0.792418	-0.600134	-0.323662	0.542510	-0.775194	28.452442	-124.360268	579.457214	
0.954961	0.210857	-0.208780	0.084794	-0.868175	-0.488959	-0.284358	0.449235	-0.846953	20.213799	-117.266907	587.114563	
0.967811	0.075435	-0.240106	-0.034202	-0.905754	-0.422421	-0.249343	0.417036	-0.874019	2.613145	-110.445618	596.611633	
0.961953	0.008219	-0.273091	-0.093623	-0.929116	-0.357741	-0.256674	0.369698	-0.892996	-15.552202	-96.257782	604.371460	
0.948809	-0.124431	-0.290307	-0.195673	-0.953072	-0.231010	-0.247939	0.275990	-0.928631	-34.753780	-88.871338	611.831787	
0.911531	-0.251444	-0.325401	-0.297986	-0.949182	-0.101280	-0.283399	0.189286	-0.940136	-44.601650	-74.141975	619.112610	
0.855744	-0.370508	-0.361145	-0.386430	-0.921829	0.030073	-0.344056	0.113823	-0.932024	-54.403072	-66.606186	627.457520	
0.815542	-0.421800	-0.396200	-0.392169	-0.906292	0.157605	-0.425551	0.026845	-0.904536	-74.585716	-52.336727	641.577393	
0.734776	-0.523065	-0.431863	-0.480493	-0.850762	0.212913	-0.478780	0.051064	-0.876449	-94.371300	-45.033997	645.932800	
0.641948	-0.607040	-0.468406	-0.550305	-0.790161	0.269833	-0.533916	0.084548	-0.841300	-113.280251	-38.633293	659.625366	
0.585306	-0.634558	-0.504729	-0.514866	-0.771765	0.373219	-0.626362	0.041421	-0.778432	-132.050308	-32.595787	675.043762	
0.524192	-0.657826	-0.540819	-0.467101	-0.753107	0.463302	-0.712067	0.009758	-0.702044	-140.688385	-20.213507	680.265930	
0.415153	-0.702246	-0.578357	-0.507732	-0.706363	0.493215	-0.754888	0.088890	-0.649802	-148.732758	-7.321838	685.436768	
0.313079	-0.740939	-0.594129	-0.546318	-0.652219	0.525498	-0.776864	0.160061	-0.608985	-155.979202	-2.259364	696.258179	
0.209179	-0.762762	-0.611912	-0.515388	-0.617786	0.593900	-0.831035	0.191141	-0.522347	-169.209198	2.452942	702.345337	
0.154329	-0.741855	-0.652558	-0.420794	-0.646929	0.635938	-0.893932	0.176448	-0.412008	-180.973709	8.009531	715.480286	
0.045182	-0.721989	-0.690427	-0.434710	-0.636476	0.637124	-0.899436	0.271348	-0.342614	-185.996765	16.913322	723.098938	
-0.064152	-0.683099	-0.727502	-0.399549	-0.650443	0.645976	-0.914464	0.332113	-0.231205	-190.882523	21.607388	728.764099	
-0.118800	-0.633541	-0.764534	-0.402913	-0.672985	0.620286	-0.907495	0.381730	-0.175312	-192.510742	28.347527	740.804016	
-0.165419	-0.615085	-0.770913	-0.339662	-0.698327	0.630055	-0.925887	0.366073	-0.093406	-194.112030	35.959717	750.170776	
-0.200359	-0.579413	-0.790023	-0.291739	-0.734510	0.612687	-0.935278	0.353237	-0.021873	-195.143967	37.769596	766.373718	
-0.278979	-0.531581	-0.799745	-0.258879	-0.760346	0.595699	-0.924744	0.373224	0.074505	-194.920303	39.595181	776.621765	
-0.316814	-0.498370	-0.807005	-0.237000	-0.782250	0.576123	-0.918401	0.373783	0.129713	-190.985291	41.574902	793.393921	
-0.349653	-0.436443	-0.829011	-0.223891	-0.820301	0.526289	-0.909734	0.369626	0.189105	-184.624008	43.830368	791.867188	
-0.318237	-0.401460	-0.858811	-0.260082	-0.834178	0.486320	-0.911637	0.378125	0.161053	-180.300156	43.585205	814.546021	
-0.302227	-0.335343	-0.892303	-0.278587	-0.864136	0.419117	-0.911618	0.375252	0.167742	-175.727722	43.137230	830.997070	
-0.250794	-0.288508	-0.924049	-0.278952	-0.892527	0.354376	-0.926978	0.346640	0.143360	-162.860367	41.644970	834.172852	
-0.175880	-0.276906	-0.944663	-0.264899	-0.910914	0.316333	-0.948101	0.305876	0.086859	-154.611069	37.773888	845.224365	
-0.184522	-0.222203	-0.957380	-0.302218	-0.914083	0.270403	-0.935209	0.339232	0.101514	-141.305328	35.186386	865.307434	
-0.159775	-0.153085	-0.975211	-0.392952	-0.896396	0.205093	-0.905572	0.415979	0.083066	-132.787979	30.493155	879.041138	
-0.213991	-0.087981	-0.972865	-0.276585	-0.949723	0.146726	-0.936861	0.300477	0.178897	-119.268112	24.707037	900.874084	
-0.203259	-0.057967	-0.977407	-0.220345	-0.969932	0.103347	-0.954009	0.236373	0.184375	-101.163185	17.569441	913.025879	
-0.173805	-0.035926	-0.984124	-0.216220	-0.973557	0.073727	-0.960750	0.225601	0.161440	-82.009842	14.025026	918.230164	
-0.101322	-0.008297	-0.994819	-0.220121	-0.974994	0.030551	-0.970196	0.222075	0.096961	-62.364288	4.319905	935.212219	
-0.040290	0.002091	-0.999186	-0.218529	-0.975807	0.006771	-0.974999	0.218623	0.039772	-41.999985	-0.892367	940.076050	
0.026368	0.001212	-0.999651	-0.206473	-0.978430	-0.006632	-0.978097	0.206575	-0.025549	-31.572525	-5.869509	945.702087	
0.069513	-0.011324	-0.997516	-0.207215	-0.978290	-0.003333	-0.975823	0.206931	-0.070351	-21.013577	-16.697273	959.109009	
0.152074	-0.045800	-0.987307	-0.270110	-0.962825	0.003060	-0.950744	0.266216	-0.158792	-1.288403	-22.135595	971.894653	
0.233328	-0.103671	-0.966855	-0.343266	-0.939069	0.017853	-0.909795	0.327723	-0.254698	18.244558	-28.882036	978.039917	
0.279389	-0.173115	-0.944442	-0.409227	-0.911274	0.045977	-0.868606	0.373646	-0.325443	27.363733	-36.008850	982.304199	
0.297613	-0.213228	-0.930569	-0.365979	-0.925754	0.095078	-0.881752	0.312272	-0.353554	35.464348	-49.119541	981.382446	
0.343713	-0.278559	-0.896808	-0.302631	-0.936900	0.175026	-0.888975	0.211243	-0.406325	51.363037	-62.610378	988.220581	
0.341485	-0.322437	-0.882848	-0.252360	-0.936277	0.244339	-0.905374	0.139358	-0.401095	65.232635	-69.528427	1000.353943	
0.311201	-0.395107	-0.864317	-0.322698	-0.899375	0.294945	-0.893879	0.187126	-0.407386	78.032196	-84.278305	1001.755066	
0.288390	-0.490674	-0.822234	-0.390508	-0.844330	0.366893	-0.874262	0.215281	-0.435109	88.314659	-91.658485	1008.312561	
0.237971	-0.558538	-0.794609	-0.392610	-0.803612	0.447287	-0.888385	0.205530	-0.410524	93.058922	-105.575317	1007.181213	
0.169065	-0.617071	-0.768530	-0.438006	-0.745566	0.502278	-0.882932	0.251703	-0.396330	96.093193	-113.065109	1010.380554	
0.132478	-0.687603	-0.713898	-0.440234	-0.686126	0.579160	-0.888057	0.237556	-0.393602	98.928673	-119.920990	1012.865295	
0.083524	-0.724139	-0.684576	-0.436790	-0.644072	0.628002	-0.895678	0.246562	-0.370092	100.724602	-133.382248	1015.247437	
-0.009420	-0.758006	-0.652179	-0.472183	-0.571543	0.671105	-0.881450	0.314269	-0.352534	100.964867	-146.249664	1015.486511	
-0.106601	-0.780652	-0.615806	-0.479682	-0.502121	0.719569	-0.870943	0.372098	-0.320939	100.231834	-152.628525	1016.806641	
-0.181308	-0.788016	-0.588351	-0.422657	-0.477757	0.770136	-0.887969	0.388302	-0.246439	97.850655	-162.836517	1005.655640	
-0.213796	-0.814809	-0.538866	-0.346472	-0.452514	0.821698	-0.913372	0.362377	-0.185563	91.487915	-176.350693	1019.431213	
-0.329627	-0.825843	-0.457524	-0.301720	-0.367050	0.879908	-0.894601	0.428085	-0.128185	87.111397	-182.343353	1023.783386	
-0.397001	-0.818679	-0.414915	-0.181586	-0.373072	0.909859	-0.899676	0.436557	-0.000551	76.560692	-188.241501	1027.577637	
-0.501995	-0.781171	-0.371177	-0.078905	-0.386016	0.919111	-0.861264	0.490676	0.132139	63.904728	-192.717224	1025.141357	
-0.623157	-0.730220	-0.280097	0.038240	-0.386156	0.921640	-0.781162	0.563615	0.268558	56.712536	-197.289703	1027.283936	
-0.725686	-0.661615	-0.188800	0.107528	-0.380097	0.918675	-0.679572	0.646368	0.346972	49.018600	-203.003235	1022.426025	
-0.817921	-0.567872	-0.092347	0.161190	-0.380268	0.910721	-0.552289	0.730012	0.402563	40.471371	-206.581543	1020.963379	
-0.852128	-0.521936	-0.038239	0.263614	-0.491207	0.830195	-0.452092	0.697351	0.556159	33.876579	-213.126205	1035.307129	
-0.864879	-0.493365	-0.092604	0.283240	-0.631934	0.721412	-0.414439	0.597704	0.686286	17.496723	-219.652771	1053.758179	
-0.887160	-0.452514	-0.090433	0.267815	-0.664482	0.697666	-0.375795	0.594722	0.710691	8.973935	-221.060425	1045.877808	
-0.917389	-0.390000	-0.079353	0.201952	-0.627972	0.751575	-0.342946	0.673462	0.654856	-10.034089	-219.208160	1004.859375	
-0.955128	-0.293578	-0.039278	0.127469	-0.527119	0.840176	-0.267361	0.797469	0.540888	-18.899925	-212.818741	952.631714	
-0.944183	-0.065471	0.322849	0.250459	-0.779286	0.574442	0.213982	0.623239	0.752186	-47.513802	-214.682999	994.314026	
-0.944183	-0.065471	0.322849	0.250459	-0.779286	0.574442	0.213982	0.623239	0.752186	-47.513802	-214.682999	994.314026	
-0.944183	-0.065471	0.322849	0.250459	-0.779286	0.574442	0.213982	0.623239	0.752186	-47.513802	-214.682999	994.314026	
-0.944183	-0.065471	0.322849	0.250459	-0.779286	0.574442	0.213982	0.623239	0.752186	-47.513802	-214.682999	994.314026	
-0.721929	0.331834	0.607211	-0.290439	-0.941786	0.169364	0.628064	-0.054089	0.776280	-93.784203	-199.863724	955.765747	
-0.656124	0.358446	0.664093	-0.365500	-0.920836	0.135909	0.660236	-0.153553	0.735194	-103.004272	-197.200211	942.716492	
-0.583758	0.397342	0.708059	-0.462971	-0.879302	0.111742	0.666997	-0.262581	0.697257	-110.076752	-192.106277	925.546875	
-0.423760	0.421608	0.801670	-0.698046	-0.716013	0.007576	0.577201	-0.556392	0.597719	-124.785576	-184.284576	933.280945	
-0.359710	0.451960	0.816297	-0.819449	-0.571405	-0.044729	0.446220	-0.685004	0.575898	-129.778580	-172.486252	921.938171	
-0.287319	0.459731	0.840295	-0.921012	-0.373514	-0.110566	0.263031	-0.805690	0.530734	-133.943359	-161.378479	908.555237	
-0.239095	0.435408	0.867902	-0.964318	-0.211125	-0.159739	0.113684	-0.875127	0.470351	-141.294266	-149.266968	899.670288	
-0.165399	0.363163	0.916928	-0.985097	-0.016342	-0.171222	-0.047197	-0.931583	0.360453	-143.455566	-136.069855	890.888977	
-0.044913	0.342636	0.938394	-0.975721	0.186519	-0.114802	-0.214363	-0.920767	0.325940	-147.333832	-122.774994	873.185669	
-0.020906	0.252817	0.967289	-0.933615	0.341184	-0.109351	-0.357669	-0.905361	0.228900	-145.075333	-106.856369	839.404541	
-0.007854	0.171021	0.985236	-0.892447	0.443255	-0.084056	-0.451086	-0.879931	0.149145	-142.029831	-100.115166	838.919250	
0.002245	0.068601	0.997642	-0.813695	0.580047	-0.038054	-0.581289	-0.811690	0.057122	-139.792007	-95.344818	853.909668	
0.008039	-0.052436	0.998592	-0.696245	0.716502	0.043230	-0.717760	-0.695612	-0.030749	-133.663757	-80.340385	838.531189	
-0.012313	-0.109399	0.993922	-0.521890	0.848572	0.086935	-0.852924	-0.517647	-0.067543	-129.151688	-72.039803	826.258545	
-0.036566	-0.224476	0.973794	-0.368504	0.908804	0.195657	-0.928907	-0.351692	-0.115952	-118.762955	-63.871506	809.038452	
-0.068541	-0.279486	0.957701	-0.265289	0.930503	0.252563	-0.961730	-0.236756	-0.137922	-112.646400	-55.670204	803.795349	
-0.116517	-0.382662	0.916512	-0.176721	0.916060	0.360007	-0.977340	-0.120019	-0.174360	-105.739960	-41.263004	798.545288	
-0.147778	-0.427962	0.891634	-0.077963	0.903768	0.420865	-0.985943	-0.007320	-0.166922	-98.144501	-27.059370	788.513977	
-0.176948	-0.473114	0.863049	0.091998	0.865096	0.493099	-0.979911	0.166652	-0.109551	-81.795517	-12.425197	773.651672	
-0.264501	-0.492136	0.829363	0.283430	0.782342	0.554627	-0.921796	0.381766	-0.067444	-72.971909	-5.660469	768.636047	
-0.325535	-0.515876	0.792402	0.364889	0.704591	0.608612	-0.872287	0.487263	-0.041131	-63.595726	1.696261	756.308960	
-0.381213	-0.535836	0.753364	0.466351	0.592163	0.657161	-0.798245	0.601850	0.024148	-53.115479	8.582008	740.064819	
-0.445085	-0.545756	0.709965	0.510945	0.496329	0.701850	-0.735415	0.675136	0.057943	-33.637871	20.602417	723.588501	
-0.526915	-0.583892	0.617601	0.551241	0.318314	0.771240	-0.646911	0.746825	0.154141	-23.611454	30.856316	718.098450	
-0.608516	-0.605660	0.512723	0.558146	0.132613	0.819077	-0.564076	0.784597	0.257350	-13.778096	35.544861	708.057739	
-0.698322	-0.551265	0.456570	0.577608	-0.057269	0.814303	-0.422749	0.832364	0.358407	-3.013205	43.748383	701.429993	
-0.753883	-0.521366	0.399800	0.549517	-0.166814	0.818661	-0.360130	0.836871	0.412258	7.539804	47.204693	683.306213	
-0.828948	-0.443775	0.340457	0.506536	-0.337475	0.793431	-0.237210	0.830167	0.504536	17.485622	50.897038	673.644836	
-0.907520	-0.354834	0.224728	0.388748	-0.507062	0.769262	-0.159010	0.785483	0.598109	35.168846	53.577656	657.029297	
-0.944743	-0.314807	0.091427	0.282221	-0.639185	0.715399	-0.166775	0.701671	0.692710	51.389584	56.457405	648.640991	
-0.977612	-0.208777	0.026231	0.176140	-0.743774	0.644808	-0.115112	0.634992	0.763895	58.510941	58.111687	643.997620	
-0.987300	-0.154184	-0.038300	0.099744	-0.789222	0.605955	-0.123657	0.594440	0.794577	72.030037	59.437531	639.367676	
-0.989501	-0.099066	-0.105234	0.023054	-0.826991	0.561743	-0.142678	0.553420	0.820592	83.037354	59.508099	630.902405	
-0.984978	0.009077	-0.172446	-0.090306	-0.878259	0.469584	-0.147190	0.478103	0.865884	92.443619	58.522182	623.823181	
-0.969715	0.061455	-0.236385	-0.159180	-0.893071	0.420818	-0.185247	0.445701	0.875806	96.511528	57.190975	616.129761	
-0.940362	0.163386	-0.298370	-0.272331	-0.887184	0.372481	-0.203852	0.431523	0.878769	98.959579	53.522148	604.801453	
-0.896690	0.257654	-0.359947	-0.377913	-0.869000	0.319408	-0.230497	0.422440	0.876594	100.548195	51.117928	601.952148	
-0.857870	0.296154	-0.419945	-0.415700	-0.880372	0.228343	-0.302083	0.370460	0.878355	101.434441	45.381645	598.336853	
-0.812961	0.333140	-0.477612	-0.464554	-0.865579	0.186984	-0.351120	0.373888	0.858443	100.186157	37.993870	592.810059	
-0.729938	0.345330	-0.589864	-0.489974	-0.866064	0.099299	-0.476569	0.361500	0.801375	96.408752	29.236286	589.866455	
-0.655277	0.397531	-0.642326	-0.560107	-0.826242	0.060046	-0.506847	0.399119	0.764077	93.495041	19.975370	586.498474	
-0.538786	0.409641	-0.736142	-0.622755	-0.782148	0.020557	-0.567351	0.469512	0.676516	85.842117	13.969801	584.833740	
-0.416244	0.389454	-0.821625	-0.674093	-0.738597	-0.008596	-0.610198	0.550274	0.569965	75.498489	7.710500	580.886353	
-0.354054	0.367584	-0.859958	-0.655827	-0.753125	-0.051907	-0.666736	0.545607	0.507719	63.458267	0.922147	577.944275	
-0.293713	0.340226	-0.893297	-0.635077	-0.767906	-0.083657	-0.714431	0.542742	0.441614	49.418591	-6.478991	573.399475	
-0.222976	0.319120	-0.921110	-0.645824	-0.756145	-0.105631	-0.730201	0.571323	0.374698	33.877991	-19.624006	572.036316	
-0.143012	0.220879	-0.964759	-0.612772	-0.785239	-0.088944	-0.777212	0.578459	0.247648	25.649033	-27.413361	570.986267	
-0.063132	0.108596	-0.992079	-0.608403	-0.792176	-0.047998	-0.791113	0.600555	0.116083	8.125997	-35.573334	570.073425	
0.020416	-0.018072	-0.999629	-0.573430	-0.819249	0.003099	-0.819001	0.573155	-0.027088	-1.118306	-43.958393	568.779053	
0.102561	-0.105134	-0.989156	-0.525455	-0.850066	0.035868	-0.844618	0.516079	-0.142426	-21.338972	-59.191380	566.118042	
0.166313	-0.241478	-0.956049	-0.519217	-0.845704	0.123285	-0.838305	0.475894	-0.266030	-41.014580	-68.000237	562.069397	
0.242333	-0.325249	-0.914051	-0.491502	-0.853445	0.173376	-0.836482	0.407244	-0.366677	-60.735794	-85.308907	555.100159	
0.212952	-0.351002	-0.911839	-0.414730	-0.877474	0.240915	-0.884676	0.326864	-0.332430	-76.651642	-101.471382	551.261597	
0.167350	-0.384681	-0.907754	-0.345544	-0.885219	0.311427	-0.923360	0.261552	-0.281064	-83.313194	-109.939369	560.091370	
0.161956	-0.434694	-0.885897	-0.254397	-0.885796	0.388135	-0.953443	0.162509	-0.254043	-91.082237	-117.465752	570.729065	
0.151884	-0.520043	-0.840529	-0.408371	-0.807434	0.425773	-0.900092	0.278580	-0.335006	-100.967354	-118.721664	547.603088	
-0.133532	-0.776703	-0.615550	-0.632657	-0.411279	0.656197	-0.762833	0.477055	-0.436467	-132.975006	-134.408005	598.591003	
-0.133532	-0.776703	-0.615550	-0.632657	-0.411279	0.656197	-0.762833	0.477055	-0.436467	-132.975006	-134.408005	598.591003	
-0.133532	-0.776703	-0.615550	-0.632657	-0.411279	0.656197	-0.762833	0.477055	-0.436467	-132.975006	-134.408005	598.591003	
-0.363805	-0.852048	-0.376377	-0.502843	-0.160482	0.849349	-0.784088	0.498256	-0.370063	-169.891052	-170.631256	611.348022	
-0.456176	-0.855834	-0.243826	-0.434454	-0.024935	0.900348	-0.776629	0.516649	-0.360446	-176.724808	-176.240723	619.287109	
-0.510868	-0.852807	-0.108325	-0.314247	0.067970	0.946904	-0.800164	0.517784	-0.302715	-185.957672	-185.625778	624.927124	
-0.554573	-0.831602	0.029775	-0.208682	0.173624	0.962447	-0.805544	0.527534	-0.269828	-193.611160	-190.004562	631.462402	
-0.587474	-0.791895	0.166663	-0.097003	0.273375	0.957003	-0.803408	0.546048	-0.237416	-198.511200	-193.561615	632.991821	
-0.634323	-0.711232	0.302956	0.061570	0.344165	0.936887	-0.770612	0.612943	-0.174521	-201.960999	-196.261002	645.403137	
-0.658054	-0.617249	0.431240	0.226958	0.383487	0.895224	-0.717951	0.686980	-0.112266	-202.254272	-201.814835	649.427612	
-0.656428	-0.514792	0.551444	0.373703	0.413092	0.830482	-0.655323	0.751228	-0.078786	-201.461823	-205.618622	663.360046	
-0.610338	-0.433282	0.663139	0.517082	0.416271	0.747893	-0.600094	0.799365	-0.030023	-200.265579	-207.449127	673.886047	
-0.603545	-0.355250	0.713813	0.624302	0.346323	0.700218	-0.495963	0.868250	0.012762	-197.320450	-209.257309	682.946228	
-0.536033	-0.254110	0.805044	0.757989	0.274945	0.591487	-0.371645	0.927272	0.045233	-189.085907	-208.337372	686.755371	
-0.446422	-0.165899	0.879308	0.854816	0.211476	0.473885	-0.264569	0.963200	0.047406	-184.589218	-207.231995	703.080872	
-0.388359	-0.131306	0.912104	0.900094	0.158087	0.406003	-0.197502	0.978655	0.056794	-179.291245	-204.972595	715.392517	
-0.265657	-0.078630	0.960855	0.958789	0.082606	0.271845	-0.100748	0.993475	0.053445	-165.464218	-202.273529	727.315796	
-0.132187	-0.038577	0.990473	0.990868	0.021641	0.133083	-0.026569	0.999021	0.035364	-149.573029	-198.143555	744.212158	
0.004737	-0.011133	0.999926	0.999009	-0.044208	-0.005225	0.044263	0.998960	0.010913	-132.297562	-195.205566	753.917786	
0.125359	0.023782	0.991826	0.978990	-0.165017	-0.119780	0.160820	0.986004	-0.043968	-115.750893	-191.566696	767.788818	
0.205854	0.006430	0.978561	0.941787	-0.272936	-0.196324	0.265823	0.962011	-0.062240	-105.290649	-184.730148	784.537231	
0.336523	-0.000281	0.941675	0.880474	-0.354531	-0.314758	0.333942	0.935044	-0.119061	-94.749947	-175.550278	801.570557	
0.459509	-0.038627	0.887332	0.791126	-0.436293	-0.428681	0.403696	0.898975	-0.169922	-75.727158	-165.577850	820.634766	
0.575979	-0.070998	0.814375	0.698362	-0.475074	-0.535344	0.424898	0.877077	-0.224050	-64.565948	-159.754684	838.001770	
0.672629	-0.133455	0.727846	0.570432	-0.533028	-0.624890	0.471358	0.835506	-0.282402	-45.264687	-149.371017	850.859436	
0.714677	-0.170809	0.678277	0.484118	-0.579118	-0.655935	0.504843	0.797149	-0.331191	-24.842173	-143.502426	865.278870	
0.783827	-0.253492	0.566884	0.329876	-0.603456	-0.725962	0.526116	0.756031	-0.389383	-5.694538	-130.704422	879.146362	
0.838376	-0.306872	0.450505	0.191295	-0.608270	-0.770332	0.510423	0.732008	-0.451256	4.230686	-117.399551	885.724304	
0.854635	-0.348460	0.384935	0.095179	-0.623658	-0.775880	0.510432	0.699733	-0.499833	13.623400	-110.693871	893.562988	
0.867428	-0.429772	0.250729	-0.063822	-0.595856	-0.800551	0.493453	0.678418	-0.544290	21.793674	-96.664841	906.432007	
0.875349	-0.469641	0.114898	-0.189631	-0.552087	-0.811936	0.444752	0.688939	-0.572326	29.544209	-81.547333	908.262939	
0.843628	-0.534660	0.049296	-0.280661	-0.517384	-0.808420	0.457735	0.668171	-0.586537	36.380276	-67.379684	926.163879	
0.805256	-0.592695	-0.016581	-0.363340	-0.471162	-0.803735	0.468557	0.653238	-0.594755	42.428787	-53.164951	943.609497	
0.757927	-0.647364	-0.080411	-0.448124	-0.427107	-0.785343	0.474059	0.631268	-0.613814	52.652912	-46.431641	959.835327	
0.722112	-0.655737	-0.220370	-0.550412	-0.351649	-0.757225	0.419047	0.668096	-0.614854	60.507942	-32.261459	962.998291	
0.686586	-0.668492	-0.285863	-0.610508	-0.316585	-0.725984	0.394814	0.672973	-0.625481	63.457455	-18.535816	968.018311	
0.623012	-0.700053	-0.348972	-0.669221	-0.246059	-0.701141	0.404968	0.670359	-0.621786	65.003883	-4.073562	973.355896	
0.583570	-0.701392	-0.409262	-0.711484	-0.198668	-0.674034	0.391454	0.684530	-0.614964	67.044609	8.708233	988.343567	
0.544457	-0.689761	-0.477280	-0.753009	-0.151266	-0.640387	0.369518	0.708060	-0.601753	66.113007	20.978844	991.809875	
0.500798	-0.680957	-0.534321	-0.786341	-0.099927	-0.609657	0.361757	0.725474	-0.585506	64.257225	26.523685	1001.091919	
0.463668	-0.659231	-0.591967	-0.812513	-0.049941	-0.580799	0.353317	0.750280	-0.558789	61.266144	37.297966	1013.738525	
0.404072	-0.582267	-0.705471	-0.854078	0.035995	-0.518898	0.327531	0.812200	-0.482756	52.861332	48.259777	1010.071838	
0.359326	-0.553655	-0.751232	-0.876547	0.075999	-0.475278	0.320233	0.829271	-0.457995	47.885635	58.907249	1019.061035	
0.303049	-0.542237	-0.783670	-0.895764	0.118557	-0.428428	0.325220	0.831820	-0.449786	37.606148	67.868385	1026.518433	
0.240738	-0.513803	-0.823438	-0.904320	0.189372	-0.382549	0.352491	0.836746	-0.419052	25.008591	76.923996	1041.029663	
0.186526	-0.478190	-0.858219	-0.904136	0.258219	-0.340383	0.384377	0.839439	-0.384183	16.713018	84.128471	1041.109741	
0.088961	-0.458778	-0.884085	-0.910161	0.323102	-0.259252	0.404589	0.827725	-0.388817	4.279306	83.981094	1018.054626	
0.087822	-0.328382	-0.940453	-0.890636	0.396966	-0.221780	0.446156	0.857079	-0.257606	-17.283800	91.493599	1060.719971	
0.087822	-0.328382	-0.940453	-0.890636	0.396966	-0.221780	0.446156	0.857079	-0.257606	-17.283800	91.493599	1060.719971	
0.087822	-0.328382	-0.940453	-0.890636	0.396966	-0.221780	0.446156	0.857079	-0.257606	-17.283800	91.493599	1060.719971	
0.087822	-0.328382	-0.940453	-0.890636	0.396966	-0.221780	0.446156	0.857079	-0.257606	-17.283800	91.493599	1060.719971	
-0.005641	0.043539	-0.999036	-0.831970	0.554071	0.028845	0.554793	0.831330	0.033098	-65.519684	95.594498	1062.136719	
-0.013825	0.176618	-0.984183	-0.809395	0.575950	0.114728	0.587103	0.798178	0.134992	-85.978775	95.544334	1070.527466	
-0.008183	0.236701	-0.971548	-0.794788	0.588068	0.149967	0.606834	0.773401	0.183315	-96.228859	94.812180	1074.921753	
0.002856	0.351872	-0.936044	-0.768283	0.599943	0.223183	0.640105	0.718509	0.272050	-106.278351	91.317780	1073.188110	
0.015689	0.410990	-0.911505	-0.748229	0.609535	0.261956	0.663256	0.677904	0.317077	-116.492180	87.570816	1076.239380	
0.042961	0.468079	-0.882642	-0.726116	0.621443	0.294219	0.686230	0.628260	0.366577	-125.067726	82.410446	1073.988159	
0.071809	0.518470	-0.852076	-0.693783	0.639723	0.330789	0.716596	0.567402	0.405643	-133.511002	76.086845	1071.665283	
0.108175	0.564983	-0.817981	-0.664431	0.653131	0.363252	0.739480	0.504197	0.446044	-140.628418	68.028435	1063.563599	
0.149109	0.609369	-0.778740	-0.636274	0.661973	0.396168	0.756917	0.436419	0.486431	-147.695694	64.130188	1057.578247	
0.189502	0.647964	-0.737720	-0.606605	0.668061	0.430959	0.772088	0.365837	0.519657	-153.390045	54.149448	1053.899536	
0.219101	0.685717	-0.694109	-0.595068	0.657684	0.461895	0.773233	0.311840	0.552147	-164.261887	43.670956	1052.449829	
0.275038	0.748799	-0.603038	-0.581998	0.628922	0.515497	0.765267	0.209185	0.608776	-172.567841	32.274372	1047.674438	
0.322511	0.803295	-0.500703	-0.580417	0.585680	0.565770	0.747732	0.108150	0.655134	-175.988739	27.464104	1049.175049	
0.351944	0.845223	-0.402162	-0.593440	0.533750	0.602446	0.723854	0.026632	0.689439	-179.526428	20.888905	1038.767456	
0.387862	0.877506	-0.282040	-0.597909	0.472411	0.647560	0.701476	-0.082530	0.707899	-182.241364	13.998951	1030.797363	
0.414571	0.894350	-0.168138	-0.610267	0.410288	0.677672	0.675061	-0.178334	0.715885	-181.294647	7.010349	1025.862183	
0.451855	0.890282	-0.056789	-0.617405	0.358039	0.700444	0.643925	-0.281437	0.711445	-178.894882	0.856368	1014.787415	
0.501349	0.861853	0.076547	-0.634961	0.306376	0.709197	0.587771	-0.404159	0.700843	-176.657593	-12.848559	1010.652344	
0.520218	0.843258	0.135238	-0.635292	0.276262	0.721169	0.570771	-0.461081	0.679431	-173.243912	-20.251205	1001.653687	
0.523577	0.815308	0.247264	-0.666417	0.211097	0.715072	0.530807	-0.539176	0.653860	-164.418564	-35.276012	990.860229	
0.527072	0.793870	0.303260	-0.681107	0.181211	0.709407	0.508222	-0.580460	0.636221	-154.062653	-42.704964	977.462524	
0.545204	0.758716	0.356517	-0.691489	0.166599	0.702915	0.473917	-0.629759	0.615473	-141.987976	-49.456097	963.869263	
0.541661	0.732132	0.413021	-0.710537	0.136236	0.690347	0.449157	-0.667400	0.594000	-134.873474	-64.097099	958.359192	
