0.996763	-0.041902	0.068609	0.045240	0.997830	-0.047831	-0.066455	0.050780	0.996497	19.043907	3.017994	545.011414	
0.989989	-0.140228	0.016048	0.140797	0.989115	-0.042742	-0.009880	0.044573	0.998958	25.229977	7.057935	546.005737	
0.981273	-0.191499	0.020761	0.192072	0.980907	-0.030456	-0.014532	0.033874	0.999321	31.416731	14.410995	537.959900	
0.966194	-0.232644	0.111114	0.235213	0.971888	-0.010414	-0.105567	0.036198	0.993753	39.283504	16.358810	526.990662	
0.835265	-0.265380	0.481566	0.308864	0.951035	-0.011623	-0.454902	0.158447	0.876333	53.260601	24.480900	552.442017	
0.835265	-0.265380	0.481566	0.308864	0.951035	-0.011623	-0.454902	0.158447	0.876333	53.260601	24.480900	552.442017	
0.835265	-0.265380	0.481566	0.308864	0.951035	-0.011623	-0.454902	0.158447	0.876333	53.260601	24.480900	552.442017	
0.835265	-0.265380	0.481566	0.308864	0.951035	-0.011623	-0.454902	0.158447	0.876333	53.260601	24.480900	552.442017	
0.835265	-0.265380	0.481566	0.308864	0.951035	-0.011623	-0.454902	0.158447	0.876333	53.260601	24.480900	552.442017	
0.433948	-0.306325	0.847262	0.620973	0.783053	-0.034938	-0.652749	0.541288	0.530024	99.410645	31.450682	568.354614	
0.368731	-0.331867	0.868274	0.707265	0.706294	-0.030399	-0.603169	0.625309	0.495152	103.497444	30.282063	579.397949	
0.264048	-0.289344	0.920086	0.781075	0.623810	-0.027982	-0.565862	0.726045	0.390716	105.849030	27.621889	582.577515	
0.207803	-0.285338	0.935628	0.848786	0.528021	-0.027485	-0.486189	0.799859	0.351916	108.166588	25.950979	594.734009	
0.127435	-0.220119	0.967113	0.896417	0.442872	-0.017319	-0.424495	0.869144	0.253757	110.593864	21.524509	612.836304	
0.091869	-0.276985	0.956472	0.969801	0.242827	-0.022830	-0.225934	0.929685	0.290929	115.574738	16.182816	631.668640	
0.054463	-0.252129	0.966160	0.990903	0.132906	-0.021175	-0.123069	0.958523	0.257074	113.617233	9.460714	636.254456	
0.023182	-0.175265	0.984248	0.997716	0.066534	-0.011652	-0.063443	0.982270	0.176407	107.330734	5.606732	637.946777	
-0.000337	-0.107078	0.994250	0.998334	-0.057399	-0.005844	0.057695	0.992592	0.106920	102.309761	-2.931068	635.856812	
-0.030021	0.007958	0.999518	0.998201	-0.051680	0.030393	0.051897	0.998632	-0.006392	97.048050	-12.554247	632.552673	
-0.024294	0.261703	0.964843	0.994998	-0.087212	0.048708	0.096893	0.961200	-0.258275	85.398788	-23.558182	626.514954	
-0.019535	0.285572	0.958158	0.994762	-0.090618	0.047289	0.100331	0.954063	-0.282306	79.889008	-29.861149	639.998718	
0.000435	0.338310	0.941035	0.993307	-0.108842	0.038670	0.115507	0.934719	-0.336093	74.468071	-36.719746	657.107910	
0.026747	0.393439	0.918962	0.968797	-0.236803	0.073186	0.246408	0.888329	-0.387496	67.762459	-49.879097	675.454346	
0.065995	0.521804	0.850509	0.943625	-0.309724	0.116802	0.324371	0.794853	-0.512828	59.879395	-56.648594	685.601196	
0.108218	0.613268	0.782426	0.920619	-0.358840	0.153928	0.375166	0.703658	-0.603420	52.509212	-70.732346	706.343140	
0.228701	0.911874	0.340855	0.914717	-0.321111	0.245316	0.333150	0.255681	-0.907545	38.697151	-86.608086	730.000366	
0.254398	0.712197	0.654260	0.808984	-0.527419	0.259564	0.529931	0.463253	-0.710331	15.100720	-97.902397	727.431458	
0.310015	0.753447	0.579835	0.790918	-0.542821	0.282478	0.527579	0.371029	-0.764198	6.137055	-103.452957	733.944031	
0.346944	0.751955	0.560529	0.739417	-0.586964	0.329751	0.576969	0.300060	-0.759653	-2.644365	-111.533020	742.644287	
0.436695	0.758551	0.483629	0.641276	-0.639515	0.424009	0.630921	0.124977	-0.765715	-11.989489	-124.811172	746.152039	
0.471800	0.773484	0.423233	0.550515	-0.633375	0.543845	0.688721	-0.023589	-0.724643	-22.019348	-139.470581	751.584229	
0.473062	0.732022	0.490262	0.369373	-0.669985	0.643958	0.799860	-0.123542	-0.587335	-29.605850	-143.900970	758.734253	
0.680509	0.716736	0.152305	0.552027	-0.638165	0.536668	0.481845	-0.281131	-0.829934	-39.849400	-161.806000	789.997009	
0.680509	0.716736	0.152305	0.552027	-0.638165	0.536668	0.481845	-0.281131	-0.829934	-39.849400	-161.806000	789.997009	
0.680509	0.716736	0.152305	0.552027	-0.638165	0.536668	0.481845	-0.281131	-0.829934	-39.849400	-161.806000	789.997009	
0.819308	0.566851	-0.086118	0.475579	-0.587982	0.654295	0.320252	-0.577025	-0.751320	-69.937531	-191.596710	814.946533	
0.834532	0.526174	-0.163399	0.471484	-0.528577	0.705910	0.285062	-0.666144	-0.689197	-82.156227	-202.243744	821.595947	
0.847606	0.461667	-0.261588	0.473254	-0.434751	0.766174	0.239991	-0.773211	-0.586983	-94.086739	-214.380188	838.524048	
0.862652	0.393746	-0.317483	0.474160	-0.411028	0.778607	0.176079	-0.822205	-0.541273	-103.890373	-220.010651	857.000793	
0.871740	0.283313	-0.399754	0.488511	-0.439668	0.753690	0.037771	-0.852306	-0.521678	-110.953773	-223.722458	871.202698	
0.877389	0.166776	-0.449861	0.472191	-0.466283	0.748075	-0.085001	-0.868773	-0.487861	-113.872208	-231.465088	885.977722	
0.839064	0.086550	-0.537104	0.508949	-0.473674	0.718752	-0.192205	-0.876438	-0.441492	-114.393547	-231.829880	879.694946	
0.821436	0.035487	-0.569196	0.521523	-0.450615	0.724542	-0.230776	-0.892014	-0.388658	-115.284508	-233.899490	887.317078	
0.786552	-0.011940	-0.617409	0.555000	-0.424714	0.715258	-0.270762	-0.905249	-0.327433	-114.831612	-238.233627	898.927551	
0.737256	-0.003792	-0.675603	0.609557	-0.427522	0.667582	-0.291366	-0.903998	-0.312881	-113.240654	-243.901443	906.664551	
0.696877	-0.071026	-0.713664	0.630710	-0.413020	0.656978	-0.341420	-0.907948	-0.243028	-109.311424	-245.222672	915.421204	
0.623967	-0.098050	-0.775275	0.674065	-0.434388	0.597447	-0.395350	-0.895373	-0.204952	-105.657684	-247.679001	926.066711	
0.579103	-0.157687	-0.799859	0.673928	-0.459503	0.578515	-0.458762	-0.874067	-0.159830	-95.822372	-246.678802	935.721008	
0.517547	-0.208944	-0.829751	0.667576	-0.508001	0.544315	-0.535245	-0.835630	-0.123429	-90.627861	-246.743164	942.574402	
0.473025	-0.224798	-0.851888	0.714247	-0.468274	0.520166	-0.515849	-0.854509	-0.060944	-79.258514	-247.063110	960.180054	
0.414154	-0.266607	-0.870285	0.705977	-0.509423	0.492021	-0.574520	-0.818175	-0.022762	-73.153397	-244.382919	969.167236	
0.349044	-0.288781	-0.891501	0.703782	-0.547370	0.452855	-0.618757	-0.785489	0.012183	-57.538177	-239.191406	979.734436	
0.284889	-0.253406	-0.924458	0.730271	-0.567342	0.380562	-0.620921	-0.783523	0.023425	-49.132687	-234.337952	991.141235	
0.215061	-0.204335	-0.954984	0.753554	-0.587298	0.295361	-0.621213	-0.783153	0.027672	-39.932312	-226.623825	996.464050	
0.180534	-0.189913	-0.965059	0.743541	-0.615946	0.260306	-0.643860	-0.764555	0.030008	-29.997944	-217.451920	994.998169	
0.116761	-0.135209	-0.983913	0.721533	-0.669219	0.177588	-0.682465	-0.730661	0.019419	-20.177925	-207.738129	994.196960	
0.081597	-0.154846	-0.984563	0.709472	-0.684784	0.166497	-0.699995	-0.712106	0.053982	-10.572002	-195.418289	990.284424	
0.038297	-0.069114	-0.996873	0.726564	-0.682965	0.075263	-0.686031	-0.727175	0.024060	8.007730	-184.717026	996.484619	
-0.000815	0.021520	-0.999768	0.684494	-0.728838	-0.016246	-0.729019	-0.684348	-0.014136	17.115385	-172.680084	1000.001404	
-0.022007	0.049542	-0.998530	0.620985	-0.782064	-0.052488	-0.783514	-0.621226	-0.013554	26.649765	-159.518387	993.648987	
-0.046058	0.118280	-0.991912	0.622883	-0.772889	-0.121085	-0.780959	-0.623421	-0.038077	44.318707	-147.668045	1005.368713	
-0.029861	0.170542	-0.984898	0.615114	-0.773532	-0.152592	-0.787873	-0.610381	-0.081805	53.064682	-134.510910	1011.150085	
-0.018275	0.269364	-0.962865	0.617658	-0.754250	-0.222726	-0.786234	-0.598792	-0.152591	70.329147	-121.965370	1028.157715	
0.016809	0.301044	-0.953462	0.581653	-0.778580	-0.235572	-0.813263	-0.550624	-0.188190	77.026428	-113.797165	1022.768738	
0.066155	0.298032	-0.952260	0.568033	-0.795864	-0.209621	-0.820343	-0.527047	-0.221942	89.563797	-106.818245	1019.653625	
0.139336	0.390659	-0.909929	0.620226	-0.750756	-0.227346	-0.771949	-0.532684	-0.346904	104.300262	-99.070343	1038.093384	
0.199473	0.399222	-0.894892	0.518471	-0.817941	-0.249325	-0.831504	-0.414241	-0.370142	113.469101	-82.231972	1028.430054	
0.251473	0.428598	-0.867793	0.449687	-0.845695	-0.287371	-0.857055	-0.317969	-0.405404	114.982010	-63.924568	998.953796	
0.311292	0.423957	-0.850504	0.402796	-0.869466	-0.285982	-0.860728	-0.253555	-0.441426	117.181252	-49.991604	989.322388	
0.345016	0.414788	-0.841971	0.337866	-0.891804	-0.300889	-0.875678	-0.180661	-0.447829	118.400902	-42.458698	959.746704	
0.477739	0.349418	-0.806023	0.344379	-0.918551	-0.194082	-0.808188	-0.184857	-0.559160	125.208000	-30.356600	1002.059998	
0.477739	0.349418	-0.806023	0.344379	-0.918551	-0.194082	-0.808188	-0.184857	-0.559160	125.208000	-30.356600	1002.059998	
0.477739	0.349418	-0.806023	0.344379	-0.918551	-0.194082	-0.808188	-0.184857	-0.559160	125.208000	-30.356600	1002.059998	
0.477739	0.349418	-0.806023	0.344379	-0.918551	-0.194082	-0.808188	-0.184857	-0.559160	125.208000	-30.356600	1002.059998	
0.477739	0.349418	-0.806023	0.344379	-0.918551	-0.194082	-0.808188	-0.184857	-0.559160	125.208000	-30.356600	1002.059998	
0.625762	0.134004	-0.768417	0.087321	-0.990974	-0.101705	-0.775110	-0.003456	-0.631816	102.022873	20.585243	943.893433	
0.723597	0.073160	-0.686334	0.057312	-0.997301	-0.045884	-0.687839	-0.006134	-0.725837	92.727188	24.078701	921.016724	
0.785960	-0.006828	-0.618240	0.018495	-0.999232	0.034548	-0.618001	-0.038587	-0.785230	88.840103	30.797199	956.229004	
0.785960	-0.006828	-0.618240	0.018495	-0.999232	0.034548	-0.618001	-0.038587	-0.785230	88.840103	30.797199	956.229004	
0.785960	-0.006828	-0.618240	0.018495	-0.999232	0.034548	-0.618001	-0.038587	-0.785230	88.840103	30.797199	956.229004	
0.785960	-0.006828	-0.618240	0.018495	-0.999232	0.034548	-0.618001	-0.038587	-0.785230	88.840103	30.797199	956.229004	
0.822975	-0.236323	-0.516587	-0.051128	-0.936485	0.346962	-0.565772	-0.259128	-0.782787	32.429779	51.224552	908.510864	
0.784632	-0.358172	-0.506029	-0.146196	-0.900104	0.410414	-0.602478	-0.248044	-0.758614	14.460501	53.152409	896.256348	
0.770827	-0.474056	-0.425553	-0.211839	-0.820742	0.530572	-0.600791	-0.318830	-0.733074	5.227166	53.990562	884.783813	
0.746712	-0.577416	-0.330169	-0.319478	-0.746728	0.583379	-0.583399	-0.330134	-0.742063	-12.784058	52.956039	870.117737	
0.780581	-0.599459	-0.177038	-0.347734	-0.651834	0.673939	-0.519398	-0.464502	-0.717262	-30.466066	50.765644	890.611572	
0.734690	-0.651147	-0.190362	-0.471464	-0.691836	0.546886	-0.487803	-0.312042	-0.815278	-47.600197	48.627060	879.742188	
0.651157	-0.727144	-0.217383	-0.548689	-0.648930	0.527096	-0.524342	-0.223946	-0.821532	-62.445648	39.131790	859.671692	
0.458870	-0.854006	-0.245177	-0.514828	-0.480462	0.710006	-0.724148	-0.199576	-0.660137	-72.266380	35.445023	828.403015	
0.364519	-0.905220	-0.218413	-0.462180	-0.379497	0.801481	-0.808403	-0.191209	-0.556708	-84.116287	32.427399	820.556946	
0.278391	-0.936024	-0.215309	-0.482692	-0.330154	0.811176	-0.830365	-0.121896	-0.543724	-100.882042	27.227476	810.380127	
0.110703	-0.974207	-0.196634	-0.297677	-0.221269	0.928670	-0.948227	-0.044274	-0.314494	-122.263000	31.504999	817.564026	
0.110703	-0.974207	-0.196634	-0.297677	-0.221269	0.928670	-0.948227	-0.044274	-0.314494	-122.263000	31.504999	817.564026	
0.110703	-0.974207	-0.196634	-0.297677	-0.221269	0.928670	-0.948227	-0.044274	-0.314494	-122.263000	31.504999	817.564026	
-0.208794	-0.966356	-0.150204	-0.024019	-0.148476	0.988624	-0.977665	0.210027	0.007790	-151.620209	14.775877	768.636108	
-0.265059	-0.955021	-0.132963	0.075475	-0.158022	0.984547	-0.961274	0.250928	0.113965	-159.474243	7.806491	760.455261	
-0.335276	-0.934661	-0.118317	0.123649	-0.168155	0.977974	-0.933970	0.313262	0.171948	-163.577820	0.775977	751.522278	
-0.465675	-0.879006	-0.102450	0.207389	-0.220941	0.952982	-0.860312	0.422532	0.285183	-168.506516	-12.758523	737.742493	
-0.531545	-0.842792	-0.084628	0.296248	-0.278579	0.913581	-0.793535	0.460539	0.397752	-171.509796	-26.198957	729.647217	
-0.630715	-0.773264	-0.065281	0.310075	-0.328240	0.892251	-0.711374	0.542514	0.446795	-171.367462	-34.155766	723.612976	
-0.658096	-0.749964	-0.066814	0.324510	-0.362590	0.873626	-0.679414	0.553247	0.481989	-169.265472	-40.896282	714.949768	
-0.758321	-0.650170	-0.047208	0.336154	-0.452063	0.826220	-0.558524	0.610671	0.561366	-168.968582	-48.464310	711.885925	
-0.825456	-0.560773	-0.064474	0.298922	-0.531161	0.792788	-0.478820	0.635139	0.606077	-162.232178	-63.549755	697.578369	
-0.909555	-0.413064	-0.045690	0.250058	-0.631777	0.733709	-0.331935	0.655924	0.677925	-160.010727	-72.987938	686.047729	
-0.960040	-0.278944	-0.022683	0.200123	-0.740896	0.641112	-0.195640	0.610953	0.767112	-154.291397	-86.906540	672.608093	
-0.968480	-0.247809	-0.025262	0.192018	-0.807322	0.557997	-0.158671	0.535558	0.829458	-141.333649	-92.509857	653.189819	
-0.939446	-0.318170	-0.127316	0.190084	-0.792911	0.578930	-0.285148	0.519673	0.805376	-126.565384	-108.040512	652.859497	
-0.999566	0.012397	0.026736	-0.000543	-0.914807	0.403890	0.029465	0.403700	0.914416	-115.504562	-119.252350	659.680298	
-0.988588	0.150214	0.011409	-0.144677	-0.967797	0.206002	0.041986	0.202001	0.978485	-106.543190	-125.135979	650.697266	
-0.977129	0.211607	0.021018	-0.206959	-0.969040	0.134644	0.048859	0.127215	0.990671	-89.120186	-132.386703	640.577942	
-0.959748	0.280595	0.012314	-0.279148	-0.957804	0.068473	0.031008	0.062279	0.997577	-80.453697	-138.586105	625.699768	
-0.917986	0.396431	-0.012010	-0.396423	-0.916189	0.058699	0.012267	0.058646	0.998203	-71.612122	-144.399765	618.223633	
-0.897266	0.441067	-0.019313	-0.440145	-0.897089	-0.038788	-0.034434	-0.026303	0.999060	-62.847702	-155.851639	611.835938	
-0.863460	0.502318	-0.045967	-0.496245	-0.862274	-0.101110	-0.090426	-0.064494	0.993812	-55.472881	-162.090790	612.182068	
-0.769030	0.637588	-0.045533	-0.618070	-0.759874	-0.201444	-0.163038	-0.126774	0.978441	-35.275482	-166.778854	592.947571	
-0.658574	0.750252	-0.058327	-0.726629	-0.654161	-0.209964	-0.195681	-0.095895	0.975967	-27.427578	-163.980347	557.861816	
-0.560092	0.827966	0.027731	-0.709384	-0.462049	-0.532245	-0.427867	-0.317778	0.846136	-4.318360	-181.070007	586.504028	
-0.560092	0.827966	0.027731	-0.709384	-0.462049	-0.532245	-0.427867	-0.317778	0.846136	-4.318360	-181.070007	586.504028	
-0.560092	0.827966	0.027731	-0.709384	-0.462049	-0.532245	-0.427867	-0.317778	0.846136	-4.318360	-181.070007	586.504028	
-0.560092	0.827966	0.027731	-0.709384	-0.462049	-0.532245	-0.427867	-0.317778	0.846136	-4.318360	-181.070007	586.504028	
-0.042658	0.998806	0.023807	-0.571041	-0.004822	-0.820907	-0.819812	-0.048613	0.570565	44.916943	-192.214539	562.274536	
0.074783	0.997097	0.014284	-0.423427	0.044720	-0.904826	-0.902838	0.061618	0.425542	51.000465	-190.845840	553.457275	
0.169707	0.985484	-0.004555	-0.400688	0.064777	-0.913922	-0.900360	0.156924	0.405864	63.496765	-193.266693	559.319885	
0.228120	0.973409	-0.020880	-0.336029	0.058585	-0.940028	-0.913808	0.221456	0.340458	68.103210	-191.307755	553.367126	
0.282874	0.958679	-0.030278	-0.215680	0.032817	-0.975912	-0.934593	0.282590	0.216051	71.873268	-188.424377	548.401367	
0.343431	0.938345	-0.039542	-0.151058	0.013634	-0.988431	-0.926950	0.345431	0.146427	77.786552	-185.537338	554.606262	
0.493493	0.868464	-0.047282	-0.047232	-0.027524	-0.998505	-0.868466	0.494988	0.027437	80.372803	-184.981995	562.841980	
0.493493	0.868464	-0.047282	-0.047232	-0.027524	-0.998505	-0.868466	0.494988	0.027437	80.372803	-184.981995	562.841980	
0.493493	0.868464	-0.047282	-0.047232	-0.027524	-0.998505	-0.868466	0.494988	0.027437	80.372803	-184.981995	562.841980	
0.493493	0.868464	-0.047282	-0.047232	-0.027524	-0.998505	-0.868466	0.494988	0.027437	80.372803	-184.981995	562.841980	
0.493493	0.868464	-0.047282	-0.047232	-0.027524	-0.998505	-0.868466	0.494988	0.027437	80.372803	-184.981995	562.841980	
0.493493	0.868464	-0.047282	-0.047232	-0.027524	-0.998505	-0.868466	0.494988	0.027437	80.372803	-184.981995	562.841980	
0.493493	0.868464	-0.047282	-0.047232	-0.027524	-0.998505	-0.868466	0.494988	0.027437	80.372803	-184.981995	562.841980	
0.867904	0.467862	-0.166878	0.193869	-0.628355	-0.753382	-0.457337	0.621511	-0.636056	55.849041	-137.994705	571.791138	
0.921543	0.343060	-0.181844	0.149072	-0.745056	-0.650130	-0.358518	0.572015	-0.737742	43.098701	-131.945999	579.059998	
0.921543	0.343060	-0.181844	0.149072	-0.745056	-0.650130	-0.358518	0.572015	-0.737742	43.098701	-131.945999	579.059998	
0.921543	0.343060	-0.181844	0.149072	-0.745056	-0.650130	-0.358518	0.572015	-0.737742	43.098701	-131.945999	579.059998	
0.962020	0.093788	-0.256363	-0.030751	-0.895916	-0.443157	-0.271243	0.434210	-0.859005	2.505085	-111.412315	599.204590	
0.964405	0.028981	-0.262836	-0.095253	-0.889172	-0.447548	-0.246677	0.456654	-0.854762	-16.998077	-98.791260	612.497620	
0.958401	-0.149712	-0.243010	-0.214444	-0.939562	-0.266901	-0.188364	0.307910	-0.932582	-36.165176	-90.154854	616.970215	
0.925163	-0.291700	-0.242867	-0.326450	-0.937941	-0.117029	-0.193657	0.187555	-0.962974	-44.595638	-74.715607	620.024353	
0.873066	-0.448609	-0.191065	-0.416689	-0.889930	0.185458	-0.253232	-0.082302	-0.963898	-56.623726	-72.323174	630.147156	
0.863610	-0.466362	-0.191530	-0.437030	-0.881900	0.176796	-0.251361	-0.068978	-0.965432	-77.294388	-56.229305	651.426392	
0.792183	-0.553585	-0.256885	-0.495952	-0.829255	0.257619	-0.355636	-0.076679	-0.931473	-98.657974	-49.178864	660.438721	
0.696447	-0.674788	-0.244177	-0.596539	-0.733536	0.325679	-0.398877	-0.081156	-0.913406	-121.622604	-45.045834	684.927673	
0.639637	-0.730185	-0.240197	-0.606048	-0.671270	0.426736	-0.472833	-0.127385	-0.871895	-145.718826	-40.827644	714.509155	
0.523075	-0.658223	-0.541419	-0.466145	-0.752766	0.464815	-0.713514	0.009247	-0.700580	-141.649994	-20.374100	684.405029	
0.523075	-0.658223	-0.541419	-0.466145	-0.752766	0.464815	-0.713514	0.009247	-0.700580	-141.649994	-20.374100	684.405029	
0.523075	-0.658223	-0.541419	-0.466145	-0.752766	0.464815	-0.713514	0.009247	-0.700580	-141.649994	-20.374100	684.405029	
0.523075	-0.658223	-0.541419	-0.466145	-0.752766	0.464815	-0.713514	0.009247	-0.700580	-141.649994	-20.374100	684.405029	
0.139148	-0.737129	-0.661271	-0.423142	-0.647994	0.633289	-0.895315	0.191691	-0.402077	-180.228851	8.247372	709.255371	
0.029377	-0.703009	-0.710574	-0.452418	-0.643249	0.617696	-0.891322	0.303331	-0.336951	-184.984406	16.810555	717.408447	
-0.054001	-0.663825	-0.745936	-0.414688	-0.664652	0.621509	-0.908361	0.342893	-0.239388	-190.118942	21.326794	722.811035	
-0.090856	-0.617019	-0.781686	-0.398439	-0.696849	0.596363	-0.912685	0.365638	-0.182531	-192.303513	27.985201	738.828552	
-0.112680	-0.596027	-0.795019	-0.366682	-0.718697	0.590779	-0.923498	0.358089	-0.137570	-194.103760	34.262215	744.371826	
-0.168609	-0.566486	-0.806638	-0.311894	-0.745644	0.588845	-0.935037	0.350870	-0.050962	-194.593872	36.838104	761.210632	
-0.245263	-0.508541	-0.825367	-0.284315	-0.776205	0.562736	-0.926829	0.372683	0.045788	-194.506393	38.232849	772.491760	
-0.266018	-0.470026	-0.841612	-0.272552	-0.800773	0.533366	-0.924635	0.371269	0.084913	-190.812958	39.811356	785.810059	
-0.245237	-0.437092	-0.865337	-0.202816	-0.849713	0.486677	-0.948011	0.294857	0.119731	-187.412033	39.442123	796.410156	
-0.213159	-0.371752	-0.903528	-0.128146	-0.906156	0.403064	-0.968578	0.201701	0.145516	-187.086731	37.683559	824.783813	
-0.222734	-0.288583	-0.931187	-0.154897	-0.932572	0.326063	-0.962495	0.216864	0.163015	-184.326492	38.719925	852.590027	
-0.292372	-0.249331	-0.923229	-0.314691	-0.886561	0.339086	-0.903044	0.389672	0.180743	-170.594910	42.088627	858.052246	
-0.286631	-0.224780	-0.931298	-0.293748	-0.904645	0.308756	-0.911897	0.362067	0.193270	-168.033737	40.604988	887.481445	
-0.311473	-0.146443	-0.938903	-0.302184	-0.921500	0.243975	-0.900928	0.359714	0.242769	-153.289368	39.002769	907.782471	
-0.194168	-0.104764	-0.975358	-0.408454	-0.895358	0.177484	-0.891889	0.432851	0.131058	-148.610611	34.258457	933.419861	
-0.221522	-0.087191	-0.971250	-0.277756	-0.949096	0.148553	-0.934762	0.302678	0.186028	-119.771004	24.764200	903.853027	
-0.221522	-0.087191	-0.971250	-0.277756	-0.949096	0.148553	-0.934762	0.302678	0.186028	-119.771004	24.764200	903.853027	
-0.221522	-0.087191	-0.971250	-0.277756	-0.949096	0.148553	-0.934762	0.302678	0.186028	-119.771004	24.764200	903.853027	
-0.092411	-0.000552	-0.995721	-0.207128	-0.978114	0.019765	-0.973939	0.208069	0.090274	-61.550007	4.544404	921.880981	
-0.024570	0.001306	-0.999697	-0.162115	-0.986768	0.002695	-0.986466	0.162132	0.024457	-41.478298	-2.539331	925.736877	
0.062675	0.006829	-0.998011	-0.093546	-0.995534	-0.012687	-0.993640	0.094156	-0.061757	-31.155807	-9.961464	920.391724	
0.094592	-0.028151	-0.995118	-0.195335	-0.980694	0.009175	-0.976164	0.193514	-0.098265	-20.974653	-17.436609	936.835754	
0.135743	-0.064139	-0.988666	-0.278639	-0.960096	0.024029	-0.950754	0.272219	-0.148198	-1.152989	-22.227812	958.295715	
0.178121	-0.079220	-0.980815	-0.323557	-0.946044	0.017652	-0.929292	0.314206	-0.194143	18.022524	-28.778748	958.520935	
0.234923	-0.164622	-0.957973	-0.400328	-0.914472	0.058975	-0.885747	0.369649	-0.280734	26.904942	-35.936008	971.550720	
0.253115	-0.174107	-0.951641	-0.369577	-0.926468	0.071202	-0.894061	0.333682	-0.298849	35.046577	-48.765182	972.088318	
0.319042	-0.259482	-0.911528	-0.345771	-0.927363	0.142967	-0.882414	0.269568	-0.385589	51.438873	-63.341442	993.237244	
0.321505	-0.326483	-0.888845	-0.271065	-0.931130	0.243967	-0.907281	0.162498	-0.387861	65.100403	-69.059120	995.323486	
0.304805	-0.418887	-0.855353	-0.335307	-0.887787	0.315283	-0.891438	0.190707	-0.411058	77.190254	-83.036575	989.933838	
0.306733	-0.532874	-0.788646	-0.407476	-0.822334	0.397153	-0.860161	0.199534	-0.469370	85.446320	-88.403038	981.563782	
0.251559	-0.569354	-0.782659	-0.383159	-0.801180	0.459674	-0.888767	0.184248	-0.419697	91.685501	-104.766632	997.726135	
0.189493	-0.627867	-0.754902	-0.443883	-0.740561	0.504517	-0.875819	0.239486	-0.419031	94.285698	-110.835251	996.439575	
0.140400	-0.682244	-0.717518	-0.427394	-0.695460	0.577641	-0.893097	0.225562	-0.389230	97.554382	-117.925232	998.871033	
0.097147	-0.719680	-0.687477	-0.403073	-0.660011	0.633970	-0.909996	0.215515	-0.354202	99.004761	-131.013580	1002.324158	
-0.016936	-0.734560	-0.678334	-0.462187	-0.595845	0.656774	-0.886620	0.324641	-0.329412	99.950340	-145.908096	1012.789795	
-0.130030	-0.777117	-0.615778	-0.423263	-0.518113	0.743241	-0.896626	0.357281	-0.261555	99.121689	-150.094574	1003.554382	
-0.189669	-0.798306	-0.571607	-0.324734	-0.498407	0.803828	-0.926592	0.338082	-0.164705	97.810791	-163.124115	1010.733643	
-0.239360	-0.801938	-0.547359	-0.337163	-0.460012	0.821408	-0.910509	0.381162	-0.160275	93.084709	-177.961945	1033.276367	
-0.360325	-0.813608	-0.456299	-0.307149	-0.358400	0.881595	-0.880809	0.457813	-0.120758	87.414246	-182.590988	1031.354492	
-0.383582	-0.831235	-0.402386	-0.129239	-0.383110	0.914617	-0.914418	0.402835	0.039526	73.791565	-182.341431	1000.269165	
-0.506898	-0.772482	-0.382526	-0.084799	-0.396923	0.913927	-0.857824	0.495707	0.135695	62.315720	-191.042496	1018.801025	
-0.620805	-0.716662	-0.317799	0.035469	-0.430634	0.901830	-0.783161	0.548590	0.292760	54.563484	-192.412170	1005.162415	
-0.728924	-0.654758	-0.199904	0.090425	-0.381529	0.919924	-0.678595	0.652479	0.337313	47.583031	-200.106155	1009.306519	
-0.835349	-0.544960	-0.072173	0.151986	-0.355132	0.922379	-0.528290	0.759540	0.379486	40.018196	-206.136841	1017.955139	
-0.904002	-0.427481	0.006191	0.224030	-0.461328	0.858480	-0.364128	0.777456	0.512811	30.657955	-210.972870	1016.356873	
-0.947043	-0.315662	0.058864	0.240130	-0.574521	0.782472	-0.213178	0.755171	0.619898	11.439023	-213.783737	1007.654053	
-0.965697	-0.225970	0.127926	0.245808	-0.636719	0.730867	-0.083701	0.737243	0.670424	1.947108	-214.494156	998.466309	
-0.969094	-0.142609	0.201288	0.242965	-0.692975	0.678789	0.042686	0.706717	0.706208	-17.971489	-214.994766	994.383911	
-0.964055	-0.088736	0.250444	0.234631	-0.726617	0.645737	0.124676	0.681289	0.721320	-27.845894	-214.312195	991.474243	
-0.942266	-0.063963	0.328698	0.257970	-0.764509	0.590744	0.213506	0.641433	0.736872	-47.264721	-214.928497	990.739746	
-0.896064	0.062820	0.439456	0.137206	-0.902275	0.408747	0.422187	0.426561	0.799878	-56.196854	-214.405609	982.676636	
-0.840929	0.163470	0.515863	0.065865	-0.915275	0.397409	0.537119	0.368171	0.758916	-66.777565	-209.327362	972.812683	
-0.785489	0.264466	0.559521	-0.111067	-0.949656	0.292947	0.608826	0.167963	0.775319	-76.144722	-206.254288	957.278931	
-0.737226	0.331312	0.588837	-0.281132	-0.942913	0.178555	0.614378	-0.033906	0.788283	-92.088287	-200.630219	955.371216	
-0.725388	0.374064	0.577830	-0.344990	-0.923980	0.165058	0.595644	-0.079614	0.799293	-99.247719	-193.671753	933.908752	
-0.640771	0.526342	0.558907	-0.329763	-0.846113	0.418747	0.693301	0.084015	0.715734	-107.527245	-185.823608	903.352966	
-0.472770	0.439047	0.764020	-0.700381	-0.713384	-0.023443	0.534747	-0.546188	0.644767	-124.757004	-184.682999	938.528992	
-0.472770	0.439047	0.764020	-0.700381	-0.713384	-0.023443	0.534747	-0.546188	0.644767	-124.757004	-184.682999	938.528992	
-0.472770	0.439047	0.764020	-0.700381	-0.713384	-0.023443	0.534747	-0.546188	0.644767	-124.757004	-184.682999	938.528992	
-0.472770	0.439047	0.764020	-0.700381	-0.713384	-0.023443	0.534747	-0.546188	0.644767	-124.757004	-184.682999	938.528992	
-0.190668	0.368191	0.909990	-0.981301	-0.096374	-0.166615	0.026353	-0.924742	0.379682	-142.517685	-136.171753	888.443787	
-0.128966	0.351994	0.927076	-0.990528	-0.001276	-0.137308	-0.047149	-0.936002	0.348824	-142.586472	-123.401505	871.463196	
-0.099163	0.201769	0.974401	-0.994468	-0.054184	-0.089984	0.034641	-0.977933	0.206025	-145.875946	-113.565163	871.915466	
-0.133571	0.011967	0.990967	-0.968618	-0.213072	-0.127985	0.209616	-0.976963	0.040051	-146.536972	-107.375008	875.917236	
-0.145043	0.083665	0.985882	-0.946371	-0.302465	-0.113562	0.288694	-0.949481	0.123048	-142.561859	-99.345833	870.351074	
-0.181901	0.218524	0.958728	-0.866574	-0.496408	-0.051269	0.464717	-0.840134	0.279664	-134.035721	-82.940796	851.039001	
-0.246047	0.198000	0.948819	-0.661054	-0.750191	-0.014874	0.708850	-0.630880	0.315471	-127.470955	-73.905922	835.921875	
-0.319673	0.351608	0.879876	-0.527342	-0.837517	0.143090	0.787223	-0.418254	0.453149	-118.829140	-67.535637	819.401672	
-0.294656	0.355842	0.886879	-0.342597	-0.905725	0.249579	0.892079	-0.230302	0.388787	-109.663315	-58.226395	777.207458	
-0.343248	0.392909	0.853114	-0.208267	-0.917526	0.338779	0.915863	-0.061390	0.396768	-104.255707	-45.348480	769.919250	
-0.348952	0.341368	0.872755	-0.167402	-0.939022	0.300355	0.922068	-0.041292	0.384819	-101.243179	-30.444805	774.590149	
-0.192168	-0.467689	0.862750	0.098893	0.865432	0.491170	-0.976367	0.179707	-0.120057	-82.368401	-12.376200	777.581970	
-0.192168	-0.467689	0.862750	0.098893	0.865432	0.491170	-0.976367	0.179707	-0.120057	-82.368401	-12.376200	777.581970	
-0.192168	-0.467689	0.862750	0.098893	0.865432	0.491170	-0.976367	0.179707	-0.120057	-82.368401	-12.376200	777.581970	
-0.192168	-0.467689	0.862750	0.098893	0.865432	0.491170	-0.976367	0.179707	-0.120057	-82.368401	-12.376200	777.581970	
-0.429751	-0.554134	0.712916	0.526646	0.487514	0.696400	-0.733456	0.674734	0.082322	-33.891708	20.997326	721.364380	
-0.524430	-0.583576	0.620010	0.559308	0.312930	0.767626	-0.641988	0.749343	0.162288	-24.092663	30.717821	712.686707	
-0.615607	-0.592619	0.519452	0.564746	0.127972	0.815283	-0.549627	0.795252	0.255898	-14.426796	35.242977	704.425598	
-0.702956	-0.545537	0.456335	0.589742	-0.088440	0.802735	-0.397563	0.833408	0.383895	-3.580335	43.752686	702.799622	
-0.755113	-0.527628	0.389120	0.559649	-0.209639	0.801776	-0.341464	0.823202	0.453586	7.227222	47.724018	689.555298	
-0.829731	-0.449659	0.330686	0.510589	-0.372119	0.775130	-0.225489	0.811994	0.538349	17.452320	51.464592	678.612610	
-0.910408	-0.361815	0.200618	0.380362	-0.541272	0.749901	-0.162735	0.759023	0.630398	35.577152	54.669815	660.863708	
-0.945336	-0.317656	0.073714	0.274857	-0.654528	0.704306	-0.175478	0.686067	0.706059	50.914562	56.882965	648.012146	
-0.973027	-0.230677	-0.002395	0.171549	-0.730481	0.661036	-0.154234	0.642796	0.750350	58.244019	57.905632	643.703186	
-0.981834	-0.172347	-0.079369	0.094383	-0.806480	0.583681	-0.164604	0.565586	0.808095	70.486221	59.258331	634.462769	
-0.985134	-0.110680	-0.131377	0.023983	-0.845898	0.532806	-0.170101	0.521735	0.835977	81.381805	59.054955	626.449097	
-0.977752	-0.006285	-0.209669	-0.088619	-0.893593	0.440045	-0.190124	0.448836	0.873155	90.176132	57.977283	617.424255	
-0.965311	0.046564	-0.256918	-0.152293	-0.899668	0.409152	-0.212088	0.434085	0.875550	95.729721	56.913765	614.797852	
-0.936334	0.144032	-0.320209	-0.267471	-0.883415	0.384758	-0.227460	0.445908	0.865695	98.987839	53.552502	606.035950	
-0.891910	0.235298	-0.386175	-0.377012	-0.858479	0.347673	-0.249716	0.455685	0.854396	101.216797	51.080276	604.593750	
-0.847551	0.266772	-0.458792	-0.407153	-0.881352	0.239679	-0.340417	0.389939	0.855607	101.727783	44.960094	598.557312	
-0.807200	0.302410	-0.506928	-0.449828	-0.871221	0.196547	-0.382207	0.386683	0.839281	100.488815	37.991131	592.783142	
-0.724143	0.338110	-0.601081	-0.496351	-0.860623	0.113868	-0.478803	0.380804	0.791034	96.089134	28.687300	587.064758	
-0.646679	0.395990	-0.651919	-0.560256	-0.826580	0.053670	-0.517609	0.399949	0.756386	93.151367	20.299395	581.740784	
-0.530879	0.411743	-0.740699	-0.620568	-0.784102	0.008909	-0.577115	0.464384	0.671777	85.335602	14.217823	580.325317	
-0.416076	0.390761	-0.821089	-0.679581	-0.733586	-0.004749	-0.604194	0.556021	0.570779	75.369415	7.206656	579.507751	
-0.358668	0.350005	-0.865364	-0.636711	-0.769646	-0.047392	-0.682610	0.533989	0.498897	64.172440	0.539690	575.394592	
-0.314533	0.349462	-0.882579	-0.580982	-0.806154	-0.112150	-0.750685	0.477487	0.456592	50.679531	-7.337324	572.507019	
-0.214323	0.319684	-0.922967	-0.615685	-0.777784	-0.126428	-0.758285	0.541161	0.363520	34.308399	-20.013962	573.673645	
-0.130455	0.216620	-0.967500	-0.589436	-0.801603	-0.099997	-0.797211	0.557235	0.232255	26.222393	-28.104725	573.337402	
-0.054816	0.119681	-0.991298	-0.616998	-0.784627	-0.060611	-0.785052	0.608307	0.116852	8.597378	-35.873680	572.702820	
0.007607	0.007711	-0.999941	-0.589394	-0.807775	-0.010713	-0.807809	0.589442	-0.001601	-0.642326	-43.807812	570.738525	
0.026108	-0.060467	-0.997828	-0.547384	-0.836093	0.036344	-0.836474	0.545247	-0.054928	-21.187609	-58.283466	566.782288	
0.074584	-0.189515	-0.979040	-0.561474	-0.819348	0.115829	-0.824125	0.541068	-0.167519	-40.992092	-66.534828	564.789551	
0.118071	-0.277680	-0.953390	-0.523726	-0.833128	0.177792	-0.843664	0.478324	-0.243797	-57.330933	-78.404625	547.262085	
0.067918	-0.405494	-0.911571	-0.669190	-0.696186	0.259826	-0.739981	0.592367	-0.318636	-82.707298	-97.794403	578.718994	
0.067918	-0.405494	-0.911571	-0.669190	-0.696186	0.259826	-0.739981	0.592367	-0.318636	-82.707298	-97.794403	578.718994	
0.067918	-0.405494	-0.911571	-0.669190	-0.696186	0.259826	-0.739981	0.592367	-0.318636	-82.707298	-97.794403	578.718994	
0.067918	-0.405494	-0.911571	-0.669190	-0.696186	0.259826	-0.739981	0.592367	-0.318636	-82.707298	-97.794403	578.718994	
-0.134673	-0.760499	-0.635220	-0.628605	-0.429980	0.648053	-0.765976	0.486577	-0.420146	-132.132217	-133.572418	595.416931	
-0.210397	-0.800452	-0.561257	-0.627630	-0.329574	0.705309	-0.749542	0.500657	-0.433046	-148.003098	-146.300034	599.261597	
-0.293883	-0.817991	-0.494494	-0.587342	-0.253606	0.768578	-0.754097	0.516309	-0.405909	-155.465408	-158.397537	602.353271	
-0.373474	-0.846026	-0.380470	-0.504325	-0.159057	0.848738	-0.778571	0.508862	-0.367268	-170.198608	-171.156082	613.077881	
-0.462003	-0.850891	-0.250076	-0.434469	-0.028675	0.900230	-0.773168	0.524560	-0.356437	-176.865967	-176.070969	619.811890	
-0.511987	-0.851824	-0.110743	-0.318924	0.068796	0.945280	-0.797594	0.519290	-0.306889	-188.496948	-186.454453	630.807678	
-0.554467	-0.831569	0.032530	-0.209647	0.177401	0.961549	-0.805366	0.526328	-0.272699	-194.753006	-191.287003	635.432007	
-0.554467	-0.831569	0.032530	-0.209647	0.177401	0.961549	-0.805366	0.526328	-0.272699	-194.753006	-191.287003	635.432007	
-0.554467	-0.831569	0.032530	-0.209647	0.177401	0.961549	-0.805366	0.526328	-0.272699	-194.753006	-191.287003	635.432007	
-0.554467	-0.831569	0.032530	-0.209647	0.177401	0.961549	-0.805366	0.526328	-0.272699	-194.753006	-191.287003	635.432007	
-0.554467	-0.831569	0.032530	-0.209647	0.177401	0.961549	-0.805366	0.526328	-0.272699	-194.753006	-191.287003	635.432007	
-0.554467	-0.831569	0.032530	-0.209647	0.177401	0.961549	-0.805366	0.526328	-0.272699	-194.753006	-191.287003	635.432007	
-0.603793	-0.364028	0.709167	0.637058	0.314396	0.703784	-0.479156	0.876720	0.042076	-198.982239	-210.366745	686.711060	
-0.528128	-0.263974	0.807092	0.764318	0.266361	0.587257	-0.369998	0.927022	0.061088	-190.849930	-209.805527	691.397095	
-0.434945	-0.172245	0.883829	0.859078	0.214750	0.464616	-0.269830	0.961361	0.054568	-185.636780	-208.210938	705.570129	
-0.387514	-0.113958	0.914793	0.900618	0.165017	0.402066	-0.196774	0.979685	0.038687	-179.363876	-205.319550	714.696167	
-0.267999	-0.059436	0.961584	0.957959	0.089673	0.272532	-0.102426	0.994196	0.032905	-164.951141	-202.650970	724.367554	
-0.136195	-0.040417	0.989857	0.983351	0.115813	0.140029	-0.120298	0.992448	0.023972	-149.591324	-201.142456	742.004944	
0.004437	-0.014410	0.999886	0.999976	0.005397	-0.004359	-0.005333	0.999881	0.014434	-133.123413	-199.460251	758.795837	
0.136433	0.010634	0.990592	0.977186	-0.165740	-0.132806	0.162769	0.986112	-0.033003	-116.516228	-198.561066	784.313171	
0.216360	0.010004	0.976263	0.942410	-0.263368	-0.206158	0.255055	0.964643	-0.066410	-106.567513	-192.292267	805.140686	
0.345010	0.121985	0.930639	0.900007	-0.324387	-0.291134	0.266374	0.938026	-0.221704	-94.703064	-182.342529	822.965759	
0.481529	0.098535	0.870874	0.851072	-0.289865	-0.437784	0.209299	0.951982	-0.223438	-75.618217	-173.629807	852.359802	
0.607584	0.103491	0.787485	0.782029	-0.251243	-0.570357	0.138824	0.962376	-0.233583	-65.289291	-168.215317	877.089661	
0.713964	0.095821	0.693595	0.699139	-0.043504	-0.713661	-0.038209	0.994447	-0.098052	-46.317638	-157.046326	892.772217	
0.732531	0.136361	0.666938	0.631309	0.230423	-0.740509	-0.254653	0.963489	0.082706	-25.708965	-147.651245	887.532776	
0.782463	0.264709	0.563633	0.509036	0.249427	-0.823813	-0.358655	0.931512	0.060421	-6.872914	-131.602448	893.361389	
0.830637	0.330508	0.448117	0.339008	0.338256	-0.877870	-0.441721	0.881106	0.168923	1.878765	-115.890518	898.650574	
0.849819	0.364571	0.380654	0.235419	0.383612	-0.892983	-0.471579	0.848486	0.240174	11.060189	-108.643951	921.082031	
0.868541	0.417970	0.266345	0.069216	0.429838	-0.900249	-0.490762	0.800337	0.344401	19.936110	-92.461411	949.125854	
0.874999	-0.469092	0.119706	-0.182764	-0.549034	-0.815573	0.448302	0.691747	-0.566137	29.662901	-82.327400	914.658997	
0.874999	-0.469092	0.119706	-0.182764	-0.549034	-0.815573	0.448302	0.691747	-0.566137	29.662901	-82.327400	914.658997	
0.874999	-0.469092	0.119706	-0.182764	-0.549034	-0.815573	0.448302	0.691747	-0.566137	29.662901	-82.327400	914.658997	
0.754507	-0.651114	-0.082280	-0.438600	-0.406996	-0.801239	0.488211	0.640628	-0.592660	51.817635	-45.845886	952.078308	
0.759688	-0.608023	-0.230615	-0.546435	-0.404615	-0.733277	0.352539	0.683078	-0.639626	59.738167	-33.584743	973.952820	
0.692234	-0.652417	-0.308490	-0.593286	-0.271094	-0.757970	0.410882	0.707715	-0.574730	62.557793	-18.895208	963.181519	
0.624924	-0.685972	-0.372711	-0.643838	-0.182846	-0.742994	0.441524	0.704279	-0.555920	63.672619	-4.624955	963.692627	
0.592817	-0.661845	-0.458836	-0.674093	-0.096056	-0.732374	0.440644	0.743461	-0.503089	65.377701	7.711632	977.482605	
0.544974	-0.641149	-0.540307	-0.722843	-0.032739	-0.690236	0.424855	0.766717	-0.481292	64.993088	20.351873	982.094299	
0.492366	-0.608981	-0.621868	-0.759325	0.048700	-0.648888	0.425445	0.791688	-0.438436	63.388542	25.452177	992.417114	
0.458972	-0.565370	-0.685349	-0.798758	0.075179	-0.596938	0.389014	0.821404	-0.417088	60.405754	36.713802	1006.058533	
0.388945	-0.547161	-0.741173	-0.846496	0.105223	-0.521894	0.363548	0.830387	-0.422243	53.118713	48.091305	1006.585754	
0.356586	-0.505958	-0.785401	-0.888611	0.075900	-0.452340	0.288476	0.859212	-0.422534	48.376785	58.422989	1013.437866	
0.301202	-0.512970	-0.803829	-0.915869	0.079039	-0.393622	0.265449	0.854760	-0.446006	37.899948	67.275009	1027.721069	
0.251870	-0.477663	-0.841666	-0.915769	0.163593	-0.366887	0.312938	0.863177	-0.396224	24.451107	77.107330	1052.415039	
0.194773	-0.480353	-0.855176	-0.903440	0.251628	-0.347104	0.381918	0.840205	-0.384959	16.665562	85.160622	1051.182861	
0.175850	-0.457623	-0.871584	-0.927885	0.218666	-0.302019	0.328796	0.861838	-0.386169	2.645105	91.473938	1079.142578	
0.107921	-0.316495	-0.942436	-0.922434	0.321666	-0.213653	0.370769	0.892390	-0.257231	-15.564171	92.643791	1072.212891	
0.071880	-0.240193	-0.968061	-0.888474	0.425646	-0.171580	0.453263	0.872429	-0.182809	-34.530083	93.697273	1062.317627	
0.013938	-0.153405	-0.988066	-0.866785	0.490782	-0.088424	0.498488	0.857671	-0.126128	-44.848526	94.298698	1053.573486	
-0.001052	-0.144119	-0.989561	-0.839264	0.538175	-0.077486	0.543723	0.830419	-0.121520	-55.065353	96.064529	1056.177979	
-0.011992	-0.010730	-0.999871	-0.805134	0.593085	0.003292	0.592972	0.805068	-0.015751	-65.144058	96.571373	1062.784668	
0.012050	0.024827	-0.999620	-0.762878	0.646507	0.006862	0.646430	0.762504	0.026731	-81.933777	94.401367	1046.666748	
-0.080083	0.002722	-0.996785	-0.736041	0.674186	0.060976	0.672184	0.738556	-0.051987	-91.649887	91.865898	1033.373169	
-0.043772	0.235973	-0.970773	-0.780726	0.598203	0.180613	0.623339	0.765812	0.158047	-106.591324	92.152725	1069.443115	
0.013778	0.441029	-0.897387	-0.786749	0.558683	0.262491	0.617120	0.702400	0.354677	-115.984810	88.307655	1075.882324	
0.039513	0.480255	-0.876239	-0.718827	0.622781	0.308925	0.694066	0.617656	0.369828	-124.572258	82.367966	1067.660522	
0.077332	0.516887	-0.852554	-0.670228	0.660021	0.339365	0.738116	0.545160	0.397474	-130.934052	75.500641	1051.354492	
0.114736	0.578043	-0.807899	-0.646384	0.661000	0.381142	0.754337	0.478481	0.449479	-136.950974	67.269623	1041.348022	
0.158255	0.652046	-0.741479	-0.612880	0.653642	0.443996	0.774167	0.384172	0.503068	-145.680908	65.156219	1052.124756	
0.185448	0.624057	-0.759053	-0.583635	0.691397	0.425843	0.790556	0.364037	0.492440	-151.922668	54.177162	1053.163818	
0.188907	0.661890	-0.725407	-0.529983	0.690606	0.492122	0.826700	0.291487	0.481251	-161.183121	42.817162	1034.745117	
0.285858	0.683991	-0.671148	-0.655982	0.650225	0.383271	0.698551	0.330699	0.634558	-175.844788	33.867569	1068.611572	
0.286817	0.774504	-0.563807	-0.587237	0.607138	0.535293	0.756895	0.177556	0.628955	-175.310272	26.839725	1040.101074	
0.359738	0.846653	-0.392131	-0.587114	0.532036	0.610110	0.725180	0.010746	0.688475	-181.082993	20.781200	1048.540039	
0.359738	0.846653	-0.392131	-0.587114	0.532036	0.610110	0.725180	0.010746	0.688475	-181.082993	20.781200	1048.540039	
0.359738	0.846653	-0.392131	-0.587114	0.532036	0.610110	0.725180	0.010746	0.688475	-181.082993	20.781200	1048.540039	
0.359738	0.846653	-0.392131	-0.587114	0.532036	0.610110	0.725180	0.010746	0.688475	-181.082993	20.781200	1048.540039	
0.359738	0.846653	-0.392131	-0.587114	0.532036	0.610110	0.725180	0.010746	0.688475	-181.082993	20.781200	1048.540039	
0.516426	0.842676	0.152320	-0.626804	0.250783	0.737716	0.583456	-0.476450	0.657704	-172.482361	-20.639801	999.638245	
0.527600	0.801171	0.282427	-0.667263	0.185090	0.721458	0.525736	-0.569093	0.632245	-162.542999	-34.926331	987.846008	
0.549085	0.756048	0.356227	-0.689586	0.169015	0.704205	0.472204	-0.632317	0.614164	-152.649307	-42.252399	978.948975	
0.578277	0.696904	0.424171	-0.698500	0.154288	0.698779	0.421537	-0.700371	0.576010	-139.754517	-48.880409	965.129578	
0.577688	0.678728	0.453437	-0.724825	0.171088	0.667350	0.375371	-0.714183	0.590795	-132.930359	-63.112724	957.439209	
