0.996732	-0.044008	0.067741	0.042995	0.998941	0.016345	-0.068389	-0.013379	0.997569	19.012854	3.842148	546.726440	
0.972533	-0.138437	0.187121	0.121125	0.987481	0.101038	-0.198766	-0.075598	0.977127	27.967554	7.104295	547.110413	
0.944354	-0.195339	0.264647	0.152581	0.972914	0.173656	-0.291401	-0.123613	0.948581	36.580364	14.658146	547.722168	
0.895566	-0.258577	0.362077	0.172401	0.951883	0.253369	-0.410170	-0.164486	0.897054	44.746517	16.410151	545.057129	
0.861632	-0.357371	0.360384	0.241475	0.913208	0.328237	-0.446408	-0.195796	0.873146	51.890491	21.144735	543.908386	
0.820651	-0.459210	0.340084	0.315278	0.860227	0.400759	-0.476582	-0.221662	0.850727	68.123802	22.277523	545.163879	
0.796154	-0.543179	0.266637	0.396349	0.801098	0.448496	-0.457216	-0.251390	0.853087	74.457336	24.748663	544.404114	
0.803150	-0.575710	0.153326	0.445511	0.751219	0.487021	-0.395564	-0.322843	0.859827	78.103401	25.036186	544.396973	
0.789997	-0.603920	0.105756	0.478767	0.715399	0.508907	-0.382997	-0.351402	0.854301	82.436783	25.871647	545.834412	
0.787356	-0.615797	0.029378	0.495325	0.660253	0.564551	-0.367046	-0.429951	0.824876	88.647545	26.619812	552.915405	
0.755038	-0.655662	0.004961	0.517191	0.600196	0.610145	-0.403027	-0.458117	0.792274	93.178711	26.542984	566.774963	
0.744257	-0.666980	-0.034913	0.511538	0.535635	0.671881	-0.429431	-0.517911	0.739836	94.523849	26.938669	576.778748	
0.730865	-0.680339	-0.054543	0.504365	0.484520	0.714742	-0.459840	-0.549889	0.697258	95.689545	27.386417	590.018066	
0.750546	-0.659227	-0.045825	0.471063	0.485103	0.736733	-0.463444	-0.574538	0.674630	93.518974	24.660057	602.365662	
0.724909	-0.688598	0.018397	0.403069	0.445677	0.799317	-0.558607	-0.572017	0.600628	92.675201	24.462193	605.508179	
0.728577	-0.684590	0.022627	0.365154	0.416140	0.832761	-0.579516	-0.598468	0.553171	89.796646	22.079882	615.850220	
0.744449	-0.667676	-0.002149	0.354596	0.392638	0.848586	-0.565737	-0.632490	0.529054	85.837502	22.050978	621.422852	
0.746323	-0.665361	-0.017201	0.363092	0.385340	0.848338	-0.557823	-0.639380	0.529176	82.161644	21.886395	630.423157	
0.744714	-0.667101	-0.019427	0.376065	0.395412	0.837989	-0.551341	-0.631367	0.545342	77.858101	22.381628	635.447021	
-0.015658	0.125314	0.991994	0.997746	-0.062781	0.023679	0.065246	0.990129	-0.124049	87.379097	-25.442900	639.239990	
-0.015658	0.125314	0.991994	0.997746	-0.062781	0.023679	0.065246	0.990129	-0.124049	87.379097	-25.442900	639.239990	
-0.015658	0.125314	0.991994	0.997746	-0.062781	0.023679	0.065246	0.990129	-0.124049	87.379097	-25.442900	639.239990	
-0.015658	0.125314	0.991994	0.997746	-0.062781	0.023679	0.065246	0.990129	-0.124049	87.379097	-25.442900	639.239990	
0.066571	0.492630	0.867689	0.931260	-0.342886	0.123225	0.358223	0.799840	-0.481592	59.288559	-57.104382	683.803345	
0.108648	0.578019	0.808758	0.910560	-0.384287	0.152326	0.398843	0.719873	-0.568073	51.557575	-70.297729	700.916199	
0.188496	0.641404	0.743687	0.852979	-0.482229	0.199707	0.486720	0.596705	-0.638002	33.003426	-83.905106	712.865112	
0.245799	0.701700	0.668731	0.814088	-0.523925	0.250528	0.526160	0.482825	-0.700025	14.846546	-97.256241	723.937561	
0.306298	0.753819	0.581326	0.783393	-0.546544	0.295949	0.540812	0.364757	-0.757941	5.787084	-104.039536	737.115845	
0.355884	0.764145	0.537987	0.741519	-0.581262	0.335089	0.568768	0.279674	-0.773489	-2.855170	-111.642693	744.411560	
0.456263	0.766043	0.452772	0.670063	-0.630579	0.391645	0.585525	0.124692	-0.801007	-12.644964	-125.173309	748.421692	
0.516780	0.777978	0.357335	0.626101	-0.628112	0.462032	0.583898	-0.015042	-0.811688	-22.087742	-139.414902	754.783936	
0.616774	0.739395	0.269972	0.562914	-0.654060	0.505304	0.550198	-0.159688	-0.819623	-31.115051	-146.571594	774.761047	
0.672963	0.720826	0.165920	0.539807	-0.631963	0.556085	0.505696	-0.284661	-0.814395	-39.905922	-160.344681	786.888611	
0.754975	0.652579	0.064439	0.497797	-0.634311	0.591478	0.426861	-0.414475	-0.803742	-48.533958	-173.873108	792.696655	
0.792506	0.605734	-0.070850	0.512528	-0.598548	0.615674	0.330528	-0.524239	-0.784809	-56.640533	-180.993668	814.385559	
0.820983	0.555675	-0.131192	0.494687	-0.577557	0.649393	0.285081	-0.598041	-0.749050	-70.606598	-192.883301	825.678040	
0.838160	0.500579	-0.216580	0.501676	-0.551730	0.666269	0.214027	-0.667094	-0.713568	-83.708847	-204.375595	831.526184	
0.857390	0.446504	-0.255960	0.481700	-0.521057	0.704602	0.181238	-0.727416	-0.661831	-94.934959	-215.474548	844.330261	
0.869596	0.392853	-0.299113	0.477066	-0.512278	0.714128	0.127318	-0.763700	-0.632892	-104.629272	-220.685196	862.010742	
0.874724	0.278448	-0.396640	0.484609	-0.496996	0.719825	0.003306	-0.821865	-0.569674	-112.048882	-224.917160	877.868225	
0.877894	0.177268	-0.444834	0.471166	-0.485564	0.736362	-0.085461	-0.856039	-0.509797	-114.805313	-232.135986	893.237671	
0.845816	0.125345	-0.518539	0.514100	-0.451080	0.729539	-0.142458	-0.883638	-0.445972	-116.522118	-237.363968	901.295227	
0.828236	0.076512	-0.555130	0.530812	-0.424641	0.733428	-0.179615	-0.902123	-0.392318	-117.595581	-240.137146	911.236389	
0.774442	0.029873	-0.631938	0.593014	-0.382257	0.708670	-0.220392	-0.923573	-0.313752	-116.671593	-244.382462	923.188843	
0.711560	-0.017629	-0.702404	0.650339	-0.361898	0.667898	-0.265973	-0.932051	-0.246049	-115.934151	-249.421585	931.183411	
0.682826	-0.054146	-0.728572	0.669460	-0.352928	0.653655	-0.292526	-0.934082	-0.204740	-112.547928	-250.716858	937.816711	
0.620280	-0.083554	-0.779917	0.704832	-0.376931	0.600945	-0.344186	-0.922465	-0.174912	-108.528046	-252.502747	947.081055	
0.577343	-0.140374	-0.804345	0.710260	-0.399573	0.579544	-0.402747	-0.905890	-0.130989	-99.315628	-252.124802	958.852478	
0.519694	-0.205636	-0.829236	0.687815	-0.475035	0.548864	-0.506782	-0.855602	-0.105434	-93.391861	-251.721115	964.684387	
0.476922	-0.220726	-0.850779	0.713956	-0.467282	0.521454	-0.512652	-0.856112	-0.065269	-80.786415	-249.365326	970.533875	
0.435712	-0.250066	-0.864652	0.698181	-0.512380	0.500010	-0.568065	-0.821544	-0.048659	-73.854820	-246.912384	984.616272	
0.381121	-0.271857	-0.883652	0.686507	-0.556961	0.467442	-0.619237	-0.784785	-0.025639	-57.763863	-241.619507	996.122803	
0.327942	-0.234996	-0.915003	0.700207	-0.589723	0.402413	-0.634164	-0.772660	-0.028850	-49.272255	-238.131821	1014.581360	
0.266222	-0.194878	-0.944007	0.733925	-0.593910	0.329581	-0.624883	-0.780572	-0.015087	-40.611031	-232.674194	1024.866699	
0.212398	-0.189878	-0.958558	0.726675	-0.625143	0.284850	-0.653322	-0.757062	0.005200	-30.351814	-220.230545	1014.175049	
0.113083	-0.162813	-0.980155	0.716859	-0.669698	0.193949	-0.687985	-0.724566	0.040982	-20.006977	-210.487885	1017.867554	
0.080769	-0.141846	-0.986588	0.712044	-0.684426	0.156695	-0.697473	-0.715150	0.045720	-9.664816	-197.650345	1020.168884	
0.055214	-0.066789	-0.996238	0.731367	-0.676554	0.085891	-0.679745	-0.733358	0.011491	8.836082	-188.797409	1033.466309	
-0.020201	-0.024941	-0.999485	0.703224	-0.710959	0.003528	-0.710680	-0.702790	0.031901	19.525484	-178.563019	1039.259521	
-0.080537	-0.007267	-0.996725	0.688463	-0.723521	-0.050354	-0.720785	-0.690264	0.063273	33.182739	-169.456253	1060.654053	
-0.117161	0.050928	-0.991806	0.663117	-0.739425	-0.116302	-0.739288	-0.671310	0.052860	51.883274	-153.055420	1053.662842	
-0.003841	0.214782	-0.976654	0.611657	-0.772151	-0.172215	-0.791112	-0.598039	-0.128408	54.490871	-135.797623	1040.635254	
0.005652	0.280015	-0.959979	0.589577	-0.776326	-0.222974	-0.807691	-0.564721	-0.169479	70.413689	-120.699265	1031.454224	
0.038829	0.307563	-0.950735	0.559510	-0.795007	-0.234334	-0.827912	-0.522847	-0.202955	77.642822	-113.543571	1027.815918	
0.087941	0.334946	-0.938124	0.534853	-0.810380	-0.239199	-0.840355	-0.480723	-0.250413	90.839058	-105.935745	1028.556396	
0.139316	0.384885	-0.912389	0.556319	-0.792651	-0.249428	-0.819206	-0.472830	-0.324549	102.077713	-98.258484	1027.616699	
0.210979	0.401822	-0.891081	0.496748	-0.829188	-0.256299	-0.841859	-0.388570	-0.374546	111.241432	-82.327698	1021.098572	
0.256412	0.391020	-0.883943	0.431559	-0.864616	-0.257285	-0.864874	-0.315503	-0.390447	115.252518	-66.630737	1016.829651	
0.330417	0.398908	-0.855392	0.404857	-0.878585	-0.253337	-0.852592	-0.262604	-0.451801	118.496750	-52.031517	1012.933777	
0.409610	0.388551	-0.825377	0.378323	-0.895642	-0.233878	-0.830114	-0.216460	-0.513862	122.571999	-44.597221	1007.281616	
0.472526	0.349043	-0.809251	0.343420	-0.918573	-0.195670	-0.811652	-0.185454	-0.553919	123.806190	-30.159971	997.089600	
0.508421	0.329732	-0.795477	0.326465	-0.928629	-0.176267	-0.796823	-0.170077	-0.579781	124.290596	-15.862248	994.032471	
0.586734	0.279173	-0.760134	0.246754	-0.955690	-0.160530	-0.771267	-0.093377	-0.629624	121.579689	-2.384756	990.804260	
0.621909	0.247108	-0.743078	0.230215	-0.964669	-0.128122	-0.748483	-0.091388	-0.656825	117.921959	4.103426	988.022034	
0.673991	0.168915	-0.719168	0.146301	-0.984747	-0.094183	-0.724106	-0.041736	-0.688423	114.100693	9.674210	983.566528	
0.702899	0.128370	-0.699609	0.118519	-0.990967	-0.062755	-0.701344	-0.038806	-0.711765	106.280983	20.660892	972.633301	
0.743824	0.089252	-0.662389	0.086820	-0.995550	-0.036650	-0.662711	-0.030247	-0.748263	95.112587	25.315392	961.365356	
0.778441	-0.010678	-0.627626	0.020596	-0.998882	0.042538	-0.627378	-0.046040	-0.777352	88.997292	30.860388	953.082642	
0.805199	-0.068122	-0.589078	-0.017621	-0.995690	0.091056	-0.592740	-0.062938	-0.802930	75.188087	39.418938	947.215881	
0.813695	-0.117766	-0.569236	-0.028692	-0.986206	0.163015	-0.580581	-0.116312	-0.805851	67.198776	45.644657	945.880066	
0.826216	-0.177181	-0.534764	-0.042868	-0.966275	0.253920	-0.561717	-0.186869	-0.805948	51.087059	48.247833	936.592651	
0.829637	-0.229356	-0.509017	-0.055641	-0.941149	0.333380	-0.555522	-0.248262	-0.793575	33.345695	52.351105	920.777344	
0.812987	-0.345051	-0.469033	-0.165284	-0.909127	0.382319	-0.558329	-0.233297	-0.796141	15.245689	55.190826	914.910645	
0.782742	-0.457288	-0.422141	-0.242226	-0.848674	0.470191	-0.573270	-0.265785	-0.775060	6.122761	55.998611	901.523315	
0.730327	-0.566796	-0.381267	-0.337485	-0.784657	0.520016	-0.593905	-0.251110	-0.764342	-13.117756	55.781113	889.437317	
0.660596	-0.660743	-0.356415	-0.389781	-0.707611	0.589370	-0.641624	-0.250411	-0.724991	-33.379631	55.593197	886.280090	
0.564811	-0.749099	-0.346179	-0.406900	-0.617764	0.672903	-0.717926	-0.239203	-0.653729	-53.167641	54.713360	879.743286	
0.461502	-0.829001	-0.315869	-0.409973	-0.515049	0.752759	-0.786725	-0.217902	-0.577564	-71.329430	51.026054	871.840454	
0.411886	-0.866983	-0.280520	-0.408577	-0.450877	0.793583	-0.814501	-0.212251	-0.539940	-80.632080	45.799294	867.867126	
0.353065	-0.901771	-0.249309	-0.359945	-0.376880	0.853464	-0.863587	-0.211590	-0.457651	-89.695786	40.116558	850.601501	
0.240786	-0.947695	-0.209514	-0.360662	-0.287773	0.887192	-0.901079	-0.138059	-0.411089	-106.716423	36.073650	833.721069	
0.110969	-0.974589	-0.194583	-0.288108	-0.218931	0.932236	-0.951145	-0.047387	-0.305082	-120.257378	31.578808	811.533813	
-0.022357	-0.983156	-0.181395	-0.213048	-0.172587	0.961678	-0.976784	0.060147	-0.205601	-134.792831	26.374504	802.323242	
-0.086201	-0.982261	-0.166531	-0.112224	-0.156515	0.981279	-0.989936	0.103277	-0.096741	-146.916504	21.268297	783.447937	
-0.225739	-0.964115	-0.139728	-0.024066	-0.137868	0.990158	-0.973889	0.226882	0.007920	-152.521774	15.198096	773.764343	
-0.285471	-0.949885	-0.127376	0.078467	-0.155626	0.984695	-0.955168	0.271109	0.118962	-161.184479	8.556771	767.876099	
-0.350917	-0.929529	-0.113282	0.125168	-0.166452	0.978073	-0.928002	0.329044	0.174759	-165.151031	1.141610	757.673523	
-0.468971	-0.877530	-0.100038	0.210500	-0.221055	0.952273	-0.857760	0.425532	0.288390	-170.564697	-13.341084	743.486023	
-0.528932	-0.843514	-0.093348	0.293236	-0.284872	0.912612	-0.796392	0.455338	0.398027	-172.263275	-26.846252	732.441772	
-0.638572	-0.766068	-0.073246	0.308489	-0.342016	0.887615	-0.705023	0.544212	0.454726	-172.430267	-35.050957	728.004517	
-0.692766	-0.718913	-0.056893	0.334589	-0.390301	0.857738	-0.638844	0.575178	0.510929	-170.320526	-42.501038	721.180237	
-0.782169	-0.621595	-0.042770	0.350789	-0.496060	0.794275	-0.514933	0.606255	0.606052	-169.253448	-49.508675	715.793457	
-0.859583	-0.509908	-0.033298	0.311104	-0.573916	0.757519	-0.405375	0.640793	0.651964	-163.719772	-65.290283	706.179016	
-0.921042	-0.388488	-0.027493	0.251667	-0.647567	0.719250	-0.297224	0.655542	0.694208	-160.482635	-73.555099	690.350952	
-0.965472	-0.259526	-0.022507	0.185968	-0.747167	0.638089	-0.182418	0.611873	0.769634	-155.635895	-89.092331	684.111450	
-0.981235	-0.192402	-0.012489	0.155235	-0.826789	0.540669	-0.114352	0.528586	0.841143	-143.990433	-97.292023	674.216675	
-0.989480	-0.144182	-0.011730	0.120891	-0.868715	0.480333	-0.079446	0.473863	0.877008	-128.343918	-110.342346	656.830688	
-0.999951	0.009701	0.000354	-0.008976	-0.937976	0.346586	0.003693	0.346566	0.938019	-116.014763	-119.332993	657.068359	
-0.988712	0.149823	0.000610	-0.146184	-0.965582	0.215131	0.032820	0.212613	0.976586	-108.289627	-127.072449	656.397766	
-0.973016	0.227631	0.037700	-0.218378	-0.961296	0.167990	0.074480	0.155224	0.985068	-90.754272	-133.597519	642.038391	
-0.954590	0.293423	0.051571	-0.287360	-0.952535	0.100500	0.078612	0.081117	0.993600	-81.631821	-138.660019	627.631653	
-0.905525	0.419485	0.063685	-0.416170	-0.907358	0.059188	0.082613	0.027093	0.996214	-72.395561	-144.381668	619.616638	
-0.870897	0.482749	0.092145	-0.488650	-0.870589	-0.057414	0.052503	-0.095028	0.994090	-62.766808	-155.660629	607.949768	
-0.829030	0.542474	0.135761	-0.556585	-0.823928	-0.106562	0.054049	-0.163906	0.984995	-53.329727	-158.998962	595.566162	
-0.756618	0.640914	0.129452	-0.652996	-0.750817	-0.099349	0.033519	-0.159701	0.986597	-34.190083	-166.404312	583.983276	
-0.649567	0.744093	0.156168	-0.759340	-0.645247	-0.084013	0.038253	-0.173156	0.984152	-25.224510	-168.811249	579.109619	
-0.511545	0.841508	0.173745	-0.846599	-0.528177	0.065561	0.146938	-0.113555	0.982607	-7.702956	-175.547897	571.974243	
-0.395274	0.914102	0.090427	-0.901187	-0.404970	0.154462	0.177813	-0.020437	0.983853	10.707787	-186.029755	581.252869	
-0.257704	0.965130	0.045978	-0.953569	-0.261717	0.149022	0.155858	-0.005440	0.987765	21.710800	-195.697479	589.416199	
-0.094635	0.992801	0.073429	-0.961821	-0.110210	0.250505	0.256793	-0.046919	0.965327	29.778999	-198.718323	590.696594	
0.098116	0.984387	0.146140	-0.935523	0.041159	0.350857	0.339363	-0.171142	0.924956	42.471291	-200.423630	585.339661	
0.287908	0.947821	0.136909	-0.833217	0.177452	0.523697	0.472075	-0.264852	0.840832	54.986416	-205.863693	601.706848	
0.167789	0.985808	-0.005454	-0.406873	0.064210	-0.911225	-0.897943	0.155113	0.411872	64.383202	-195.147995	566.783020	
0.167789	0.985808	-0.005454	-0.406873	0.064210	-0.911225	-0.897943	0.155113	0.411872	64.383202	-195.147995	566.783020	
0.167789	0.985808	-0.005454	-0.406873	0.064210	-0.911225	-0.897943	0.155113	0.411872	64.383202	-195.147995	566.783020	
0.167789	0.985808	-0.005454	-0.406873	0.064210	-0.911225	-0.897943	0.155113	0.411872	64.383202	-195.147995	566.783020	
0.167789	0.985808	-0.005454	-0.406873	0.064210	-0.911225	-0.897943	0.155113	0.411872	64.383202	-195.147995	566.783020	
0.167789	0.985808	-0.005454	-0.406873	0.064210	-0.911225	-0.897943	0.155113	0.411872	64.383202	-195.147995	566.783020	
0.167789	0.985808	-0.005454	-0.406873	0.064210	-0.911225	-0.897943	0.155113	0.411872	64.383202	-195.147995	566.783020	
0.167789	0.985808	-0.005454	-0.406873	0.064210	-0.911225	-0.897943	0.155113	0.411872	64.383202	-195.147995	566.783020	
0.167789	0.985808	-0.005454	-0.406873	0.064210	-0.911225	-0.897943	0.155113	0.411872	64.383202	-195.147995	566.783020	
0.167789	0.985808	-0.005454	-0.406873	0.064210	-0.911225	-0.897943	0.155113	0.411872	64.383202	-195.147995	566.783020	
0.167789	0.985808	-0.005454	-0.406873	0.064210	-0.911225	-0.897943	0.155113	0.411872	64.383202	-195.147995	566.783020	
0.868146	0.468385	-0.164128	0.201772	-0.635219	-0.745509	-0.453443	0.614095	-0.645970	55.548161	-137.551544	570.144348	
0.922482	0.344964	-0.173284	0.151012	-0.735568	-0.660404	-0.355278	0.583044	-0.730642	42.317101	-130.170395	570.134888	
0.941622	0.277560	-0.190547	0.111164	-0.790554	-0.602218	-0.317790	0.545880	-0.775258	28.388519	-124.321564	578.572632	
0.954695	0.212241	-0.208595	0.084200	-0.864965	-0.494717	-0.285427	0.454741	-0.843648	20.201340	-117.502739	586.947632	
0.967710	0.077984	-0.239700	-0.034712	-0.900651	-0.433155	-0.249666	0.427489	-0.868861	2.585533	-110.743698	596.864685	
0.961232	0.011495	-0.275499	-0.093508	-0.926337	-0.364904	-0.259401	0.376520	-0.889350	-15.661650	-96.767876	605.204346	
0.946381	-0.119401	-0.300176	-0.197341	-0.949343	-0.244548	-0.255772	0.290673	-0.922003	-34.906059	-89.331131	612.351990	
0.910278	-0.252995	-0.327698	-0.302368	-0.946959	-0.108828	-0.282784	0.198150	-0.938493	-44.998447	-74.401154	622.093872	
0.853372	-0.373743	-0.363417	-0.390768	-0.920045	0.028589	-0.345046	0.117616	-0.931187	-55.124298	-67.042595	632.333008	
0.810760	-0.424159	-0.403431	-0.396934	-0.904890	0.153680	-0.430246	0.035539	-0.902012	-75.048424	-52.767738	644.231812	
0.733294	-0.524233	-0.432965	-0.481963	-0.849949	0.212835	-0.479574	0.052603	-0.875923	-94.952881	-45.461594	648.991394	
0.640929	-0.608742	-0.467592	-0.554483	-0.788412	0.266374	-0.530809	0.088546	-0.842853	-113.954376	-38.982315	662.767761	
0.583891	-0.637811	-0.502262	-0.517671	-0.769094	0.374849	-0.625370	0.041136	-0.779243	-133.103333	-32.846989	679.428223	
0.524081	-0.656142	-0.542970	-0.461622	-0.754612	0.466332	-0.715712	0.006252	-0.698367	-141.895370	-20.140156	684.209656	
0.414141	-0.698934	-0.583076	-0.498886	-0.710102	0.496857	-0.761314	0.085120	-0.642772	-149.968079	-7.261845	688.979614	
0.308391	-0.737745	-0.600521	-0.532214	-0.657053	0.533881	-0.788443	0.154962	-0.595268	-157.061172	-2.145549	698.799255	
0.196021	-0.760615	-0.618902	-0.502663	-0.619857	0.602582	-0.841964	0.192981	-0.503839	-170.402527	2.494776	706.174133	
0.135064	-0.743146	-0.655355	-0.421507	-0.641677	0.640766	-0.896710	0.189693	-0.399910	-181.302109	7.626770	717.027588	
0.013400	-0.719330	-0.694538	-0.453560	-0.623404	0.636906	-0.891124	0.306480	-0.334614	-185.211746	16.925907	723.061646	
-0.083906	-0.683397	-0.725208	-0.433580	-0.630232	0.644061	-0.897199	0.368477	-0.243428	-188.524155	21.773132	724.086853	
-0.119317	-0.633246	-0.764697	-0.411261	-0.669495	0.618578	-0.903674	0.388297	-0.180549	-192.150635	28.526615	743.039307	
-0.151353	-0.607415	-0.779832	-0.397480	-0.684929	0.610639	-0.905042	0.402390	-0.137770	-193.781784	35.336540	748.190125	
-0.182877	-0.597262	-0.780918	-0.373296	-0.692643	0.617167	-0.909508	0.404380	-0.096288	-196.661087	38.163776	771.463440	
-0.284323	-0.572906	-0.768725	-0.423469	-0.644315	0.636813	-0.860136	0.506592	-0.059415	-198.017914	38.309231	788.043152	
-0.308154	-0.580637	-0.753592	-0.506381	-0.570487	0.646623	-0.805368	0.580865	-0.118227	-194.571793	39.126293	805.855774	
-0.323696	-0.577794	-0.749249	-0.586060	-0.499242	0.638192	-0.742801	0.645686	-0.177020	-189.283142	39.326176	810.372620	
-0.367092	-0.480452	-0.796497	-0.572037	-0.558614	0.600602	-0.733496	0.676103	-0.069775	-183.599960	40.105469	823.876770	
-0.361832	-0.388486	-0.847441	-0.495712	-0.689689	0.527823	-0.789523	0.611071	0.056974	-175.593674	41.298618	834.823425	
-0.282430	-0.283636	-0.916397	-0.323763	-0.871052	0.369384	-0.903000	0.401021	0.154180	-166.423096	40.704346	844.475891	
-0.275387	-0.241186	-0.930586	-0.256384	-0.914528	0.312896	-0.926514	0.324756	0.190012	-159.194870	38.259605	855.762939	
-0.277618	-0.186750	-0.942365	-0.265401	-0.927840	0.262058	-0.923303	0.322857	0.208020	-144.385223	36.266323	870.139160	
-0.241098	-0.113971	-0.963785	-0.333462	-0.922890	0.192553	-0.911413	0.367810	0.184501	-136.565430	31.419069	886.794678	
-0.217125	-0.088495	-0.972124	-0.278462	-0.948885	0.148575	-0.935582	0.302960	0.181383	-119.270950	24.738377	898.768372	
-0.187469	-0.060000	-0.980436	-0.214044	-0.971651	0.100390	-0.958665	0.228677	0.169311	-101.217857	17.773108	910.810181	
-0.159409	-0.041000	-0.986361	-0.219370	-0.972686	0.075885	-0.962530	0.228475	0.146060	-82.181412	14.266148	917.550781	
-0.094189	-0.010644	-0.995497	-0.225197	-0.973796	0.031719	-0.969749	0.227171	0.089324	-62.439690	4.866776	931.078918	
-0.024274	0.002310	-0.999702	-0.220693	-0.975338	0.003105	-0.975040	0.220703	0.024184	-42.054596	0.087189	931.132568	
0.045717	-0.004593	-0.998943	-0.237127	-0.971457	-0.006386	-0.970401	0.237169	-0.045502	-31.737276	-4.511692	942.548340	
0.081324	-0.011559	-0.996620	-0.220421	-0.975381	-0.006673	-0.972008	0.220219	-0.081871	-21.000866	-15.917141	952.240356	
0.150483	-0.045756	-0.987553	-0.284738	-0.958604	0.001026	-0.946719	0.281040	-0.157284	-1.119603	-21.745689	966.997192	
0.205926	-0.098391	-0.973608	-0.338758	-0.940582	0.023404	-0.918061	0.324999	-0.227023	18.497099	-28.840122	977.872681	
0.256606	-0.170241	-0.951404	-0.406612	-0.912031	0.053527	-0.876823	0.373118	-0.303256	26.953072	-35.801582	981.243408	
0.268918	-0.208219	-0.940386	-0.350246	-0.930651	0.105905	-0.897223	0.300888	-0.323198	35.420177	-48.473400	981.473938	
0.322443	-0.274292	-0.905976	-0.302466	-0.936776	0.175967	-0.896964	0.217288	-0.385022	51.378105	-63.073616	994.791138	
0.339964	-0.321369	-0.883824	-0.257479	-0.935698	0.241191	-0.904504	0.145571	-0.400850	64.707512	-69.748642	1006.047363	
0.309693	-0.388620	-0.867792	-0.326638	-0.900602	0.286744	-0.892970	0.194652	-0.405850	77.746452	-84.320290	1007.324219	
0.287093	-0.485185	-0.825937	-0.398132	-0.844671	0.357800	-0.871245	0.226111	-0.435668	87.656448	-91.621689	1011.099548	
0.232262	-0.551368	-0.801277	-0.398366	-0.805467	0.438778	-0.887332	0.217291	-0.406727	93.026588	-106.237953	1014.863953	
0.160362	-0.609894	-0.776087	-0.443164	-0.747049	0.495503	-0.881980	0.264474	-0.390083	96.071281	-113.229027	1015.299255	
0.130407	-0.684745	-0.717019	-0.438850	-0.688358	0.577557	-0.889046	0.239348	-0.390268	99.019547	-120.338333	1018.387451	
0.085101	-0.720892	-0.687802	-0.421550	-0.651530	0.630716	-0.902802	0.236269	-0.359339	100.475639	-134.315964	1020.706909	
-0.011821	-0.760155	-0.649633	-0.435924	-0.580773	0.687511	-0.899905	0.291318	-0.324506	100.876251	-147.529953	1022.713684	
-0.132444	-0.778266	-0.613807	-0.443220	-0.507400	0.738985	-0.886574	0.369927	-0.277743	98.939438	-152.159363	1012.823303	
-0.182289	-0.796089	-0.577072	-0.356304	-0.493531	0.793393	-0.916415	0.350241	-0.193686	98.225334	-165.153748	1021.523560	
-0.246055	-0.801841	-0.544525	-0.320195	-0.463011	0.826495	-0.914839	0.377718	-0.142821	91.050537	-176.893250	1023.254211	
-0.377272	-0.797082	-0.471514	-0.299877	-0.376563	0.876511	-0.876207	0.472080	-0.096961	86.501915	-182.883087	1029.048950	
-0.514640	-0.742325	-0.429068	-0.216521	-0.371687	0.902755	-0.829616	0.557497	0.030555	77.805908	-187.978104	1025.642822	
-0.682417	-0.629319	-0.371838	-0.176348	-0.351927	0.919265	-0.709371	0.692896	0.129181	65.080727	-192.832809	1021.911438	
-0.739771	-0.614275	-0.274598	-0.058412	-0.347935	0.935697	-0.670318	0.708242	0.221510	56.106518	-195.256607	1014.700806	
-0.767096	-0.621417	-0.159385	0.028831	-0.281585	0.959103	-0.640883	0.731130	0.233918	47.753651	-203.908310	1011.804871	
-0.778708	-0.621072	-0.088779	0.105192	-0.268752	0.957448	-0.618504	0.736235	0.274610	38.482685	-212.361420	1040.079834	
-0.769324	-0.627198	-0.121497	0.044150	-0.241918	0.969291	-0.637330	0.740336	0.213803	29.071276	-217.185883	1063.998657	
-0.945336	-0.318582	0.069609	0.248306	-0.564861	0.786941	-0.211386	0.761208	0.613089	12.010900	-214.263000	1011.390015	
-0.945336	-0.318582	0.069609	0.248306	-0.564861	0.786941	-0.211386	0.761208	0.613089	12.010900	-214.263000	1011.390015	
-0.945336	-0.318582	0.069609	0.248306	-0.564861	0.786941	-0.211386	0.761208	0.613089	12.010900	-214.263000	1011.390015	
-0.945336	-0.318582	0.069609	0.248306	-0.564861	0.786941	-0.211386	0.761208	0.613089	12.010900	-214.263000	1011.390015	
-0.945229	-0.075294	0.317603	0.254884	-0.778098	0.574106	0.203900	0.623614	0.754672	-47.857864	-214.849274	993.026001	
-0.912230	0.038299	0.407884	0.165116	-0.876803	0.451611	0.374930	0.479322	0.793522	-58.369217	-216.157669	996.935730	
-0.861124	0.134794	0.490200	0.083276	-0.913790	0.397560	0.501528	0.383170	0.775661	-67.150635	-209.278809	974.765564	
-0.865287	0.196736	0.461056	-0.038357	-0.943054	0.330420	0.499806	0.268223	0.823559	-75.798347	-205.581345	953.497559	
-0.840495	0.265806	0.472139	-0.137419	-0.947481	0.288784	0.524103	0.177840	0.832880	-92.446022	-203.006287	958.319824	
-0.767363	0.337507	0.545199	-0.277531	-0.941315	0.192100	0.578039	-0.003900	0.815999	-103.535568	-201.914810	964.919739	
-0.621064	0.419139	0.662269	-0.513717	-0.855865	0.059907	0.591922	-0.303014	0.746867	-111.109055	-196.172714	951.444763	
-0.477968	0.441223	0.759519	-0.696626	-0.717102	-0.021808	0.535031	-0.539525	0.650119	-123.837791	-184.186966	934.883850	
-0.389294	0.468885	0.792840	-0.805852	-0.590281	-0.046592	0.446152	-0.657051	0.607645	-130.593201	-172.531433	926.223755	
-0.287818	0.470236	0.834289	-0.917944	-0.383806	-0.100351	0.273016	-0.794714	0.542117	-133.323227	-160.721130	904.159424	
-0.245827	0.438543	0.864435	-0.962436	-0.216477	-0.163873	0.115265	-0.872249	0.475285	-140.857300	-148.732880	897.341858	
-0.181113	0.360389	0.915050	-0.983059	-0.039696	-0.178940	-0.028164	-0.931957	0.361473	-142.659088	-134.740128	891.280396	
-0.121096	0.301019	0.945898	-0.982463	0.099760	-0.157525	-0.141780	-0.948386	0.283659	-144.800613	-120.341835	877.895813	
-0.045842	0.190094	0.980694	-0.935488	0.336163	-0.108889	-0.350372	-0.922420	0.162420	-145.323456	-107.591499	865.837524	
-0.036504	0.123913	0.991621	-0.888017	0.451103	-0.089060	-0.458359	-0.883828	0.093569	-144.057205	-101.056496	865.126343	
-0.009569	0.084431	0.996383	-0.850096	0.523996	-0.052566	-0.526539	-0.847525	0.066760	-140.527466	-92.580025	854.259949	
0.003102	-0.041612	0.999128	-0.723953	0.689154	0.030950	-0.689841	-0.723419	-0.027988	-135.056992	-78.709076	842.555542	
-0.011762	-0.103625	0.994546	-0.548922	0.832017	0.080199	-0.835790	-0.544986	-0.066668	-129.062820	-70.309792	822.084595	
-0.037377	-0.220489	0.974672	-0.369439	0.909302	0.191534	-0.928502	-0.352923	-0.115444	-119.589577	-63.449654	812.067566	
-0.065636	-0.274769	0.959267	-0.259924	0.932861	0.249420	-0.963395	-0.232965	-0.132648	-113.536453	-55.783405	809.414856	
-0.106326	-0.381002	0.918439	-0.159239	0.918279	0.362501	-0.981497	-0.107708	-0.158307	-106.305405	-41.042500	801.360229	
-0.148244	-0.427371	0.891839	-0.048487	0.903860	0.425072	-0.987761	0.019772	-0.154713	-98.541611	-27.156649	790.307495	
-0.189742	-0.469106	0.862517	0.103989	0.863933	0.492752	-0.976311	0.183189	-0.115142	-81.636299	-12.850589	770.385132	
-0.276787	-0.485642	0.829180	0.297676	0.777112	0.554513	-0.913661	0.400310	-0.070531	-73.004768	-6.141465	768.093628	
-0.332711	-0.511623	0.792177	0.372193	0.700598	0.608797	-0.866472	0.497396	-0.042675	-63.499977	1.024753	755.772644	
-0.393438	-0.528082	0.752552	0.476605	0.582823	0.658152	-0.786163	0.617612	0.022382	-52.911568	8.016790	738.312073	
-0.459500	-0.536266	0.708010	0.521857	0.482026	0.703786	-0.718696	0.692870	0.058363	-32.332954	19.370102	716.581909	
-0.525895	-0.580760	0.621411	0.563626	0.309208	0.765973	-0.636992	0.753065	0.164720	-22.981886	28.819403	711.201904	
-0.612977	-0.601453	0.512359	0.558784	0.128448	0.819305	-0.558585	0.788514	0.257347	-13.117993	34.551994	704.919006	
-0.699331	-0.549702	0.456905	0.570749	-0.044610	0.819911	-0.430325	0.834168	0.344940	-2.075485	42.271355	697.881042	
-0.754169	-0.522446	0.397842	0.546360	-0.163111	0.821513	-0.364304	0.836926	0.408457	7.889142	46.611504	685.203064	
-0.830096	-0.441935	0.340047	0.504080	-0.333986	0.796465	-0.238415	0.832554	0.500011	17.878660	50.496468	674.338745	
-0.907754	-0.355626	0.222511	0.388435	-0.512236	0.765984	-0.158425	0.781757	0.603123	36.036282	54.025433	661.982239	
-0.945608	-0.311609	0.093405	0.281583	-0.640266	0.714682	-0.162897	0.702110	0.693185	51.875008	56.392208	652.072266	
-0.977270	-0.209994	0.029062	0.177553	-0.735868	0.653432	-0.115831	0.643740	0.756427	58.651184	57.653431	644.625061	
-0.987439	-0.154463	-0.033221	0.102801	-0.787798	0.607294	-0.119976	0.596251	0.793781	72.548561	59.181599	642.833374	
-0.990373	-0.096998	-0.098751	0.023711	-0.821748	0.569358	-0.136375	0.561535	0.816137	83.692703	59.220177	633.649597	
-0.986508	0.008939	-0.163467	-0.088249	-0.870052	0.484996	-0.137890	0.492878	0.859102	92.780365	57.953751	625.048950	
-0.972269	0.062530	-0.225348	-0.157501	-0.887373	0.433315	-0.172873	0.456791	0.872614	97.354637	57.128029	619.927917	
-0.941231	0.162160	-0.296287	-0.273570	-0.880488	0.387169	-0.198094	0.445471	0.873105	99.870285	53.263508	607.944946	
-0.897563	0.254480	-0.360026	-0.379185	-0.862205	0.335889	-0.224940	0.437998	0.870379	101.227966	50.773651	604.560120	
-0.857402	0.294703	-0.421913	-0.418066	-0.876942	0.237050	-0.300134	0.379634	0.875098	102.284187	44.846874	601.372498	
-0.810408	0.328845	-0.484870	-0.464459	-0.865060	0.189599	-0.357093	0.378855	0.853787	100.722069	37.831356	594.522766	
-0.726178	0.341334	-0.596788	-0.488838	-0.866728	0.099096	-0.483428	0.363694	0.796256	97.019127	28.931139	592.012451	
-0.653461	0.394888	-0.645795	-0.557401	-0.828245	0.057566	-0.512145	0.397583	0.761337	94.069618	19.924143	588.824097	
-0.535455	0.402181	-0.742656	-0.620432	-0.783928	0.022799	-0.573020	0.472975	0.669284	86.247505	13.997402	587.141418	
-0.418360	0.386887	-0.821763	-0.674773	-0.738015	-0.003931	-0.607994	0.552859	0.569816	76.222359	7.631898	582.291321	
-0.367108	0.367363	-0.854562	-0.655313	-0.754150	-0.042684	-0.660149	0.544335	0.517592	65.398270	0.734485	581.341553	
-0.314341	0.338334	-0.886972	-0.630575	-0.772844	-0.071325	-0.709623	0.536882	0.456281	52.217972	-6.742598	579.841858	
-0.237260	0.309096	-0.920960	-0.625082	-0.774277	-0.098830	-0.743626	0.552227	0.376915	36.603039	-20.654558	580.197937	
-0.205388	0.227299	-0.951919	-0.532346	-0.842124	-0.086221	-0.821232	0.489042	0.293963	32.366814	-32.848141	592.311829	
-0.204468	0.158762	-0.965912	-0.387208	-0.919395	-0.069150	-0.899034	0.359870	0.249460	19.391232	-48.150436	614.311584	
0.005032	-0.010122	-0.999936	-0.585285	-0.810811	0.005262	-0.810812	0.585221	-0.010004	-0.820478	-43.891602	572.424011	
0.005032	-0.010122	-0.999936	-0.585285	-0.810811	0.005262	-0.810812	0.585221	-0.010004	-0.820478	-43.891602	572.424011	
0.005032	-0.010122	-0.999936	-0.585285	-0.810811	0.005262	-0.810812	0.585221	-0.010004	-0.820478	-43.891602	572.424011	
0.072300	-0.272926	-0.959314	-0.622523	-0.763827	0.170393	-0.779255	0.584876	-0.225128	-61.090519	-82.129852	570.392822	
0.099162	-0.382957	-0.918428	-0.677409	-0.702064	0.219600	-0.728893	0.600376	-0.329037	-81.924980	-97.450241	579.319214	
0.114842	-0.468913	-0.875747	-0.720523	-0.646208	0.251521	-0.683856	0.602110	-0.412074	-91.148712	-104.871666	590.191223	
0.108153	-0.548743	-0.828965	-0.754681	-0.588105	0.290842	-0.647117	0.594149	-0.477731	-99.612747	-113.375511	593.681946	
0.072755	-0.636349	-0.767963	-0.714791	-0.570263	0.404813	-0.695543	0.519481	-0.496346	-121.313133	-123.997604	610.010376	
0.004885	-0.686161	-0.727433	-0.737828	-0.493482	0.460527	-0.674972	0.534471	-0.508679	-129.332260	-137.079193	617.802856	
-0.051693	-0.707698	-0.704621	-0.738154	-0.448156	0.504266	-0.672649	0.546186	-0.499224	-143.791107	-149.458923	624.316589	
-0.049399	-0.681677	-0.729984	-0.747590	-0.459431	0.479617	-0.662321	0.569422	-0.486919	-146.270538	-159.053192	623.028503	
-0.043067	-0.723815	-0.688649	-0.719477	-0.455775	0.524043	-0.693180	0.518037	-0.501139	-150.616089	-166.240356	615.166199	
-0.079149	-0.747691	-0.659313	-0.711252	-0.421055	0.562879	-0.698467	0.513490	-0.498470	-145.492828	-163.159515	592.077209	
-0.513472	-0.851457	-0.106616	-0.313107	0.070225	0.947118	-0.798943	0.519701	-0.302656	-186.770996	-186.776001	627.853027	
-0.513472	-0.851457	-0.106616	-0.313107	0.070225	0.947118	-0.798943	0.519701	-0.302656	-186.770996	-186.776001	627.853027	
-0.513472	-0.851457	-0.106616	-0.313107	0.070225	0.947118	-0.798943	0.519701	-0.302656	-186.770996	-186.776001	627.853027	
-0.513472	-0.851457	-0.106616	-0.313107	0.070225	0.947118	-0.798943	0.519701	-0.302656	-186.770996	-186.776001	627.853027	
-0.513472	-0.851457	-0.106616	-0.313107	0.070225	0.947118	-0.798943	0.519701	-0.302656	-186.770996	-186.776001	627.853027	
-0.648722	-0.519351	0.556268	0.380063	0.412173	0.828049	-0.659327	0.748591	-0.070000	-203.438309	-206.991776	669.095642	
-0.599250	-0.438820	0.669580	0.525088	0.415901	0.742502	-0.604303	0.796533	-0.018810	-201.306091	-208.261810	676.802795	
-0.577816	-0.361171	0.731905	0.629731	0.373180	0.681305	-0.519199	0.854572	0.011811	-197.888153	-211.154190	685.054382	
-0.519740	-0.263330	0.812729	0.762075	0.287087	0.580365	-0.386151	0.920999	0.051466	-191.309616	-210.627670	694.435303	
-0.429264	-0.173439	0.886370	0.860021	0.221251	0.459796	-0.275856	0.959671	0.054186	-185.924774	-209.002060	707.618469	
-0.375129	-0.129943	0.917820	0.903624	0.169564	0.393333	-0.206740	0.976915	0.053812	-180.560577	-206.588333	718.586853	
-0.245332	-0.076556	0.966412	0.963885	0.087299	0.251606	-0.103628	0.993236	0.052374	-167.507492	-204.130661	731.368042	
-0.127534	-0.033078	0.991283	0.991441	0.023904	0.128352	-0.027941	0.999167	0.029746	-150.953629	-199.539139	747.103333	
-0.001292	-0.007844	0.999969	0.999411	-0.034291	0.001022	0.034282	0.999381	0.007883	-133.577789	-197.294312	759.365906	
0.127256	0.012085	0.991797	0.980041	-0.155502	-0.123853	0.152729	0.987762	-0.031633	-116.126549	-194.069061	774.726257	
0.192802	-0.004383	0.981228	0.946388	-0.263308	-0.187133	0.259185	0.964702	-0.046618	-105.672440	-186.478928	787.927979	
0.330525	-0.003188	0.943792	0.891099	-0.328420	-0.313181	0.310958	0.944527	-0.105710	-95.724899	-178.505768	808.562988	
0.451446	-0.035140	0.891607	0.804287	-0.416698	-0.423657	0.386418	0.908366	-0.159854	-76.129997	-168.185623	829.396667	
0.573244	-0.059838	0.817197	0.707283	-0.467399	-0.530367	0.413693	0.882019	-0.225612	-65.270699	-161.909225	847.489380	
0.677330	-0.117834	0.726181	0.577390	-0.526553	-0.623990	0.455900	0.841937	-0.288614	-45.621952	-150.621185	854.712891	
0.719026	-0.158143	0.676752	0.490729	-0.574007	-0.655516	0.492125	0.803434	-0.335121	-24.744349	-144.382278	868.196899	
0.790557	-0.238621	0.563987	0.337447	-0.598784	-0.726353	0.511029	0.764538	-0.392851	-5.947465	-131.314987	879.851379	
0.848280	-0.292398	0.441503	0.192081	-0.607057	-0.771095	0.493485	0.738908	-0.458790	4.063407	-117.801346	888.977966	
0.868972	-0.330538	0.368282	0.089346	-0.627191	-0.773725	0.486729	0.705250	-0.515479	13.568959	-111.142105	899.737244	
0.881071	-0.411370	0.233429	-0.067031	-0.597141	-0.799331	0.468210	0.688620	-0.553698	21.581619	-96.527496	908.705444	
0.883667	-0.456978	0.101509	-0.194244	-0.555248	-0.808684	0.425913	0.694889	-0.579420	29.749897	-81.702621	914.681580	
0.851498	-0.522968	0.038152	-0.280854	-0.516310	-0.809040	0.442800	0.678181	-0.586515	35.846375	-67.179741	926.728821	
0.810843	-0.584359	-0.032558	-0.372404	-0.472225	-0.798949	0.451498	0.659946	-0.600518	41.728180	-52.502224	940.855103	
0.763075	-0.639004	-0.096902	-0.460377	-0.432176	-0.775421	0.453618	0.636316	-0.623967	52.139053	-45.673626	957.907593	
0.723004	-0.653469	-0.224150	-0.553921	-0.354453	-0.753350	0.412840	0.668836	-0.618242	60.609539	-31.800520	964.190979	
0.686304	-0.666191	-0.291851	-0.614627	-0.316682	-0.722459	0.388871	0.675206	-0.626800	63.353970	-18.023323	969.195862	
0.626119	-0.692915	-0.357553	-0.673045	-0.248754	-0.696515	0.393683	0.676750	-0.622113	64.770432	-3.925285	974.418091	
0.587036	-0.694963	-0.415231	-0.714498	-0.203607	-0.669356	0.380634	0.689618	-0.616074	66.674126	9.025455	989.022949	
0.545991	-0.687372	-0.478973	-0.757951	-0.161699	-0.631952	0.356937	0.708078	-0.609281	65.793419	21.276421	995.377808	
0.502676	-0.677256	-0.537253	-0.791845	-0.111378	-0.600481	0.346842	0.727269	-0.592269	63.819405	26.683243	1003.354126	
0.455067	-0.664623	-0.592614	-0.824214	-0.062499	-0.562819	0.337025	0.744561	-0.576233	61.100666	37.837482	1020.059326	
0.385440	-0.610376	-0.692010	-0.866072	0.019444	-0.499540	0.318363	0.791874	-0.521136	53.860497	49.189812	1022.932922	
0.338695	-0.578960	-0.741682	-0.890579	0.057065	-0.451235	0.303571	0.813357	-0.496283	48.540043	59.741623	1028.298950	
0.290735	-0.543507	-0.787448	-0.907315	0.104646	-0.407220	0.303730	0.832857	-0.462709	37.873451	68.811447	1031.826050	
0.236674	-0.517346	-0.822398	-0.909043	0.180881	-0.375397	0.342966	0.836442	-0.427480	24.828533	77.396103	1046.442505	
0.181130	-0.477296	-0.859873	-0.911009	0.247939	-0.329528	0.370478	0.843040	-0.389912	17.035767	84.904541	1048.447876	
0.131760	-0.440205	-0.888178	-0.905410	0.311334	-0.288622	0.403573	0.842194	-0.357546	1.509355	88.197334	1051.154175	
0.076746	-0.332834	-0.939858	-0.900990	0.380544	-0.208336	0.426998	0.862791	-0.270675	-16.337032	91.904594	1063.167847	
0.040827	-0.275817	-0.960343	-0.895454	0.416308	-0.157635	0.443277	0.866379	-0.229985	-34.061085	93.616531	1061.542603	
0.007091	-0.156893	-0.987591	-0.887623	0.453835	-0.078471	0.460514	0.877165	-0.136044	-44.154282	95.035362	1069.643677	
0.007957	-0.089393	-0.995965	-0.863713	0.501304	-0.051895	0.503920	0.860642	-0.073221	-54.215076	95.732246	1067.028687	
-0.009631	0.042824	-0.999037	-0.834955	0.549410	0.031600	0.550233	0.834455	0.030465	-65.052460	96.325226	1069.863037	
-0.082558	0.114216	-0.990021	-0.864767	0.485551	0.128130	0.495339	0.866716	0.058684	-82.425781	100.729866	1082.630615	
-0.017166	0.231036	-0.972795	-0.804220	0.574900	0.150729	0.594083	0.784929	0.175935	-95.558868	94.810875	1072.989014	
0.004858	0.353708	-0.935344	-0.777088	0.590029	0.219088	0.629372	0.725781	0.277728	-105.351715	91.907898	1071.369385	
0.021529	0.414147	-0.909956	-0.759646	0.598503	0.254424	0.649979	0.685768	0.327491	-115.100601	87.592743	1068.727295	
0.050917	0.471276	-0.880516	-0.732120	0.617275	0.288048	0.679269	0.629977	0.376460	-124.675804	82.589508	1070.813232	
0.080039	0.526385	-0.846472	-0.698209	0.635673	0.329278	0.711405	0.564659	0.418406	-133.638901	76.413506	1069.700439	
0.116268	0.571667	-0.812207	-0.667159	0.650750	0.362523	0.735785	0.499721	0.457054	-141.466293	68.620331	1069.175049	
0.147840	0.609272	-0.779059	-0.632241	0.663962	0.399281	0.760535	0.433524	0.483367	-148.295212	64.450920	1062.095581	
0.184847	0.644462	-0.741958	-0.597009	0.673334	0.436120	0.780647	0.362341	0.509214	-154.753021	54.617683	1061.269531	
0.204028	0.679900	-0.704351	-0.576543	0.664926	0.474838	0.791182	0.309209	0.527656	-164.666275	43.003670	1052.297241	
0.227814	0.716218	-0.659647	-0.554425	0.652328	0.516799	0.800446	0.247991	0.545699	-172.717957	30.291409	1038.284912	
0.276472	0.777203	-0.565261	-0.555103	0.609290	0.566239	0.784489	0.157229	0.599880	-177.504898	25.647100	1048.252930	
0.331137	0.834097	-0.441171	-0.576567	0.548970	0.605146	0.746939	0.053978	0.662698	-181.678055	19.668507	1044.621216	
0.382182	0.872469	-0.304526	-0.586793	0.483703	0.649388	0.713869	-0.069490	0.696823	-183.765442	13.028130	1035.848022	
0.425416	0.890298	-0.162455	-0.608884	0.414376	0.676427	0.669537	-0.188847	0.718371	-182.075912	6.221476	1028.952637	
0.473035	0.880269	-0.036948	-0.611315	0.358127	0.705719	0.634453	-0.311242	0.707530	-178.577133	0.203870	1013.338928	
0.507200	0.858239	0.078571	-0.632861	0.309013	0.709928	0.585007	-0.409800	0.699879	-174.102188	-13.175862	1002.054626	
0.518789	0.843630	0.138375	-0.645121	0.280115	0.710883	0.560959	-0.458066	0.689566	-172.195129	-20.792990	998.941772	
0.524879	0.813891	0.249169	-0.666341	0.210757	0.715242	0.529613	-0.541447	0.652952	-161.745071	-35.433907	981.518555	
0.523742	0.790810	0.316725	-0.694413	0.180968	0.696449	0.493440	-0.584698	0.643931	-153.570816	-42.822235	977.281982	
0.539594	0.758578	0.365237	-0.703737	0.168246	0.690251	0.462158	-0.629486	0.624626	-142.130005	-49.891048	967.189209	
0.544961	0.731662	0.409499	-0.708504	0.140667	0.691545	0.448373	-0.666997	0.595045	-134.832809	-64.157028	959.706665	
