0.998809	-0.043869	0.021353	0.042503	0.997252	0.060684	-0.023956	-0.059704	0.997929	19.013218	3.649942	545.164001	
0.990028	-0.130536	0.052971	0.125613	0.988210	0.087538	-0.063773	-0.080011	0.994752	28.030279	7.136491	544.059265	
0.982344	-0.179379	0.053141	0.175218	0.981690	0.074714	-0.065570	-0.064083	0.995788	37.047676	15.392099	547.436829	
0.972498	-0.204653	0.111201	0.208137	0.977884	-0.020553	-0.104536	0.043133	0.993586	45.417049	18.109188	547.423157	
0.932282	-0.248434	0.262928	0.299770	0.937415	-0.177176	-0.202456	0.243996	0.948408	52.322075	24.219589	539.963745	
0.857287	-0.292171	0.423905	0.410132	0.885276	-0.219265	-0.311211	0.361829	0.878765	67.005814	26.484261	535.559448	
0.744764	-0.332839	0.578399	0.504940	0.847751	-0.162337	-0.436307	0.412959	0.799438	73.758362	29.573624	539.061035	
0.650089	-0.341717	0.678685	0.533687	0.841122	-0.087697	-0.540891	0.419216	0.729175	82.756088	31.345627	556.774414	
0.561327	-0.355717	0.747247	0.564405	0.824905	-0.031292	-0.605277	0.439315	0.663810	89.688629	31.796967	563.357056	
0.454044	-0.318218	0.832214	0.621255	0.782602	-0.039699	-0.638661	0.535042	0.553031	99.096771	31.507551	567.137512	
0.386794	-0.329947	0.861119	0.687813	0.725222	-0.031072	-0.614251	0.604307	0.507454	103.563599	29.746887	578.167236	
0.299170	-0.292994	0.908103	0.758278	0.650711	-0.039862	-0.579234	0.700520	0.416844	107.215714	27.012106	584.526978	
0.224556	-0.266393	0.937342	0.831196	0.554424	-0.041559	-0.508615	0.788447	0.345924	109.000237	25.333279	592.986267	
0.120890	-0.179681	0.976268	0.868379	0.495634	-0.016309	-0.480942	0.849742	0.215949	109.501030	20.383093	598.524902	
0.077119	-0.145119	0.986404	0.914099	0.405319	-0.011836	-0.398091	0.902583	0.163911	110.656921	13.985267	604.958069	
0.049223	-0.093619	0.994390	0.941980	0.335333	-0.015057	-0.332043	0.937436	0.104694	108.779884	7.608466	609.540161	
0.023903	-0.036138	0.999061	0.960851	0.276761	-0.012978	-0.276033	0.960259	0.041339	104.600594	3.926134	617.247742	
0.010312	0.006397	0.999926	0.984975	0.172331	-0.011260	-0.172390	0.985018	-0.004524	102.099792	-4.010255	627.077759	
0.047000	0.035289	0.998271	0.991637	0.118607	-0.050881	-0.120197	0.992314	-0.029419	103.379951	-16.967016	665.247131	
-0.005552	0.111283	0.993773	0.998786	0.049269	0.000063	-0.048955	0.992566	-0.111421	87.548691	-30.501728	638.359253	
-0.086593	0.129428	0.987800	0.996221	0.004532	0.086737	0.006749	0.991578	-0.129331	80.387383	-39.238369	610.200317	
0.009043	0.344257	0.938832	0.967480	-0.240354	0.078815	0.252784	0.907589	-0.335236	75.077698	-37.812901	659.747009	
0.009043	0.344257	0.938832	0.967480	-0.240354	0.078815	0.252784	0.907589	-0.335236	75.077698	-37.812901	659.747009	
0.009043	0.344257	0.938832	0.967480	-0.240354	0.078815	0.252784	0.907589	-0.335236	75.077698	-37.812901	659.747009	
0.113297	0.573149	0.811580	0.906675	-0.393700	0.151464	0.406331	0.718680	-0.564265	51.084579	-69.638802	697.375732	
0.149158	0.616460	0.773129	0.857612	-0.469839	0.209172	0.492192	0.631845	-0.598764	33.488457	-82.690788	697.162842	
0.245381	0.705496	0.664879	0.812820	-0.523494	0.255493	0.528310	0.477734	-0.701897	14.759900	-97.991997	729.453003	
0.245381	0.705496	0.664879	0.812820	-0.523494	0.255493	0.528310	0.477734	-0.701897	14.759900	-97.991997	729.453003	
0.245381	0.705496	0.664879	0.812820	-0.523494	0.255493	0.528310	0.477734	-0.701897	14.759900	-97.991997	729.453003	
0.245381	0.705496	0.664879	0.812820	-0.523494	0.255493	0.528310	0.477734	-0.701897	14.759900	-97.991997	729.453003	
0.616088	0.778650	0.118918	0.744756	-0.624996	0.233918	0.256463	-0.055548	-0.964957	-23.068989	-139.593628	753.746338	
0.674452	0.738296	-0.005898	0.712324	-0.648585	0.268202	0.194186	-0.185091	-0.963345	-31.286669	-145.619293	768.344177	
0.689763	0.723452	-0.029052	0.696689	-0.652255	0.298642	0.197104	-0.226232	-0.953923	-39.238705	-159.696304	780.200073	
0.749852	0.650484	-0.120800	0.625813	-0.638123	0.448505	0.214659	-0.411911	-0.885579	-47.978363	-174.038879	790.353882	
0.774952	0.606380	-0.178196	0.593860	-0.602136	0.533632	0.216284	-0.519363	-0.826730	-55.961117	-179.984451	807.817200	
0.801923	0.557831	-0.213879	0.559235	-0.574957	0.597228	0.210180	-0.598540	-0.773029	-69.884735	-191.804550	818.166748	
0.827174	0.500910	-0.254700	0.525921	-0.530392	0.664899	0.197963	-0.683940	-0.702165	-83.023216	-203.039688	825.094604	
0.852657	0.444991	-0.273786	0.490673	-0.501992	0.712211	0.179488	-0.741611	-0.646371	-94.509766	-213.778458	837.033997	
0.874192	0.392034	-0.286525	0.464477	-0.503045	0.728840	0.141594	-0.770231	-0.621848	-104.127571	-219.420319	856.826355	
0.855142	0.278122	-0.437469	0.517599	-0.504765	0.690872	-0.028673	-0.817228	-0.575601	-112.494484	-224.821320	879.419800	
0.864415	0.173596	-0.471858	0.483409	-0.544943	0.685094	-0.138207	-0.820306	-0.554975	-117.118073	-235.541153	906.625122	
0.834740	0.118794	-0.537676	0.517152	-0.504472	0.691420	-0.189106	-0.855217	-0.482538	-119.700516	-241.574905	915.368164	
0.820691	0.069016	-0.567187	0.530136	-0.462247	0.710833	-0.213122	-0.884062	-0.415950	-119.895081	-243.892578	920.552856	
0.775880	0.028323	-0.630244	0.587002	-0.398462	0.704739	-0.231168	-0.916748	-0.325785	-115.370392	-243.149323	914.164917	
0.719916	-0.026609	-0.693549	0.635156	-0.377601	0.673791	-0.279814	-0.925587	-0.254941	-113.116318	-245.469467	913.350281	
0.691347	-0.062895	-0.719779	0.650729	-0.378726	0.658118	-0.313991	-0.923370	-0.220903	-111.279526	-250.438782	937.617920	
0.625240	-0.095179	-0.774605	0.688708	-0.399565	0.605004	-0.367089	-0.911752	-0.184273	-107.676285	-252.434677	949.184753	
0.564511	-0.152836	-0.811152	0.706195	-0.419336	0.570479	-0.427334	-0.894875	-0.128788	-96.703323	-248.898254	949.517456	
0.522662	-0.202933	-0.828035	0.681231	-0.484557	0.548752	-0.512590	-0.850895	-0.115015	-93.022003	-252.479004	968.301025	
0.522662	-0.202933	-0.828035	0.681231	-0.484557	0.548752	-0.512590	-0.850895	-0.115015	-93.022003	-252.479004	968.301025	
0.522662	-0.202933	-0.828035	0.681231	-0.484557	0.548752	-0.512590	-0.850895	-0.115015	-93.022003	-252.479004	968.301025	
0.522662	-0.202933	-0.828035	0.681231	-0.484557	0.548752	-0.512590	-0.850895	-0.115015	-93.022003	-252.479004	968.301025	
0.304146	-0.225099	-0.925649	0.752282	-0.539375	0.378346	-0.584437	-0.811422	0.005290	-47.250671	-226.537796	966.411377	
0.227490	-0.217339	-0.949217	0.727743	-0.609738	0.314021	-0.647022	-0.762223	0.019457	-39.768982	-229.426254	1007.828430	
0.175695	-0.210867	-0.961596	0.693123	-0.667147	0.272939	-0.699079	-0.714458	0.028943	-30.114006	-221.742905	1017.001038	
0.115060	-0.170983	-0.978533	0.649709	-0.732206	0.204337	-0.751424	-0.659272	0.026842	-20.652601	-216.106964	1027.471802	
0.079203	-0.129806	-0.988371	0.732375	-0.665058	0.146033	-0.676280	-0.735424	0.042392	-11.250000	-199.664993	1015.099976	
0.079203	-0.129806	-0.988371	0.732375	-0.665058	0.146033	-0.676280	-0.735424	0.042392	-11.250000	-199.664993	1015.099976	
0.079203	-0.129806	-0.988371	0.732375	-0.665058	0.146033	-0.676280	-0.735424	0.042392	-11.250000	-199.664993	1015.099976	
-0.034031	0.072326	-0.996800	0.664637	-0.743227	-0.076618	-0.746391	-0.665118	-0.022778	26.555119	-157.414368	1001.141663	
-0.025843	0.139531	-0.989880	0.639835	-0.758505	-0.123621	-0.768078	-0.636555	-0.069675	44.483299	-149.996002	1024.770020	
-0.025843	0.139531	-0.989880	0.639835	-0.758505	-0.123621	-0.768078	-0.636555	-0.069675	44.483299	-149.996002	1024.770020	
-0.025843	0.139531	-0.989880	0.639835	-0.758505	-0.123621	-0.768078	-0.636555	-0.069675	44.483299	-149.996002	1024.770020	
-0.025843	0.139531	-0.989880	0.639835	-0.758505	-0.123621	-0.768078	-0.636555	-0.069675	44.483299	-149.996002	1024.770020	
0.116136	0.321076	-0.939906	0.579206	-0.790640	-0.198518	-0.806866	-0.521344	-0.277791	88.811157	-103.739532	1007.577332	
0.137587	0.369228	-0.919098	0.552979	-0.798482	-0.237993	-0.821757	-0.475496	-0.314036	99.689651	-95.229797	1003.121521	
0.310062	0.361522	-0.879297	0.538150	-0.829185	-0.151153	-0.783744	-0.426327	-0.451652	107.691910	-80.321800	994.014954	
0.308328	0.314805	-0.897682	0.607866	-0.791069	-0.068632	-0.731733	-0.524509	-0.435267	108.895828	-64.019440	968.679749	
0.327403	0.399327	-0.856356	0.407365	-0.877407	-0.253399	-0.852561	-0.265886	-0.449937	119.526001	-52.363899	1012.830017	
0.327403	0.399327	-0.856356	0.407365	-0.877407	-0.253399	-0.852561	-0.265886	-0.449937	119.526001	-52.363899	1012.830017	
0.327403	0.399327	-0.856356	0.407365	-0.877407	-0.253399	-0.852561	-0.265886	-0.449937	119.526001	-52.363899	1012.830017	
0.327403	0.399327	-0.856356	0.407365	-0.877407	-0.253399	-0.852561	-0.265886	-0.449937	119.526001	-52.363899	1012.830017	
0.649901	0.278847	-0.707017	0.268956	-0.954446	-0.129206	-0.710838	-0.106185	-0.695294	122.001259	-1.974303	989.815979	
0.819177	0.275649	-0.502958	0.216952	-0.960700	-0.173164	-0.530925	0.032734	-0.846786	119.451691	3.187508	994.634033	
0.888077	0.188699	-0.419179	0.157144	-0.981549	-0.108932	-0.432000	0.030868	-0.901345	116.699715	8.597168	997.171509	
0.958946	0.147103	-0.242452	0.129439	-0.987733	-0.087333	-0.252325	0.052365	-0.966225	108.708374	20.413765	992.738770	
0.977080	0.099301	-0.188295	0.091294	-0.994529	-0.050753	-0.192304	0.032400	-0.980800	96.731972	25.427467	974.711548	
0.988461	0.001901	-0.151467	0.003857	-0.999912	0.012617	-0.151429	-0.013055	-0.988382	89.736679	30.719843	965.226624	
0.992604	-0.049396	-0.110896	-0.045844	-0.998357	0.034357	-0.112411	-0.029019	-0.993238	75.048943	39.510468	949.027710	
0.991077	-0.098802	-0.089464	-0.095442	-0.994586	0.041099	-0.093040	-0.032193	-0.995142	67.155334	44.575047	950.071411	
0.983399	-0.167514	-0.069755	-0.164605	-0.985305	0.045592	-0.076367	-0.033353	-0.996522	51.147369	47.124058	937.986206	
0.975853	-0.215989	-0.032549	-0.213224	-0.974301	0.072604	-0.047394	-0.063910	-0.996829	32.431709	51.096737	934.681763	
0.941877	-0.334040	-0.035852	-0.323032	-0.929780	0.176516	-0.092297	-0.154675	-0.983645	14.298260	54.192856	923.674622	
0.883696	-0.459309	-0.090099	-0.423489	-0.866570	0.264031	-0.199349	-0.195168	-0.960296	5.736052	55.092545	913.688660	
0.737576	-0.573443	-0.356575	-0.378411	-0.788351	0.485084	-0.559274	-0.222854	-0.798466	-13.605453	55.211773	891.135315	
0.649277	-0.666793	-0.365823	-0.368035	-0.696386	0.616115	-0.665575	-0.265394	-0.697550	-33.191582	55.255531	882.485168	
0.615518	-0.728244	-0.301325	-0.371486	-0.605281	0.704012	-0.695080	-0.321394	-0.643094	-52.991966	54.951576	881.753296	
0.472054	-0.824635	-0.311674	-0.424668	-0.522531	0.739336	-0.772543	-0.216649	-0.596859	-73.689316	50.630943	881.495850	
0.414813	-0.865858	-0.279678	-0.450172	-0.462407	0.763887	-0.790744	-0.190967	-0.581598	-83.309631	45.758766	876.578369	
0.359106	-0.899117	-0.250258	-0.381310	-0.386087	0.839964	-0.851849	-0.206210	-0.481488	-91.259949	39.922409	856.497498	
0.391671	-0.904763	-0.167319	-0.301302	-0.297941	0.905786	-0.869374	-0.304356	-0.389302	-103.014511	36.015385	822.321106	
0.496688	-0.858514	-0.127486	-0.149511	-0.229322	0.961799	-0.854955	-0.458653	-0.242259	-115.605316	31.888832	796.443542	
-0.020271	-0.983170	-0.181567	-0.217388	-0.172925	0.960645	-0.975875	0.058944	-0.210224	-136.233994	26.266600	806.614990	
-0.020271	-0.983170	-0.181567	-0.217388	-0.172925	0.960645	-0.975875	0.058944	-0.210224	-136.233994	26.266600	806.614990	
-0.020271	-0.983170	-0.181567	-0.217388	-0.172925	0.960645	-0.975875	0.058944	-0.210224	-136.233994	26.266600	806.614990	
-0.020271	-0.983170	-0.181567	-0.217388	-0.172925	0.960645	-0.975875	0.058944	-0.210224	-136.233994	26.266600	806.614990	
-0.424892	-0.899522	-0.101628	0.104830	-0.160404	0.981468	-0.899154	0.406364	0.162451	-159.841843	1.113247	733.355286	
-0.469577	-0.876984	-0.101961	0.210418	-0.223322	0.951762	-0.857451	0.425472	0.289400	-170.470993	-13.118800	743.817993	
-0.469577	-0.876984	-0.101961	0.210418	-0.223322	0.951762	-0.857451	0.425472	0.289400	-170.470993	-13.118800	743.817993	
-0.469577	-0.876984	-0.101961	0.210418	-0.223322	0.951762	-0.857451	0.425472	0.289400	-170.470993	-13.118800	743.817993	
-0.469577	-0.876984	-0.101961	0.210418	-0.223322	0.951762	-0.857451	0.425472	0.289400	-170.470993	-13.118800	743.817993	
-0.469577	-0.876984	-0.101961	0.210418	-0.223322	0.951762	-0.857451	0.425472	0.289400	-170.470993	-13.118800	743.817993	
-0.857843	-0.513025	-0.030193	0.315332	-0.571846	0.757337	-0.405798	0.640155	0.652327	-161.466537	-63.815033	696.330994	
-0.924416	-0.380344	0.028153	0.279277	-0.624808	0.729123	-0.259727	0.681875	0.683804	-157.356140	-71.816933	670.399536	
-0.961825	-0.250136	0.111020	0.264486	-0.745437	0.611859	-0.070290	0.617864	0.783137	-156.616440	-88.955856	684.118103	
-0.983511	-0.169769	0.062325	0.174952	-0.805893	0.565623	-0.045797	0.567200	0.822306	-145.030487	-99.087044	672.756470	
-0.975763	-0.115734	0.185724	0.189518	-0.871250	0.452778	0.109410	0.477001	0.872067	-128.778473	-112.270172	656.853149	
-0.987669	0.006672	0.156419	0.072233	-0.866981	0.493080	0.138902	0.498297	0.855807	-112.192307	-120.103745	635.146484	
-0.987461	0.143771	0.065205	-0.089418	-0.849768	0.519519	0.130101	0.507173	0.851968	-100.382652	-127.340065	613.315308	
-0.976510	0.214883	0.015931	-0.210900	-0.968323	0.133686	0.044153	0.127186	0.990896	-89.856300	-133.417007	644.513000	
-0.976510	0.214883	0.015931	-0.210900	-0.968323	0.133686	0.044153	0.127186	0.990896	-89.856300	-133.417007	644.513000	
-0.976510	0.214883	0.015931	-0.210900	-0.968323	0.133686	0.044153	0.127186	0.990896	-89.856300	-133.417007	644.513000	
-0.976510	0.214883	0.015931	-0.210900	-0.968323	0.133686	0.044153	0.127186	0.990896	-89.856300	-133.417007	644.513000	
-0.850577	0.525850	0.000453	-0.498975	-0.806833	-0.316296	-0.165959	-0.269261	0.948660	-54.007393	-159.702545	605.575195	
-0.780325	0.625282	-0.010757	-0.611135	-0.766094	-0.199031	-0.132691	-0.148735	0.979934	-35.702030	-165.564117	596.035217	
-0.677454	0.735408	0.015219	-0.713349	-0.651805	-0.257453	-0.179413	-0.185269	0.966171	-26.756096	-170.643784	594.428772	
-0.568201	0.787977	0.237147	-0.804467	-0.471274	-0.361569	-0.173147	-0.396222	0.901681	-11.877398	-168.636063	561.175232	
-0.440398	0.897433	0.025748	-0.734265	-0.343527	-0.585530	-0.516628	-0.276772	0.810242	13.996800	-187.080002	583.338013	
-0.440398	0.897433	0.025748	-0.734265	-0.343527	-0.585530	-0.516628	-0.276772	0.810242	13.996800	-187.080002	583.338013	
-0.440398	0.897433	0.025748	-0.734265	-0.343527	-0.585530	-0.516628	-0.276772	0.810242	13.996800	-187.080002	583.338013	
-0.440398	0.897433	0.025748	-0.734265	-0.343527	-0.585530	-0.516628	-0.276772	0.810242	13.996800	-187.080002	583.338013	
-0.440398	0.897433	0.025748	-0.734265	-0.343527	-0.585530	-0.516628	-0.276772	0.810242	13.996800	-187.080002	583.338013	
0.194404	0.976213	-0.095996	-0.541986	0.025329	-0.840006	-0.817593	0.215329	0.534017	64.772629	-193.218292	558.365723	
0.275306	0.948986	-0.153727	-0.506109	0.007118	-0.862440	-0.817349	0.315238	0.482250	68.524170	-188.172333	543.925720	
0.353656	0.926025	-0.131929	-0.338223	-0.004901	-0.941053	-0.872085	0.377431	0.311469	71.726486	-185.477448	542.039062	
0.410837	0.907505	-0.087450	-0.207925	-0.000127	-0.978144	-0.887682	0.420041	0.188641	76.553261	-182.686920	548.067017	
0.581349	0.808952	-0.087350	-0.055526	-0.067661	-0.996162	-0.811757	0.583968	0.005583	74.746178	-173.741547	529.468994	
0.616934	0.782521	-0.083992	0.045548	-0.142045	-0.988811	-0.785696	0.606206	-0.123275	75.969505	-169.482101	533.348633	
0.663817	0.742568	-0.089108	0.079251	-0.188315	-0.978906	-0.743684	0.642753	-0.183856	75.706589	-165.419006	532.413940	
0.687555	0.707022	-0.165492	0.011465	-0.238452	-0.971086	-0.726041	0.665779	-0.172055	73.442886	-158.505554	539.646973	
0.749848	0.605167	-0.267398	-0.081431	-0.316671	-0.945033	-0.656580	0.730406	-0.188175	67.044952	-149.246979	530.367615	
0.799112	0.589509	-0.117896	0.206605	-0.453457	-0.867001	-0.564566	0.668473	-0.484158	67.033600	-156.356995	570.181030	
0.799112	0.589509	-0.117896	0.206605	-0.453457	-0.867001	-0.564566	0.668473	-0.484158	67.033600	-156.356995	570.181030	
0.799112	0.589509	-0.117896	0.206605	-0.453457	-0.867001	-0.564566	0.668473	-0.484158	67.033600	-156.356995	570.181030	
0.799112	0.589509	-0.117896	0.206605	-0.453457	-0.867001	-0.564566	0.668473	-0.484158	67.033600	-156.356995	570.181030	
0.952113	0.285339	-0.109826	0.176108	-0.805446	-0.565899	-0.249933	0.519459	-0.817127	28.554340	-124.639511	582.060730	
0.966198	0.210390	-0.148986	0.114841	-0.868660	-0.481913	-0.230808	0.448514	-0.863460	20.333172	-117.564018	587.076111	
0.889950	0.142100	-0.433354	-0.009723	-0.944090	-0.329543	-0.455953	0.297491	-0.838812	5.965236	-118.583252	632.617615	
0.961849	0.007043	-0.273492	-0.094832	-0.929108	-0.357442	-0.256621	0.369741	-0.892993	-15.660300	-97.020599	608.431030	
0.961849	0.007043	-0.273492	-0.094832	-0.929108	-0.357442	-0.256621	0.369741	-0.892993	-15.660300	-97.020599	608.431030	
0.961849	0.007043	-0.273492	-0.094832	-0.929108	-0.357442	-0.256621	0.369741	-0.892993	-15.660300	-97.020599	608.431030	
0.915208	-0.375130	-0.147210	-0.387881	-0.919095	-0.069365	-0.109279	0.120583	-0.986670	-54.629097	-66.646660	627.530823	
0.896159	-0.426051	-0.124010	-0.438246	-0.893621	-0.096857	-0.069552	0.141147	-0.987542	-74.444389	-53.310368	636.752441	
0.847410	-0.521667	-0.098790	-0.528016	-0.847523	-0.053867	-0.055626	0.097811	-0.993649	-95.012039	-46.482971	648.493286	
0.794018	-0.601478	-0.088078	-0.603466	-0.797373	0.004987	-0.073231	0.049192	-0.996101	-115.960381	-40.198151	676.752136	
0.780506	-0.625038	-0.011697	-0.624712	-0.780524	0.022736	-0.023341	-0.010437	-0.999673	-138.609528	-34.617592	710.955872	
0.762313	-0.646735	-0.024725	-0.646960	-0.762522	-0.001443	-0.017920	0.017097	-0.999694	-150.574005	-23.429737	727.347961	
0.413866	-0.702707	-0.578720	-0.504249	-0.706244	0.496944	-0.757924	0.086151	-0.646630	-149.757996	-7.334210	689.658997	
0.413866	-0.702707	-0.578720	-0.504249	-0.706244	0.496944	-0.757924	0.086151	-0.646630	-149.757996	-7.334210	689.658997	
0.413866	-0.702707	-0.578720	-0.504249	-0.706244	0.496944	-0.757924	0.086151	-0.646630	-149.757996	-7.334210	689.658997	
0.413866	-0.702707	-0.578720	-0.504249	-0.706244	0.496944	-0.757924	0.086151	-0.646630	-149.757996	-7.334210	689.658997	
0.050703	-0.721030	-0.691047	-0.451670	-0.633686	0.628041	-0.890743	0.280281	-0.357797	-186.221680	17.057116	722.240845	
-0.075727	-0.670754	-0.737805	-0.414312	-0.651866	0.635150	-0.906979	0.353780	-0.228538	-191.192017	21.018158	730.017395	
-0.095837	-0.624378	-0.775221	-0.359348	-0.704582	0.611909	-0.928270	0.337218	-0.156844	-198.260986	28.032595	764.955261	
-0.049050	-0.597134	-0.800641	-0.330326	-0.746798	0.577214	-0.942592	0.292785	-0.160619	-204.295410	36.200356	786.929565	
-0.103947	-0.564265	-0.819024	-0.389024	-0.734810	0.555619	-0.915344	0.376375	-0.143132	-198.731476	38.026730	780.557007	
-0.208906	-0.501093	-0.839801	-0.510308	-0.676701	0.530717	-0.834233	0.539427	-0.114345	-190.883820	38.574158	764.005981	
-0.287057	-0.459747	-0.840376	-0.567909	-0.624813	0.535805	-0.771413	0.631064	-0.081737	-190.250137	35.663475	791.517212	
-0.290490	-0.445819	-0.846676	-0.286623	-0.803663	0.521509	-0.912942	0.394170	0.105674	-188.669006	42.494301	807.763977	
-0.290490	-0.445819	-0.846676	-0.286623	-0.803663	0.521509	-0.912942	0.394170	0.105674	-188.669006	42.494301	807.763977	
-0.290490	-0.445819	-0.846676	-0.286623	-0.803663	0.521509	-0.912942	0.394170	0.105674	-188.669006	42.494301	807.763977	
-0.290490	-0.445819	-0.846676	-0.286623	-0.803663	0.521509	-0.912942	0.394170	0.105674	-188.669006	42.494301	807.763977	
-0.245244	-0.233879	-0.940827	-0.206523	-0.935584	0.286410	-0.947209	0.264543	0.181145	-160.688049	38.517582	864.241577	
-0.157596	-0.190268	-0.969000	-0.118421	-0.970540	0.209830	-0.980378	0.147818	0.130421	-148.056091	36.243534	879.560303	
-0.214817	-0.121727	-0.969039	-0.369557	-0.908297	0.196021	-0.904036	0.400223	0.150133	-136.181595	30.353672	884.010803	
-0.222386	-0.090082	-0.970788	-0.260674	-0.953978	0.148237	-0.939465	0.286025	0.188669	-119.557793	24.067066	900.337708	
-0.212590	-0.073528	-0.974371	-0.255916	-0.958168	0.128142	-0.943034	0.276599	0.184880	-100.939003	17.253345	907.244324	
-0.186723	-0.037524	-0.981696	-0.063414	-0.996726	0.050161	-0.980364	0.071620	0.183731	-82.744423	13.860959	921.074951	
-0.232122	0.007055	-0.972662	0.041292	-0.999001	-0.017099	-0.971810	-0.044132	0.231598	-65.793564	3.539542	951.511658	
-0.026177	-0.000886	-0.999657	-0.221440	-0.975151	0.006663	-0.974823	0.221539	0.025331	-42.125198	-0.737078	941.763000	
-0.026177	-0.000886	-0.999657	-0.221440	-0.975151	0.006663	-0.974823	0.221539	0.025331	-42.125198	-0.737078	941.763000	
-0.026177	-0.000886	-0.999657	-0.221440	-0.975151	0.006663	-0.974823	0.221539	0.025331	-42.125198	-0.737078	941.763000	
0.135518	-0.045356	-0.989736	-0.388863	-0.921230	-0.011028	-0.911274	0.386366	-0.142481	-1.304933	-20.183603	942.968079	
0.170735	0.011814	-0.985246	-0.306522	-0.949676	-0.064506	-0.936426	0.313013	-0.158522	10.888918	-26.959255	962.516541	
0.221286	-0.092912	-0.970773	-0.199285	-0.978753	0.048249	-0.954629	0.182784	-0.235101	22.713730	-35.850956	992.197205	
-0.021205	-0.107328	-0.993998	-0.176671	-0.978173	0.109388	-0.984041	0.177930	0.001780	39.378906	-54.993240	1024.850586	
-0.102896	-0.088295	-0.990766	-0.279084	-0.953481	0.113956	-0.954738	0.288232	0.073467	55.657272	-66.921120	1018.272400	
0.328814	-0.323894	-0.887116	-0.251063	-0.935526	0.248511	-0.910411	0.141008	-0.388932	65.234001	-69.544197	1006.719971	
0.328814	-0.323894	-0.887116	-0.251063	-0.935526	0.248511	-0.910411	0.141008	-0.388932	65.234001	-69.544197	1006.719971	
0.328814	-0.323894	-0.887116	-0.251063	-0.935526	0.248511	-0.910411	0.141008	-0.388932	65.234001	-69.544197	1006.719971	
0.328814	-0.323894	-0.887116	-0.251063	-0.935526	0.248511	-0.910411	0.141008	-0.388932	65.234001	-69.544197	1006.719971	
0.222204	-0.626806	-0.746819	-0.436862	-0.748784	0.498472	-0.871652	0.215495	-0.440211	96.919304	-113.026054	1014.024170	
0.072776	-0.653261	-0.753627	-0.502503	-0.676730	0.538077	-0.861507	0.339541	-0.377516	95.526375	-117.615166	984.252319	
0.158169	-0.744867	-0.648194	-0.411037	-0.646546	0.642672	-0.897792	0.164781	-0.408432	101.554993	-133.812988	1021.448669	
0.141332	-0.811205	-0.567426	-0.397730	-0.571416	0.717841	-0.906552	0.124228	-0.403400	104.832924	-149.815903	1046.320312	
-0.109913	-0.784247	-0.610636	-0.457054	-0.505671	0.731709	-0.882621	0.359518	-0.302864	100.943001	-154.436996	1030.969971	
-0.109913	-0.784247	-0.610636	-0.457054	-0.505671	0.731709	-0.882621	0.359518	-0.302864	100.943001	-154.436996	1030.969971	
-0.109913	-0.784247	-0.610636	-0.457054	-0.505671	0.731709	-0.882621	0.359518	-0.302864	100.943001	-154.436996	1030.969971	
-0.109913	-0.784247	-0.610636	-0.457054	-0.505671	0.731709	-0.882621	0.359518	-0.302864	100.943001	-154.436996	1030.969971	
-0.109913	-0.784247	-0.610636	-0.457054	-0.505671	0.731709	-0.882621	0.359518	-0.302864	100.943001	-154.436996	1030.969971	
-0.661922	-0.658628	-0.357865	-0.132360	-0.367223	0.920667	-0.737794	0.656778	0.155897	59.524513	-182.578400	969.952026	
-0.719042	-0.616722	-0.320363	-0.106208	-0.358046	0.927644	-0.686803	0.701040	0.191949	51.150261	-188.171890	983.769531	
-0.744460	-0.643256	-0.178889	0.088155	-0.360286	0.928667	-0.661822	0.675585	0.324925	49.048401	-203.804001	1023.390015	
-0.744460	-0.643256	-0.178889	0.088155	-0.360286	0.928667	-0.661822	0.675585	0.324925	49.048401	-203.804001	1023.390015	
-0.744460	-0.643256	-0.178889	0.088155	-0.360286	0.928667	-0.661822	0.675585	0.324925	49.048401	-203.804001	1023.390015	
-0.744460	-0.643256	-0.178889	0.088155	-0.360286	0.928667	-0.661822	0.675585	0.324925	49.048401	-203.804001	1023.390015	
-0.952163	-0.296400	0.074380	0.243265	-0.587865	0.771516	-0.184952	0.752703	0.631847	8.179619	-194.418198	917.531982	
-0.966220	-0.192613	0.171227	0.257080	-0.673633	0.692912	-0.018120	0.713525	0.700395	-17.657900	-215.533997	1000.650024	
-0.966220	-0.192613	0.171227	0.257080	-0.673633	0.692912	-0.018120	0.713525	0.700395	-17.657900	-215.533997	1000.650024	
-0.966220	-0.192613	0.171227	0.257080	-0.673633	0.692912	-0.018120	0.713525	0.700395	-17.657900	-215.533997	1000.650024	
-0.966220	-0.192613	0.171227	0.257080	-0.673633	0.692912	-0.018120	0.713525	0.700395	-17.657900	-215.533997	1000.650024	
-0.834469	0.141702	0.532523	0.120812	-0.895818	0.427686	0.537647	0.421227	0.730413	-64.621399	-193.328476	913.552246	
-0.788701	0.253060	0.560278	-0.112360	-0.955336	0.273327	0.604422	0.152620	0.781908	-77.584198	-207.570999	968.568970	
-0.788701	0.253060	0.560278	-0.112360	-0.955336	0.273327	0.604422	0.152620	0.781908	-77.584198	-207.570999	968.568970	
-0.788701	0.253060	0.560278	-0.112360	-0.955336	0.273327	0.604422	0.152620	0.781908	-77.584198	-207.570999	968.568970	
-0.788701	0.253060	0.560278	-0.112360	-0.955336	0.273327	0.604422	0.152620	0.781908	-77.584198	-207.570999	968.568970	
-0.500613	0.444304	0.742954	-0.685600	-0.727480	-0.026918	0.528524	-0.522845	0.668802	-123.634171	-183.206345	931.757568	
-0.409192	0.463690	0.785846	-0.805569	-0.588052	-0.072482	0.428509	-0.662712	0.614161	-130.259277	-173.209671	928.306580	
-0.318535	0.468998	0.823758	-0.915005	-0.379114	-0.137975	0.247588	-0.797693	0.549897	-134.813797	-162.098892	914.388000	
-0.259739	0.442866	0.858141	-0.960874	-0.207058	-0.183978	0.096207	-0.872352	0.479320	-141.534714	-149.624298	901.250977	
-0.184174	0.371269	0.910077	-0.981944	-0.028819	-0.186962	-0.043186	-0.928078	0.369873	-144.384705	-137.633804	899.265625	
-0.133848	0.278886	0.950951	-0.983650	0.079276	-0.161700	-0.120483	-0.957047	0.263716	-151.233185	-125.994461	922.589539	
-0.049364	0.179448	0.982528	-0.928754	0.353612	-0.111245	-0.367396	-0.918018	0.149208	-146.973007	-109.889000	877.226990	
-0.049364	0.179448	0.982528	-0.928754	0.353612	-0.111245	-0.367396	-0.918018	0.149208	-146.973007	-109.889000	877.226990	
-0.049364	0.179448	0.982528	-0.928754	0.353612	-0.111245	-0.367396	-0.918018	0.149208	-146.973007	-109.889000	877.226990	
-0.049364	0.179448	0.982528	-0.928754	0.353612	-0.111245	-0.367396	-0.918018	0.149208	-146.973007	-109.889000	877.226990	
0.003110	-0.099309	0.995052	-0.544712	0.834308	0.084968	-0.838617	-0.542280	-0.051500	-127.473984	-71.754707	816.213867	
0.002422	-0.207414	0.978250	-0.422396	0.886487	0.189004	-0.906408	-0.413667	-0.085464	-116.959930	-64.019897	799.110168	
-0.059771	-0.276767	0.959076	-0.257440	0.932566	0.253072	-0.964444	-0.231778	-0.126991	-113.822998	-55.974602	811.554016	
-0.059771	-0.276767	0.959076	-0.257440	0.932566	0.253072	-0.964444	-0.231778	-0.126991	-113.822998	-55.974602	811.554016	
-0.059771	-0.276767	0.959076	-0.257440	0.932566	0.253072	-0.964444	-0.231778	-0.126991	-113.822998	-55.974602	811.554016	
-0.203915	-0.466759	0.860554	0.100386	0.864422	0.492644	-0.973829	0.186845	-0.129412	-80.839363	-12.635442	765.534973	
-0.244894	-0.502635	0.829086	0.156850	0.823323	0.545471	-0.956779	0.263625	-0.122788	-74.197754	-5.843150	779.695374	
-0.310858	-0.528859	0.789731	0.297254	0.735120	0.609294	-0.902778	0.424155	-0.071312	-63.744656	1.216638	759.491943	
-0.439080	-0.502716	0.744637	0.497453	0.554141	0.667434	-0.748164	0.663479	0.006766	-51.478966	8.555832	710.492065	
-0.441973	-0.545335	0.712229	0.516831	0.494147	0.699074	-0.733175	0.677074	0.063446	-33.702099	20.680500	726.643005	
-0.441973	-0.545335	0.712229	0.516831	0.494147	0.699074	-0.733175	0.677074	0.063446	-33.702099	20.680500	726.643005	
-0.441973	-0.545335	0.712229	0.516831	0.494147	0.699074	-0.733175	0.677074	0.063446	-33.702099	20.680500	726.643005	
-0.441973	-0.545335	0.712229	0.516831	0.494147	0.699074	-0.733175	0.677074	0.063446	-33.702099	20.680500	726.643005	
-0.740568	-0.518554	0.427387	0.576517	-0.163542	0.800551	-0.345233	0.839259	0.420069	7.333028	47.387077	683.612610	
-0.814699	-0.437945	0.380091	0.538312	-0.327470	0.776520	-0.215605	0.837238	0.502540	17.017225	50.670349	669.395752	
-0.897610	-0.354225	0.262337	0.418946	-0.500551	0.757584	-0.137043	0.789920	0.597700	34.637146	53.694679	654.347656	
-0.939927	-0.305000	0.153335	0.318608	-0.622481	0.714847	-0.122581	0.720758	0.682262	50.613907	55.712490	640.814575	
-0.973101	-0.202474	0.109902	0.224747	-0.729495	0.646007	-0.050627	0.653330	0.755378	57.977257	57.738678	639.045166	
-0.986353	-0.148978	0.070085	0.160636	-0.777502	0.608019	-0.036090	0.610979	0.790823	71.617920	59.243977	636.073669	
-0.994790	-0.100767	0.015394	0.091577	-0.817108	0.569164	-0.044775	0.567609	0.822079	82.765785	59.463699	631.244873	
-0.999957	0.009172	0.000785	-0.007448	-0.856331	0.516374	0.005408	0.516346	0.856363	91.181740	57.827820	618.732117	
-0.997194	0.062172	-0.041684	-0.074505	-0.877962	0.472896	-0.007196	0.474675	0.880131	95.910797	56.993279	614.328430	
-0.980572	0.162222	-0.110281	-0.195139	-0.863936	0.464257	-0.019963	0.476757	0.878808	97.915848	53.084705	599.669739	
-0.949921	0.253146	-0.183214	-0.307548	-0.861212	0.404633	-0.055355	0.440716	0.895938	100.423332	51.227966	602.194214	
-0.924202	0.289424	-0.249165	-0.358684	-0.881840	0.306108	-0.131129	0.372278	0.918811	101.788101	45.472393	601.506104	
-0.869592	0.325452	-0.371335	-0.423827	-0.877818	0.223168	-0.253334	0.351447	0.901280	100.480461	38.462570	594.026917	
-0.722428	0.343935	-0.599839	-0.497998	-0.860637	0.106304	-0.479681	0.375516	0.793028	95.997925	29.567940	584.597351	
-0.659813	0.399557	-0.636397	-0.552977	-0.831621	0.051197	-0.508785	0.385694	0.769660	93.641563	20.544146	587.110962	
-0.529527	0.405106	-0.745313	-0.630516	-0.775729	0.026329	-0.567495	0.483874	0.666195	85.065857	14.601761	578.937378	
-0.417029	0.385064	-0.823294	-0.704009	-0.709762	0.024642	-0.574854	0.589883	0.567080	74.013802	7.863467	566.530701	
-0.351679	0.365176	-0.861956	-0.657214	-0.752012	-0.050453	-0.666626	0.548747	0.504466	63.358917	1.232292	575.313049	
-0.302448	0.340848	-0.890139	-0.620094	-0.779595	-0.087826	-0.723884	0.525408	0.447145	49.649376	-6.052137	577.222595	
-0.210741	0.311585	-0.926555	-0.664126	-0.741145	-0.098183	-0.717303	0.594658	0.363121	33.960178	-19.456383	568.279907	
-0.118636	0.211840	-0.970077	-0.644700	-0.759468	-0.087005	-0.755173	0.615087	0.226673	25.478895	-25.942154	559.459229	
-0.062633	0.134927	-0.988874	-0.581051	-0.810514	-0.073788	-0.811453	0.569966	0.129163	9.855948	-35.345291	592.723450	
0.005032	-0.010122	-0.999936	-0.585285	-0.810811	0.005262	-0.810812	0.585221	-0.010004	-0.820478	-43.891602	572.424011	
0.005032	-0.010122	-0.999936	-0.585285	-0.810811	0.005262	-0.810812	0.585221	-0.010004	-0.820478	-43.891602	572.424011	
0.005032	-0.010122	-0.999936	-0.585285	-0.810811	0.005262	-0.810812	0.585221	-0.010004	-0.820478	-43.891602	572.424011	
0.061498	-0.268395	-0.961344	-0.623834	-0.762195	0.172888	-0.779134	0.589087	-0.214308	-60.101547	-81.628235	557.148499	
0.183453	-0.374490	-0.908901	-0.702456	-0.696740	0.145290	-0.687678	0.611810	-0.390882	-84.290970	-98.998535	623.332581	
0.452220	-0.447622	-0.771447	-0.764527	-0.640000	-0.076812	-0.459344	0.624528	-0.631640	-91.329948	-107.970383	615.341187	
0.564148	-0.522025	-0.639708	-0.787381	-0.573348	-0.226505	-0.248535	0.631477	-0.734485	-91.352364	-107.728142	548.064392	
-0.052296	-0.693542	-0.718515	-0.654153	-0.519853	0.549397	-0.754552	0.498750	-0.426496	-123.413002	-120.443001	591.853027	
-0.052296	-0.693542	-0.718515	-0.654153	-0.519853	0.549397	-0.754552	0.498750	-0.426496	-123.413002	-120.443001	591.853027	
-0.052296	-0.693542	-0.718515	-0.654153	-0.519853	0.549397	-0.754552	0.498750	-0.426496	-123.413002	-120.443001	591.853027	
-0.313344	-0.799438	-0.512558	-0.594295	-0.255904	0.762448	-0.740694	0.543519	-0.394916	-153.790253	-156.608200	593.589844	
-0.339945	-0.827126	-0.447549	-0.589187	-0.183608	0.786859	-0.733004	0.531179	-0.424916	-169.433258	-171.139328	611.368958	
-0.444570	-0.846068	-0.294156	-0.512149	-0.029332	0.858396	-0.734889	0.532268	-0.420272	-176.305389	-177.230774	619.966492	
-0.507549	-0.851467	-0.131905	-0.359641	0.070238	0.930444	-0.782976	0.519683	-0.341872	-187.142654	-187.221039	629.616638	
-0.557015	-0.830296	0.018510	-0.238348	0.181170	0.954132	-0.795565	0.527053	-0.298814	-194.425690	-190.835754	634.299744	
-0.581938	-0.796215	0.165499	-0.119159	0.284795	0.951154	-0.804456	0.533791	-0.260609	-202.317245	-196.315842	644.179321	
-0.617344	-0.720912	0.314918	0.057669	0.357757	0.932033	-0.784577	0.593545	-0.179285	-206.494766	-199.832840	658.395081	
-0.603826	-0.634203	0.482890	0.281017	0.397534	0.873497	-0.745938	0.663139	-0.061819	-207.643112	-207.058319	664.106506	
-0.385186	-0.584736	0.713945	0.708195	0.308728	0.634939	-0.591685	0.750181	0.295190	-208.015961	-210.843430	669.480469	
-0.602886	-0.437702	0.667042	0.522974	0.414592	0.744722	-0.602517	0.797829	-0.021045	-202.078995	-209.369003	680.250977	
-0.602886	-0.437702	0.667042	0.522974	0.414592	0.744722	-0.602517	0.797829	-0.021045	-202.078995	-209.369003	680.250977	
-0.602886	-0.437702	0.667042	0.522974	0.414592	0.744722	-0.602517	0.797829	-0.021045	-202.078995	-209.369003	680.250977	
-0.602886	-0.437702	0.667042	0.522974	0.414592	0.744722	-0.602517	0.797829	-0.021045	-202.078995	-209.369003	680.250977	
-0.602886	-0.437702	0.667042	0.522974	0.414592	0.744722	-0.602517	0.797829	-0.021045	-202.078995	-209.369003	680.250977	
-0.221032	-0.080803	0.971913	0.971617	0.067882	0.226608	-0.084286	0.994416	0.063505	-162.527695	-198.439941	713.986938	
-0.115618	-0.049448	0.992062	0.993050	0.016356	0.116548	-0.021989	0.998643	0.047213	-148.435532	-196.647186	738.410950	
0.008627	-0.021208	0.999738	0.999295	-0.036357	-0.009395	0.036547	0.999114	0.020879	-128.365585	-189.593475	732.373779	
0.108337	0.019604	0.993921	0.989175	-0.101669	-0.105814	0.098976	0.994625	-0.030406	-112.827133	-189.967773	755.280823	
0.172978	0.016145	0.984793	0.962935	-0.212878	-0.165648	0.206966	0.976945	-0.052369	-102.498894	-181.285049	761.454468	
0.333558	0.031573	0.942200	0.898980	-0.311584	-0.307816	0.283856	0.949694	-0.132315	-95.675636	-176.468994	792.402283	
0.475978	-0.001683	0.879455	0.800273	-0.413860	-0.433916	0.364702	0.910339	-0.195642	-77.265945	-169.590866	828.420288	
0.587955	-0.052220	0.807206	0.690262	-0.487876	-0.534336	0.421719	0.871350	-0.250804	-65.974686	-163.972382	858.097778	
0.677987	-0.104246	0.727645	0.600427	-0.492517	-0.630011	0.424054	0.864037	-0.271327	-44.412968	-147.605652	828.075745	
0.723661	-0.150594	0.673525	0.501380	-0.555920	-0.663001	0.474271	0.817480	-0.326793	-24.448221	-140.780197	842.195374	
0.784600	-0.240207	0.571581	0.352501	-0.585575	-0.729962	0.510045	0.774211	-0.374769	-6.110712	-127.105629	846.974487	
0.841564	-0.302417	0.447565	0.190477	-0.609208	-0.769795	0.505459	0.733082	-0.455084	3.877510	-118.042999	889.822021	
0.841564	-0.302417	0.447565	0.190477	-0.609208	-0.769795	0.505459	0.733082	-0.455084	3.877510	-118.042999	889.822021	
0.841564	-0.302417	0.447565	0.190477	-0.609208	-0.769795	0.505459	0.733082	-0.455084	3.877510	-118.042999	889.822021	
0.881604	-0.462633	0.093513	-0.200963	-0.547198	-0.812520	0.427069	0.697528	-0.575384	30.142244	-80.575592	904.723022	
0.851618	-0.523817	0.019042	-0.293711	-0.506973	-0.810378	0.434144	0.684539	-0.585598	36.140141	-65.620529	914.092712	
0.808627	-0.586935	-0.040369	-0.376372	-0.463352	-0.802277	0.452180	0.663936	-0.595585	42.053902	-52.198147	933.627625	
0.751963	-0.645136	-0.135466	-0.498852	-0.422565	-0.756694	0.430928	0.636583	-0.639580	52.938629	-45.699444	957.872620	
0.777661	-0.607519	-0.161756	-0.418125	-0.307655	-0.854705	0.469485	0.732304	-0.493269	59.589897	-29.094137	923.447876	
0.703621	-0.653092	-0.279982	-0.577184	-0.295477	-0.761283	0.414460	0.697255	-0.584858	61.998581	-17.523375	941.443237	
0.630708	-0.702632	-0.329419	-0.646686	-0.241239	-0.723602	0.428958	0.669412	-0.606533	64.571693	-4.136970	962.789307	
0.634761	-0.681360	-0.364456	-0.640322	-0.199818	-0.741661	0.432514	0.704146	-0.563125	64.189941	8.001236	956.985718	
0.555941	-0.686775	-0.468262	-0.745890	-0.163553	-0.645677	0.366850	0.708230	-0.603184	64.885719	20.244349	972.670654	
0.500115	-0.698615	-0.511686	-0.785290	-0.116844	-0.608002	0.364972	0.705892	-0.607051	63.478081	25.905516	992.161316	
0.293772	-0.774806	-0.559798	-0.924966	-0.082699	-0.370944	0.241115	0.626766	-0.740964	65.468826	38.130348	1045.912476	
0.233217	-0.577174	-0.782611	-0.964899	-0.037416	-0.259943	0.120750	0.815763	-0.565641	50.326797	43.949982	979.041443	
0.343597	-0.582695	-0.736483	-0.882640	0.067487	-0.465179	0.320761	0.809884	-0.491122	48.803001	60.338100	1032.380005	
0.343597	-0.582695	-0.736483	-0.882640	0.067487	-0.465179	0.320761	0.809884	-0.491122	48.803001	60.338100	1032.380005	
0.343597	-0.582695	-0.736483	-0.882640	0.067487	-0.465179	0.320761	0.809884	-0.491122	48.803001	60.338100	1032.380005	
0.343597	-0.582695	-0.736483	-0.882640	0.067487	-0.465179	0.320761	0.809884	-0.491122	48.803001	60.338100	1032.380005	
0.130372	-0.445690	-0.885643	-0.902340	0.316808	-0.292260	0.410835	0.837254	-0.360860	0.129291	89.145515	1053.230347	
0.087822	-0.328382	-0.940453	-0.890636	0.396966	-0.221780	0.446156	0.857079	-0.257606	-17.283800	91.493599	1060.719971	
0.087822	-0.328382	-0.940453	-0.890636	0.396966	-0.221780	0.446156	0.857079	-0.257606	-17.283800	91.493599	1060.719971	
0.087822	-0.328382	-0.940453	-0.890636	0.396966	-0.221780	0.446156	0.857079	-0.257606	-17.283800	91.493599	1060.719971	
0.087822	-0.328382	-0.940453	-0.890636	0.396966	-0.221780	0.446156	0.857079	-0.257606	-17.283800	91.493599	1060.719971	
-0.034220	0.051990	-0.998061	-0.848092	0.526826	0.056521	0.528743	0.848382	0.026064	-61.132965	90.125259	1005.645264	
-0.011060	0.170556	-0.985286	-0.813595	0.571308	0.108028	0.581327	0.802819	0.132444	-86.084900	95.673401	1073.640015	
-0.011060	0.170556	-0.985286	-0.813595	0.571308	0.108028	0.581327	0.802819	0.132444	-86.084900	95.673401	1073.640015	
-0.011060	0.170556	-0.985286	-0.813595	0.571308	0.108028	0.581327	0.802819	0.132444	-86.084900	95.673401	1073.640015	
-0.011060	0.170556	-0.985286	-0.813595	0.571308	0.108028	0.581327	0.802819	0.132444	-86.084900	95.673401	1073.640015	
-0.011060	0.170556	-0.985286	-0.813595	0.571308	0.108028	0.581327	0.802819	0.132444	-86.084900	95.673401	1073.640015	
0.134471	0.535534	-0.833738	-0.691283	0.653522	0.308281	0.709961	0.534895	0.458085	-134.231873	75.947380	1074.666016	
0.131582	0.552778	-0.822874	-0.695485	0.642990	0.320727	0.706390	0.530094	0.469055	-139.157532	68.094559	1057.166748	
0.216996	0.614120	-0.758794	-0.648654	0.671601	0.358052	0.729493	0.414500	0.544086	-149.340500	64.944489	1070.741333	
0.258800	0.666263	-0.699367	-0.598566	0.678883	0.425249	0.758117	0.308563	0.574497	-155.305084	54.170589	1064.466187	
0.309108	0.691981	-0.652390	-0.632110	0.662021	0.402698	0.710555	0.287906	0.642044	-165.549377	44.387077	1062.082886	
0.426140	0.769165	-0.476223	-0.613898	0.632524	0.472275	0.664479	0.091098	0.741733	-174.603821	32.772987	1060.662720	
0.395914	0.817359	-0.418539	-0.542243	0.575926	0.611786	0.741096	-0.015265	0.671225	-175.839401	27.049381	1048.756226	
0.373172	0.849666	-0.372570	-0.561629	0.526527	0.638234	0.738455	-0.028925	0.673682	-178.742920	20.491846	1034.708008	
0.386799	0.873760	-0.294836	-0.729149	0.485526	0.482293	0.564559	0.028430	0.824902	-182.303238	15.062847	1040.223999	
0.383517	0.902067	-0.197959	-0.772191	0.430795	0.467052	0.506592	-0.026260	0.861785	-184.764633	7.744601	1057.054932	
0.418540	0.908197	-0.000953	-0.811316	0.374365	0.449019	0.408155	-0.187158	0.893521	-185.667816	0.905275	1064.231079	
0.432351	0.879426	0.199201	-0.846637	0.319899	0.425288	0.310285	-0.352524	0.882863	-181.161713	-13.525529	1038.886719	
0.405062	0.871799	0.275483	-0.880298	0.290485	0.375092	0.246982	-0.394442	0.885107	-176.310669	-20.062168	1022.711670	
0.443672	0.841555	0.308122	-0.800745	0.217862	0.557981	0.402444	-0.494287	0.770530	-166.585571	-35.151917	1010.832031	
0.403468	0.831837	0.381131	-0.857688	0.198735	0.474210	0.318722	-0.518219	0.793639	-155.533218	-42.542747	995.603577	
0.441539	0.794462	0.416981	-0.827863	0.181539	0.530741	0.345956	-0.579545	0.737862	-143.489883	-49.626339	980.162964	
0.525418	0.743468	0.413752	-0.732267	0.147503	0.664850	0.433266	-0.652302	0.621918	-134.854752	-63.914749	960.605469	
