0.995536	-0.041415	0.084809	0.041670	0.999130	-0.001233	-0.084684	0.004761	0.996397	18.925087	3.889045	545.080994	
0.969231	-0.126075	0.211414	0.131077	0.991324	-0.009753	-0.208351	0.037165	0.977348	27.788971	7.490490	544.566711	
0.947105	-0.165716	0.274829	0.173047	0.984910	-0.002468	-0.270273	0.049896	0.961490	36.412483	15.411449	543.895020	
0.898274	-0.199685	0.391445	0.219949	0.975485	-0.007113	-0.380429	0.092487	0.920174	44.726784	18.161261	543.020203	
0.826073	-0.261701	0.499115	0.307774	0.951401	-0.010541	-0.472100	0.162322	0.866472	52.614647	23.940731	544.992371	
0.771328	-0.322768	0.548520	0.392802	0.919554	-0.011260	-0.500760	0.224145	0.836062	69.419495	25.766912	548.519165	
0.674585	-0.359401	0.644799	0.479029	0.877718	-0.011931	-0.561664	0.316926	0.764260	76.286583	29.274776	548.538818	
0.587423	-0.346959	0.731131	0.525112	0.850840	-0.018131	-0.615785	0.394576	0.681996	83.253349	30.331036	553.443481	
0.533495	-0.348148	0.770828	0.568128	0.822655	-0.021649	-0.626589	0.449478	0.636676	88.821938	31.195070	556.142578	
0.437753	-0.316091	0.841700	0.616610	0.786866	-0.025189	-0.654343	0.530027	0.539358	98.719856	30.999786	563.491211	
0.367533	-0.323454	0.871951	0.690408	0.723061	-0.022789	-0.623102	0.610377	0.489064	102.621338	29.534201	572.139099	
0.259599	-0.278439	0.924706	0.766262	0.642159	-0.021757	-0.587750	0.714215	0.380061	105.306732	26.832172	574.490845	
0.199214	-0.258812	0.945162	0.834502	0.550430	-0.025167	-0.513732	0.793753	0.325632	107.542053	25.129969	583.630615	
0.119973	-0.174760	0.977275	0.865016	0.501472	-0.016517	-0.487189	0.847340	0.211333	108.889786	20.471146	594.667480	
0.073649	-0.138553	0.987613	0.912139	0.409745	-0.010537	-0.403209	0.901616	0.156557	108.893639	14.802593	597.420715	
0.039832	-0.094478	0.994730	0.938032	0.346518	-0.004650	-0.344252	0.933273	0.102426	106.931664	8.121935	600.716858	
0.008947	-0.042142	0.999072	0.956102	0.293011	0.003797	-0.292899	0.955180	0.042914	102.842148	4.587913	608.575012	
-0.008705	0.013051	0.999877	0.982987	0.183573	0.006162	-0.183470	0.982919	-0.014427	99.927483	-3.956493	617.435547	
-0.023874	0.066599	0.997495	0.997789	0.063494	0.019642	-0.062027	0.995758	-0.067967	95.975624	-14.070522	622.661194	
-0.024712	0.117628	0.992751	0.998195	-0.051474	0.030946	0.054741	0.991723	-0.116144	86.242966	-24.916252	629.012573	
-0.005330	0.244296	0.969687	0.985417	-0.163641	0.046643	0.170076	0.955793	-0.239861	79.811592	-31.084538	638.105042	
0.004932	0.346786	0.937932	0.970999	-0.225865	0.078404	0.239035	0.910343	-0.337843	73.927223	-37.487835	649.341003	
0.024441	0.392593	0.919388	0.955269	-0.280302	0.094298	0.294727	0.875958	-0.381883	67.114357	-49.656879	665.036011	
0.057576	0.488807	0.870491	0.932326	-0.338130	0.128205	0.357006	0.804199	-0.475196	59.015427	-56.435192	677.159424	
0.102963	0.576687	0.810451	0.907780	-0.387550	0.160438	0.406613	0.719192	-0.563409	51.161049	-69.382874	694.817322	
0.188588	0.647935	0.737981	0.848990	-0.485273	0.209106	0.493610	0.587103	-0.641607	32.656803	-82.910744	708.198181	
0.246529	0.707269	0.662567	0.807828	-0.527652	0.262673	0.535385	0.470483	-0.701434	14.517049	-96.695335	721.165771	
0.306654	0.756823	0.577219	0.773822	-0.551345	0.311797	0.554222	0.351051	-0.754720	5.586441	-102.891594	730.988770	
0.357110	0.765272	0.535567	0.727519	-0.587489	0.354364	0.585824	0.263088	-0.766548	-3.338662	-110.240898	736.179932	
0.459427	0.765326	0.450782	0.658369	-0.634094	0.405556	0.596220	0.110457	-0.795187	-12.996898	-124.238419	741.171814	
0.520032	0.774293	0.360607	0.618857	-0.632541	0.465734	0.588713	-0.019033	-0.808119	-22.619167	-138.387070	746.793823	
0.618461	0.736638	0.273624	0.553375	-0.655491	0.513915	0.557927	-0.166420	-0.813033	-31.094793	-144.739380	764.007996	
0.670541	0.719901	0.179216	0.529323	-0.633518	0.564334	0.519801	-0.283546	-0.805860	-39.183567	-158.204880	774.153381	
0.754420	0.650771	0.085723	0.480267	-0.636284	0.603727	0.447432	-0.414293	-0.792570	-47.560677	-171.595047	780.270386	
0.791285	0.611158	-0.018841	0.478081	-0.599188	0.642193	0.381191	-0.517165	-0.766312	-55.584473	-177.878448	798.954468	
0.821521	0.565048	-0.076328	0.460350	-0.578320	0.673516	0.336426	-0.588445	-0.735222	-69.133331	-190.038025	810.733398	
0.841744	0.508074	-0.182563	0.477651	-0.543242	0.690462	0.251629	-0.668394	-0.699953	-82.158722	-201.873840	818.885620	
0.859801	0.456171	-0.229458	0.469045	-0.527929	0.708017	0.201839	-0.716379	-0.667879	-93.298965	-212.325409	830.456848	
0.872328	0.403023	-0.276799	0.467939	-0.524129	0.711563	0.141697	-0.750241	-0.645803	-102.589462	-217.217316	847.300049	
0.879514	0.287398	-0.379288	0.475504	-0.499278	0.724305	0.018793	-0.817388	-0.575781	-109.726326	-222.071960	864.801147	
0.887429	0.181233	-0.423823	0.454422	-0.498127	0.738492	-0.077279	-0.847953	-0.524409	-112.082268	-229.774765	879.634766	
0.851393	0.124019	-0.509658	0.502907	-0.469105	0.725965	-0.149050	-0.874391	-0.461763	-113.543556	-233.569305	884.790833	
0.832980	0.074090	-0.548322	0.520348	-0.441803	0.730786	-0.188106	-0.894048	-0.406566	-114.302048	-235.899918	893.745789	
0.785037	0.032827	-0.618580	0.573499	-0.415951	0.705751	-0.234131	-0.908795	-0.345364	-113.442429	-241.109253	909.384766	
0.728038	-0.008392	-0.685486	0.627950	-0.392991	0.671742	-0.275027	-0.919504	-0.280843	-112.125343	-244.997253	913.231384	
0.693597	-0.051080	-0.718551	0.655021	-0.370390	0.658604	-0.299786	-0.927471	-0.223444	-108.845642	-246.000717	919.647034	
0.628344	-0.079627	-0.773850	0.694214	-0.391522	0.603969	-0.351072	-0.916717	-0.190732	-105.188736	-247.894623	929.331360	
0.575953	-0.148570	-0.803870	0.697670	-0.423185	0.578076	-0.426071	-0.893780	-0.140082	-95.539093	-246.732925	940.136780	
0.517182	-0.208058	-0.830203	0.684372	-0.481969	0.547121	-0.513964	-0.851128	-0.106877	-90.471825	-246.069855	943.539856	
0.476998	-0.219245	-0.851120	0.710709	-0.473501	0.520279	-0.517075	-0.853070	-0.070040	-78.527847	-242.893066	946.672913	
0.414125	-0.256670	-0.873282	0.704187	-0.517562	0.486056	-0.576734	-0.816242	-0.033593	-72.220802	-240.276764	956.105164	
0.355638	-0.277900	-0.892353	0.693845	-0.561176	0.451288	-0.626180	-0.779650	-0.006757	-57.084446	-234.171494	963.150635	
0.278044	-0.254648	-0.926200	0.713265	-0.591100	0.376637	-0.643386	-0.765347	0.017279	-48.455723	-228.920242	972.660583	
0.219519	-0.211164	-0.952482	0.745136	-0.593904	0.303399	-0.629750	-0.776330	0.026972	-39.615128	-222.096924	979.718689	
0.178251	-0.200818	-0.963276	0.738551	-0.619578	0.265832	-0.650208	-0.758812	0.037873	-30.207243	-213.934250	982.926758	
0.107434	-0.157978	-0.981581	0.718740	-0.669809	0.186466	-0.686929	-0.725534	0.041584	-20.698370	-204.804550	984.383362	
0.076883	-0.134778	-0.987889	0.732641	-0.664405	0.147663	-0.676260	-0.735121	0.047662	-10.948872	-195.071075	991.571411	
0.069881	-0.087845	-0.993680	0.661539	-0.741489	0.112073	-0.746648	-0.665190	0.006296	6.558931	-178.865524	963.615906	
-0.001152	-0.010783	-0.999941	0.686109	-0.727465	0.007054	-0.727498	-0.686060	0.008237	16.679592	-172.119690	996.859802	
-0.022534	0.051733	-0.998407	0.647315	-0.760307	-0.054006	-0.761889	-0.647501	-0.016355	25.917130	-159.117218	995.261230	
0.041612	0.134501	-0.990039	0.592842	-0.800937	-0.083893	-0.804243	-0.583446	-0.113067	41.398300	-144.588928	977.992065	
-0.028022	0.188974	-0.981582	0.564734	-0.807250	-0.171533	-0.824797	-0.559139	-0.084100	51.836540	-131.765961	992.882324	
0.001088	0.271301	-0.962494	0.559432	-0.797954	-0.224289	-0.828875	-0.538205	-0.152643	67.833473	-118.537308	996.000671	
0.048177	0.317195	-0.947136	0.547213	-0.801655	-0.240639	-0.835605	-0.506692	-0.212195	75.592018	-111.828812	1004.493958	
0.095088	0.341519	-0.935052	0.524108	-0.815756	-0.244649	-0.846326	-0.466805	-0.256562	89.068863	-104.224831	1003.863770	
0.127850	0.393437	-0.910418	0.547860	-0.793205	-0.265848	-0.826742	-0.464792	-0.316960	100.315948	-96.100227	998.783325	
0.192908	0.402932	-0.894669	0.487676	-0.830576	-0.268914	-0.851444	-0.384433	-0.356725	110.652214	-81.200027	1000.221375	
0.256804	0.404488	-0.877748	0.432035	-0.860455	-0.270117	-0.864521	-0.309850	-0.395721	114.408722	-65.809418	998.609863	
0.334912	0.404139	-0.851179	0.393920	-0.880671	-0.263146	-0.855955	-0.247165	-0.454146	117.403755	-51.438221	993.798462	
0.415864	0.396220	-0.818576	0.365380	-0.897053	-0.248581	-0.832799	-0.195715	-0.517823	121.504684	-44.513885	989.461182	
0.482441	0.358899	-0.799025	0.336703	-0.918103	-0.209088	-0.808629	-0.168161	-0.563773	123.162758	-29.395908	984.592773	
0.526129	0.336914	-0.780818	0.319482	-0.929223	-0.185677	-0.788111	-0.151766	-0.596530	123.423561	-15.714451	979.608887	
0.593046	0.285761	-0.752752	0.245987	-0.954505	-0.168553	-0.766672	-0.085207	-0.636360	119.935715	-2.269747	973.065552	
0.623394	0.257639	-0.738243	0.218776	-0.963918	-0.151656	-0.750677	-0.066968	-0.657266	115.489639	3.753015	966.826843	
0.668424	0.177799	-0.722216	0.135209	-0.983876	-0.117077	-0.731387	-0.019393	-0.681687	112.252571	9.372590	965.963684	
0.696100	0.135014	-0.705135	0.106156	-0.990719	-0.084900	-0.710052	-0.015755	-0.703973	104.217186	20.875647	957.515259	
0.733311	0.090796	-0.673803	0.081286	-0.995643	-0.045699	-0.675016	-0.021259	-0.737496	93.302727	25.370586	947.927368	
0.763706	-0.004363	-0.645549	0.011153	-0.999739	0.019951	-0.645467	-0.022436	-0.763458	86.530762	30.375273	936.429321	
0.800066	-0.056962	-0.597202	-0.023430	-0.997690	0.063771	-0.599454	-0.037028	-0.799552	73.396233	38.623119	933.555420	
0.811050	-0.114820	-0.573598	-0.036740	-0.988610	0.145944	-0.583822	-0.097293	-0.806031	66.085464	44.926079	930.794189	
0.828958	-0.171177	-0.532472	-0.052367	-0.971587	0.230817	-0.556853	-0.163453	-0.814370	50.218361	47.676582	922.219360	
0.826768	-0.231617	-0.512649	-0.064713	-0.944414	0.322326	-0.558808	-0.233313	-0.795800	32.220097	51.430077	909.041199	
0.805086	-0.346088	-0.481725	-0.175516	-0.914765	0.363867	-0.566595	-0.208394	-0.797209	14.295153	53.929985	895.797302	
0.768271	-0.462209	-0.442857	-0.247573	-0.852542	0.460305	-0.590310	-0.243999	-0.769414	5.715244	54.929493	880.726929	
0.708327	-0.569207	-0.417465	-0.351459	-0.797276	0.490742	-0.612168	-0.200883	-0.764785	-13.018509	54.541920	867.861023	
0.638756	-0.664406	-0.388016	-0.394052	-0.715637	0.576704	-0.660843	-0.215474	-0.718928	-32.658844	53.807331	865.044189	
0.554299	-0.750652	-0.359548	-0.407362	-0.621381	0.669285	-0.725816	-0.224517	-0.650218	-52.115471	52.854870	861.744263	
0.459946	-0.827246	-0.322666	-0.417179	-0.522103	0.743889	-0.783844	-0.207538	-0.585249	-70.782410	49.421131	858.236816	
0.409708	-0.865379	-0.288545	-0.418966	-0.459488	0.783159	-0.810312	-0.199976	-0.550821	-79.895683	44.546543	854.184387	
0.349147	-0.901979	-0.254027	-0.361950	-0.379859	0.851293	-0.864342	-0.205281	-0.459098	-88.264931	38.790546	835.937012	
0.280214	-0.937624	-0.205772	-0.384669	-0.306074	0.870832	-0.879494	-0.164864	-0.446441	-105.847107	35.350632	825.049988	
0.155620	-0.969724	-0.188195	-0.321529	-0.229868	0.918575	-0.934024	-0.082438	-0.347566	-120.994904	31.484251	804.435852	
-0.005624	-0.983641	-0.180055	-0.225213	-0.174186	0.958613	-0.974293	0.045943	-0.220548	-133.823898	25.930077	793.101318	
-0.082753	-0.982923	-0.164359	-0.119482	-0.153950	0.980828	-0.989381	0.100805	-0.104701	-146.139221	20.973988	776.846863	
-0.224649	-0.964882	-0.136143	-0.026450	-0.133626	0.990679	-0.974080	0.226156	0.004498	-150.767532	14.642192	763.859680	
-0.285157	-0.950490	-0.123507	0.084194	-0.153199	0.984603	-0.954775	0.270368	0.123711	-159.246307	8.105180	758.088623	
-0.343329	-0.932500	-0.112110	0.135273	-0.167217	0.976596	-0.929422	0.320129	0.183553	-163.708130	1.054575	750.038879	
-0.468928	-0.877054	-0.104318	0.210707	-0.225785	0.951117	-0.857734	0.424026	0.290680	-168.660416	-13.070077	735.607666	
-0.527579	-0.845164	-0.085767	0.288765	-0.273369	0.917543	-0.798920	0.459311	0.388278	-169.314392	-26.453516	719.811523	
-0.635126	-0.769027	-0.072182	0.300260	-0.331916	0.894246	-0.711658	0.546286	0.441717	-169.881104	-34.323174	716.693237	
-0.683699	-0.726995	-0.063507	0.322438	-0.379009	0.867402	-0.654666	0.572565	0.493540	-168.542801	-41.446476	712.057617	
-0.775889	-0.629087	-0.047369	0.342293	-0.482863	0.806027	-0.529934	0.609173	0.589981	-167.011078	-48.553802	705.026184	
-0.857941	-0.512520	-0.035484	0.305390	-0.564318	0.766996	-0.413126	0.647201	0.640670	-161.733353	-64.426880	696.232178	
-0.916638	-0.398377	-0.032704	0.252067	-0.639606	0.726201	-0.310220	0.657419	0.686705	-158.534256	-72.252876	681.177795	
-0.965857	-0.259060	0.002563	0.194343	-0.717962	0.668402	-0.171316	0.646079	0.743796	-154.746780	-88.486115	678.205811	
-0.980341	-0.196331	-0.019613	0.155764	-0.831110	0.533848	-0.121112	0.520298	0.845353	-143.154922	-96.785072	671.356628	
-0.991030	-0.133631	-0.000799	0.118132	-0.878847	0.462248	-0.062474	0.458006	0.886751	-129.000122	-110.637558	661.144287	
-0.999833	0.013748	0.011991	-0.008897	-0.941322	0.337392	0.015925	0.337228	0.941288	-115.031631	-117.882019	653.301453	
-0.989082	0.146919	0.011422	-0.141336	-0.967725	0.208643	0.041706	0.204750	0.977926	-106.979637	-125.500336	651.112244	
-0.975385	0.217803	0.034431	-0.211329	-0.967903	0.136025	0.062952	0.125400	0.990107	-89.283424	-132.390427	638.677979	
-0.958144	0.284415	0.032663	-0.282944	-0.958160	0.043266	0.043601	0.032212	0.998530	-80.577988	-138.375763	626.107483	
-0.910692	0.411156	0.039860	-0.411722	-0.911283	-0.006839	0.033511	-0.022640	0.999182	-71.300842	-143.663422	615.850708	
-0.880462	0.471897	0.045818	-0.473828	-0.872447	-0.119671	-0.016499	-0.127076	0.991756	-62.139458	-154.708633	604.928101	
-0.845968	0.529492	0.063059	-0.527492	-0.813682	-0.244278	-0.078033	-0.239915	0.967653	-52.286362	-159.463226	596.734192	
-0.760323	0.627651	0.167220	-0.643320	-0.692104	-0.327307	-0.089701	-0.356435	0.930005	-33.227791	-166.740051	584.795227	
-0.671378	0.739249	0.052559	-0.688532	-0.595936	-0.413258	-0.274179	-0.313641	0.909096	-23.424641	-172.697037	588.577515	
-0.561520	0.827095	0.024690	-0.706864	-0.463955	-0.533935	-0.430160	-0.317268	0.845165	-4.443865	-179.593124	581.593872	
-0.439965	0.897942	0.011425	-0.721923	-0.346097	-0.599201	-0.534094	-0.271876	0.800517	13.659895	-185.341248	577.387939	
-0.314250	0.949204	0.016125	-0.722290	-0.228034	-0.652913	-0.616070	-0.216825	0.757262	21.816015	-188.465225	565.671631	
-0.179961	0.983604	0.011762	-0.658556	-0.111590	-0.744211	-0.730696	-0.141675	0.667841	29.977125	-191.182602	566.904602	
-0.042105	0.999080	0.008088	-0.578141	-0.017760	-0.815743	-0.814848	-0.039023	0.578359	44.896889	-193.080353	566.459656	
0.097061	0.995270	-0.004033	-0.466899	0.041955	-0.883315	-0.878967	0.087619	0.468764	51.905392	-193.126312	561.940979	
0.162215	0.986737	-0.006024	-0.402070	0.060523	-0.913606	-0.901124	0.150623	0.406556	63.264217	-192.764404	558.818665	
0.232817	0.972298	-0.020796	-0.338555	0.060986	-0.938968	-0.911688	0.225649	0.343376	68.227226	-191.722473	556.054626	
0.301744	0.952750	-0.034884	-0.218173	0.033388	-0.975339	-0.928089	0.301915	0.217940	72.743629	-189.596268	554.494202	
0.367818	0.928886	-0.043346	-0.157569	0.016320	-0.987373	-0.916450	0.370005	0.152367	77.586296	-184.917419	554.173706	
0.492049	0.869212	-0.048543	-0.043935	-0.030894	-0.998557	-0.869457	0.493473	0.022988	79.122475	-182.678635	555.007568	
0.551837	0.831300	-0.066439	0.049218	-0.111992	-0.992489	-0.832497	0.544424	-0.102716	79.895088	-177.169952	556.438904	
0.609773	0.788814	-0.077117	0.091820	-0.166950	-0.981681	-0.787238	0.591523	-0.174231	79.700584	-172.842590	556.055054	
0.663282	0.742171	-0.096109	0.117413	-0.230035	-0.966074	-0.739100	0.629497	-0.239719	75.850395	-163.854935	558.138672	
0.756635	0.644850	-0.108026	0.161776	-0.344718	-0.924661	-0.633506	0.682157	-0.365147	69.597343	-158.887146	559.891663	
0.797375	0.591738	-0.118472	0.206285	-0.451747	-0.867970	-0.567130	0.667660	-0.482279	65.769539	-153.922440	560.702087	
0.832099	0.535276	-0.145222	0.190282	-0.521461	-0.831788	-0.520963	0.664498	-0.535761	60.735806	-148.323502	561.942749	
0.863858	0.473628	-0.171536	0.198217	-0.632663	-0.748630	-0.463096	0.612711	-0.640413	55.020176	-136.306000	564.655151	
0.918183	0.348673	-0.188054	0.149877	-0.745157	-0.649829	-0.366707	0.568479	-0.736450	42.503777	-130.150375	571.040955	
0.937726	0.281420	-0.203643	0.108740	-0.794581	-0.597341	-0.329914	0.538000	-0.775702	28.203259	-123.489883	575.681458	
0.951178	0.215400	-0.221048	0.084803	-0.871023	-0.483866	-0.296762	0.441499	-0.846766	20.014381	-116.578995	583.726562	
0.963999	0.080803	-0.253330	-0.035219	-0.905513	-0.422852	-0.263561	0.416552	-0.870069	2.590960	-109.678276	592.521667	
0.958196	0.013016	-0.285814	-0.093847	-0.929395	-0.356954	-0.270279	0.368856	-0.889323	-15.427101	-95.323242	599.063049	
0.944027	-0.120474	-0.307081	-0.196008	-0.953621	-0.228446	-0.265316	0.275851	-0.923858	-34.479069	-88.091705	606.410034	
0.906752	-0.248936	-0.340340	-0.298460	-0.949062	-0.101000	-0.297860	0.193161	-0.934863	-44.124683	-73.226654	612.947937	
0.849705	-0.366978	-0.378588	-0.388585	-0.921178	0.020782	-0.356372	0.129456	-0.925332	-53.903553	-65.831223	620.137451	
0.810092	-0.423378	-0.405588	-0.394506	-0.905361	0.157113	-0.433721	0.032733	-0.900452	-73.863899	-51.947090	635.655579	
0.729733	-0.524520	-0.438598	-0.481126	-0.849707	0.215674	-0.485804	0.053638	-0.872420	-93.450966	-44.609005	639.793640	
0.636279	-0.609787	-0.472556	-0.552966	-0.787623	0.271803	-0.537937	0.088366	-0.838340	-112.224258	-38.322723	653.522827	
0.581744	-0.635472	-0.507690	-0.511420	-0.771136	0.379207	-0.632473	0.039043	-0.773597	-130.566742	-32.184372	667.101257	
0.523209	-0.657876	-0.541712	-0.467449	-0.753046	0.463047	-0.712561	0.010954	-0.701524	-139.505920	-20.012611	674.192017	
0.414754	-0.703772	-0.576787	-0.504730	-0.705358	0.497712	-0.757116	0.084695	-0.647765	-147.481384	-7.110538	679.690125	
0.311262	-0.740484	-0.595650	-0.539282	-0.653721	0.530870	-0.782489	0.155985	-0.602808	-154.747757	-1.942746	690.007141	
0.198190	-0.758843	-0.620384	-0.508409	-0.620724	0.596843	-0.837997	0.197122	-0.508824	-167.265182	2.881825	692.880859	
0.142162	-0.743082	-0.653925	-0.424862	-0.642492	0.637728	-0.894025	0.187169	-0.407045	-178.848099	8.188527	706.019775	
0.032974	-0.724323	-0.688671	-0.448448	-0.626513	0.637477	-0.893200	0.287814	-0.345479	-183.062057	16.821478	711.377563	
-0.065355	-0.683601	-0.726923	-0.413746	-0.644345	0.643144	-0.908043	0.342796	-0.240725	-188.497391	21.294504	718.882446	
-0.102090	-0.637776	-0.763425	-0.394868	-0.678404	0.619554	-0.913047	0.364704	-0.182579	-191.238007	28.360138	736.485168	
-0.142972	-0.608485	-0.780579	-0.381265	-0.693953	0.610792	-0.913342	0.384935	-0.132778	-193.106354	35.112530	742.975342	
-0.179376	-0.577955	-0.796110	-0.305154	-0.736633	0.603534	-0.935256	0.351196	-0.044230	-194.697708	37.035595	761.684631	
-0.246467	-0.525682	-0.814193	-0.285708	-0.763362	0.579353	-0.926080	0.375414	0.037952	-194.818527	38.782040	771.898438	
-0.268843	-0.491728	-0.828206	-0.286026	-0.780316	0.556144	-0.919734	0.386405	0.069136	-189.855942	40.197403	784.404114	
-0.285240	-0.448271	-0.847166	-0.285183	-0.804158	0.521537	-0.915045	0.390361	0.101540	-184.400955	41.940632	788.816162	
-0.297585	-0.412351	-0.861051	-0.291750	-0.819486	0.493279	-0.909024	0.398004	0.123564	-177.548050	42.252964	801.252563	
-0.295159	-0.347417	-0.890045	-0.303959	-0.849006	0.432200	-0.905808	0.398106	0.144992	-173.769241	41.976845	819.835266	
-0.280342	-0.284964	-0.916626	-0.313552	-0.875350	0.368031	-0.907244	0.390585	0.156047	-163.137100	40.473122	828.815125	
-0.268270	-0.247075	-0.931120	-0.251115	-0.915198	0.315203	-0.930038	0.318379	0.183477	-156.345169	37.798206	839.527710	
-0.273708	-0.191950	-0.942464	-0.265995	-0.926558	0.265962	-0.924299	0.323488	0.202550	-141.618835	35.687496	852.202576	
-0.244217	-0.116759	-0.962666	-0.333207	-0.922175	0.196381	-0.910676	0.368727	0.186307	-134.536819	30.886189	874.645996	
-0.219298	-0.091520	-0.971356	-0.282482	-0.946992	0.153001	-0.933869	0.307944	0.181822	-117.571976	24.416983	885.157898	
-0.196744	-0.068107	-0.978087	-0.219531	-0.969195	0.111649	-0.955561	0.236688	0.175732	-99.457253	17.719398	896.756714	
-0.182530	-0.043371	-0.982243	-0.200734	-0.976339	0.080415	-0.962490	0.211849	0.169506	-80.880219	13.909525	907.481201	
-0.206391	-0.038820	-0.977699	-0.154752	-0.985341	0.071793	-0.966154	0.166119	0.197360	-62.282589	4.761886	951.089661	
-0.204779	-0.064425	-0.976685	-0.054458	-0.995535	0.077088	-0.977291	0.068976	0.200357	-40.883785	-1.571867	964.517029	
-0.052070	-0.022720	-0.998385	-0.026884	-0.999346	0.024145	-0.998281	0.028099	0.051426	-30.001835	-8.101587	932.140198	
0.085617	-0.018975	-0.996148	-0.215598	-0.976481	0.000072	-0.972721	0.214763	-0.087694	-20.623486	-16.192215	937.597229	
0.165208	0.005265	-0.986245	-0.250520	-0.966963	-0.047126	-0.953910	0.254861	-0.158431	-3.879520	-21.791233	959.197144	
0.242402	-0.085982	-0.966359	-0.296030	-0.955117	0.010726	-0.923907	0.283473	-0.256975	16.754839	-27.912891	961.841736	
0.264458	-0.166447	-0.949925	-0.407398	-0.912070	0.046397	-0.874121	0.374729	-0.309014	26.613752	-34.997871	965.949890	
0.275650	-0.211499	-0.937702	-0.354876	-0.928973	0.105211	-0.893352	0.303769	-0.331127	34.881783	-47.942638	969.464478	
0.322622	-0.275067	-0.905679	-0.295555	-0.938275	0.179685	-0.899199	0.209710	-0.384005	50.691628	-61.403786	975.519104	
0.337991	-0.324868	-0.883303	-0.246017	-0.936400	0.250260	-0.908424	0.132723	-0.396418	64.309776	-68.203049	988.353821	
0.308583	-0.394063	-0.865732	-0.309841	-0.902151	0.300202	-0.899318	0.175604	-0.400485	76.877800	-82.745972	989.514587	
0.287721	-0.488880	-0.823537	-0.395015	-0.843926	0.362977	-0.872454	0.220875	-0.435930	86.628525	-89.579926	990.807251	
0.236119	-0.559317	-0.794614	-0.388331	-0.803912	0.450471	-0.890755	0.202210	-0.407019	91.903526	-103.898773	996.054688	
0.162008	-0.613380	-0.772993	-0.436458	-0.747093	0.501355	-0.885017	0.256157	-0.388749	94.659897	-111.062302	996.408752	
0.134693	-0.688895	-0.712237	-0.436888	-0.686437	0.581321	-0.889372	0.232870	-0.393428	97.812729	-118.410912	1001.185120	
0.092321	-0.724161	-0.683424	-0.420150	-0.650592	0.632617	-0.902744	0.228739	-0.364319	99.205017	-131.830185	1004.236694	
-0.005991	-0.762807	-0.646598	-0.440874	-0.578359	0.686390	-0.897547	0.289182	-0.332837	99.833656	-145.436508	1008.771851	
-0.106546	-0.783624	-0.612029	-0.449234	-0.511189	0.732718	-0.887037	0.353014	-0.297565	98.919601	-151.198181	1008.490112	
-0.162419	-0.803227	-0.573100	-0.359701	-0.492647	0.792411	-0.918821	0.334849	-0.208906	97.286690	-162.808441	1007.243164	
-0.223501	-0.813906	-0.536286	-0.321230	-0.457958	0.828907	-0.920247	0.357535	-0.159096	90.152481	-173.876038	1006.399902	
-0.342287	-0.823036	-0.453264	-0.284395	-0.369025	0.884840	-0.895520	0.431777	-0.107754	85.863770	-179.523834	1008.532959	
-0.397718	-0.821727	-0.408145	-0.174498	-0.368978	0.912912	-0.900760	0.434303	0.003360	75.647041	-185.228882	1010.308594	
-0.517848	-0.770667	-0.371352	-0.097585	-0.378042	0.920632	-0.849887	0.512987	0.120564	62.985363	-187.960220	999.189087	
-0.649753	-0.707898	-0.276945	0.012623	-0.374332	0.927210	-0.760039	0.598962	0.252160	55.846405	-192.284546	999.921509	
-0.742464	-0.644032	-0.184299	0.082181	-0.360615	0.929088	-0.664823	0.674669	0.320672	48.390381	-199.854706	1002.450500	
-0.826499	-0.556260	-0.086430	0.149217	-0.364528	0.919160	-0.542799	0.746788	0.384286	39.809334	-202.312180	996.703308	
-0.896846	-0.442072	0.015331	0.235272	-0.447384	0.862842	-0.374581	0.777443	0.505243	30.685566	-207.097229	996.838379	
-0.941087	-0.333630	0.055150	0.243235	-0.554560	0.795802	-0.234921	0.762334	0.603041	11.783973	-209.182907	985.906006	
-0.957646	-0.267079	0.107605	0.254379	-0.609638	0.750756	-0.134913	0.746330	0.651758	2.141031	-210.283127	982.455078	
-0.965282	-0.216398	0.146281	0.255627	-0.667576	0.699284	-0.053672	0.712400	0.699717	-16.923735	-210.648697	976.756592	
-0.966190	-0.136461	0.218748	0.248924	-0.714711	0.653625	0.067145	0.685977	0.724517	-27.149765	-210.862534	977.204285	
-0.948844	-0.097060	0.300451	0.271600	-0.736161	0.619920	0.161009	0.669810	0.724865	-45.250244	-210.308121	966.222534	
-0.905225	0.053704	0.421523	0.156353	-0.880293	0.447927	0.395117	0.471380	0.788468	-56.690132	-209.913605	972.733704	
-0.843190	0.153144	0.515340	0.056093	-0.928276	0.367637	0.534677	0.338894	0.774124	-66.494316	-205.061859	960.540955	
-0.774755	0.260170	0.576252	-0.122087	-0.955820	0.267397	0.620359	0.136812	0.772291	-76.409775	-203.240967	949.025330	
-0.714963	0.337501	0.612308	-0.310829	-0.937902	0.154026	0.626266	-0.080202	0.775471	-92.579224	-197.188446	942.841736	
-0.669059	0.362391	0.648870	-0.394224	-0.913165	0.103509	0.630034	-0.186549	0.753826	-101.181946	-193.915741	929.844238	
-0.591282	0.424432	0.685742	-0.533250	-0.843653	0.062374	0.605000	-0.328793	0.725168	-109.787750	-190.356003	926.301331	
-0.469713	0.437208	0.766954	-0.696225	-0.717612	-0.017315	0.542804	-0.542108	0.641469	-122.398628	-180.696289	918.204529	
-0.383946	0.459683	0.800798	-0.808270	-0.586612	-0.050794	0.446408	-0.666766	0.596778	-128.934906	-171.325302	917.728943	
-0.301674	0.467059	0.831173	-0.914925	-0.387006	-0.114601	0.268143	-0.795035	0.544077	-133.463837	-160.807373	904.879150	
-0.246334	0.438921	0.864100	-0.961705	-0.221237	-0.161780	0.120162	-0.870862	0.476613	-140.389679	-148.150253	892.660156	
-0.172650	0.367549	0.913838	-0.984449	-0.033904	-0.172353	-0.032365	-0.929385	0.367690	-142.690338	-135.431000	887.621582	
-0.123190	0.268222	0.955449	-0.972913	0.157128	-0.169551	-0.195603	-0.950456	0.241603	-144.079330	-122.199661	877.653687	
-0.053867	0.181077	0.981993	-0.935959	0.333532	-0.112843	-0.347958	-0.925184	0.151517	-144.521103	-108.258804	862.139648	
-0.028628	0.130975	0.990973	-0.887191	0.453397	-0.085554	-0.460508	-0.881632	0.103223	-142.788879	-101.020721	857.197571	
-0.008374	0.071111	0.997434	-0.817715	0.573636	-0.047762	-0.575558	-0.816017	0.053348	-139.076065	-94.310638	850.250122	
0.000966	-0.042979	0.999076	-0.706423	0.707105	0.031102	-0.707786	-0.705800	-0.029675	-133.155762	-79.484177	833.772522	
-0.009579	-0.104459	0.994484	-0.517420	0.851552	0.084461	-0.855675	-0.513756	-0.062204	-129.207855	-71.620659	824.427124	
-0.033452	-0.227555	0.973191	-0.356981	0.912223	0.201029	-0.933510	-0.340685	-0.111747	-118.447037	-63.535534	806.655457	
-0.064377	-0.281907	0.957281	-0.251484	0.932891	0.257812	-0.965716	-0.224142	-0.130951	-112.837509	-55.540585	803.947327	
-0.116868	-0.384556	0.915675	-0.162812	0.916936	0.364306	-0.979709	-0.106506	-0.169770	-105.843887	-40.961651	799.495117	
-0.157128	-0.429220	0.889429	-0.072195	0.903196	0.423110	-0.984934	0.002271	-0.172904	-98.332443	-26.708891	788.576111	
-0.202507	-0.468762	0.859800	0.079362	0.867245	0.491514	-0.976057	0.167772	-0.138420	-81.423340	-12.156927	768.743347	
-0.271976	-0.489040	0.828777	0.276556	0.785184	0.554075	-0.921706	0.379900	-0.078303	-72.561165	-5.677547	762.732300	
-0.326860	-0.513521	0.793386	0.354831	0.711394	0.606638	-0.875930	0.479805	-0.050313	-63.199711	1.486962	751.620117	
-0.392525	-0.525473	0.754854	0.473504	0.588145	0.655648	-0.788488	0.614786	0.017953	-52.380627	8.113721	730.640930	
-0.421449	-0.556704	0.715865	0.504223	0.512266	0.695225	-0.753748	0.653959	0.064810	-33.199879	20.073208	714.347534	
-0.532599	-0.579962	0.616427	0.546961	0.319946	0.773605	-0.645885	0.749184	0.146815	-23.276096	30.290909	708.659851	
-0.611005	-0.602143	0.513904	0.555947	0.135749	0.820057	-0.563553	0.786762	0.251817	-13.496686	34.883568	697.007751	
-0.701382	-0.546589	0.457495	0.570881	-0.046459	0.819716	-0.426794	0.836110	0.344623	-2.885374	42.973038	691.012878	
-0.754275	-0.519732	0.401180	0.543417	-0.151287	0.825717	-0.368459	0.840826	0.396544	7.499145	46.571476	676.347473	
-0.828679	-0.447843	0.335746	0.501398	-0.327352	0.800900	-0.248772	0.832031	0.495819	17.380442	50.372154	666.999207	
-0.906305	-0.365375	0.212386	0.385813	-0.510193	0.768669	-0.172497	0.778589	0.603359	35.207447	53.619621	654.050049	
-0.943328	-0.321410	0.082602	0.280637	-0.639788	0.715483	-0.177118	0.698115	0.693731	51.053459	56.195850	644.897766	
-0.975926	-0.217876	0.009604	0.172483	-0.744152	0.645359	-0.133464	0.631479	0.763820	58.190063	57.893696	641.245117	
-0.984466	-0.165558	-0.058414	0.097557	-0.792513	0.602002	-0.145963	0.586951	0.796356	71.849617	59.221706	637.413513	
-0.986779	-0.108522	-0.120352	0.023615	-0.831029	0.555728	-0.160327	0.545538	0.822608	82.926529	59.377987	629.242310	
-0.982192	0.002095	-0.187855	-0.091724	-0.877999	0.469791	-0.163954	0.478655	0.862559	91.911125	58.131363	619.822937	
-0.966930	0.055684	-0.248879	-0.159784	-0.892864	0.421025	-0.198773	0.446868	0.872238	95.860519	56.754982	611.464783	
-0.936980	0.156805	-0.312211	-0.272304	-0.887637	0.371417	-0.218892	0.433026	0.874400	98.203583	53.109932	599.257751	
-0.893828	0.251296	-0.371372	-0.376091	-0.871132	0.315725	-0.244175	0.421873	0.873156	99.838760	50.810780	596.884888	
-0.854700	0.291876	-0.429293	-0.413964	-0.882206	0.224375	-0.313237	0.369485	0.874851	100.808525	44.918633	593.987854	
-0.809951	0.326432	-0.487256	-0.458156	-0.870828	0.178183	-0.366153	0.367558	0.854889	99.406265	37.865990	587.945801	
-0.725412	0.339789	-0.598598	-0.484568	-0.869736	0.093532	-0.488842	0.357911	0.795571	95.777191	29.027290	585.312805	
-0.649520	0.391451	-0.651835	-0.554745	-0.830252	0.054182	-0.519979	0.396794	0.756424	92.822273	19.884212	581.489319	
-0.529801	0.400885	-0.747396	-0.619229	-0.785003	0.017897	-0.579535	0.472292	0.664139	84.932411	14.014419	578.940369	
-0.406046	0.382224	-0.830079	-0.674508	-0.738196	-0.009965	-0.616571	0.555850	0.557558	74.668175	7.721309	572.929199	
-0.347825	0.362532	-0.864633	-0.653378	-0.755116	-0.053768	-0.672391	0.546231	0.499521	63.218437	0.995838	572.063599	
-0.290314	0.326455	-0.899526	-0.629460	-0.773161	-0.077439	-0.720759	0.543735	0.429952	49.517658	-6.091973	566.532532	
-0.234629	0.258385	-0.937117	-0.622859	-0.780092	-0.059140	-0.746318	0.569818	0.343972	35.315483	-17.630835	554.882874	
-0.140289	0.215886	-0.966289	-0.608534	-0.788646	-0.087846	-0.781025	0.575698	0.242014	26.113981	-27.320150	570.670776	
-0.079504	0.215906	-0.973173	-0.631930	-0.765939	-0.118302	-0.770934	0.605574	0.197334	9.782454	-36.083946	588.773315	
-0.014246	0.042982	-0.998975	-0.636672	-0.770754	-0.024081	-0.770999	0.635679	0.038346	0.214199	-42.586639	577.461792	
-0.128716	0.191992	-0.972920	-0.587310	-0.805274	-0.081207	-0.799058	0.560956	0.216412	-18.632607	-61.245842	651.394836	
-0.204504	0.004483	-0.978855	-0.534520	-0.838248	0.107834	-0.820041	0.545270	0.173821	-40.642464	-71.804405	671.471924	
0.073644	-0.247562	-0.966069	-0.670443	-0.729426	0.135812	-0.738298	0.637692	-0.219695	-64.435616	-86.131714	627.676758	
0.098767	-0.372615	-0.922715	-0.712905	-0.673420	0.195634	-0.694271	0.638486	-0.332151	-85.614304	-101.012009	618.769897	
0.029860	-0.527424	-0.849077	-0.687626	-0.627353	0.365512	-0.725452	0.572933	-0.381403	-93.092239	-104.310768	580.285583	
-0.017892	-0.643320	-0.765388	-0.684482	-0.550121	0.478385	-0.728811	0.532454	-0.430498	-103.352463	-112.082588	583.173645	
-0.053153	-0.693660	-0.718339	-0.652465	-0.520444	0.550842	-0.755953	0.497970	-0.424926	-122.111687	-119.200439	584.973511	
-0.130835	-0.777476	-0.615154	-0.628042	-0.415107	0.658217	-0.767103	0.472460	-0.433977	-131.088028	-132.636185	590.420715	
-0.213673	-0.802182	-0.557538	-0.627347	-0.324814	0.707766	-0.748853	0.501000	-0.433842	-147.565689	-145.888229	596.589905	
-0.300407	-0.812568	-0.499490	-0.584517	-0.256987	0.769608	-0.753722	0.523156	-0.397759	-154.693298	-157.932846	597.637451	
-0.362754	-0.853048	-0.375125	-0.498801	-0.162283	0.851388	-0.787152	0.495957	-0.366632	-168.502609	-169.671387	606.586121	
-0.459994	-0.854227	-0.242285	-0.429825	-0.024542	0.902578	-0.776954	0.519321	-0.355879	-174.754257	-175.174866	613.122070	
-0.509760	-0.854141	-0.102898	-0.310057	0.070830	0.948076	-0.802503	0.515195	-0.300938	-184.449066	-184.846161	620.260925	
-0.549147	-0.834982	0.035276	-0.208458	0.177729	0.961747	-0.809312	0.520786	-0.271658	-192.364349	-189.273529	627.672974	
-0.579064	-0.796626	0.173416	-0.094393	0.276786	0.956284	-0.809800	0.537380	-0.235473	-198.005341	-193.035202	631.488770	
-0.625392	-0.716055	0.310083	0.066086	0.347352	0.935403	-0.777509	0.605485	-0.169910	-201.830002	-196.347244	645.162659	
-0.649393	-0.622420	0.436902	0.233644	0.383434	0.893526	-0.723672	0.682329	-0.103575	-202.300323	-201.961136	649.238708	
-0.647767	-0.519705	0.557051	0.381434	0.411705	0.827652	-0.659476	0.748604	-0.068456	-201.163025	-205.281921	662.232910	
-0.600540	-0.441135	0.666897	0.523320	0.413762	0.744941	-0.604557	0.796368	-0.017626	-199.418716	-206.586029	670.599365	
-0.593923	-0.362767	0.718092	0.631009	0.343657	0.695506	-0.499084	0.866199	0.024803	-196.988907	-208.976395	681.687927	
-0.528691	-0.263172	0.806986	0.759986	0.276656	0.588120	-0.378034	0.924231	0.053741	-189.071747	-208.560425	687.183105	
-0.439519	-0.178604	0.880298	0.856970	0.210250	0.470530	-0.269121	0.961196	0.060649	-183.724319	-206.471130	700.375671	
-0.385196	-0.136345	0.912707	0.900203	0.162180	0.404146	-0.203126	0.977297	0.060267	-178.323776	-204.114288	711.733643	
-0.267475	-0.078723	0.960344	0.958286	0.082462	0.273662	-0.100736	0.993481	0.053382	-164.536530	-201.300522	723.021912	
-0.135908	-0.037469	0.990013	0.990261	0.025376	0.136903	-0.030253	0.998976	0.033655	-148.921997	-197.113388	739.188904	
-0.003773	-0.000692	0.999993	0.999171	-0.040567	0.003742	0.040564	0.999177	0.000844	-132.257538	-194.492477	751.269958	
0.133913	0.016906	0.990849	0.977889	-0.164326	-0.129357	0.160635	0.986262	-0.038537	-115.231949	-191.163010	767.090088	
0.208827	0.019125	0.977766	0.944772	-0.262175	-0.196651	0.252585	0.964831	-0.072818	-105.334923	-183.755890	778.924011	
0.347040	0.020509	0.937627	0.886944	-0.332084	-0.321017	0.304787	0.943027	-0.133437	-94.254440	-173.309387	789.280334	
0.469416	-0.018115	0.882793	0.800728	-0.412634	-0.434245	0.372137	0.910717	-0.179191	-75.511154	-163.755692	808.252380	
0.583888	-0.051102	0.810226	0.702810	-0.467744	-0.535980	0.406368	0.882386	-0.237195	-64.795197	-158.304367	829.654785	
0.684364	-0.115946	0.719864	0.570746	-0.529217	-0.627837	0.453759	0.840528	-0.296001	-45.261330	-147.597977	838.372986	
0.727729	-0.151945	0.668824	0.487749	-0.570928	-0.660411	0.482196	0.806818	-0.341369	-25.011393	-141.438736	849.341003	
0.794105	-0.230138	0.562526	0.343675	-0.593336	-0.727901	0.501285	0.771356	-0.392078	-6.232327	-128.994690	863.640503	
0.851164	-0.281690	0.442914	0.210240	-0.590207	-0.779395	0.480958	0.756511	-0.443139	3.262806	-116.055473	870.228577	
0.864374	-0.329346	0.379989	0.109497	-0.614259	-0.781471	0.490786	0.717091	-0.494886	13.001152	-109.313080	878.847290	
0.873698	-0.414715	0.254293	-0.045277	-0.589785	-0.806291	0.484359	0.692941	-0.534070	21.086075	-95.186203	889.528625	
0.877531	-0.464629	0.118579	-0.182295	-0.551960	-0.813701	0.443520	0.692431	-0.569061	29.231907	-81.069283	899.723083	
0.845996	-0.530528	0.053225	-0.275603	-0.520559	-0.808123	0.456439	0.668999	-0.586605	36.128525	-66.991348	918.049194	
0.803455	-0.595247	-0.011898	-0.368689	-0.481759	-0.794971	0.467472	0.643110	-0.606532	42.492405	-52.808861	937.243835	
0.755493	-0.650997	-0.073718	-0.452299	-0.436849	-0.777554	0.473982	0.620779	-0.624480	52.605610	-45.733765	951.116821	
0.717219	-0.663208	-0.213899	-0.556099	-0.359744	-0.749227	0.419944	0.656308	-0.626823	60.828529	-31.905619	957.509827	
0.682988	-0.673987	-0.281549	-0.613718	-0.320496	-0.721550	0.396080	0.665602	-0.632532	63.537483	-18.219681	961.583252	
0.618381	-0.709946	-0.337021	-0.667686	-0.248432	-0.701768	0.414490	0.658984	-0.627646	65.051514	-3.980201	965.477112	
0.581750	-0.705686	-0.404444	-0.711081	-0.199849	-0.674112	0.394883	0.679757	-0.618061	67.126900	9.066842	981.517883	
0.545937	-0.694825	-0.468158	-0.748967	-0.154298	-0.644393	0.375505	0.702433	-0.604638	66.169212	21.099909	984.818848	
0.501769	-0.686719	-0.525971	-0.784870	-0.105849	-0.610555	0.363606	0.719177	-0.592096	64.157074	26.607723	995.216064	
0.460470	-0.669765	-0.582566	-0.813388	-0.055535	-0.579067	0.355486	0.740495	-0.570350	61.063831	37.851746	1006.535889	
0.388844	-0.609528	-0.690851	-0.864716	0.017297	-0.501966	0.317912	0.792577	-0.520342	53.239880	48.859390	1007.041504	
0.344696	-0.582826	-0.735866	-0.885238	0.058987	-0.461385	0.312314	0.810454	-0.495607	47.845650	59.051735	1014.177795	
0.301477	-0.544885	-0.782440	-0.903143	0.099905	-0.417558	0.305690	0.832539	-0.461989	37.210468	67.783211	1019.286621	
0.244645	-0.511178	-0.823921	-0.908813	0.175279	-0.378599	0.337948	0.841413	-0.421684	23.778790	76.355415	1027.493408	
0.188007	-0.483557	-0.854884	-0.908615	0.244858	-0.338326	0.372925	0.840368	-0.393332	15.960997	83.618637	1028.565186	
0.148568	-0.426941	-0.891992	-0.907592	0.299315	-0.294430	0.392691	0.853308	-0.343019	0.323446	87.098976	1032.480957	
0.092757	-0.332749	-0.938443	-0.896838	0.381502	-0.223917	0.432526	0.862401	-0.263036	-16.756323	89.923897	1039.300293	
0.072356	-0.264275	-0.961730	-0.901285	0.395633	-0.176526	0.427144	0.879565	-0.209560	-34.674126	92.047829	1035.048584	
0.033981	-0.152519	-0.987717	-0.897062	0.431034	-0.097422	0.440598	0.889354	-0.122172	-44.118435	92.743126	1035.981079	
0.012427	-0.086522	-0.996173	-0.876337	0.478828	-0.052521	0.481540	0.873636	-0.069873	-53.628071	93.408791	1035.498047	
-0.002907	0.042428	-0.999096	-0.848834	0.528074	0.024894	0.528653	0.848139	0.034479	-64.315262	94.272346	1044.763306	
-0.009904	0.172851	-0.984899	-0.826240	0.553367	0.105424	0.563233	0.814806	0.137335	-84.231339	93.694046	1050.533203	
-0.010338	0.236635	-0.971544	-0.808446	0.569817	0.147389	0.588481	0.786965	0.185416	-95.377831	93.360023	1060.511353	
0.004599	0.352169	-0.935926	-0.771462	0.596754	0.220754	0.636260	0.721016	0.274430	-105.195801	90.576477	1065.498291	
0.013730	0.409812	-0.912068	-0.752990	0.604390	0.260230	0.657890	0.683205	0.316882	-114.955109	86.178970	1064.951294	
0.043381	0.472162	-0.880445	-0.715012	0.630175	0.302717	0.697766	0.616397	0.364938	-123.795883	81.025002	1064.449707	
0.072400	0.523618	-0.848872	-0.679195	0.649149	0.342491	0.730380	0.551753	0.402637	-132.306015	74.975616	1062.178345	
0.110174	0.576372	-0.809728	-0.652046	0.656781	0.378782	0.750133	0.486247	0.448181	-139.997208	67.117828	1057.712524	
0.151261	0.619848	-0.770007	-0.618678	0.666898	0.415312	0.770947	0.413566	0.484362	-146.594971	63.299103	1051.450806	
0.190769	0.657063	-0.729299	-0.585845	0.672335	0.452495	0.787651	0.340934	0.513198	-152.060608	53.657372	1046.320068	
0.224310	0.690807	-0.687367	-0.573273	0.663925	0.480169	0.788064	0.286343	0.544946	-163.116074	42.924896	1044.246338	
0.280503	0.758738	-0.587909	-0.561802	0.626402	0.540369	0.778266	0.178714	0.601968	-170.928192	31.246525	1038.304321	
0.310020	0.805976	-0.504274	-0.562529	0.583103	0.586133	0.766453	0.101956	0.634158	-173.803909	26.399740	1032.998901	
0.353051	0.842232	-0.407434	-0.573046	0.538894	0.617423	0.739577	0.015497	0.672895	-178.179794	19.947041	1027.626831	
0.391218	0.873282	-0.290395	-0.580465	0.479010	0.658491	0.714150	-0.089049	0.694307	-180.329041	13.305408	1016.992004	
0.420547	0.891294	-0.169518	-0.597618	0.412718	0.687399	0.682638	-0.187776	0.706221	-179.550156	6.567585	1012.903320	
0.459728	0.886301	-0.055884	-0.610039	0.360908	0.705406	0.645372	-0.290203	0.706597	-177.357269	0.296832	1001.803589	
0.495006	0.866704	0.061607	-0.629872	0.309094	0.712546	0.598525	-0.391519	0.698916	-174.004303	-12.865147	994.114868	
0.505860	0.852754	0.130068	-0.644378	0.273315	0.714196	0.573485	-0.445096	0.687755	-171.551559	-20.300247	989.633484	
0.511268	0.825116	0.240399	-0.668277	0.205804	0.714878	0.540382	-0.526147	0.656627	-162.424438	-35.069065	977.943298	
0.519405	0.801231	0.297070	-0.680974	0.178081	0.710325	0.516232	-0.571243	0.638113	-152.111053	-42.337231	964.562622	
0.539056	0.764590	0.353303	-0.693208	0.164477	0.701719	0.478418	-0.623178	0.618682	-140.434097	-48.997746	951.900574	
0.540786	0.734813	0.409393	-0.711031	0.139288	0.689227	0.449430	-0.663815	0.597800	-133.302658	-63.390095	946.605042	
