0.995722	-0.044713	0.080855	0.038991	0.996712	0.071021	-0.083764	-0.067564	0.994193	18.794962	4.335202	536.333313	
0.978731	-0.132890	0.156289	0.118780	0.988226	0.096437	-0.167265	-0.075822	0.982992	27.382881	8.098206	533.785583	
0.965023	-0.180545	0.190091	0.174246	0.983458	0.049485	-0.195880	-0.014632	0.980519	36.380146	15.712624	540.281555	
0.922737	-0.212389	0.321633	0.227019	0.973856	-0.008215	-0.311479	0.080597	0.946829	45.499413	18.809128	547.633911	
0.838413	-0.272535	0.472003	0.318099	0.947892	-0.017722	-0.442578	0.165003	0.881419	53.327698	24.320349	549.104248	
0.786045	-0.330654	0.522304	0.406620	0.912965	-0.033975	-0.465611	0.239085	0.852083	69.943977	26.060675	552.167480	
0.683788	-0.366037	0.631230	0.489348	0.871742	-0.024588	-0.541269	0.325704	0.775206	76.672279	29.655903	552.124084	
0.596820	-0.353508	0.720304	0.531028	0.847005	-0.024302	-0.601511	0.397006	0.693233	83.206604	30.319012	555.428894	
0.534730	-0.358516	0.765200	0.581461	0.813180	-0.025335	-0.613162	0.458481	0.643295	89.145027	31.470173	558.267578	
0.442973	-0.325930	0.835191	0.624630	0.780463	-0.026722	-0.643126	0.533523	0.549311	99.275429	31.629074	567.705750	
0.375466	-0.328894	0.866518	0.701927	0.711432	-0.034118	-0.605247	0.621042	0.497978	102.883896	29.907467	575.582642	
0.284945	-0.280660	0.916535	0.782676	0.620131	-0.053434	-0.553376	0.732576	0.396369	105.167145	27.245607	577.281189	
0.200192	-0.269285	0.942024	0.842930	0.537419	-0.025508	-0.499392	0.799166	0.334576	108.638611	25.908312	590.798462	
0.125835	-0.179897	0.975604	0.874849	0.483820	-0.023626	-0.467766	0.856479	0.218265	109.229904	21.231506	599.607178	
0.078608	-0.133510	0.987925	0.926212	0.376310	-0.022842	-0.368717	0.916824	0.153240	109.057808	16.196131	602.290100	
0.036182	-0.086322	0.995610	0.942568	0.333972	-0.005298	-0.332049	0.938622	0.093449	106.669083	8.043773	604.659607	
0.013589	-0.042351	0.999011	0.956947	0.290264	-0.000712	-0.289946	0.956009	0.044472	104.077606	4.045986	619.099426	
0.006499	-0.021540	0.999747	0.987205	0.159427	-0.002983	-0.159323	0.986975	0.022301	102.119675	-2.804635	625.641846	
0.008919	0.026748	0.999602	0.998818	0.047537	-0.010184	-0.047791	0.998511	-0.026292	98.754219	-13.749178	629.404724	
-0.015438	0.125958	0.991916	0.999731	-0.015227	0.017493	0.017308	0.991919	-0.125688	85.220856	-27.521469	626.427368	
-0.015064	0.246615	0.968997	0.995839	-0.083406	0.036708	0.089873	0.965518	-0.244333	77.454063	-36.134674	627.866333	
0.018266	0.352594	0.935598	0.971935	-0.225770	0.066109	0.234540	0.908133	-0.346822	72.479530	-38.087418	647.637939	
0.040312	0.397545	0.916697	0.953571	-0.289348	0.083548	0.298459	0.870767	-0.390752	67.180405	-50.043056	672.122070	
0.076939	0.482716	0.872391	0.939704	-0.327540	0.098360	0.333222	0.812221	-0.478811	59.219315	-57.512409	683.001099	
0.094979	0.535508	0.839173	0.919162	-0.370876	0.132637	0.382257	0.758738	-0.527444	50.402637	-69.294525	693.030518	
0.199214	0.629262	0.751229	0.870378	-0.465863	0.159416	0.450284	0.622095	-0.640502	33.459122	-85.929932	725.035828	
0.270176	0.724328	0.634315	0.856504	-0.481737	0.185284	0.439780	0.493233	-0.750544	14.976237	-100.174149	748.552429	
0.307080	0.753430	0.581416	0.785245	-0.545752	0.292480	0.537673	0.366739	-0.759217	5.856120	-104.620003	741.161987	
0.307080	0.753430	0.581416	0.785245	-0.545752	0.292480	0.537673	0.366739	-0.759217	5.856120	-104.620003	741.161987	
0.307080	0.753430	0.581416	0.785245	-0.545752	0.292480	0.537673	0.366739	-0.759217	5.856120	-104.620003	741.161987	
0.503380	0.769617	0.392808	0.662125	-0.635653	0.396908	0.555156	0.060294	-0.829558	-22.819550	-139.498886	755.332947	
0.627548	0.736538	0.252379	0.573959	-0.656669	0.489241	0.526074	-0.162167	-0.834834	-31.552999	-147.759003	778.002014	
0.627548	0.736538	0.252379	0.573959	-0.656669	0.489241	0.526074	-0.162167	-0.834834	-31.552999	-147.759003	778.002014	
0.627548	0.736538	0.252379	0.573959	-0.656669	0.489241	0.526074	-0.162167	-0.834834	-31.552999	-147.759003	778.002014	
0.794933	0.605492	-0.038217	0.497000	-0.613780	0.613405	0.347955	-0.506610	-0.788843	-55.923954	-179.540207	804.529541	
0.825987	0.550929	-0.119256	0.487677	-0.592329	0.641341	0.282694	-0.587898	-0.757932	-69.440819	-191.120438	814.933350	
0.840933	0.488341	-0.233139	0.502660	-0.545367	0.670752	0.200409	-0.681248	-0.704087	-82.634651	-201.836075	819.695862	
0.855357	0.451673	-0.253685	0.486082	-0.530432	0.694526	0.179136	-0.717379	-0.673259	-94.359634	-213.792908	835.818420	
0.862194	0.399182	-0.311890	0.494077	-0.526700	0.691719	0.111849	-0.750493	-0.651345	-104.214417	-219.789963	856.591675	
0.861157	0.286658	-0.419805	0.507328	-0.536734	0.674193	-0.032061	-0.793564	-0.607642	-111.776627	-223.851669	871.844421	
0.861500	0.191957	-0.470076	0.493430	-0.534879	0.685880	-0.119774	-0.822835	-0.555516	-116.152435	-235.884918	898.725037	
0.825402	0.143542	-0.545993	0.536204	-0.501917	0.678649	-0.176628	-0.852922	-0.491251	-119.369926	-242.848038	912.508179	
0.809811	0.098356	-0.578388	0.552550	-0.459258	0.695537	-0.197219	-0.882841	-0.426259	-120.949539	-246.426239	924.188599	
0.780007	0.074424	-0.621330	0.590935	-0.414267	0.692228	-0.205878	-0.907107	-0.367111	-122.064545	-254.813293	947.254089	
0.732337	0.045705	-0.679407	0.645413	-0.364671	0.671162	-0.217084	-0.930014	-0.296561	-122.415367	-261.225952	956.023254	
0.700881	-0.001869	-0.713277	0.669068	-0.344867	0.658343	-0.247216	-0.938650	-0.240461	-119.354584	-263.632812	968.267212	
0.654381	-0.021038	-0.755873	0.713388	-0.314274	0.626347	-0.250728	-0.949099	-0.190647	-117.137520	-270.877411	987.419067	
0.576572	-0.149607	-0.803233	0.695997	-0.425006	0.578756	-0.427964	-0.892742	-0.140921	-98.016899	-253.289001	964.247986	
0.576572	-0.149607	-0.803233	0.695997	-0.425006	0.578756	-0.427964	-0.892742	-0.140921	-98.016899	-253.289001	964.247986	
0.576572	-0.149607	-0.803233	0.695997	-0.425006	0.578756	-0.427964	-0.892742	-0.140921	-98.016899	-253.289001	964.247986	
0.576572	-0.149607	-0.803233	0.695997	-0.425006	0.578756	-0.427964	-0.892742	-0.140921	-98.016899	-253.289001	964.247986	
0.576572	-0.149607	-0.803233	0.695997	-0.425006	0.578756	-0.427964	-0.892742	-0.140921	-98.016899	-253.289001	964.247986	
0.304911	-0.280835	-0.910034	0.745432	-0.524346	0.411573	-0.592756	-0.803861	0.049465	-49.295002	-245.453964	1018.945618	
0.215122	-0.214118	-0.952825	0.742050	-0.598453	0.302018	-0.634889	-0.772015	0.030146	-40.685398	-228.108994	1005.630005	
0.215122	-0.214118	-0.952825	0.742050	-0.598453	0.302018	-0.634889	-0.772015	0.030146	-40.685398	-228.108994	1005.630005	
0.215122	-0.214118	-0.952825	0.742050	-0.598453	0.302018	-0.634889	-0.772015	0.030146	-40.685398	-228.108994	1005.630005	
0.215122	-0.214118	-0.952825	0.742050	-0.598453	0.302018	-0.634889	-0.772015	0.030146	-40.685398	-228.108994	1005.630005	
-0.031532	-0.111005	-0.993320	0.775533	-0.629647	0.045746	-0.630518	-0.768910	0.105942	12.394108	-197.162231	1041.388550	
0.000989	-0.002580	-0.999996	0.690516	-0.723312	0.002549	-0.723316	-0.690516	0.001066	16.929300	-176.248001	1021.419983	
0.000989	-0.002580	-0.999996	0.690516	-0.723312	0.002549	-0.723316	-0.690516	0.001066	16.929300	-176.248001	1021.419983	
0.000989	-0.002580	-0.999996	0.690516	-0.723312	0.002549	-0.723316	-0.690516	0.001066	16.929300	-176.248001	1021.419983	
-0.037865	0.217702	-0.975281	0.591025	-0.782096	-0.197526	-0.805764	-0.583894	-0.099052	54.074680	-135.007782	1017.787964	
0.000317	0.278981	-0.960297	0.591321	-0.774471	-0.224800	-0.806436	-0.567772	-0.165213	69.726997	-121.514000	1024.689941	
0.000317	0.278981	-0.960297	0.591321	-0.774471	-0.224800	-0.806436	-0.567772	-0.165213	69.726997	-121.514000	1024.689941	
0.000317	0.278981	-0.960297	0.591321	-0.774471	-0.224800	-0.806436	-0.567772	-0.165213	69.726997	-121.514000	1024.689941	
0.000317	0.278981	-0.960297	0.591321	-0.774471	-0.224800	-0.806436	-0.567772	-0.165213	69.726997	-121.514000	1024.689941	
0.235215	0.391870	-0.889445	0.515097	-0.826298	-0.227830	-0.824226	-0.404562	-0.396208	111.209457	-81.940872	1006.345764	
0.245917	0.391312	-0.886792	0.431755	-0.863334	-0.261230	-0.867820	-0.318636	-0.381260	116.265999	-67.012703	1015.229980	
0.245917	0.391312	-0.886792	0.431755	-0.863334	-0.261230	-0.867820	-0.318636	-0.381260	116.265999	-67.012703	1015.229980	
0.245917	0.391312	-0.886792	0.431755	-0.863334	-0.261230	-0.867820	-0.318636	-0.381260	116.265999	-67.012703	1015.229980	
0.245917	0.391312	-0.886792	0.431755	-0.863334	-0.261230	-0.867820	-0.318636	-0.381260	116.265999	-67.012703	1015.229980	
0.532540	0.356128	-0.767837	0.296484	-0.928187	-0.224870	-0.792778	-0.107898	-0.599884	123.279266	-16.039246	984.525085	
0.602569	0.308370	-0.736083	0.172093	-0.950840	-0.257461	-0.779290	0.028464	-0.626016	125.373367	-0.893334	1028.132568	
0.632185	0.250293	-0.733277	0.228300	-0.964545	-0.132406	-0.740420	-0.083702	-0.666913	118.320999	3.832740	989.359985	
0.632185	0.250293	-0.733277	0.228300	-0.964545	-0.132406	-0.740420	-0.083702	-0.666913	118.320999	3.832740	989.359985	
0.632185	0.250293	-0.733277	0.228300	-0.964545	-0.132406	-0.740420	-0.083702	-0.666913	118.320999	3.832740	989.359985	
0.632185	0.250293	-0.733277	0.228300	-0.964545	-0.132406	-0.740420	-0.083702	-0.666913	118.320999	3.832740	989.359985	
0.762063	-0.011534	-0.647400	0.036129	-0.997526	0.060300	-0.646495	-0.069342	-0.759761	87.131195	30.679199	937.872131	
0.787315	-0.061252	-0.613502	0.019567	-0.992070	0.124158	-0.616241	-0.109756	-0.779872	74.610229	39.551826	940.953125	
0.795502	-0.114007	-0.595130	0.001851	-0.981679	0.190532	-0.605949	-0.152670	-0.780717	65.667702	45.679825	931.747437	
0.788345	-0.140172	-0.599053	-0.023490	-0.979847	0.198361	-0.614786	-0.142305	-0.775750	47.067787	47.018764	893.879028	
0.834986	-0.229845	-0.499969	-0.060264	-0.941319	0.332095	-0.546961	-0.247164	-0.799840	32.887299	52.029900	924.633972	
0.834986	-0.229845	-0.499969	-0.060264	-0.941319	0.332095	-0.546961	-0.247164	-0.799840	32.887299	52.029900	924.633972	
0.834986	-0.229845	-0.499969	-0.060264	-0.941319	0.332095	-0.546961	-0.247164	-0.799840	32.887299	52.029900	924.633972	
0.711760	-0.576511	-0.401289	-0.331406	-0.779326	0.531809	-0.619328	-0.245531	-0.745753	-12.290756	54.329643	877.929688	
0.652444	-0.663406	-0.366346	-0.376868	-0.703425	0.602630	-0.657486	-0.255118	-0.708962	-33.432499	54.883202	884.616028	
0.652444	-0.663406	-0.366346	-0.376868	-0.703425	0.602630	-0.657486	-0.255118	-0.708962	-33.432499	54.883202	884.616028	
0.652444	-0.663406	-0.366346	-0.376868	-0.703425	0.602630	-0.657486	-0.255118	-0.708962	-33.432499	54.883202	884.616028	
0.417261	-0.871186	-0.258705	-0.491748	-0.455835	0.741888	-0.764250	-0.182344	-0.618605	-80.385643	45.075397	854.984192	
0.398888	-0.898070	-0.185357	-0.478966	-0.376416	0.793034	-0.781971	-0.227553	-0.580293	-91.704681	40.970982	857.729980	
0.238584	-0.947628	-0.212319	-0.363235	-0.289843	0.885466	-0.900632	-0.134136	-0.413364	-106.792000	35.505901	834.379028	
0.238584	-0.947628	-0.212319	-0.363235	-0.289843	0.885466	-0.900632	-0.134136	-0.413364	-106.792000	35.505901	834.379028	
0.238584	-0.947628	-0.212319	-0.363235	-0.289843	0.885466	-0.900632	-0.134136	-0.413364	-106.792000	35.505901	834.379028	
-0.101893	-0.979687	-0.172721	-0.129623	-0.159070	0.978720	-0.986315	0.122114	-0.110782	-146.452759	21.247063	779.930847	
-0.223622	-0.964895	-0.137739	-0.027985	-0.134904	0.990463	-0.974275	0.225344	0.003164	-151.042831	14.667954	768.270508	
-0.280402	-0.951118	-0.129424	0.078902	-0.157216	0.984407	-0.956635	0.265818	0.119128	-159.735046	8.091304	763.118530	
-0.340187	-0.932191	-0.123670	0.131392	-0.177344	0.975338	-0.931134	0.315548	0.182812	-163.015976	1.374024	749.646301	
-0.453930	-0.883802	-0.113329	0.243934	-0.245589	0.938180	-0.856998	0.398224	0.327068	-165.266556	-11.654823	729.226746	
-0.542601	-0.836635	-0.075020	0.307937	-0.281213	0.908897	-0.781511	0.470067	0.410216	-169.390244	-26.278719	722.240051	
-0.650761	-0.757810	-0.047269	0.323303	-0.332886	0.885811	-0.687013	0.561170	0.461631	-168.860626	-34.409218	714.843872	
-0.705279	-0.708192	-0.032338	0.341364	-0.379231	0.860032	-0.621332	0.595524	0.509213	-167.319885	-41.780407	708.132080	
-0.783401	-0.620390	-0.037415	0.360434	-0.502533	0.785842	-0.506332	0.602144	0.617293	-169.337006	-49.162510	713.892944	
-0.864971	-0.500471	-0.036801	0.291535	-0.560843	0.774895	-0.408452	0.659534	0.631017	-161.326248	-63.795139	691.719788	
-0.920830	-0.389137	-0.025402	0.252947	-0.645596	0.720571	-0.296801	0.657098	0.692915	-160.873993	-73.622200	691.382019	
-0.920830	-0.389137	-0.025402	0.252947	-0.645596	0.720571	-0.296801	0.657098	0.692915	-160.873993	-73.622200	691.382019	
-0.920830	-0.389137	-0.025402	0.252947	-0.645596	0.720571	-0.296801	0.657098	0.692915	-160.873993	-73.622200	691.382019	
-0.990741	-0.130141	-0.038687	0.100975	-0.896772	0.430819	-0.090761	0.422923	0.901609	-129.277649	-111.290009	663.623901	
-0.999934	0.010617	0.004433	-0.008690	-0.949464	0.313754	0.007540	0.313695	0.949494	-116.258003	-119.597000	662.375977	
-0.999934	0.010617	0.004433	-0.008690	-0.949464	0.313754	0.007540	0.313695	0.949494	-116.258003	-119.597000	662.375977	
-0.999934	0.010617	0.004433	-0.008690	-0.949464	0.313754	0.007540	0.313695	0.949494	-116.258003	-119.597000	662.375977	
-0.958729	0.281210	0.041932	-0.278808	-0.958762	0.055146	0.055710	0.041179	0.997598	-80.135742	-137.515015	623.601929	
-0.915190	0.402493	-0.020655	-0.400987	-0.914515	-0.053592	-0.040460	-0.040764	0.998350	-71.246979	-142.907303	612.843018	
-0.876609	0.472738	0.089862	-0.481166	-0.863431	-0.151548	0.005948	-0.176086	0.984357	-61.486790	-152.942749	599.194885	
-0.843680	0.530311	0.083501	-0.531312	-0.802550	-0.271333	-0.076877	-0.273284	0.958857	-51.902412	-158.846985	593.782776	
-0.751302	0.634212	0.182540	-0.658621	-0.738128	-0.146238	0.041992	-0.230094	0.972263	-32.171890	-163.785522	575.167603	
-0.640660	0.743848	0.190380	-0.766109	-0.602706	-0.223207	-0.051289	-0.288851	0.956000	-22.834696	-169.467712	580.930664	
-0.538305	0.827690	0.158609	-0.829442	-0.487023	-0.273559	-0.149175	-0.278815	0.948689	-3.558574	-173.470871	563.161865	
-0.432843	0.877106	0.208167	-0.871702	-0.348388	-0.344617	-0.229743	-0.330624	0.915373	13.126423	-184.337875	574.573059	
-0.312166	0.949809	0.020388	-0.736547	-0.228409	-0.636653	-0.600042	-0.213758	0.770881	22.837400	-191.925995	576.607971	
-0.312166	0.949809	0.020388	-0.736547	-0.228409	-0.636653	-0.600042	-0.213758	0.770881	22.837400	-191.925995	576.607971	
-0.312166	0.949809	0.020388	-0.736547	-0.228409	-0.636653	-0.600042	-0.213758	0.770881	22.837400	-191.925995	576.607971	
-0.312166	0.949809	0.020388	-0.736547	-0.228409	-0.636653	-0.600042	-0.213758	0.770881	22.837400	-191.925995	576.607971	
-0.312166	0.949809	0.020388	-0.736547	-0.228409	-0.636653	-0.600042	-0.213758	0.770881	22.837400	-191.925995	576.607971	
-0.312166	0.949809	0.020388	-0.736547	-0.228409	-0.636653	-0.600042	-0.213758	0.770881	22.837400	-191.925995	576.607971	
0.312712	0.949088	-0.037981	-0.240479	0.040424	-0.969812	-0.918903	0.312405	0.240877	72.652176	-189.477844	555.540344	
0.417826	0.905091	-0.078945	-0.186705	0.000501	-0.982416	-0.889137	0.425217	0.169195	74.728340	-180.778931	542.644836	
0.537703	0.837024	-0.101324	-0.093126	-0.060480	-0.993816	-0.837976	0.543813	0.045428	74.640305	-175.602341	536.298035	
0.590534	0.798611	-0.116145	-0.022709	-0.127418	-0.991589	-0.806693	0.588205	-0.057109	75.070419	-168.983063	537.026245	
0.631702	0.765756	-0.120709	0.019093	-0.171033	-0.985080	-0.774977	0.619972	-0.122662	75.867020	-166.064377	540.927307	
0.656022	0.749389	-0.089733	0.115078	-0.216818	-0.969405	-0.745918	0.625624	-0.228475	76.515213	-163.976212	562.313293	
0.723052	0.680437	-0.119175	0.142284	-0.315515	-0.938192	-0.675983	0.661404	-0.324949	72.678932	-162.243210	577.474304	
0.745785	0.660325	-0.088185	0.280602	-0.431420	-0.857403	-0.604209	0.614693	-0.507034	73.244202	-164.232788	604.356323	
0.835553	0.530617	-0.142464	0.191607	-0.524456	-0.829598	-0.514915	0.665876	-0.539881	61.982498	-150.783997	572.049988	
0.835553	0.530617	-0.142464	0.191607	-0.524456	-0.829598	-0.514915	0.665876	-0.539881	61.982498	-150.783997	572.049988	
0.835553	0.530617	-0.142464	0.191607	-0.524456	-0.829598	-0.514915	0.665876	-0.539881	61.982498	-150.783997	572.049988	
0.835553	0.530617	-0.142464	0.191607	-0.524456	-0.829598	-0.514915	0.665876	-0.539881	61.982498	-150.783997	572.049988	
0.958623	0.204983	-0.197546	0.079533	-0.859135	-0.505530	-0.273343	0.468901	-0.839890	19.747839	-116.171219	582.431335	
0.974554	0.067790	-0.213657	-0.032686	-0.900008	-0.434647	-0.221757	0.430570	-0.874891	2.420335	-110.239410	596.964111	
0.983583	0.029699	-0.177998	-0.030489	-0.944837	-0.326117	-0.177863	0.326190	-0.928420	-15.722746	-99.327927	625.850708	
0.972252	-0.095088	-0.213738	-0.151920	-0.951428	-0.267778	-0.177893	0.292819	-0.939474	-36.323940	-91.910568	633.585205	
0.911345	-0.254023	-0.323916	-0.299948	-0.948710	-0.099907	-0.281924	0.188208	-0.940796	-44.854000	-74.637497	623.599976	
0.911345	-0.254023	-0.323916	-0.299948	-0.948710	-0.099907	-0.281924	0.188208	-0.940796	-44.854000	-74.637497	623.599976	
0.911345	-0.254023	-0.323916	-0.299948	-0.948710	-0.099907	-0.281924	0.188208	-0.940796	-44.854000	-74.637497	623.599976	
0.711178	-0.528315	-0.463800	-0.494615	-0.844846	0.203934	-0.499581	0.084369	-0.862149	-93.494789	-44.631386	642.135559	
0.619943	-0.610492	-0.492920	-0.556696	-0.784926	0.271992	-0.552955	0.105787	-0.826468	-111.943146	-38.300026	655.678833	
0.575672	-0.638079	-0.511329	-0.508437	-0.769080	0.387306	-0.640385	0.037017	-0.767162	-130.717361	-32.344933	671.368286	
0.546850	-0.649297	-0.528553	-0.448014	-0.760259	0.470413	-0.707275	-0.020447	-0.706643	-140.960129	-20.984644	683.257874	
0.445563	-0.691617	-0.568454	-0.467017	-0.721287	0.511507	-0.763785	0.037569	-0.644376	-150.396942	-7.896546	693.799255	
0.307176	-0.740729	-0.597465	-0.539816	-0.652664	0.531627	-0.783736	0.159218	-0.600340	-157.166000	-2.144420	700.442993	
0.307176	-0.740729	-0.597465	-0.539816	-0.652664	0.531627	-0.783736	0.159218	-0.600340	-157.166000	-2.144420	700.442993	
0.307176	-0.740729	-0.597465	-0.539816	-0.652664	0.531627	-0.783736	0.159218	-0.600340	-157.166000	-2.144420	700.442993	
0.307176	-0.740729	-0.597465	-0.539816	-0.652664	0.531627	-0.783736	0.159218	-0.600340	-157.166000	-2.144420	700.442993	
-0.066203	-0.683741	-0.726715	-0.433370	-0.636330	0.638181	-0.898781	0.357185	-0.254186	-189.299942	21.506710	722.614624	
-0.098287	-0.638588	-0.763246	-0.457914	-0.651921	0.604413	-0.883546	0.408906	-0.228343	-193.624100	28.075199	745.894043	
-0.158993	-0.608272	-0.777642	-0.406727	-0.677360	0.612990	-0.899608	0.413748	-0.139705	-195.338669	35.122688	753.265686	
-0.186070	-0.580140	-0.792979	-0.346155	-0.716621	0.605501	-0.919540	0.387159	-0.067477	-196.150986	37.184875	768.848755	
-0.256277	-0.532978	-0.806385	-0.339094	-0.731654	0.591352	-0.905172	0.424989	0.006776	-195.883133	38.735458	779.156738	
-0.287815	-0.499040	-0.817387	-0.317473	-0.755524	0.573057	-0.903533	0.424433	0.059019	-193.048264	40.690117	801.659302	
-0.297187	-0.458630	-0.837460	-0.298729	-0.788394	0.537769	-0.906885	0.409991	0.097294	-188.954742	43.027309	814.526672	
-0.314218	-0.416182	-0.853264	-0.295450	-0.811284	0.504507	-0.902206	0.410622	0.131959	-182.646225	43.844273	829.751465	
-0.311601	-0.350733	-0.883115	-0.311746	-0.840211	0.443690	-0.897619	0.413561	0.152471	-178.425598	43.515266	849.208679	
-0.299415	-0.268977	-0.915425	-0.296996	-0.885501	0.357325	-0.906721	0.378866	0.185248	-167.043228	42.005775	853.991394	
-0.283047	-0.230223	-0.931065	-0.224092	-0.928020	0.297594	-0.932559	0.292877	0.211082	-161.815598	39.907856	873.206787	
-0.280991	-0.184065	-0.941894	-0.236075	-0.938023	0.253736	-0.930221	0.293655	0.220123	-147.716446	38.254425	891.199768	
-0.252312	-0.117688	-0.960463	-0.310870	-0.930101	0.195632	-0.916351	0.347939	0.198090	-139.682602	33.188480	908.781738	
-0.193594	-0.093281	-0.976637	-0.229810	-0.963463	0.137576	-0.953786	0.251074	0.165084	-123.743965	26.063347	928.445435	
-0.197445	-0.068672	-0.977906	-0.193230	-0.975247	0.107499	-0.961081	0.210185	0.179288	-104.118362	19.383812	932.016479	
-0.203892	-0.065970	-0.976768	-0.182036	-0.977773	0.104036	-0.961920	0.199018	0.187351	-84.935272	15.611496	941.269409	
-0.201192	-0.034128	-0.978957	-0.149970	-0.986537	0.065213	-0.968003	0.159934	0.193365	-63.711971	5.932374	945.312500	
-0.261300	-0.042003	-0.964343	-0.100702	-0.992415	0.070511	-0.959990	0.115536	0.255088	-42.854614	-0.876805	960.069031	
-0.317453	-0.048964	-0.947008	-0.050807	-0.996353	0.068546	-0.946912	0.069874	0.313808	-32.028957	-6.375192	962.383789	
-0.293124	-0.050657	-0.954731	-0.044593	-0.996784	0.066579	-0.955034	0.062090	0.289922	-20.425182	-18.069761	974.882019	
-0.334133	-0.098506	-0.937364	0.005010	-0.994695	0.102745	-0.942513	0.029634	0.332853	-0.751043	-25.380926	982.178589	
-0.426131	-0.187642	-0.884987	-0.002807	-0.977974	0.208709	-0.904657	0.091421	0.416218	20.256512	-33.768368	1011.498596	
-0.440720	-0.274053	-0.854787	0.067598	-0.959684	0.272831	-0.895096	0.062460	0.441477	31.016184	-42.062695	1021.079834	
-0.483445	-0.312964	-0.817517	0.068905	-0.944613	0.320871	-0.872658	0.098792	0.478233	38.248756	-54.978233	1024.276489	
-0.404235	-0.347863	-0.845923	0.123841	-0.937154	0.326199	-0.906232	0.027101	0.421910	56.357483	-70.907394	1039.856445	
-0.451975	-0.405599	-0.794486	0.214782	-0.913928	0.344388	-0.865787	-0.014987	0.500188	70.714256	-75.794586	1037.740356	
-0.453470	-0.464928	-0.760400	0.221025	-0.885174	0.409407	-0.863431	0.017586	0.504160	84.502090	-92.134895	1043.519897	
-0.475800	-0.558372	-0.679585	0.303200	-0.829412	0.469195	-0.825642	0.017193	0.563933	95.261879	-100.177979	1039.917603	
-0.457366	-0.625742	-0.631873	0.349588	-0.779854	0.519245	-0.817682	0.016589	0.575431	96.222733	-108.637032	1011.300171	
-0.451581	-0.692080	-0.563116	0.335436	-0.716521	0.611621	-0.826776	0.087306	0.555715	100.661407	-118.348618	1025.001343	
-0.467617	-0.731256	-0.496587	0.276789	-0.654676	0.703410	-0.839477	0.191476	0.508542	100.923286	-121.813171	1005.330566	
-0.479082	-0.762414	-0.434977	0.308644	-0.610220	0.729637	-0.821718	0.215302	0.527660	102.443451	-135.097916	1009.463501	
-0.445200	-0.806941	-0.388128	0.299905	-0.542793	0.784495	-0.843715	0.232854	0.483657	101.691826	-149.151459	1016.252808	
-0.411661	-0.857350	-0.309009	0.376627	-0.468810	0.798980	-0.829872	0.212527	0.515892	102.324722	-158.124191	1031.582031	
-0.333926	-0.890345	-0.309481	0.465420	-0.441252	0.767255	-0.819682	0.112167	0.561730	100.508041	-171.803665	1043.382446	
-0.342431	-0.908153	-0.240830	0.531907	-0.398678	0.747081	-0.774478	0.127723	0.619573	92.464142	-183.092636	1040.689575	
-0.303956	-0.946079	-0.112005	0.602363	-0.281936	0.746773	-0.738085	0.159518	0.655579	87.765831	-191.528931	1052.634277	
-0.263887	-0.952765	-0.150339	0.531472	-0.273694	0.801641	-0.804923	0.131641	0.578592	75.485764	-196.536133	1058.551147	
-0.202080	-0.961781	-0.184773	0.454738	-0.259239	0.852061	-0.867397	0.088161	0.489745	61.283100	-200.627106	1055.526489	
-0.640079	-0.717663	-0.274332	0.023821	-0.375425	0.926546	-0.767939	0.586528	0.257398	56.961700	-197.341003	1026.530029	
-0.640079	-0.717663	-0.274332	0.023821	-0.375425	0.926546	-0.767939	0.586528	0.257398	56.961700	-197.341003	1026.530029	
-0.640079	-0.717663	-0.274332	0.023821	-0.375425	0.926546	-0.767939	0.586528	0.257398	56.961700	-197.341003	1026.530029	
-0.640079	-0.717663	-0.274332	0.023821	-0.375425	0.926546	-0.767939	0.586528	0.257398	56.961700	-197.341003	1026.530029	
-0.942137	-0.324503	0.084116	0.264268	-0.564567	0.781938	-0.206253	0.758922	0.617655	10.843030	-214.158646	1012.354004	
-0.952390	-0.267974	0.145411	0.284362	-0.608721	0.740674	-0.109966	0.746759	0.655940	-0.722890	-221.702957	1033.967407	
-0.956462	-0.195436	0.216760	0.291475	-0.677615	0.675190	0.014924	0.708973	0.705077	-22.639902	-225.741501	1040.543701	
-0.966421	-0.129205	0.222119	0.244479	-0.728479	0.639960	0.079123	0.672774	0.735605	-27.657499	-214.714996	997.322021	
-0.966421	-0.129205	0.222119	0.244479	-0.728479	0.639960	0.079123	0.672774	0.735605	-27.657499	-214.714996	997.322021	
-0.966421	-0.129205	0.222119	0.244479	-0.728479	0.639960	0.079123	0.672774	0.735605	-27.657499	-214.714996	997.322021	
-0.966421	-0.129205	0.222119	0.244479	-0.728479	0.639960	0.079123	0.672774	0.735605	-27.657499	-214.714996	997.322021	
-0.773066	0.251147	0.582490	-0.095271	-0.953836	0.284816	0.627131	0.164687	0.761304	-76.623428	-204.844223	956.783020	
-0.722126	0.336663	0.604312	-0.298385	-0.939728	0.166966	0.624100	-0.059747	0.779057	-94.482300	-201.615997	964.468994	
-0.722126	0.336663	0.604312	-0.298385	-0.939728	0.166966	0.624100	-0.059747	0.779057	-94.482300	-201.615997	964.468994	
-0.722126	0.336663	0.604312	-0.298385	-0.939728	0.166966	0.624100	-0.059747	0.779057	-94.482300	-201.615997	964.468994	
-0.722126	0.336663	0.604312	-0.298385	-0.939728	0.166966	0.624100	-0.059747	0.779057	-94.482300	-201.615997	964.468994	
-0.402062	0.517751	0.755169	-0.776343	-0.630037	0.018623	0.485426	-0.578782	0.655265	-130.355240	-169.741058	910.020264	
-0.335801	0.529862	0.778771	-0.911473	-0.391345	-0.126759	0.237603	-0.752394	0.614368	-137.187668	-161.917648	906.451599	
-0.277254	0.480465	0.832035	-0.959742	-0.179056	-0.216412	0.045002	-0.858541	0.510766	-144.345184	-152.716583	905.825684	
-0.215812	0.374256	0.901863	-0.975645	-0.045505	-0.214585	-0.039271	-0.926208	0.374961	-145.090332	-136.705948	901.218994	
-0.143060	0.267796	0.952795	-0.965922	0.172037	-0.193384	-0.215704	-0.947992	0.234058	-146.853622	-125.035675	896.346069	
-0.090356	0.156090	0.983601	-0.960426	0.247628	-0.127524	-0.263473	-0.956199	0.127537	-147.638184	-104.204681	892.440918	
-0.071027	0.096793	0.992766	-0.943033	0.317799	-0.098454	-0.325030	-0.943205	0.068706	-148.583221	-94.704788	905.460510	
-0.042704	0.101262	0.993942	-0.920605	0.382519	-0.078524	-0.388154	-0.918382	0.076886	-150.028473	-84.737556	907.069336	
0.001278	-0.047871	0.998853	-0.703553	0.709784	0.034917	-0.710642	-0.702790	-0.032772	-134.714005	-80.352600	844.242981	
0.001278	-0.047871	0.998853	-0.703553	0.709784	0.034917	-0.710642	-0.702790	-0.032772	-134.714005	-80.352600	844.242981	
0.001278	-0.047871	0.998853	-0.703553	0.709784	0.034917	-0.710642	-0.702790	-0.032772	-134.714005	-80.352600	844.242981	
0.001278	-0.047871	0.998853	-0.703553	0.709784	0.034917	-0.710642	-0.702790	-0.032772	-134.714005	-80.352600	844.242981	
-0.054935	-0.387140	0.920383	-0.140786	0.915570	0.376712	-0.988515	-0.108883	-0.104800	-103.871223	-41.337635	787.235840	
0.067478	-0.374660	0.924704	-0.186810	0.905681	0.380584	-0.980076	-0.198425	-0.008876	-95.442856	-26.106533	769.222351	
0.249663	-0.387589	0.887380	-0.243293	0.861897	0.444908	-0.937271	-0.326971	0.120887	-81.315651	-10.938493	756.753357	
0.361091	-0.384811	0.849431	-0.338366	0.794745	0.503875	-0.868977	-0.469364	0.156769	-74.464020	-3.790731	761.504517	
0.400349	-0.403447	0.822770	-0.435201	0.706437	0.558165	-0.806424	-0.581532	0.107240	-65.913658	3.192941	759.589050	
0.389128	-0.418847	0.820455	-0.571791	0.588483	0.571615	-0.722242	-0.691561	-0.010498	-57.485298	10.687518	763.978638	
0.303225	-0.472428	0.827566	-0.745400	0.423449	0.514850	-0.593661	-0.772984	-0.223748	-34.137249	21.150936	731.317749	
0.260313	-0.514389	0.817092	-0.916910	0.133445	0.376122	-0.302510	-0.847111	-0.436911	-22.675602	33.363159	723.210693	
0.333851	-0.602179	0.725206	-0.918828	-0.036108	0.393003	-0.210472	-0.797545	-0.565353	-15.460634	38.381157	736.567566	
-0.701099	-0.545209	0.459573	0.577873	-0.056835	0.814145	-0.417760	0.836371	0.354909	-2.949520	43.913200	704.908020	
-0.701099	-0.545209	0.459573	0.577873	-0.056835	0.814145	-0.417760	0.836371	0.354909	-2.949520	43.913200	704.908020	
-0.701099	-0.545209	0.459573	0.577873	-0.056835	0.814145	-0.417760	0.836371	0.354909	-2.949520	43.913200	704.908020	
-0.913402	-0.365012	0.180174	0.357137	-0.506223	0.784979	-0.195318	0.781348	0.592744	34.791336	53.256477	647.590942	
-0.947544	-0.310754	0.074781	0.263791	-0.628204	0.731966	-0.180483	0.713297	0.677224	51.012894	56.480732	644.617798	
-0.979105	-0.203331	-0.003251	0.148851	-0.727475	0.669794	-0.138555	0.655315	0.742539	58.040565	58.383152	638.645020	
-0.985469	-0.153620	-0.072465	0.072451	-0.766050	0.638685	-0.153626	0.624154	0.766048	70.940483	59.394051	632.720703	
-0.987884	-0.095111	-0.122636	0.008886	-0.823572	0.567143	-0.154941	0.559181	0.814437	82.491615	59.413681	627.106934	
-0.977476	0.006696	-0.210942	-0.117489	-0.847565	0.517524	-0.175321	0.530649	0.829260	90.189537	57.306381	612.798706	
-0.959129	0.060801	-0.276362	-0.191574	-0.858306	0.476037	-0.208259	0.509524	0.834872	94.480652	56.623535	606.699890	
-0.930569	0.158086	-0.330229	-0.290633	-0.867501	0.403701	-0.222654	0.471646	0.853213	97.350098	52.870728	597.772095	
-0.891402	0.253027	-0.376006	-0.389994	-0.850895	0.351969	-0.230883	0.460386	0.857168	98.648659	50.781361	593.476379	
-0.867061	0.290379	-0.404829	-0.412043	-0.874733	0.255076	-0.280048	0.387972	0.878094	100.200172	45.548714	594.114014	
-0.819451	0.324649	-0.472340	-0.457641	-0.866765	0.198205	-0.345060	0.378580	0.858842	98.766289	38.382332	586.731750	
-0.738490	0.340775	-0.581812	-0.482455	-0.869857	0.102890	-0.471030	0.356680	0.806789	95.787987	29.778545	585.986694	
-0.656849	0.396734	-0.641212	-0.564820	-0.822254	0.069845	-0.499528	0.408046	0.764178	92.918968	20.459024	582.727600	
-0.543729	0.408654	-0.733050	-0.638311	-0.768459	0.045064	-0.544903	0.492416	0.678680	84.834663	14.698307	576.937012	
-0.449878	0.385036	-0.805827	-0.731036	-0.677074	0.084607	-0.513028	0.627150	0.586075	72.812630	9.136828	552.266968	
-0.352937	0.366568	-0.860850	-0.655380	-0.753496	-0.052158	-0.667767	0.545776	0.506178	64.183403	0.835884	581.054016	
-0.352937	0.366568	-0.860850	-0.655380	-0.753496	-0.052158	-0.667767	0.545776	0.506178	64.183403	0.835884	581.054016	
-0.352937	0.366568	-0.860850	-0.655380	-0.753496	-0.052158	-0.667767	0.545776	0.506178	64.183403	0.835884	581.054016	
-0.352937	0.366568	-0.860850	-0.655380	-0.753496	-0.052158	-0.667767	0.545776	0.506178	64.183403	0.835884	581.054016	
-0.068606	0.108097	-0.991771	-0.617879	-0.785106	-0.042829	-0.783274	0.609856	0.120654	8.282369	-34.973904	566.201355	
-0.115954	-0.001823	-0.993253	-0.626133	-0.776147	0.074521	-0.771046	0.630550	0.088856	0.175699	-41.614624	555.442505	
0.009960	-0.074667	-0.997159	-0.565281	-0.822997	0.055980	-0.824838	0.563117	-0.050405	-20.880268	-57.972061	562.228455	
0.046241	-0.193671	-0.979976	-0.597485	-0.791559	0.128242	-0.800546	0.579591	-0.152318	-39.876945	-65.376579	564.638306	
0.057528	-0.270514	-0.960996	-0.629672	-0.756814	0.175344	-0.774728	0.595025	-0.213873	-61.585896	-82.004051	573.674133	
0.007548	-0.386760	-0.922150	-0.682918	-0.675621	0.277774	-0.730456	0.627657	-0.269225	-80.886635	-95.585464	571.030396	
-0.045428	-0.496495	-0.866850	-0.691317	-0.610772	0.386055	-0.721122	0.616806	-0.315490	-90.556244	-102.422493	573.008484	
-0.046074	-0.619693	-0.783491	-0.688605	-0.548492	0.474319	-0.723671	0.561370	-0.401453	-102.708649	-112.572556	589.529114	
-0.043205	-0.694168	-0.718516	-0.674019	-0.510606	0.533834	-0.737449	0.507358	-0.445822	-122.679512	-120.856277	596.207886	
-0.127955	-0.777609	-0.615590	-0.647148	-0.404884	0.645963	-0.751549	0.481033	-0.451421	-130.705521	-133.215561	598.252197	
-0.211427	-0.794216	-0.569665	-0.646257	-0.323654	0.691087	-0.733246	0.514265	-0.444839	-148.613083	-147.860550	608.511719	
-0.297819	-0.792720	-0.531883	-0.626370	-0.258186	0.735528	-0.720392	0.552209	-0.419643	-154.966385	-157.557373	602.944092	
-0.362787	-0.816821	-0.448542	-0.559815	-0.193764	0.805644	-0.744978	0.543378	-0.386974	-169.330811	-168.208679	610.752380	
-0.470436	-0.824648	-0.314077	-0.474552	-0.063650	0.877924	-0.743969	0.562053	-0.361395	-177.791718	-175.343323	622.960938	
-0.517618	-0.842538	-0.148997	-0.330746	0.036430	0.943017	-0.789100	0.537403	-0.297523	-189.307449	-187.001343	636.107971	
-0.544217	-0.838447	0.028875	-0.173492	0.146150	0.973931	-0.820810	0.525020	-0.225001	-196.295227	-191.571182	645.640869	
-0.574833	-0.799013	0.176476	-0.086781	0.273982	0.957812	-0.813656	0.535268	-0.226832	-207.895996	-199.988068	660.118652	
-0.627016	-0.713985	0.311571	0.078547	0.339976	0.937149	-0.775036	0.612080	-0.157089	-207.599655	-200.300186	662.441040	
-0.622347	-0.635639	0.456780	0.212103	0.424783	0.880098	-0.753457	0.644610	-0.129541	-218.227173	-214.277435	691.414917	
-0.642124	-0.518052	0.565066	0.351273	0.456330	0.817539	-0.681385	0.723454	-0.111043	-218.193802	-218.432480	702.927979	
-0.601868	-0.433821	0.670488	0.530880	0.409864	0.741740	-0.596591	0.802378	-0.016377	-204.226425	-211.471863	684.252380	
-0.603816	-0.347432	0.717425	0.628112	0.346771	0.696581	-0.490797	0.871229	0.008840	-202.371063	-213.770554	695.064392	
-0.518143	-0.250464	0.817800	0.769217	0.281579	0.573600	-0.373942	0.926273	0.046763	-195.162521	-214.237595	703.666870	
-0.439923	-0.170948	0.881614	0.857946	0.210041	0.468841	-0.265323	0.962632	0.054262	-186.757004	-209.723999	712.164001	
-0.439923	-0.170948	0.881614	0.857946	0.210041	0.468841	-0.265323	0.962632	0.054262	-186.757004	-209.723999	712.164001	
-0.439923	-0.170948	0.881614	0.857946	0.210041	0.468841	-0.265323	0.962632	0.054262	-186.757004	-209.723999	712.164001	
-0.133616	-0.037283	0.990332	0.990505	0.027602	0.134678	-0.032356	0.998924	0.033241	-148.818176	-197.410477	739.165161	
-0.003278	-0.000679	0.999994	0.999075	-0.042888	0.003246	0.042885	0.999080	0.000819	-134.591995	-197.725998	764.138000	
-0.003278	-0.000679	0.999994	0.999075	-0.042888	0.003246	0.042885	0.999080	0.000819	-134.591995	-197.725998	764.138000	
-0.003278	-0.000679	0.999994	0.999075	-0.042888	0.003246	0.042885	0.999080	0.000819	-134.591995	-197.725998	764.138000	
0.361008	0.004313	0.932553	0.889960	-0.300386	-0.343130	0.278646	0.953808	-0.112280	-96.797272	-185.032623	826.281006	
0.484157	-0.026857	0.874569	0.801917	-0.386233	-0.455798	0.350029	0.922010	-0.165460	-77.722038	-178.733978	864.367249	
0.566598	-0.059142	0.821870	0.704207	-0.483150	-0.520248	0.427855	0.873538	-0.232103	-66.088799	-170.117020	889.799561	
0.659170	-0.124644	0.741593	0.582677	-0.538753	-0.608468	0.475377	0.833193	-0.282502	-45.237312	-157.977158	897.980225	
0.711819	-0.156747	0.684649	0.493320	-0.582281	-0.646208	0.499949	0.797735	-0.337152	-23.828386	-151.363159	914.644897	
0.774362	-0.231676	0.588805	0.363312	-0.599074	-0.713522	0.518044	0.766444	-0.379729	-2.749548	-137.026672	932.372375	
0.814875	-0.284691	0.504906	0.260655	-0.598053	-0.757886	0.517724	0.749189	-0.413132	7.231798	-121.451256	925.658569	
0.868958	-0.317080	0.379965	0.118777	-0.611715	-0.782111	0.480422	0.724752	-0.493892	16.517775	-112.051628	927.962036	
0.879750	-0.429136	0.204651	-0.089268	-0.571888	-0.815460	0.466981	0.699133	-0.541427	24.679401	-97.296021	942.796387	
0.864800	-0.486046	0.126018	-0.174915	-0.526869	-0.831754	0.470665	0.697259	-0.540653	31.968777	-83.443649	954.350891	
0.844224	-0.534749	0.036464	-0.282075	-0.501106	-0.818124	0.455763	0.680395	-0.573884	38.218994	-67.798676	951.395203	
0.806824	-0.590086	-0.028869	-0.364310	-0.458463	-0.810611	0.465095	0.664539	-0.584872	42.700520	-52.883430	952.224304	
0.760404	-0.644322	-0.081457	-0.435609	-0.412975	-0.799811	0.481695	0.643664	-0.594700	53.128860	-45.773315	962.333496	
0.722939	-0.650169	-0.233753	-0.552641	-0.341104	-0.760419	0.414666	0.678918	-0.605907	61.486794	-31.822144	969.269226	
0.689496	-0.659512	-0.299397	-0.594858	-0.279812	-0.753558	0.413206	0.697675	-0.585245	64.476151	-17.842800	985.195740	
0.625990	-0.700429	-0.342835	-0.647020	-0.221086	-0.729717	0.435318	0.678617	-0.591589	67.894989	-3.156488	1001.892029	
0.590650	-0.696224	-0.407928	-0.687061	-0.168796	-0.706722	0.423180	0.697697	-0.578047	69.204094	10.213565	1008.900269	
0.539782	-0.717368	-0.440475	-0.744606	-0.162795	-0.647349	0.392681	0.677408	-0.622030	68.475784	22.039633	1017.103638	
0.499751	-0.701259	-0.508415	-0.779411	-0.108023	-0.617131	0.377848	0.704676	-0.600553	67.009010	27.206793	1022.705444	
0.457720	-0.682215	-0.570154	-0.814245	-0.064105	-0.576972	0.357069	0.728337	-0.584832	63.353951	38.578133	1034.847412	
0.401062	-0.613054	-0.680672	-0.860062	0.003793	-0.510177	0.315347	0.790033	-0.525742	55.539463	48.827053	1032.359619	
0.349217	-0.587563	-0.729943	-0.885889	0.046841	-0.461529	0.305368	0.807823	-0.504157	51.670231	60.014290	1051.427246	
0.320411	-0.523601	-0.789417	-0.900606	0.089980	-0.425223	0.293678	0.847199	-0.442727	39.513439	68.395035	1052.595947	
0.270200	-0.505649	-0.819335	-0.902242	0.164073	-0.398798	0.336083	0.846995	-0.411885	26.652943	78.134056	1083.691040	
0.174665	-0.475878	-0.861993	-0.917113	0.239966	-0.318312	0.358326	0.846143	-0.394520	18.962543	86.384956	1077.940674	
0.102254	-0.450654	-0.886823	-0.925251	0.284307	-0.251161	0.365316	0.846216	-0.387896	4.091796	91.196159	1098.901733	
0.020699	-0.319564	-0.947338	-0.908475	0.389603	-0.151275	0.417428	0.863765	-0.282251	-15.500462	94.022949	1103.983154	
0.080672	-0.254275	-0.963761	-0.889115	0.418680	-0.184887	0.450519	0.871810	-0.192304	-35.187622	94.445747	1074.751221	
-0.024366	-0.120956	-0.992359	-0.867441	0.495997	-0.039158	0.496944	0.859859	-0.117007	-46.344402	94.280304	1082.381592	
0.018174	-0.068648	-0.997475	-0.850256	0.523840	-0.051544	0.526056	0.849046	-0.048848	-55.449684	94.943787	1078.296509	
-0.045456	0.054344	-0.997487	-0.818597	0.570284	0.068372	0.572567	0.819648	0.018563	-66.077591	96.694199	1084.283081	
-0.008354	0.176672	-0.984234	-0.807417	0.579470	0.110868	0.589922	0.795614	0.137807	-83.705246	93.743637	1060.724121	
-0.020469	0.231960	-0.972510	-0.790580	0.591688	0.157766	0.612018	0.772076	0.171271	-96.462891	94.617920	1078.111450	
-0.006765	0.364407	-0.931215	-0.758128	0.605378	0.242405	0.652071	0.707620	0.272172	-107.955887	93.128586	1094.159302	
0.019151	0.418953	-0.907806	-0.750832	0.605595	0.263641	0.660216	0.676561	0.326161	-117.188507	87.420334	1079.837036	
0.063385	0.481385	-0.874214	-0.714209	0.633716	0.297170	0.697057	0.605536	0.383978	-127.848862	82.506325	1086.224487	
0.095813	0.525496	-0.845384	-0.697412	0.641426	0.319671	0.710237	0.558953	0.427944	-134.828781	74.837914	1068.826416	
0.110243	0.543145	-0.832370	-0.679696	0.652230	0.335576	0.725163	0.528763	0.441077	-142.628494	68.087708	1070.094727	
0.168143	0.603683	-0.779291	-0.641435	0.667294	0.378524	0.748525	0.436218	0.499425	-149.253830	64.086174	1069.169922	
0.231366	0.655337	-0.719030	-0.601011	0.677464	0.424062	0.765020	0.334031	0.550607	-156.863556	55.361965	1078.976318	
0.243208	0.692885	-0.678794	-0.576832	0.665930	0.473076	0.779817	0.276494	0.561639	-166.263123	43.149830	1062.326904	
0.339082	0.772764	-0.536525	-0.526251	0.628542	0.572708	0.779797	0.088152	0.619796	-172.605865	31.996437	1048.178589	
0.343656	0.808216	-0.478214	-0.555678	0.585520	0.590244	0.757049	0.062892	0.650326	-176.752182	26.594658	1050.578491	
0.341213	0.840036	-0.421799	-0.625108	0.537908	0.565592	0.702008	0.070682	0.708654	-187.236023	21.121830	1076.114746	
0.394604	0.875606	-0.278573	-0.596889	0.474767	0.646776	0.698578	-0.088944	0.709984	-183.643005	13.998700	1039.489990	
0.394604	0.875606	-0.278573	-0.596889	0.474767	0.646776	0.698578	-0.088944	0.709984	-183.643005	13.998700	1039.489990	
0.394604	0.875606	-0.278573	-0.596889	0.474767	0.646776	0.698578	-0.088944	0.709984	-183.643005	13.998700	1039.489990	
0.394604	0.875606	-0.278573	-0.596889	0.474767	0.646776	0.698578	-0.088944	0.709984	-183.643005	13.998700	1039.489990	
0.394604	0.875606	-0.278573	-0.596889	0.474767	0.646776	0.698578	-0.088944	0.709984	-183.643005	13.998700	1039.489990	
0.516207	0.818003	0.253776	-0.678931	0.210202	0.703467	0.522095	-0.535432	0.663876	-162.755554	-34.910305	980.305298	
0.514396	0.806560	0.291305	-0.684764	0.181836	0.705715	0.516232	-0.562492	0.645839	-153.811218	-42.403297	975.606689	
0.542218	0.763554	0.350691	-0.687602	0.163348	0.707474	0.482911	-0.624742	0.613592	-141.259018	-48.713558	958.876831	
0.550150	0.730096	0.405333	-0.692057	0.126985	0.710585	0.467325	-0.671442	0.575129	-134.292328	-63.069851	955.099060	
