0.998512	-0.041382	0.035522	0.042646	0.998456	-0.035582	-0.033995	0.037044	0.998735	19.171970	4.191338	547.851562	
0.982370	-0.122075	0.141587	0.127987	0.991213	-0.033393	-0.136266	0.050926	0.989363	28.165688	7.900435	548.109558	
0.968820	-0.161684	0.187739	0.171027	0.984660	-0.034570	-0.179269	0.065601	0.981611	36.816002	15.906651	548.795288	
0.914967	-0.195082	0.353240	0.220976	0.974683	-0.034091	-0.337647	0.109249	0.934912	44.919434	18.671310	548.212524	
0.837603	-0.258561	0.481214	0.311787	0.949597	-0.032471	-0.448564	0.177234	0.876002	52.809174	24.662922	550.326477	
0.800976	-0.325582	0.502428	0.398385	0.916286	-0.041340	-0.446908	0.233272	0.863631	70.332436	26.401184	552.840271	
0.692537	-0.356131	0.627347	0.479212	0.877149	-0.031070	-0.539212	0.322149	0.778120	76.853760	29.793489	554.689941	
0.595115	-0.342945	0.726792	0.527029	0.849289	-0.030798	-0.606695	0.401369	0.686167	83.699677	30.780144	559.797424	
0.537965	-0.344560	0.769332	0.570560	0.820654	-0.031425	-0.620528	0.455856	0.638076	89.142326	31.603243	561.401245	
0.442739	-0.314113	0.839831	0.618649	0.784993	-0.032535	-0.649042	0.533965	0.541873	99.209282	31.316774	568.223389	
0.371384	-0.320953	0.871243	0.693904	0.719410	-0.030770	-0.616905	0.615986	0.489888	103.117706	29.906639	576.756348	
0.266971	-0.277177	0.922984	0.768683	0.638903	-0.030474	-0.581251	0.717618	0.383630	106.122505	27.229822	580.208313	
0.206624	-0.258325	0.943703	0.835294	0.548833	-0.032653	-0.509500	0.795016	0.329180	108.591026	25.598898	590.543579	
0.127146	-0.175416	0.976250	0.867008	0.497740	-0.023482	-0.481800	0.849402	0.215373	109.680504	20.712900	600.796387	
0.082195	-0.130939	0.987977	0.915691	0.401224	-0.023007	-0.393388	0.906573	0.152879	110.477394	14.672145	605.100159	
0.050212	-0.081481	0.995409	0.941824	0.335508	-0.020046	-0.332335	0.938507	0.093588	108.705338	7.867827	608.875732	
0.021858	-0.029791	0.999317	0.960590	0.277676	-0.012733	-0.277108	0.960213	0.034687	104.593033	4.351295	616.527893	
-0.001895	0.023743	0.999716	0.985162	0.171612	-0.002208	-0.171616	0.984878	-0.023716	102.054749	-3.975842	626.685669	
-0.014558	0.086174	0.996174	0.998028	0.062085	0.009214	-0.061054	0.994343	-0.086908	97.998680	-13.582670	629.454102	
-0.023221	0.111117	0.993536	0.998690	-0.042756	0.028123	0.045605	0.992887	-0.109979	86.209351	-24.459005	636.529480	
-0.081935	0.079128	0.993491	0.984891	0.159028	0.068559	-0.152569	0.984098	-0.090963	68.894341	-14.527673	613.814209	
-0.099163	0.052157	0.993703	0.981828	0.167510	0.089186	-0.161804	0.984490	-0.067820	55.221897	-17.799980	623.367615	
0.030459	0.394853	0.918239	0.949777	-0.297676	0.096499	0.311441	0.869183	-0.384089	68.167702	-50.156601	676.377014	
0.030459	0.394853	0.918239	0.949777	-0.297676	0.096499	0.311441	0.869183	-0.384089	68.167702	-50.156601	676.377014	
0.030459	0.394853	0.918239	0.949777	-0.297676	0.096499	0.311441	0.869183	-0.384089	68.167702	-50.156601	676.377014	
0.184521	0.636589	0.748803	0.849339	-0.486653	0.204430	0.494545	0.598267	-0.630478	32.830238	-83.277260	712.136047	
0.245587	0.693347	0.677464	0.822727	-0.518674	0.232588	0.512647	0.500248	-0.697815	14.371546	-97.037323	725.417603	
0.308234	0.734222	0.604905	0.796238	-0.547072	0.258296	0.520573	0.402033	-0.753242	5.022020	-103.585487	739.371643	
0.362420	0.744895	0.560163	0.760132	-0.584018	0.284819	0.539305	0.322575	-0.777879	-4.284649	-111.221748	748.801880	
0.484919	0.756111	0.439488	0.707678	-0.634506	0.310795	0.513853	0.160306	-0.842768	-14.492118	-126.245811	761.138245	
0.558492	0.783410	0.272683	0.667326	-0.619583	0.413270	0.492710	-0.048840	-0.868822	-24.425726	-141.486481	767.239441	
0.648106	0.739301	0.182735	0.606250	-0.646086	0.463717	0.460889	-0.189754	-0.866934	-33.197189	-148.542145	786.201111	
0.684556	0.710752	0.161909	0.568559	-0.659592	0.491609	0.456206	-0.244478	-0.855632	-42.470943	-164.657150	808.659851	
0.768365	0.630577	0.109489	0.504329	-0.701872	0.503020	0.394040	-0.331284	-0.857312	-52.766010	-181.713852	833.554504	
0.803717	0.593190	-0.046529	0.500476	-0.631658	0.592058	0.321812	-0.499133	-0.804551	-58.680721	-184.261429	833.270752	
0.832383	0.545136	-0.099829	0.475888	-0.610754	0.632860	0.284023	-0.574289	-0.767804	-72.136017	-196.004669	842.331421	
0.847744	0.491048	-0.200504	0.483309	-0.559428	0.673390	0.218499	-0.667767	-0.711579	-84.574821	-205.884750	840.011414	
0.862146	0.445746	-0.240862	0.470132	-0.526578	0.708302	0.188890	-0.723897	-0.663546	-95.114349	-215.610168	843.715820	
0.873489	0.388561	-0.293319	0.470376	-0.518204	0.714291	0.125547	-0.761896	-0.635415	-104.676956	-221.112549	862.251404	
0.881669	0.282042	-0.378300	0.471644	-0.502126	0.724860	0.014487	-0.817510	-0.575732	-111.339600	-225.156296	876.237061	
0.890014	0.176961	-0.420189	0.448723	-0.503208	0.738532	-0.080751	-0.845853	-0.527269	-113.940758	-233.352371	892.713806	
0.852768	0.117151	-0.508981	0.498621	-0.472644	0.726625	-0.155442	-0.873432	-0.461469	-115.489861	-237.182892	897.044128	
0.833181	0.065815	-0.549070	0.516797	-0.446015	0.730748	-0.196799	-0.892603	-0.405624	-116.066612	-239.339203	904.868896	
0.783588	0.018898	-0.620992	0.568959	-0.423308	0.705050	-0.249547	-0.905789	-0.342451	-115.646866	-245.412476	924.479309	
0.723846	-0.025036	-0.689507	0.625124	-0.399142	0.670750	-0.292004	-0.916548	-0.273267	-113.871223	-248.606018	926.650757	
0.690729	-0.062958	-0.720367	0.650909	-0.379795	0.657323	-0.314975	-0.922926	-0.221355	-110.604942	-249.614517	933.280396	
0.623111	-0.094125	-0.776449	0.691359	-0.397917	0.603063	-0.365725	-0.912581	-0.182872	-106.765823	-251.040482	941.914612	
0.574195	-0.157392	-0.803448	0.693623	-0.427837	0.579519	-0.434956	-0.890047	-0.136491	-96.651947	-249.707230	953.499756	
0.515826	-0.209537	-0.830673	0.682112	-0.486182	0.546214	-0.518310	-0.848364	-0.107858	-91.758530	-249.724915	960.151611	
0.459159	-0.238612	-0.855708	0.691570	-0.508587	0.512904	-0.557587	-0.827287	-0.068505	-78.752686	-246.339935	964.972229	
0.408246	-0.261968	-0.874476	0.696018	-0.530509	0.483859	-0.590673	-0.806184	-0.034243	-72.747749	-243.472397	970.282288	
0.351505	-0.282207	-0.892638	0.689007	-0.567537	0.450746	-0.633808	-0.773474	-0.005049	-57.893616	-238.997513	983.111206	
0.279400	-0.250958	-0.926799	0.710333	-0.595420	0.375370	-0.646036	-0.763214	0.011904	-49.082069	-233.186874	991.969299	
0.220852	-0.209362	-0.952571	0.748243	-0.590100	0.303174	-0.625585	-0.779712	0.026330	-40.113647	-226.091187	998.103271	
0.179017	-0.190976	-0.965133	0.742110	-0.617837	0.259905	-0.645930	-0.762762	0.031122	-30.460478	-217.465027	1000.929260	
0.110854	-0.152786	-0.982022	0.725831	-0.662525	0.185012	-0.678881	-0.733292	0.037454	-20.636585	-207.725006	1001.421265	
0.087419	-0.127469	-0.987982	0.733271	-0.663086	0.150432	-0.674292	-0.737611	0.035503	-10.467747	-196.030441	1003.223877	
0.045352	-0.064330	-0.996897	0.747145	-0.660233	0.076595	-0.663111	-0.748302	0.018121	8.077365	-185.263565	1008.763550	
0.014855	-0.005327	-0.999875	0.686674	-0.726829	0.014074	-0.726813	-0.686798	-0.007138	17.507294	-171.531235	1005.288269	
0.000733	0.059704	-0.998215	0.651742	-0.757116	-0.044805	-0.758440	-0.650547	-0.039467	27.289593	-158.820847	1005.780945	
-0.004111	0.129831	-0.991527	0.640431	-0.761169	-0.102323	-0.768004	-0.635427	-0.080018	44.896496	-145.388214	1005.659851	
0.017108	0.202756	-0.979080	0.605962	-0.781003	-0.151148	-0.795309	-0.590700	-0.136223	53.787678	-132.904175	1018.319641	
0.015689	0.285233	-0.958329	0.589199	-0.777001	-0.221617	-0.807835	-0.561170	-0.180249	70.009926	-120.933319	1025.615234	
0.049283	0.308953	-0.949799	0.563866	-0.793523	-0.228861	-0.824394	-0.524281	-0.213315	76.768250	-113.530800	1020.294006	
0.084311	0.325889	-0.941641	0.534504	-0.812334	-0.233280	-0.840950	-0.483643	-0.242677	90.098312	-105.652969	1018.354919	
0.120769	0.375069	-0.919096	0.571504	-0.783310	-0.244560	-0.811663	-0.495732	-0.308953	101.831451	-97.679871	1018.531616	
0.189888	0.394486	-0.899068	0.504208	-0.824932	-0.255465	-0.842447	-0.404807	-0.355547	112.473160	-82.830605	1019.070618	
0.252483	0.396546	-0.882612	0.454046	-0.854057	-0.253830	-0.854455	-0.336659	-0.395684	116.640930	-67.633591	1015.566284	
0.335004	0.405466	-0.850512	0.420703	-0.872064	-0.250031	-0.843078	-0.274051	-0.462725	119.817184	-53.139778	1012.671936	
0.424763	0.392219	-0.815929	0.395826	-0.891026	-0.222254	-0.814185	-0.228560	-0.533725	124.206024	-45.447395	1011.562744	
0.498048	0.347797	-0.794346	0.361011	-0.916047	-0.174731	-0.788428	-0.199743	-0.581793	125.744896	-30.449293	1006.741028	
0.535323	0.320990	-0.781278	0.341558	-0.928241	-0.147338	-0.772507	-0.187978	-0.606545	125.599129	-15.523328	1002.159607	
0.613240	0.256820	-0.746981	0.273217	-0.956263	-0.104474	-0.741140	-0.140020	-0.656586	122.542046	-1.178834	994.919189	
0.640846	0.238451	-0.729696	0.241786	-0.964854	-0.102951	-0.728598	-0.110454	-0.675977	118.103729	4.292348	986.941101	
0.674185	0.171400	-0.718398	0.151598	-0.984103	-0.092526	-0.722836	-0.046527	-0.689451	113.853409	9.757188	979.139282	
0.724700	0.112743	-0.679778	0.139495	-0.990102	-0.015498	-0.674797	-0.083594	-0.733254	106.968040	22.855789	970.352173	
0.810447	0.055482	-0.583179	0.123929	-0.989212	0.078114	-0.572553	-0.135579	-0.808579	98.036758	28.998703	956.557434	
0.854286	-0.033099	-0.518749	0.048910	-0.988425	0.143612	-0.517498	-0.148057	-0.842778	92.055161	34.481541	958.175537	
0.862159	-0.073163	-0.501328	-0.006992	-0.991142	0.132620	-0.506589	-0.110834	-0.855034	77.549187	41.328423	956.672729	
0.834116	-0.113346	-0.539818	-0.030446	-0.986628	0.160117	-0.550748	-0.117121	-0.826413	67.705231	46.461296	955.537292	
0.840076	-0.168128	-0.515757	-0.044732	-0.968991	0.243013	-0.540621	-0.181078	-0.821547	50.832016	48.891773	946.998230	
0.836246	-0.226332	-0.499467	-0.055934	-0.941302	0.332898	-0.545495	-0.250447	-0.799820	32.167397	52.533348	928.797668	
0.809418	-0.342156	-0.477254	-0.172651	-0.915456	0.363499	-0.561279	-0.211824	-0.800060	13.444927	54.702942	920.332947	
0.768496	-0.459439	-0.445342	-0.249138	-0.855934	0.453107	-0.589358	-0.237259	-0.772246	4.121028	54.940414	902.958313	
0.716083	-0.568010	-0.405696	-0.337941	-0.790673	0.510521	-0.610754	-0.228473	-0.758142	-14.575238	55.298290	891.210449	
0.638366	-0.664171	-0.389057	-0.379917	-0.711456	0.591180	-0.669441	-0.229579	-0.706500	-34.797321	54.576847	886.814453	
0.560800	-0.747834	-0.355314	-0.399757	-0.620380	0.674776	-0.725050	-0.236374	-0.646861	-53.824036	53.430676	880.575134	
0.470115	-0.826423	-0.309866	-0.415003	-0.516828	0.748773	-0.778951	-0.223413	-0.585937	-72.391754	49.746002	876.097107	
0.415872	-0.867047	-0.274372	-0.415355	-0.449482	0.790852	-0.809031	-0.214931	-0.547059	-80.861275	44.539703	866.564331	
0.357753	-0.901141	-0.244860	-0.360714	-0.375219	0.853871	-0.861335	-0.217150	-0.459290	-89.578812	38.875370	849.547852	
0.239271	-0.947962	-0.210040	-0.363549	-0.288056	0.885921	-0.900322	-0.135615	-0.413555	-105.862083	35.060966	833.411133	
0.108359	-0.974389	-0.197034	-0.300611	-0.221039	0.927780	-0.947571	-0.041303	-0.316864	-121.723068	31.133396	818.190918	
-0.026733	-0.982825	-0.182590	-0.224360	-0.172096	0.959190	-0.974139	0.066608	-0.215906	-135.961243	25.998249	807.683228	
-0.107702	-0.979308	-0.171333	-0.151390	-0.154171	0.976377	-0.982589	0.131097	-0.131653	-147.744156	20.512867	786.578979	
-0.236570	-0.960906	-0.143850	-0.046392	-0.136713	0.989524	-0.970506	0.240766	-0.012236	-153.196640	14.531860	775.087708	
-0.283340	-0.951073	-0.123202	0.087443	-0.153552	0.984264	-0.955024	0.268109	0.126672	-162.001221	8.224879	771.817505	
-0.344928	-0.931904	-0.112157	0.139774	-0.169154	0.975628	-0.928163	0.320845	0.188602	-167.577667	1.093322	767.045349	
-0.470064	-0.877183	-0.097924	0.217896	-0.222840	0.950191	-0.855312	0.425314	0.295884	-171.012054	-13.057321	746.827087	
-0.529580	-0.844128	-0.083620	0.306643	-0.282421	0.908960	-0.790894	0.455726	0.408410	-173.981415	-26.885464	738.955383	
-0.641211	-0.764880	-0.061694	0.316524	-0.336872	0.886752	-0.699042	0.549068	0.458109	-172.720276	-34.811886	729.333740	
-0.695029	-0.717215	-0.050372	0.336457	-0.386365	0.858789	-0.635397	0.579936	0.509847	-171.188583	-41.876930	723.771362	
-0.784612	-0.619254	-0.030126	0.355240	-0.488861	0.796756	-0.508121	0.614442	0.603550	-169.842636	-49.304642	717.355835	
-0.859984	-0.509710	-0.024940	0.314644	-0.568078	0.760452	-0.401777	0.646130	0.648915	-164.227051	-64.868393	705.175842	
-0.921222	-0.388632	-0.017725	0.256672	-0.641399	0.722998	-0.292349	0.661493	0.690622	-160.887665	-73.040131	688.736633	
-0.966942	-0.254968	0.003471	0.199595	-0.748339	0.632575	-0.158689	0.612357	0.774491	-157.146683	-89.353958	686.184082	
-0.981958	-0.188713	0.011973	0.165146	-0.825043	0.540398	-0.092102	0.532626	0.841324	-144.498596	-97.330170	675.206848	
-0.991685	-0.127850	0.014577	0.121587	-0.893916	0.431429	-0.042128	0.429614	0.902029	-132.191803	-113.199089	674.535889	
-0.999788	0.009675	0.018089	-0.003441	-0.948401	0.317054	0.020223	0.316924	0.948235	-117.944305	-120.285378	665.210022	
-0.989988	0.141139	-0.000419	-0.138561	-0.971339	0.193134	0.026851	0.191259	0.981172	-108.963745	-127.108665	658.144104	
-0.976050	0.215629	0.028761	-0.208807	-0.965733	0.154137	0.061012	0.144440	0.987631	-90.313713	-133.114059	642.704224	
-0.958257	0.282774	0.042197	-0.277939	-0.955954	0.094337	0.067015	0.078671	0.994646	-81.335403	-139.329910	629.812317	
-0.908880	0.413747	0.052431	-0.410751	-0.909816	0.059301	0.072237	0.032361	0.996862	-72.009521	-145.201721	621.091858	
-0.877529	0.474877	0.066584	-0.477599	-0.877966	-0.032772	0.042895	-0.060560	0.997242	-62.402817	-156.079102	608.759583	
-0.844214	0.532374	0.062284	-0.535766	-0.841589	-0.068418	0.015993	-0.091130	0.995711	-52.812103	-161.576843	604.012451	
-0.763388	0.645538	0.022757	-0.645329	-0.760665	-0.070272	-0.028053	-0.068330	0.997268	-33.118164	-171.753876	600.869873	
-0.675015	0.737160	-0.030810	-0.735116	-0.675531	-0.057097	-0.062903	-0.015893	0.997893	-23.813890	-176.951401	603.047302	
-0.579187	0.809584	-0.095476	-0.814550	-0.570094	0.107236	0.032386	0.139879	0.989639	-7.339426	-184.420731	598.352295	
-0.431890	0.901876	-0.009487	-0.866101	-0.411778	0.283384	0.251670	0.130607	0.958960	10.536665	-190.222748	594.256287	
-0.301490	0.953169	-0.023910	-0.889510	-0.272148	0.367022	0.343326	0.131922	0.929905	18.812859	-193.964142	582.668762	
-0.181996	0.980767	-0.070506	-0.894097	-0.135219	0.426971	0.409225	0.140747	0.901513	26.061729	-198.623413	586.535095	
-0.014078	0.997926	-0.062806	-0.863843	0.019495	0.503382	0.503562	0.061341	0.861778	42.530888	-199.695984	583.167358	
0.120997	0.990638	-0.063205	-0.830800	0.135910	0.539720	0.543257	-0.012794	0.839468	48.850491	-198.460938	573.482666	
0.172917	0.980967	-0.088326	-0.822124	0.193138	0.535545	0.542411	-0.019990	0.839875	58.031284	-199.112549	567.918030	
0.180600	0.972208	-0.148978	-0.807742	0.233029	0.541523	0.561189	0.022537	0.827380	59.342297	-198.748581	559.818420	
0.140459	0.969275	-0.201930	-0.735196	0.238710	0.634432	0.663141	0.059347	0.746137	53.481010	-190.240738	533.241272	
0.368220	0.928918	-0.039043	-0.162684	0.023028	-0.986409	-0.915395	0.369568	0.159599	79.005501	-187.468002	562.640015	
0.368220	0.928918	-0.039043	-0.162684	0.023028	-0.986409	-0.915395	0.369568	0.159599	79.005501	-187.468002	562.640015	
0.368220	0.928918	-0.039043	-0.162684	0.023028	-0.986409	-0.915395	0.369568	0.159599	79.005501	-187.468002	562.640015	
0.368220	0.928918	-0.039043	-0.162684	0.023028	-0.986409	-0.915395	0.369568	0.159599	79.005501	-187.468002	562.640015	
0.368220	0.928918	-0.039043	-0.162684	0.023028	-0.986409	-0.915395	0.369568	0.159599	79.005501	-187.468002	562.640015	
0.368220	0.928918	-0.039043	-0.162684	0.023028	-0.986409	-0.915395	0.369568	0.159599	79.005501	-187.468002	562.640015	
0.368220	0.928918	-0.039043	-0.162684	0.023028	-0.986409	-0.915395	0.369568	0.159599	79.005501	-187.468002	562.640015	
0.368220	0.928918	-0.039043	-0.162684	0.023028	-0.986409	-0.915395	0.369568	0.159599	79.005501	-187.468002	562.640015	
0.868003	0.468334	-0.165027	0.199669	-0.633480	-0.747553	-0.454646	0.615928	-0.643375	55.709591	-137.955154	571.590576	
0.921863	0.343175	-0.179996	0.147886	-0.740890	-0.655142	-0.358186	0.577333	-0.733750	42.896339	-131.517670	576.558105	
0.940421	0.278452	-0.195122	0.109714	-0.791685	-0.600997	-0.321824	0.543783	-0.775067	28.337620	-125.027313	582.007385	
0.956599	0.208422	-0.203659	0.085133	-0.868283	-0.488710	-0.278692	0.450163	-0.848342	20.177053	-118.161896	591.289612	
0.969786	0.071702	-0.233179	-0.035630	-0.903951	-0.426149	-0.241339	0.421582	-0.874085	2.682838	-111.072586	599.763306	
0.962861	0.005838	-0.269933	-0.096000	-0.927033	-0.362484	-0.252353	0.374936	-0.892043	-15.457573	-96.976570	606.693237	
0.950437	-0.124744	-0.284794	-0.198079	-0.948975	-0.245378	-0.239653	0.289629	-0.926651	-34.700535	-89.479828	614.219849	
0.912667	-0.250843	-0.322670	-0.302764	-0.945290	-0.121496	-0.274541	0.208579	-0.938681	-44.236603	-74.678879	622.676697	
0.856945	-0.370536	-0.358257	-0.393111	-0.919430	0.010627	-0.333331	0.131728	-0.933562	-54.111355	-67.112633	631.633911	
0.818944	-0.428143	-0.382130	-0.408092	-0.902641	0.136745	-0.403473	0.043958	-0.913935	-73.995247	-52.908630	645.395386	
0.745967	-0.532328	-0.400199	-0.497215	-0.844943	0.197103	-0.443069	0.051954	-0.894980	-93.522285	-45.534424	651.210144	
0.683654	-0.630407	-0.367700	-0.583466	-0.774775	0.243499	-0.438388	0.048071	-0.897499	-110.987823	-40.008530	668.747131	
0.654521	-0.668570	-0.353009	-0.559449	-0.742358	0.368676	-0.508545	-0.043815	-0.859920	-127.450531	-34.572838	682.870422	
0.601791	-0.696051	-0.391612	-0.524923	-0.714272	0.462895	-0.601916	-0.073000	-0.795215	-134.518311	-22.636147	684.917969	
0.461215	-0.724671	-0.511989	-0.537001	-0.687325	0.489096	-0.706337	0.049360	-0.706153	-146.378021	-8.749269	693.670166	
0.320495	-0.743945	-0.586369	-0.549991	-0.650140	0.524240	-0.771228	0.154481	-0.617530	-156.986664	-2.030794	705.897827	
0.206544	-0.762797	-0.612763	-0.519155	-0.616279	0.592181	-0.829348	0.195808	-0.523299	-170.878143	3.072250	711.179199	
0.146801	-0.740792	-0.655497	-0.432627	-0.644019	0.630931	-0.889541	0.190964	-0.415030	-182.289886	8.874862	722.755249	
0.043661	-0.718840	-0.693802	-0.446830	-0.635184	0.629987	-0.893553	0.282506	-0.348932	-186.452042	17.942225	726.184753	
-0.063972	-0.681308	-0.729195	-0.405304	-0.649979	0.642850	-0.911941	0.336670	-0.234557	-191.100327	22.228073	729.380676	
-0.104869	-0.636464	-0.764143	-0.399035	-0.676883	0.618546	-0.910919	0.369786	-0.182988	-194.066696	28.898571	746.924133	
-0.154770	-0.613376	-0.774478	-0.451868	-0.653172	0.607603	-0.878557	0.444001	-0.176074	-197.750015	32.508995	758.238892	
-0.194565	-0.590102	-0.783532	-0.390836	-0.686011	0.613707	-0.899662	0.425639	-0.097160	-198.764053	33.851040	777.125366	
-0.223358	-0.567929	-0.792191	-0.408007	-0.683625	0.605134	-0.885235	0.458381	-0.079027	-197.239212	33.765617	792.232910	
-0.236875	-0.546725	-0.803107	-0.417655	-0.689048	0.592264	-0.877185	0.475715	-0.065125	-194.263184	34.319538	815.052612	
-0.251272	-0.528157	-0.811118	-0.443268	-0.682171	0.581511	-0.860451	0.505661	-0.062705	-191.049545	33.328297	835.575745	
-0.299978	-0.463233	-0.833923	-0.369750	-0.749385	0.549279	-0.879374	0.473114	0.053518	-185.847565	37.463879	844.971985	
-0.411164	-0.425170	-0.806334	-0.307578	-0.767980	0.561785	-0.858102	0.478997	0.184992	-176.076660	39.258194	838.194275	
-0.506217	-0.400177	-0.763938	-0.215178	-0.799197	0.561232	-0.835130	0.448488	0.318458	-163.598206	39.754604	837.387756	
-0.631280	-0.403954	-0.662048	-0.072518	-0.819159	0.568964	-0.772157	0.407186	0.487824	-156.783463	38.091316	847.098267	
-0.685294	-0.321153	-0.653631	-0.048067	-0.875612	0.480617	-0.726679	0.360782	0.584614	-147.433411	37.155869	877.104492	
-0.671178	-0.244950	-0.699657	-0.118997	-0.895987	0.427838	-0.731683	0.370413	0.572218	-140.308029	32.836601	899.109802	
-0.498657	-0.087326	-0.862389	-0.173446	-0.964738	0.197981	-0.849269	0.248303	0.465927	-128.265121	27.733335	926.335144	
-0.230749	-0.061621	-0.971060	-0.212804	-0.970636	0.112161	-0.949457	0.232527	0.210860	-102.277878	18.246880	916.838623	
-0.172141	-0.039140	-0.984294	-0.222250	-0.971903	0.077515	-0.959673	0.232103	0.158604	-82.202400	14.186499	920.611389	
-0.104497	-0.015561	-0.994403	-0.232930	-0.971684	0.039683	-0.966863	0.235773	0.097912	-62.167648	4.324677	938.857666	
-0.050441	-0.006267	-0.998707	-0.247580	-0.968689	0.018583	-0.967553	0.248197	0.047309	-41.725258	-0.291138	934.886780	
0.078958	-0.002932	-0.996873	-0.235910	-0.971646	-0.015828	-0.968562	0.236422	-0.077412	-30.252911	-4.286919	939.025696	
0.111643	-0.019550	-0.993556	-0.193176	-0.981161	-0.002401	-0.974792	0.192199	-0.113318	-18.891947	-12.714512	935.162659	
0.156542	-0.043433	-0.986715	-0.280909	-0.959732	-0.002321	-0.946882	0.277540	-0.162440	-0.645696	-20.722790	970.840271	
0.203116	-0.090032	-0.975006	-0.362202	-0.932040	0.010609	-0.909700	0.350994	-0.221922	18.065588	-24.310867	955.277100	
0.272913	-0.164560	-0.947860	-0.419897	-0.906836	0.036538	-0.865566	0.388032	-0.316587	27.946325	-34.753536	986.917236	
0.309360	-0.216369	-0.926002	-0.365057	-0.926182	0.094451	-0.878083	0.308824	-0.365512	36.981544	-48.379757	997.463928	
0.336413	-0.278527	-0.899582	-0.309833	-0.934814	0.173568	-0.889286	0.220330	-0.400782	52.632011	-62.160366	1004.468262	
0.394228	-0.349434	-0.849987	-0.255125	-0.930152	0.264061	-0.882890	0.112752	-0.455843	68.448189	-68.424072	1011.718811	
0.359174	-0.417207	-0.834824	-0.313006	-0.896556	0.313390	-0.879216	0.148744	-0.452609	81.130318	-83.571320	1015.236816	
0.316900	-0.504432	-0.803194	-0.395447	-0.839996	0.371520	-0.862087	0.199886	-0.465672	90.480949	-92.016304	1023.458862	
0.249480	-0.559177	-0.790620	-0.395402	-0.804098	0.443940	-0.883978	0.201859	-0.421707	94.428894	-106.410370	1021.786682	
0.166326	-0.611311	-0.773715	-0.445553	-0.746569	0.494081	-0.879669	0.262553	-0.396546	96.675018	-113.630920	1021.268494	
0.139876	-0.684303	-0.715656	-0.445150	-0.689062	0.571868	-0.884463	0.238584	-0.401001	99.653046	-120.861130	1022.697021	
0.095402	-0.721340	-0.685978	-0.437579	-0.649360	0.621977	-0.894104	0.240832	-0.377594	101.229805	-134.258530	1024.239136	
-0.005906	-0.756917	-0.653484	-0.455459	-0.579740	0.675617	-0.890237	0.301626	-0.341321	101.560699	-148.004181	1029.429932	
-0.107506	-0.776840	-0.620453	-0.470636	-0.509953	0.720034	-0.875753	0.369416	-0.310786	101.419304	-155.011414	1033.873535	
-0.166253	-0.796288	-0.581622	-0.376237	-0.493986	0.783851	-0.911485	0.349146	-0.217467	99.646965	-167.454376	1035.608032	
-0.227131	-0.807927	-0.543751	-0.339662	-0.457563	0.821745	-0.912710	0.371336	-0.170496	92.478111	-179.030121	1035.746460	
-0.349054	-0.811268	-0.469047	-0.309988	-0.372391	0.874775	-0.884346	0.450743	-0.121500	88.146591	-185.521164	1039.378906	
-0.407169	-0.810884	-0.420334	-0.194451	-0.372699	0.907349	-0.892413	0.451179	-0.005927	77.007156	-190.758026	1039.562622	
-0.489957	-0.777312	-0.394624	-0.115677	-0.390707	0.913217	-0.864037	0.493087	0.101511	63.913906	-199.421951	1054.185547	
-0.621927	-0.716001	-0.317094	-0.027338	-0.384835	0.922580	-0.782597	0.582447	0.219764	57.647877	-202.198944	1048.098633	
-0.740322	-0.624946	-0.247720	0.010803	-0.379506	0.925126	-0.672165	0.682216	0.287707	48.877106	-206.907196	1039.004639	
-0.806399	-0.582176	-0.103883	0.154777	-0.377313	0.913060	-0.570758	0.720212	0.394371	44.177711	-207.907974	1028.460571	
-0.889790	-0.456041	0.017348	0.243662	-0.442584	0.862988	-0.385879	0.772105	0.504925	33.642143	-211.138702	1013.758911	
-0.944113	-0.320556	0.076771	0.251178	-0.548825	0.797308	-0.213447	0.772033	0.598669	13.630097	-210.378525	993.238892	
-0.960561	-0.240135	0.140202	0.261896	-0.611850	0.746358	-0.093443	0.753641	0.650609	3.355951	-213.451355	1000.748718	
-0.965814	-0.188817	0.177623	0.258784	-0.661877	0.703526	-0.015272	0.725442	0.688112	-16.046671	-213.483002	992.616882	
-0.963850	-0.111337	0.242063	0.248823	-0.701012	0.668333	0.095280	0.704404	0.703374	-26.032227	-210.126099	982.222961	
-0.946475	-0.081847	0.312224	0.272788	-0.719912	0.638211	0.172539	0.689223	0.703705	-47.702053	-208.067993	980.648193	
-0.953367	-0.079350	0.291191	0.241650	-0.778721	0.578964	0.180816	0.622332	0.761582	-62.723530	-206.002930	984.211731	
-0.893440	0.112828	0.434777	0.103815	-0.889863	0.444259	0.437018	0.442055	0.783327	-71.745232	-209.198776	998.047485	
-0.821183	0.248377	0.513775	-0.095861	-0.947559	0.304865	0.562555	0.201099	0.801930	-79.905930	-209.575195	987.977783	
-0.734585	0.343325	0.585244	-0.297460	-0.938183	0.177004	0.609837	-0.044063	0.791301	-96.483673	-202.455383	975.101196	
-0.680907	0.364892	0.634994	-0.395638	-0.912908	0.100347	0.616308	-0.182902	0.765971	-105.101494	-198.660202	957.769531	
-0.640281	0.398215	0.656858	-0.530157	-0.847895	-0.002749	0.555853	-0.349999	0.754008	-117.500893	-196.726944	975.539062	
-0.472770	0.439047	0.764020	-0.700381	-0.713384	-0.023443	0.534747	-0.546188	0.644767	-124.757004	-184.682999	938.528992	
-0.472770	0.439047	0.764020	-0.700381	-0.713384	-0.023443	0.534747	-0.546188	0.644767	-124.757004	-184.682999	938.528992	
-0.472770	0.439047	0.764020	-0.700381	-0.713384	-0.023443	0.534747	-0.546188	0.644767	-124.757004	-184.682999	938.528992	
-0.472770	0.439047	0.764020	-0.700381	-0.713384	-0.023443	0.534747	-0.546188	0.644767	-124.757004	-184.682999	938.528992	
-0.178675	0.368051	0.912477	-0.983162	-0.030670	-0.180144	-0.038317	-0.929300	0.367333	-144.749390	-136.806152	901.932007	
-0.114698	0.286144	0.951297	-0.974601	0.153005	-0.163530	-0.192346	-0.945892	0.261326	-146.258728	-123.754974	892.059448	
-0.036532	0.189371	0.981226	-0.934121	0.342412	-0.100861	-0.355084	-0.920268	0.164386	-148.240997	-110.590637	879.959045	
-0.017123	0.128839	0.991518	-0.875894	0.476317	-0.077019	-0.482200	-0.869783	0.104693	-147.576691	-104.939568	882.045349	
-0.010054	0.067713	0.997655	-0.815517	0.576792	-0.047366	-0.578646	-0.814080	0.049422	-141.870499	-96.549011	865.818909	
-0.000212	-0.055227	0.998474	-0.701275	0.711811	0.039223	-0.712891	-0.700196	-0.038880	-134.708817	-80.809364	844.443054	
-0.011600	-0.111964	0.993645	-0.519548	0.849722	0.089682	-0.854362	-0.515206	-0.068027	-130.404434	-72.419342	833.064575	
-0.037788	-0.227086	0.973142	-0.366003	0.909311	0.197979	-0.929846	-0.348692	-0.117475	-119.481865	-64.044594	813.972107	
-0.064022	-0.277174	0.958685	-0.261191	0.931823	0.251965	-0.963162	-0.234268	-0.132052	-113.413673	-56.425430	809.776855	
-0.111316	-0.384153	0.916534	-0.162165	0.916926	0.364623	-0.980465	-0.108041	-0.164364	-106.731926	-41.605556	805.056091	
-0.151121	-0.429644	0.890263	-0.057051	0.902896	0.426057	-0.986867	0.013596	-0.160958	-98.955437	-27.410385	794.169373	
-0.196224	-0.468699	0.861288	0.097931	0.864605	0.492816	-0.975656	0.181050	-0.123756	-82.015915	-12.539187	774.920410	
-0.272978	-0.488748	0.828618	0.285483	0.781377	0.554933	-0.918685	0.388042	-0.073769	-72.819199	-5.914186	767.732971	
-0.325547	-0.512788	0.794398	0.363878	0.707512	0.605822	-0.872703	0.486288	-0.043735	-63.422218	1.433758	757.346069	
-0.380136	-0.531494	0.756975	0.472459	0.592008	0.652924	-0.795160	0.605840	0.026066	-52.971912	8.634550	740.913818	
-0.450125	-0.538728	0.712151	0.519654	0.490528	0.699530	-0.726186	0.684949	0.059155	-33.712532	21.428183	725.878479	
-0.536655	-0.570046	0.622133	0.555811	0.315937	0.768933	-0.634882	0.758441	0.147290	-24.081600	31.392298	715.207336	
-0.612288	-0.596304	0.519159	0.563909	0.130885	0.815400	-0.554176	0.792018	0.256123	-13.697857	35.488567	707.377930	
-0.698382	-0.542964	0.466317	0.581838	-0.051277	0.811687	-0.416806	0.838189	0.351729	-2.852299	43.510960	701.021912	
-0.752444	-0.518111	0.406680	0.551930	-0.159027	0.818587	-0.359446	0.840400	0.405621	7.461742	47.376808	685.851929	
-0.827213	-0.439952	0.349514	0.511740	-0.333021	0.791972	-0.232035	0.833990	0.500622	17.251877	51.529259	676.806091	
-0.905340	-0.364115	0.218586	0.388949	-0.504227	0.771021	-0.170524	0.783056	0.598120	35.108234	54.590218	660.686401	
-0.944345	-0.313376	0.100033	0.286165	-0.632624	0.719650	-0.162239	0.708225	0.687094	51.187000	56.822311	651.311157	
-0.977371	-0.208394	0.036299	0.182027	-0.741149	0.646192	-0.107760	0.638178	0.762312	58.431328	58.311264	646.915161	
-0.987031	-0.157008	-0.033416	0.104319	-0.785599	0.609879	-0.122008	0.598485	0.791791	71.984833	59.250935	641.187561	
-0.989306	-0.104201	-0.102057	0.027653	-0.821027	0.570219	-0.143210	0.561300	0.815129	83.155060	59.137936	631.978516	
-0.987743	0.008530	-0.155855	-0.083488	-0.872540	0.481356	-0.131885	0.488469	0.862558	92.557381	58.335018	625.654236	
-0.972573	0.060715	-0.224530	-0.155275	-0.888206	0.432412	-0.173176	0.455418	0.873274	96.803940	57.071159	618.201416	
-0.943157	0.160767	-0.290876	-0.269457	-0.882221	0.386106	-0.194544	0.442539	0.875394	99.509026	53.384644	606.854492	
-0.898136	0.255790	-0.357663	-0.378557	-0.863609	0.332978	-0.223710	0.434456	0.872470	101.079994	51.013062	603.552429	
-0.858420	0.294115	-0.420251	-0.418978	-0.874692	0.243663	-0.295925	0.385243	0.874082	102.071037	44.978825	599.749573	
-0.814227	0.328601	-0.478596	-0.463406	-0.864457	0.194855	-0.349697	0.380442	0.856142	100.591690	37.965248	593.262024	
-0.729539	0.339689	-0.593619	-0.488572	-0.866211	0.104765	-0.478612	0.366457	0.797899	96.627525	28.973736	589.309753	
-0.660089	0.392099	-0.640734	-0.549796	-0.833392	0.056407	-0.511866	0.389508	0.765689	93.812088	20.302980	587.914001	
-0.539206	0.391547	-0.745619	-0.591269	-0.806464	0.004087	-0.599714	0.443066	0.666361	86.924377	15.844311	587.395569	
-0.406238	0.371567	-0.834810	-0.651029	-0.758765	-0.020914	-0.641195	0.534991	0.550142	76.970169	9.520739	581.649719	
-0.343541	0.353692	-0.869989	-0.634142	-0.770654	-0.062898	-0.692707	0.530090	0.489044	64.958595	2.573315	579.483215	
-0.283350	0.324657	-0.902392	-0.606579	-0.789497	-0.093575	-0.742815	0.520859	0.420635	50.948475	-4.429185	575.642700	
-0.216363	0.302145	-0.928383	-0.615933	-0.780036	-0.110320	-0.757505	0.547954	0.354874	35.336472	-16.926485	573.474548	
-0.135089	0.219670	-0.966176	-0.604444	-0.790925	-0.095313	-0.785110	0.571125	0.239625	26.545826	-26.437456	574.213562	
-0.041725	0.152956	-0.987352	-0.614636	-0.783029	-0.095330	-0.787706	0.602886	0.126686	11.368226	-34.745338	580.141907	
0.035995	0.110606	-0.993213	-0.618835	-0.777914	-0.109058	-0.784696	0.618562	0.040448	7.044415	-42.484573	590.372498	
0.070857	0.090025	-0.993416	-0.609633	-0.784361	-0.114564	-0.789510	0.613738	-0.000693	-11.141038	-58.466900	595.440857	
0.123926	0.033199	-0.991737	-0.689074	-0.716281	-0.110085	-0.714016	0.697023	-0.065887	-26.320015	-70.975082	599.047180	
0.144009	-0.003717	-0.989570	-0.726392	-0.679495	-0.103158	-0.672024	0.733672	-0.100551	-42.892349	-88.456635	576.283264	
0.189130	-0.062953	-0.979933	-0.787122	-0.606364	-0.112964	-0.587085	0.792692	-0.164231	-52.644226	-103.129372	554.674988	
0.183131	-0.070999	-0.980522	-0.797158	-0.594421	-0.105843	-0.575328	0.801015	-0.165453	-55.401676	-112.751266	560.556274	
0.179843	-0.142410	-0.973333	-0.814703	-0.576082	-0.066247	-0.551285	0.804892	-0.219624	-61.509945	-123.740532	577.846252	
-0.052296	-0.693542	-0.718515	-0.654153	-0.519853	0.549397	-0.754552	0.498750	-0.426496	-123.413002	-120.443001	591.853027	
-0.052296	-0.693542	-0.718515	-0.654153	-0.519853	0.549397	-0.754552	0.498750	-0.426496	-123.413002	-120.443001	591.853027	
-0.052296	-0.693542	-0.718515	-0.654153	-0.519853	0.549397	-0.754552	0.498750	-0.426496	-123.413002	-120.443001	591.853027	
-0.304175	-0.807084	-0.506058	-0.620271	-0.235391	0.748235	-0.723009	0.541487	-0.429011	-155.911423	-160.615250	600.380066	
-0.358564	-0.850188	-0.385504	-0.558128	-0.135780	0.818571	-0.748282	0.508670	-0.425828	-168.497131	-172.741241	607.700745	
-0.455301	-0.853242	-0.254324	-0.499366	0.008236	0.866353	-0.737113	0.521451	-0.429829	-174.482025	-178.973236	614.097656	
-0.523625	-0.842968	-0.123380	-0.354996	0.084238	0.931065	-0.774464	0.531328	-0.343360	-184.811356	-186.955963	619.889404	
-0.566924	-0.823606	0.016435	-0.236293	0.181699	0.954543	-0.789153	0.537270	-0.297622	-191.667068	-189.874359	625.225403	
-0.593298	-0.790642	0.151274	-0.101748	0.260069	0.960215	-0.798527	0.554301	-0.234745	-194.786133	-190.759949	624.579590	
-0.651194	-0.707108	0.275581	0.050069	0.322306	0.945311	-0.757258	0.629378	-0.174480	-195.587845	-191.718216	630.623535	
-0.664358	-0.639240	0.387300	0.200148	0.347103	0.916221	-0.720118	0.686215	-0.102659	-198.861099	-199.248322	647.542480	
-0.690172	-0.561252	0.456793	0.296912	0.356029	0.886052	-0.659929	0.747155	-0.079079	-198.523865	-202.815643	667.711914	
-0.611137	-0.441514	0.656946	0.517758	0.404793	0.753704	-0.598697	0.800755	-0.018786	-200.859360	-208.971207	678.469727	
-0.599892	-0.359488	0.714772	0.629108	0.340021	0.699006	-0.494321	0.868996	0.022180	-198.345139	-210.900925	687.706787	
-0.542557	-0.260626	0.798566	0.753211	0.269936	0.599841	-0.371895	0.926935	0.049850	-190.584091	-210.397354	694.785889	
-0.489166	-0.223672	0.843023	0.828591	0.182600	0.529240	-0.272312	0.957407	0.096010	-176.125076	-202.917618	683.354736	
-0.387462	-0.132055	0.912379	0.900664	0.156910	0.405197	-0.196669	0.978745	0.058140	-181.115997	-207.156998	723.036011	
-0.387462	-0.132055	0.912379	0.900664	0.156910	0.405197	-0.196669	0.978745	0.058140	-181.115997	-207.156998	723.036011	
-0.387462	-0.132055	0.912379	0.900664	0.156910	0.405197	-0.196669	0.978745	0.058140	-181.115997	-207.156998	723.036011	
-0.005053	-0.009743	0.999939	0.999338	-0.036086	0.004698	0.036038	0.999301	0.009919	-131.694061	-194.657516	747.600525	
0.122783	0.020549	0.992220	0.988369	-0.092934	-0.120381	0.089737	0.995460	-0.031720	-115.659424	-193.245453	761.160767	
0.199075	0.005125	0.979971	0.957728	-0.212928	-0.193443	0.207671	0.977055	-0.047297	-103.881462	-185.226456	760.480957	
0.337870	0.000844	0.941193	0.879288	-0.356961	-0.315327	0.335703	0.934119	-0.121348	-96.626701	-177.811996	812.187012	
0.337870	0.000844	0.941193	0.879288	-0.356961	-0.315327	0.335703	0.934119	-0.121348	-96.626701	-177.811996	812.187012	
0.579274	-0.068758	0.812228	0.690671	-0.487801	-0.533875	0.432914	0.870243	-0.235081	-65.660217	-160.746658	842.997864	
0.676830	-0.134205	0.723803	0.561461	-0.541790	-0.625480	0.476092	0.829731	-0.291348	-46.258808	-149.935287	851.113403	
0.718250	-0.172825	0.673980	0.476376	-0.583873	-0.657387	0.507132	0.793236	-0.337038	-26.539948	-144.045624	860.843689	
0.781509	-0.258889	0.567645	0.326319	-0.605851	-0.725576	0.531752	0.752277	-0.388998	-6.731499	-130.912827	877.206665	
0.837013	-0.313931	0.448170	0.186388	-0.606491	-0.772934	0.514460	0.730490	-0.449128	3.390557	-117.261742	883.247925	
0.853519	-0.347734	0.388055	0.102357	-0.618335	-0.779220	0.510909	0.704800	-0.492168	13.282726	-110.376167	889.553162	
0.870624	-0.422139	0.252612	-0.049978	-0.586731	-0.808238	0.489404	0.691047	-0.531920	22.016743	-96.581833	904.944641	
0.877433	-0.465419	0.116173	-0.179627	-0.543339	-0.820072	0.444798	0.698691	-0.560345	30.294201	-82.012764	912.029480	
0.846703	-0.529822	0.048814	-0.275697	-0.515347	-0.811424	0.455066	0.673578	-0.582416	37.342163	-67.872696	931.000854	
0.810078	-0.585909	-0.021992	-0.364868	-0.474395	-0.801137	0.458961	0.657009	-0.598076	43.392574	-53.480625	950.941284	
0.765226	-0.637095	-0.092402	-0.455454	-0.434343	-0.777115	0.454963	0.636755	-0.622538	53.688400	-46.755077	969.183838	
0.726557	-0.650888	-0.220135	-0.553682	-0.364895	-0.748524	0.406879	0.665731	-0.625502	61.819359	-32.419506	985.238770	
0.687557	-0.665720	-0.289969	-0.616173	-0.323621	-0.718053	0.384182	0.672375	-0.632706	64.661102	-18.180952	984.297241	
0.628533	-0.698552	-0.342012	-0.668271	-0.260041	-0.696989	0.397946	0.666638	-0.630265	66.818230	-3.596028	994.472229	
0.587391	-0.699174	-0.407587	-0.714559	-0.211597	-0.666808	0.379971	0.682923	-0.623891	68.938759	9.598345	1010.360901	
0.543509	-0.692761	-0.474006	-0.755272	-0.157191	-0.636283	0.366282	0.703829	-0.608656	68.011505	21.834520	1007.876770	
0.498797	-0.678058	-0.539851	-0.787522	-0.094448	-0.609006	0.361953	0.728916	-0.581095	65.962929	27.138908	1010.044373	
0.458654	-0.657508	-0.597762	-0.816342	-0.046034	-0.575732	0.351031	0.752041	-0.557864	62.726822	38.457603	1020.726379	
0.393844	-0.602618	-0.694074	-0.857996	0.029864	-0.512788	0.329743	0.797472	-0.505282	54.624306	49.400124	1022.719299	
0.350236	-0.573683	-0.740421	-0.879143	0.071405	-0.471179	0.323177	0.815960	-0.479340	49.002937	59.597809	1026.793457	
0.305604	-0.537481	-0.785952	-0.889189	0.134095	-0.437448	0.340512	0.832547	-0.436942	38.418045	69.389786	1033.837280	
0.251040	-0.500850	-0.828329	-0.892275	0.212017	-0.398616	0.375266	0.839166	-0.393670	25.179901	78.329285	1042.421875	
0.195259	-0.459840	-0.866269	-0.890721	0.286530	-0.352868	0.410475	0.840505	-0.353641	17.488283	86.528778	1047.026001	
0.144321	-0.420601	-0.895693	-0.890573	0.339355	-0.302851	0.431337	0.841388	-0.325599	1.482040	89.463730	1052.798340	
0.086279	-0.314026	-0.945486	-0.884666	0.412296	-0.217665	0.458173	0.855220	-0.242235	-16.180017	92.039986	1056.393188	
0.057825	-0.258218	-0.964355	-0.879896	0.443168	-0.171424	0.471635	0.858445	-0.201578	-34.748207	94.336998	1056.473877	
0.023368	-0.143223	-0.989415	-0.872125	0.480897	-0.090209	0.488726	0.865001	-0.113670	-45.460392	95.404404	1057.648926	
0.013236	-0.074838	-0.997108	-0.848924	0.526074	-0.050753	0.528350	0.847141	-0.056568	-54.936371	96.010895	1058.756348	
-0.010425	0.004047	-0.999937	-0.829055	0.559060	0.010907	0.559069	0.829118	-0.002472	-69.217369	95.602577	1073.966919	
-0.019642	0.127911	-0.991591	-0.818037	0.568160	0.089495	0.574830	0.812917	0.093477	-88.533600	94.769829	1069.650146	
-0.010343	0.200921	-0.979553	-0.806470	0.577483	0.126966	0.591185	0.791294	0.156064	-98.533752	93.803276	1073.411011	
0.002571	0.334186	-0.942504	-0.774753	0.596576	0.209416	0.632258	0.729671	0.260446	-107.593109	90.562538	1073.710083	
0.015519	0.399423	-0.916635	-0.758551	0.601970	0.249466	0.651429	0.691444	0.312325	-116.058090	86.374054	1070.224121	
0.042882	0.459716	-0.887030	-0.729441	0.621096	0.286628	0.682698	0.634747	0.361969	-124.504250	81.601837	1070.539917	
0.075309	0.514918	-0.853925	-0.697337	0.639325	0.324014	0.712776	0.571074	0.407218	-133.012009	75.521286	1069.371826	
0.112826	0.563221	-0.818567	-0.669895	0.651556	0.355973	0.733833	0.508192	0.450811	-140.804565	67.678978	1066.371704	
0.148577	0.600949	-0.785357	-0.641157	0.663175	0.386158	0.752889	0.446165	0.483834	-147.697266	63.918293	1061.499268	
0.191357	0.639970	-0.744191	-0.614317	0.669426	0.417712	0.765504	0.377239	0.521244	-153.857254	54.113716	1059.823730	
0.226218	0.681059	-0.696408	-0.602735	0.659507	0.449179	0.765203	0.318139	0.559690	-165.132431	43.966560	1061.148438	
0.284153	0.743650	-0.605180	-0.591211	0.632817	0.500014	0.754802	0.215710	0.619470	-173.938110	32.364872	1058.782593	
0.329973	0.800861	-0.499741	-0.586502	0.588746	0.556233	0.739685	0.109558	0.663975	-176.186432	26.952284	1053.174683	
0.369040	0.845930	-0.384985	-0.593530	0.533262	0.602788	0.715214	0.006048	0.698879	-180.337799	20.653740	1045.625977	
0.392558	0.871002	-0.295392	-0.589490	0.484807	0.646114	0.705974	-0.079506	0.703761	-181.731857	14.222576	1032.599976	
0.418871	0.886106	-0.198407	-0.599572	0.433989	0.672433	0.681953	-0.162704	0.713068	-180.819504	7.700677	1029.162231	
0.465034	0.882710	-0.067601	-0.609874	0.374776	0.698281	0.641713	-0.283497	0.712624	-179.241302	1.340750	1019.986511	
0.509470	0.857038	0.076998	-0.644429	0.320721	0.694153	0.570220	-0.403271	0.715696	-176.806976	-13.082153	1014.563416	
0.521615	0.841622	0.139974	-0.650593	0.286232	0.703420	0.551948	-0.457981	0.696855	-176.222733	-20.803249	1015.151917	
0.522777	0.813471	0.254896	-0.677604	0.215099	0.703267	0.517258	-0.540371	0.663659	-164.593506	-35.688122	993.670715	
0.527704	0.793785	0.302384	-0.687419	0.189965	0.700976	0.498981	-0.577774	0.645907	-154.182693	-42.745960	980.391235	
0.545925	0.758777	0.355282	-0.696929	0.175899	0.695233	0.465032	-0.627153	0.624841	-142.105057	-49.579254	966.670715	
0.544780	0.735555	0.402710	-0.709765	0.148695	0.688566	0.446597	-0.660948	0.603076	-134.878723	-64.044716	962.471130	
