0.996943	-0.040729	0.066678	0.040119	0.999140	0.010472	-0.067047	-0.007765	0.997720	18.855705	3.893662	543.080566	
0.973701	-0.132206	0.185548	0.133902	0.990988	0.003421	-0.184328	0.021514	0.982629	27.658268	7.599751	543.468994	
0.956171	-0.173374	0.235961	0.176676	0.984242	0.007248	-0.233500	0.034758	0.971735	36.251369	15.536068	541.722900	
0.916541	-0.206439	0.342543	0.220820	0.975310	-0.003060	-0.333454	0.078445	0.939497	44.576660	18.025238	541.446045	
0.852168	-0.267717	0.449597	0.303683	0.952737	-0.008285	-0.426130	0.143595	0.893193	52.522369	23.946568	544.796387	
0.799234	-0.336430	0.498036	0.385247	0.922799	0.005129	-0.461313	0.187767	0.867141	69.142624	25.643917	546.364014	
0.708584	-0.383211	0.592501	0.477367	0.878700	-0.002577	-0.519643	0.284666	0.805566	76.209480	29.299051	548.629028	
0.619393	-0.367834	0.693578	0.527352	0.849400	-0.020472	-0.581595	0.378439	0.720091	83.303490	30.532545	554.866394	
0.561443	-0.361654	0.744304	0.572035	0.819554	-0.033279	-0.597961	0.444452	0.667012	88.776001	31.383457	556.946167	
0.458744	-0.327924	0.825845	0.621945	0.782285	-0.034854	-0.634617	0.529619	0.562819	98.920868	31.179131	565.098022	
0.362452	-0.322391	0.874467	0.700149	0.713480	-0.027161	-0.615159	0.622101	0.484324	102.307655	29.727551	570.935242	
0.266023	-0.280604	0.922222	0.772362	0.634486	-0.029740	-0.576792	0.720200	0.385516	105.195671	27.016342	574.331787	
0.191300	-0.259895	0.946498	0.836502	0.547645	-0.018693	-0.513487	0.795323	0.322168	107.225319	25.264965	583.302795	
0.120003	-0.187990	0.974813	0.866090	0.499784	-0.010237	-0.485271	0.845503	0.222791	109.054405	20.679863	596.938477	
0.073608	-0.147495	0.986320	0.914379	0.404786	-0.007707	-0.398112	0.902437	0.164662	109.397194	14.932775	600.606689	
0.041522	-0.100009	0.994120	0.941424	0.337182	-0.005400	-0.334660	0.936112	0.108151	107.381371	8.317218	603.643616	
0.018133	-0.087748	0.995978	0.955153	0.295985	0.008687	-0.295557	0.951153	0.089179	104.373520	4.525429	612.693604	
-0.008262	-0.061761	0.998057	0.976480	0.214547	0.021359	-0.215450	0.974759	0.058536	102.498199	-4.598993	622.949646	
-0.018271	0.043426	0.998890	0.997636	0.066987	0.015335	-0.066247	0.996808	-0.044548	96.712204	-14.313079	624.758850	
-0.029837	0.089943	0.995500	0.999380	-0.015923	0.031392	0.018675	0.995819	-0.089412	86.811707	-26.258308	630.341797	
-0.053155	0.174218	0.983271	0.997903	-0.027139	0.058754	0.036920	0.984333	-0.172410	79.409866	-33.690750	627.730225	
0.011096	0.340968	0.940009	0.970325	-0.230758	0.072249	0.241549	0.911313	-0.333411	73.795509	-37.585773	651.047913	
0.032152	0.396208	0.917598	0.951572	-0.292971	0.093158	0.305739	0.870165	-0.386440	66.931679	-49.761932	667.872681	
0.060656	0.484205	0.872850	0.933525	-0.337072	0.122115	0.353342	0.807420	-0.472463	58.508041	-56.417583	676.354980	
0.111213	0.575278	0.810362	0.910970	-0.384915	0.148232	0.397195	0.721730	-0.566869	50.908199	-69.731430	695.122803	
0.206805	0.639181	0.740728	0.861912	-0.477277	0.171209	0.462966	0.603036	-0.649622	32.418701	-83.115479	705.089722	
0.256186	0.696224	0.670552	0.826740	-0.517268	0.221213	0.500868	0.497701	-0.708113	14.297958	-96.775116	717.448486	
0.315245	0.758486	0.570367	0.782207	-0.547993	0.296403	0.537375	0.352706	-0.766046	5.575445	-103.147453	730.370850	
0.362357	0.765601	0.531555	0.740659	-0.582740	0.334422	0.565793	0.272521	-0.778210	-3.240895	-110.905594	739.699890	
0.473311	0.762294	0.441456	0.677654	-0.635274	0.370421	0.562815	0.123830	-0.817254	-12.988901	-125.404480	746.288452	
0.538088	0.772587	0.337002	0.642460	-0.634743	0.429356	0.545624	-0.014521	-0.837904	-22.734001	-139.559540	751.302490	
0.630658	0.734619	0.250209	0.596578	-0.665121	0.449120	0.496351	-0.133972	-0.857722	-30.882425	-145.309402	762.843689	
0.686022	0.713373	0.143079	0.577731	-0.653632	0.488867	0.442265	-0.252712	-0.860545	-38.657192	-158.693863	771.877808	
0.763957	0.643547	0.047061	0.506357	-0.643108	0.574468	0.399962	-0.415039	-0.817173	-47.393772	-172.270859	780.643250	
0.796169	0.602664	-0.053951	0.496554	-0.599823	0.627412	0.345757	-0.526315	-0.776816	-55.267952	-177.712357	797.071472	
0.823236	0.559767	-0.094563	0.471032	-0.580538	0.664156	0.316875	-0.591300	-0.741589	-68.706749	-189.259735	807.268494	
0.846223	0.496178	-0.194198	0.477100	-0.543326	0.690776	0.237235	-0.677203	-0.696502	-81.339005	-200.093506	812.802063	
0.858453	0.447624	-0.250381	0.480504	-0.531175	0.697831	0.179370	-0.719364	-0.671075	-92.591354	-210.906082	825.833313	
0.867313	0.372329	-0.330361	0.487518	-0.501451	0.714753	0.100463	-0.780972	-0.616433	-101.258148	-214.026733	835.989258	
0.873986	0.281869	-0.395852	0.485930	-0.499352	0.717300	0.004515	-0.819266	-0.573395	-108.805756	-219.852142	857.652588	
0.881916	0.183430	-0.434255	0.463761	-0.502818	0.729450	-0.084548	-0.844705	-0.528512	-111.160004	-227.369186	871.478577	
0.853490	0.126641	-0.505486	0.499358	-0.476080	0.723871	-0.148980	-0.870235	-0.469569	-112.937729	-231.371750	877.935730	
0.830561	0.079799	-0.551182	0.521357	-0.459431	0.719103	-0.195846	-0.884621	-0.423189	-113.750633	-233.928635	887.967102	
0.784602	0.038870	-0.618780	0.573841	-0.423404	0.701024	-0.234745	-0.905107	-0.354509	-112.908348	-239.455704	904.005432	
0.730371	-0.001747	-0.683049	0.625597	-0.399722	0.669962	-0.274200	-0.916635	-0.290852	-111.501671	-242.993271	907.386230	
0.699219	-0.042355	-0.713651	0.649326	-0.380030	0.658750	-0.299111	-0.924004	-0.238222	-108.478142	-244.488831	914.870178	
0.635135	-0.066813	-0.769506	0.699717	-0.372136	0.609844	-0.327106	-0.925770	-0.189607	-103.837440	-243.945572	916.035156	
0.588753	-0.124764	-0.798626	0.713351	-0.384442	0.585947	-0.380131	-0.914679	-0.137341	-93.975464	-243.142242	926.753967	
0.548421	-0.167854	-0.819182	0.704389	-0.435201	0.560745	-0.450632	-0.884548	-0.120439	-88.817558	-241.476227	927.177429	
0.497607	-0.199654	-0.844112	0.713134	-0.459820	0.529154	-0.493788	-0.865276	-0.086430	-77.248749	-240.537674	937.033936	
0.454229	-0.230654	-0.860508	0.716406	-0.479586	0.506713	-0.529564	-0.846637	-0.052600	-69.826050	-234.295410	932.850952	
0.382018	-0.258116	-0.887377	0.725372	-0.511212	0.460974	-0.572623	-0.819779	-0.008062	-55.019341	-229.420715	942.881042	
0.283928	-0.250824	-0.925458	0.712422	-0.590802	0.378692	-0.641747	-0.766838	0.010947	-49.918098	-234.992004	997.687988	
0.283928	-0.250824	-0.925458	0.712422	-0.590802	0.378692	-0.641747	-0.766838	0.010947	-49.918098	-234.992004	997.687988	
0.283928	-0.250824	-0.925458	0.712422	-0.590802	0.378692	-0.641747	-0.766838	0.010947	-49.918098	-234.992004	997.687988	
0.283928	-0.250824	-0.925458	0.712422	-0.590802	0.378692	-0.641747	-0.766838	0.010947	-49.918098	-234.992004	997.687988	
0.090642	-0.121205	-0.988480	0.740327	-0.655689	0.148286	-0.666109	-0.745239	0.030298	-10.744558	-195.197281	992.704529	
-0.075067	-0.176069	-0.981511	0.614251	-0.783543	0.093578	-0.785533	-0.595869	0.166969	7.295063	-190.502472	1028.216553	
-0.308614	-0.132913	-0.941855	0.550441	-0.832504	-0.062879	-0.775740	-0.537840	0.330083	15.915504	-178.478546	1026.737305	
-0.606608	-0.135589	-0.783354	0.396595	-0.905596	-0.150364	-0.689014	-0.401886	0.603115	24.417219	-166.551453	1027.139526	
-0.715963	-0.126869	-0.686514	0.269810	-0.957228	-0.104486	-0.643894	-0.260037	0.719570	41.939232	-155.921936	1037.930786	
-0.757462	-0.025899	-0.652366	0.154074	-0.978082	-0.140064	-0.634440	-0.206606	0.744849	51.399246	-141.164307	1031.676025	
-0.809302	0.014650	-0.587211	0.067496	-0.990748	-0.117739	-0.583503	-0.134921	0.800825	68.675194	-128.812973	1046.600220	
-0.775826	0.116972	-0.620010	0.031410	-0.974286	-0.223113	-0.630165	-0.192571	0.752203	75.579666	-118.489655	1026.708252	
-0.770596	0.148400	-0.619806	-0.000817	-0.972743	-0.231886	-0.637324	-0.178184	0.749713	89.527557	-110.748825	1033.977905	
-0.732853	0.225569	-0.641908	-0.094846	-0.968102	-0.231910	-0.673744	-0.109074	0.730871	102.429932	-103.171143	1043.532104	
-0.719862	0.211076	-0.661246	-0.104401	-0.974731	-0.197486	-0.686222	-0.073128	0.723708	112.404648	-86.914520	1037.985474	
-0.694151	0.193556	-0.693319	-0.071247	-0.976916	-0.201395	-0.716295	-0.090402	0.691917	116.407646	-70.750641	1031.692261	
-0.678140	0.195805	-0.708369	-0.140026	-0.980623	-0.137009	-0.721470	0.006279	0.692417	119.250000	-55.464939	1028.878906	
-0.640477	0.210962	-0.738434	-0.179061	-0.976051	-0.123538	-0.746812	0.053102	0.662913	123.744759	-47.388397	1027.990479	
-0.688748	0.152909	-0.708693	-0.174846	-0.983686	-0.042316	-0.703602	0.094767	0.704247	125.392365	-32.247311	1021.935181	
-0.708901	0.141176	-0.691035	-0.201811	-0.979400	0.006941	-0.675820	0.144378	0.722788	124.898972	-16.938520	1012.481262	
-0.759815	0.057295	-0.647610	-0.188669	-0.972675	0.135304	-0.622163	0.224989	0.749863	122.102837	-3.346043	1004.831604	
-0.716191	0.063422	-0.695017	-0.212352	-0.968447	0.130449	-0.664814	0.241015	0.707060	118.860596	3.284414	1006.729431	
-0.665862	-0.003720	-0.746066	-0.174851	-0.971359	0.160898	-0.725297	0.237586	0.646141	115.590912	9.083426	1003.447510	
-0.667485	-0.042325	-0.743419	-0.153234	-0.969207	0.192763	-0.728686	0.242583	0.640446	107.594559	20.717110	995.818420	
-0.569344	-0.035480	-0.821334	-0.159477	-0.975324	0.152681	-0.806484	0.217911	0.549636	97.284729	25.793890	985.783325	
-0.492020	-0.094275	-0.865464	-0.166233	-0.965655	0.199694	-0.854566	0.242122	0.459451	91.052818	31.228939	975.987976	
-0.481878	-0.134937	-0.865786	-0.172302	-0.954188	0.244616	-0.859131	0.267051	0.436552	76.938454	39.650757	965.716492	
-0.472615	-0.182438	-0.862178	-0.210339	-0.926710	0.311394	-0.855800	0.328519	0.399604	68.267365	45.485630	951.571777	
-0.387382	-0.199846	-0.899998	-0.279859	-0.904665	0.321342	-0.878416	0.376355	0.294523	51.089367	47.365364	929.520325	
-0.295357	-0.243201	-0.923914	-0.378238	-0.858276	0.346840	-0.877326	0.451901	0.161511	32.834099	49.671837	900.839050	
0.817420	-0.345037	-0.461274	-0.168305	-0.908877	0.381595	-0.550906	-0.234289	-0.801006	14.738600	54.823200	915.153015	
0.817420	-0.345037	-0.461274	-0.168305	-0.908877	0.381595	-0.550906	-0.234289	-0.801006	14.738600	54.823200	915.153015	
0.817420	-0.345037	-0.461274	-0.168305	-0.908877	0.381595	-0.550906	-0.234289	-0.801006	14.738600	54.823200	915.153015	
0.659097	-0.663380	-0.354285	-0.388143	-0.703553	0.595280	-0.644156	-0.254834	-0.721196	-32.659897	53.974461	869.528625	
0.571754	-0.742752	-0.348449	-0.379702	-0.616055	0.690146	-0.727272	-0.262287	-0.634257	-51.411987	52.798840	861.225403	
0.467671	-0.827761	-0.309992	-0.419541	-0.516564	0.746422	-0.777991	-0.219025	-0.588862	-70.351624	49.044304	858.316895	
0.395175	-0.874624	-0.280838	-0.469462	-0.455069	0.756648	-0.789584	-0.167165	-0.590435	-79.178535	43.700829	846.830933	
0.339250	-0.908731	-0.243140	-0.402171	-0.373765	0.835798	-0.850393	-0.185760	-0.492265	-87.803871	38.215492	832.932495	
0.254124	-0.947807	-0.192565	-0.376169	-0.280284	0.883140	-0.891021	-0.151990	-0.427763	-103.972595	34.442772	817.531738	
0.170015	-0.969657	-0.175669	-0.436832	-0.233950	0.868587	-0.883331	-0.070934	-0.463353	-118.272789	30.033779	795.802734	
0.218012	-0.967428	-0.128658	-0.513699	-0.225841	0.827713	-0.829810	-0.114359	-0.546203	-131.374496	24.816025	780.201050	
0.299029	-0.953024	-0.048235	-0.590089	-0.224402	0.775524	-0.749918	-0.203441	-0.629472	-143.301468	20.130859	761.615845	
0.332135	-0.942364	0.040452	-0.695602	-0.215747	0.685267	-0.637044	-0.255739	-0.727167	-150.641586	14.856766	759.830872	
0.375450	-0.918415	0.124706	-0.782697	-0.242111	0.573383	-0.496411	-0.312883	-0.809740	-159.266129	8.832542	758.388916	
0.408414	-0.891893	0.194231	-0.822342	-0.267161	0.502373	-0.396172	-0.364900	-0.842553	-163.983856	2.101032	755.114014	
0.483305	-0.815858	0.317478	-0.854096	-0.359804	0.375582	-0.192191	-0.452676	-0.870715	-173.100037	-11.735008	761.042603	
0.543276	-0.730300	0.414141	-0.838188	-0.499940	0.217948	0.047878	-0.465533	-0.883734	-177.194321	-26.817440	756.061340	
0.695371	-0.672052	0.254571	-0.715756	-0.679426	0.161469	0.064447	-0.294491	-0.953478	-174.269241	-34.206760	736.891052	
0.793187	-0.571530	0.210260	-0.601187	-0.789940	0.120702	0.097109	-0.222144	-0.970165	-172.203629	-40.412178	725.617554	
0.807297	-0.512805	0.292068	-0.555157	-0.827782	0.081097	0.200182	-0.227613	-0.952953	-171.402740	-48.947498	723.192871	
0.858975	-0.402892	0.315976	-0.451317	-0.887226	0.095621	0.241818	-0.224741	-0.943936	-167.105957	-65.046219	721.149719	
0.912967	-0.270272	0.305686	-0.304659	-0.949881	0.070063	0.271430	-0.157095	-0.949550	-162.065964	-72.300888	699.710449	
0.946822	-0.113640	0.301023	-0.135715	-0.989308	0.053394	0.291738	-0.091407	-0.952120	-162.236801	-91.012299	711.272705	
0.965408	-0.040952	0.257511	-0.002411	-0.988949	-0.148234	0.260736	0.142486	-0.954837	-149.668030	-99.182449	697.761658	
0.971331	0.003610	0.237704	0.100034	-0.913263	-0.394896	0.215662	0.407354	-0.887441	-132.564468	-111.757736	674.904968	
0.956567	0.127425	0.262189	0.210056	-0.924925	-0.316844	0.202131	0.358158	-0.911518	-116.929222	-117.733994	659.784790	
0.945092	0.241855	0.219792	0.289251	-0.932072	-0.218120	0.152109	0.269719	-0.950849	-108.519829	-125.157570	654.547974	
0.924646	0.292610	0.243742	0.341196	-0.920815	-0.188904	0.169167	0.257833	-0.951264	-91.072975	-131.450974	641.111023	
0.875381	0.387115	0.289569	0.425047	-0.901672	-0.079520	0.230313	0.192691	-0.953848	-82.567612	-137.159149	627.256287	
0.853500	0.466579	0.232039	0.491889	-0.868361	-0.063213	0.172000	0.168090	-0.970650	-73.953468	-145.045929	625.322815	
0.800201	0.553296	0.231391	0.530298	-0.832977	0.157909	0.280115	-0.003652	-0.959959	-64.443680	-157.445847	617.315918	
0.747353	0.628818	0.214596	0.555507	-0.768546	0.317413	0.364523	-0.118010	-0.923686	-54.420830	-162.689270	609.540222	
0.669541	0.724864	0.162131	0.666075	-0.682527	0.300836	0.328725	-0.093430	-0.939793	-35.016148	-171.835144	603.242188	
0.558143	0.819792	0.128127	0.749494	-0.564367	0.346049	0.356000	-0.097115	-0.929426	-24.343069	-175.907776	597.882324	
0.432099	0.895788	0.104180	0.830112	-0.440221	0.342231	0.352430	-0.061397	-0.933822	-4.895632	-183.084656	590.987061	
0.324783	0.945636	-0.016958	0.872143	-0.292508	0.392183	0.365903	-0.142164	-0.919730	14.073042	-187.448395	580.074707	
0.188927	0.978359	-0.084382	0.923293	-0.147714	0.354558	0.334421	-0.144895	-0.931218	23.093105	-190.913635	569.363953	
0.045614	0.993380	-0.105432	0.950193	-0.010572	0.311485	0.308309	-0.114389	-0.944384	30.944241	-191.831375	565.435425	
-0.073605	0.989349	-0.125584	0.947233	0.108746	0.301537	0.311983	-0.096762	-0.945147	45.377483	-192.037094	561.243225	
-0.195268	0.972759	-0.124941	0.934229	0.223259	0.278160	0.298477	-0.062407	-0.952374	51.906574	-191.015060	554.918640	
-0.246216	0.962500	-0.113895	0.919776	0.269089	0.285664	0.305600	-0.034422	-0.951538	63.881729	-192.932144	559.180237	
-0.283247	0.949060	-0.138048	0.915016	0.310542	0.257509	0.287262	-0.053377	-0.956364	69.267128	-192.653107	558.389099	
-0.324238	0.934775	-0.145142	0.925867	0.345054	0.153976	0.194016	-0.084457	-0.977356	74.017410	-190.891174	558.931458	
-0.333570	0.917684	-0.215845	0.920977	0.366114	0.133280	0.201333	-0.154330	-0.967288	79.138885	-189.372375	566.501099	
-0.325555	0.886609	-0.328541	0.905241	0.392605	0.162481	0.273045	-0.244512	-0.930408	82.288979	-193.450546	584.534058	
-0.205482	0.875088	-0.438176	0.936675	0.305588	0.171045	0.283582	-0.375282	-0.882465	83.590805	-191.097275	595.821106	
-0.110870	0.766480	-0.632627	0.942067	0.283818	0.178769	0.316575	-0.576156	-0.753541	85.249489	-191.302902	610.117859	
0.047942	0.626536	-0.777917	0.919386	0.276739	0.279547	0.390427	-0.728607	-0.562760	80.397324	-180.823486	610.108948	
0.757063	0.644641	-0.106269	0.161782	-0.342558	-0.925462	-0.632994	0.683441	-0.363630	71.096397	-161.494003	569.460022	
0.757063	0.644641	-0.106269	0.161782	-0.342558	-0.925462	-0.632994	0.683441	-0.363630	71.096397	-161.494003	569.460022	
0.757063	0.644641	-0.106269	0.161782	-0.342558	-0.925462	-0.632994	0.683441	-0.363630	71.096397	-161.494003	569.460022	
0.757063	0.644641	-0.106269	0.161782	-0.342558	-0.925462	-0.632994	0.683441	-0.363630	71.096397	-161.494003	569.460022	
0.757063	0.644641	-0.106269	0.161782	-0.342558	-0.925462	-0.632994	0.683441	-0.363630	71.096397	-161.494003	569.460022	
0.938284	0.282156	-0.200024	0.112909	-0.796533	-0.593959	-0.326915	0.534718	-0.779233	28.058712	-123.414154	576.759888	
0.954765	0.204231	-0.216131	0.076690	-0.871364	-0.484607	-0.287301	0.446111	-0.847611	19.960722	-116.086975	582.921326	
0.969581	0.070030	-0.234540	-0.031656	-0.914275	-0.403855	-0.242716	0.398994	-0.884247	2.643098	-109.706642	594.367493	
0.972182	0.001679	-0.234221	-0.086942	-0.925947	-0.367511	-0.217493	0.377651	-0.900043	-15.386858	-95.313774	600.422791	
0.981243	-0.084966	-0.173041	-0.139877	-0.931487	-0.335807	-0.132653	0.353712	-0.925900	-33.704002	-86.579796	601.751770	
0.949908	-0.225626	-0.216256	-0.258766	-0.955830	-0.139392	-0.175254	0.188369	-0.966335	-44.323948	-73.535156	618.713440	
0.881739	-0.362228	-0.302202	-0.371196	-0.928089	0.029389	-0.291116	0.086263	-0.952791	-54.364925	-66.030457	625.532959	
0.868546	-0.437061	-0.233678	-0.435740	-0.898063	0.060115	-0.236132	0.049611	-0.970454	-74.953728	-51.903786	640.537964	
0.804269	-0.551375	-0.221669	-0.544799	-0.833102	0.095573	-0.237370	0.043898	-0.970427	-94.914429	-44.358696	644.079529	
0.726913	-0.649187	-0.223953	-0.631349	-0.760058	0.153978	-0.270179	0.029464	-0.962360	-115.032257	-38.430473	661.623169	
0.666221	-0.689756	-0.283525	-0.653808	-0.723101	0.222846	-0.358727	0.036906	-0.932713	-134.539108	-32.227913	679.995239	
0.607773	-0.688278	-0.396088	-0.571590	-0.725417	0.383477	-0.551267	-0.006666	-0.834302	-143.204651	-19.935963	687.177979	
0.480406	-0.706885	-0.519157	-0.525344	-0.705927	0.475058	-0.702298	0.044515	-0.710490	-150.330933	-7.453300	690.920349	
0.351837	-0.726908	-0.589760	-0.522922	-0.675198	0.520250	-0.776378	0.125356	-0.617676	-155.401855	-2.119230	693.680847	
0.278587	-0.742372	-0.609323	-0.547781	-0.643946	0.534105	-0.788875	0.184981	-0.586053	-166.818680	2.878887	693.566650	
0.276793	-0.720034	-0.636347	-0.500970	-0.673233	0.543862	-0.820009	0.168254	-0.547062	-175.583939	7.974312	697.827087	
0.170701	-0.692848	-0.700588	-0.545944	-0.658409	0.518114	-0.820247	0.294040	-0.490648	-178.338989	16.281914	698.430359	
-0.044185	-0.684163	-0.727990	-0.404606	-0.654008	0.639193	-0.913423	0.322792	-0.247920	-186.810776	21.027611	715.458496	
-0.121082	-0.636516	-0.761701	-0.401921	-0.670194	0.623939	-0.907633	0.381692	-0.174681	-189.480774	27.850058	731.006348	
-0.167479	-0.611972	-0.772944	-0.397684	-0.675466	0.620963	-0.902108	0.411385	-0.130245	-190.732025	34.399899	735.049683	
-0.205096	-0.579873	-0.788470	-0.329010	-0.717867	0.613530	-0.921785	0.385247	-0.043552	-191.852097	36.355247	752.223938	
-0.251214	-0.529481	-0.810273	-0.298823	-0.753802	0.585225	-0.920650	0.389146	0.031145	-192.167572	38.221729	764.314880	
-0.279114	-0.485040	-0.828754	-0.305884	-0.773186	0.555535	-0.910237	0.408560	0.067441	-188.908051	39.406368	781.097168	
-0.299672	-0.450788	-0.840825	-0.310899	-0.787078	0.532777	-0.901963	0.421071	0.095716	-183.894730	41.003269	788.110413	
-0.302065	-0.395007	-0.867598	-0.310093	-0.819902	0.481254	-0.901443	0.414406	0.125175	-177.449188	41.953186	800.980225	
-0.336516	-0.322165	-0.884854	-0.313151	-0.847893	0.427801	-0.888084	0.421056	0.184444	-173.772095	42.364754	816.544250	
-0.301621	-0.285875	-0.909561	-0.339920	-0.859057	0.382723	-0.890774	0.424616	0.161935	-163.591690	40.295975	830.369385	
-0.261546	-0.242937	-0.934117	-0.293030	-0.902140	0.316667	-0.919634	0.356548	0.164764	-157.063477	37.327648	844.104736	
-0.286933	-0.193325	-0.938240	-0.302426	-0.911055	0.280211	-0.908960	0.364151	0.202945	-144.074005	35.250320	867.470520	
-0.262246	-0.125728	-0.956776	-0.372857	-0.901277	0.220632	-0.890059	0.414601	0.189477	-135.107330	30.213392	878.901917	
-0.274544	-0.110727	-0.955178	-0.335431	-0.919922	0.203052	-0.901172	0.376144	0.215417	-118.411674	23.831919	891.134766	
-0.247955	-0.076011	-0.965785	-0.286673	-0.946514	0.148094	-0.925385	0.313585	0.212902	-100.577621	17.095373	904.169495	
-0.209355	-0.051830	-0.976465	-0.289835	-0.950432	0.112589	-0.933899	0.306585	0.183955	-81.502159	13.450998	909.884888	
-0.183617	-0.032848	-0.982449	-0.309963	-0.946520	0.089578	-0.932849	0.320972	0.163615	-62.145367	3.895386	921.282410	
-0.118123	-0.026753	-0.992639	-0.314765	-0.947079	0.062981	-0.941791	0.319887	0.103451	-42.569481	-1.228397	931.400391	
0.023580	-0.013770	-0.999627	-0.260206	-0.965527	0.007162	-0.965265	0.259940	-0.026350	-31.480083	-5.461177	933.240906	
0.064389	-0.030787	-0.997450	-0.265397	-0.964057	0.012624	-0.961987	0.263908	-0.070245	-20.959923	-16.237427	943.768860	
0.100175	-0.051192	-0.993652	-0.315371	-0.948815	0.017088	-0.943667	0.311658	-0.111191	-1.733509	-22.094448	958.317749	
0.155141	-0.090883	-0.983703	-0.369242	-0.928925	0.027588	-0.916293	0.358945	-0.177671	17.563980	-28.780188	967.399353	
0.264207	-0.160847	-0.950959	-0.437645	-0.898635	0.030405	-0.859455	0.408149	-0.307819	26.809965	-35.221336	962.841431	
0.248842	-0.211976	-0.945063	-0.430338	-0.898350	0.088187	-0.867691	0.384753	-0.314769	34.752689	-47.148125	959.067078	
0.266688	-0.242720	-0.932719	-0.441430	-0.891054	0.105661	-0.856748	0.383552	-0.344777	50.078590	-60.999775	965.061768	
0.289347	-0.284059	-0.914106	-0.388185	-0.907727	0.159202	-0.874981	0.308778	-0.372915	63.259026	-67.201492	973.142944	
0.249165	-0.364368	-0.897304	-0.407210	-0.880059	0.244290	-0.878691	0.304523	-0.367654	76.488663	-81.321793	976.297607	
0.218786	-0.453198	-0.864144	-0.475359	-0.822908	0.311219	-0.852154	0.342689	-0.395472	85.959038	-88.924690	984.814636	
0.160516	-0.519665	-0.839156	-0.475678	-0.785666	0.395551	-0.864850	0.335676	-0.373305	91.383720	-103.142075	989.913513	
0.102450	-0.575127	-0.811624	-0.514134	-0.729101	0.451751	-0.851569	0.371002	-0.370388	94.067444	-109.950775	988.328064	
0.048328	-0.639578	-0.767206	-0.511822	-0.675455	0.530849	-0.857731	0.367019	-0.359993	97.222755	-117.129471	992.535156	
0.013881	-0.684548	-0.728837	-0.495304	-0.637904	0.589706	-0.868609	0.352810	-0.347914	98.639938	-130.175949	993.361328	
-0.047871	-0.727760	-0.684160	-0.492142	-0.578852	0.650175	-0.869198	0.367829	-0.330450	99.218521	-144.710999	1005.226501	
-0.119995	-0.774814	-0.620697	-0.477852	-0.502950	0.720208	-0.870206	0.383023	-0.309895	98.513046	-150.132980	1002.207214	
-0.185668	-0.776906	-0.601620	-0.404097	-0.497724	0.767448	-0.895675	0.385604	-0.221533	97.062576	-162.442719	1004.349548	
-0.207939	-0.794647	-0.570350	-0.386382	-0.468945	0.794229	-0.898594	0.385524	-0.209525	90.192078	-174.506180	1009.257019	
-0.354349	-0.802742	-0.479628	-0.328705	-0.373251	0.867547	-0.875437	0.465070	-0.131604	84.985367	-179.580811	1004.527954	
-0.393327	-0.798627	-0.455511	-0.247586	-0.385136	0.889028	-0.885435	0.462457	-0.046244	74.827896	-184.136444	999.878967	
-0.495009	-0.775556	-0.391767	-0.107832	-0.392563	0.913382	-0.862171	0.494377	0.110692	63.209358	-188.644150	1002.017273	
-0.625922	-0.725142	-0.287040	0.027502	-0.388348	0.921102	-0.779401	0.568644	0.263019	56.332424	-193.489792	1006.798035	
-0.748665	-0.638244	-0.179294	0.090654	-0.366468	0.926004	-0.656722	0.677014	0.332221	47.878197	-198.745575	997.113464	
-0.836166	-0.540076	-0.095638	0.135501	-0.372373	0.918138	-0.531477	0.754758	0.384546	39.180717	-201.215820	990.833557	
-0.905261	-0.423464	0.034381	0.242274	-0.448054	0.860553	-0.349009	0.787355	0.508199	30.226440	-205.395111	986.876343	
-0.945606	-0.320290	0.056971	0.218062	-0.494095	0.841617	-0.241412	0.808262	0.537062	11.566822	-206.051071	967.776001	
-0.961513	-0.224812	0.157967	0.263700	-0.593552	0.760368	-0.077178	0.772760	0.629990	1.897682	-209.922089	978.916809	
-0.941506	-0.331576	0.060205	0.270469	-0.636909	0.721938	-0.201032	0.695993	0.689334	-14.327372	-207.002670	964.478760	
-0.816746	-0.538589	-0.207002	0.436415	-0.811312	0.388995	-0.377451	0.227372	0.897682	-21.485937	-205.546967	974.108154	
-0.732111	-0.631449	-0.255516	0.497925	-0.752050	0.431847	-0.464849	0.188933	0.864997	-38.405388	-206.534668	971.570007	
-0.905608	0.052340	0.420873	0.160765	-0.875935	0.454855	0.392465	0.479582	0.784839	-57.248001	-213.037003	987.377014	
-0.905608	0.052340	0.420873	0.160765	-0.875935	0.454855	0.392465	0.479582	0.784839	-57.248001	-213.037003	987.377014	
-0.905608	0.052340	0.420873	0.160765	-0.875935	0.454855	0.392465	0.479582	0.784839	-57.248001	-213.037003	987.377014	
-0.905608	0.052340	0.420873	0.160765	-0.875935	0.454855	0.392465	0.479582	0.784839	-57.248001	-213.037003	987.377014	
-0.689489	0.371100	0.622005	-0.399010	-0.911321	0.101409	0.604479	-0.178265	0.776418	-100.897530	-194.086288	931.915344	
-0.688826	0.438362	0.577372	-0.482921	-0.871478	0.085515	0.540653	-0.219919	0.811990	-107.709488	-190.969803	924.055908	
-0.660844	0.491662	0.567058	-0.575392	-0.817003	0.037819	0.481882	-0.301288	0.822809	-121.560982	-184.967529	932.189270	
-0.622231	0.559774	0.547250	-0.698430	-0.712711	-0.065103	0.353588	-0.422725	0.834433	-129.429581	-176.331558	939.004211	
-0.477863	0.576233	0.663027	-0.859847	-0.461284	-0.218817	0.179753	-0.674665	0.715901	-135.506592	-164.560883	927.623779	
-0.330433	0.481576	0.811726	-0.930919	-0.308059	-0.196189	0.155580	-0.820478	0.550100	-140.735718	-146.579422	893.415833	
-0.211474	0.384802	0.898447	-0.975573	-0.139036	-0.170079	0.059470	-0.912467	0.404803	-142.681641	-132.540298	884.870850	
-0.165479	0.439072	0.883081	-0.982108	-0.154985	-0.106975	0.089895	-0.884983	0.456862	-146.652374	-113.365768	867.094727	
-0.114463	0.476969	0.871435	-0.981274	-0.191081	-0.024304	0.154922	-0.857898	0.489907	-149.589920	-95.137283	850.795166	
-0.032397	0.461421	0.886589	-0.992050	-0.122769	0.027644	0.121602	-0.878645	0.461730	-147.323685	-87.466721	839.447205	
0.045753	0.460165	0.886653	-0.993499	-0.071662	0.088460	0.104246	-0.884936	0.453894	-141.927048	-78.776505	817.021545	
0.001278	-0.047871	0.998853	-0.703553	0.709784	0.034917	-0.710642	-0.702790	-0.032772	-134.714005	-80.352600	844.242981	
0.001278	-0.047871	0.998853	-0.703553	0.709784	0.034917	-0.710642	-0.702790	-0.032772	-134.714005	-80.352600	844.242981	
0.001278	-0.047871	0.998853	-0.703553	0.709784	0.034917	-0.710642	-0.702790	-0.032772	-134.714005	-80.352600	844.242981	
0.001278	-0.047871	0.998853	-0.703553	0.709784	0.034917	-0.710642	-0.702790	-0.032772	-134.714005	-80.352600	844.242981	
-0.121231	-0.386456	0.914306	-0.148198	0.917823	0.368292	-0.981499	-0.090850	-0.168541	-105.220604	-40.910713	793.939941	
-0.175250	-0.428219	0.886519	-0.087041	0.903668	0.419296	-0.980669	-0.003682	-0.195640	-96.990517	-27.100718	779.142639	
-0.255024	-0.475416	0.841987	0.064949	0.860391	0.505479	-0.964751	0.183595	-0.188542	-80.551025	-12.826157	759.473877	
-0.282053	-0.493393	0.822806	0.293655	0.772067	0.563630	-0.913352	0.400595	-0.072877	-72.029114	-5.448647	757.659851	
-0.327157	-0.515895	0.791720	0.374532	0.698421	0.609865	-0.867579	0.496046	-0.035274	-62.683983	1.438636	746.911072	
-0.397748	-0.531083	0.748164	0.472892	0.580119	0.663201	-0.786237	0.617587	0.020404	-52.229065	7.970402	725.963928	
-0.439737	-0.533376	0.722594	0.537202	0.488564	0.687546	-0.719753	0.690518	0.071691	-32.707539	19.466803	703.680969	
-0.528560	-0.561982	0.636241	0.571549	0.318569	0.756204	-0.627659	0.763342	0.152818	-23.070751	29.740410	700.858215	
-0.617599	-0.586491	0.524024	0.569080	0.126666	0.812468	-0.542880	0.799991	0.255531	-13.372079	34.462448	689.703186	
-0.708090	-0.528557	0.468227	0.575216	-0.047170	0.816640	-0.409554	0.847587	0.337434	-2.826702	42.396660	683.722717	
-0.762813	-0.493544	0.417768	0.544841	-0.142650	0.826316	-0.348229	0.857943	0.377718	7.381964	45.589073	663.712036	
-0.834049	-0.425793	0.350804	0.500645	-0.317026	0.805511	-0.231767	0.847464	0.477586	17.090170	49.527283	657.047485	
-0.877112	-0.343106	0.336084	0.472896	-0.494678	0.729153	-0.083924	0.798482	0.596141	34.576096	52.570595	642.243042	
-0.920909	-0.297306	0.252062	0.388754	-0.653795	0.649171	-0.028206	0.695817	0.717665	50.415745	55.618973	639.360962	
-0.977504	-0.204055	0.053361	0.190931	-0.748603	0.634933	-0.089615	0.630838	0.770722	57.819160	57.568832	636.518616	
-0.988423	-0.150674	-0.017787	0.108437	-0.783571	0.611767	-0.106114	0.602756	0.790838	71.288208	58.962734	632.622314	
-0.992361	-0.094183	-0.079676	0.033618	-0.827881	0.559896	-0.118696	0.552941	0.824723	82.430748	59.051281	624.564331	
-0.990195	0.008006	-0.139462	-0.070551	-0.890333	0.449813	-0.120566	0.455241	0.882168	91.456963	58.107674	617.085632	
-0.971452	0.059878	-0.229553	-0.152987	-0.897663	0.413277	-0.181315	0.436597	0.881197	95.587296	56.848885	609.660034	
-0.942141	0.162165	-0.293379	-0.267415	-0.891334	0.366078	-0.202134	0.423351	0.883128	98.177116	53.325611	599.747742	
-0.897412	0.255880	-0.359412	-0.378529	-0.865034	0.329293	-0.226644	0.431559	0.873149	99.583099	50.844852	596.024292	
-0.848044	0.290471	-0.443223	-0.425400	-0.871902	0.242534	-0.315998	0.394227	0.862978	100.293900	44.860661	592.092896	
-0.803033	0.327713	-0.497736	-0.470968	-0.860752	0.193123	-0.365139	0.389502	0.845554	98.908791	37.686077	586.047607	
-0.718993	0.338986	-0.606743	-0.495895	-0.861876	0.106110	-0.486967	0.377173	0.787784	95.313988	28.981228	583.901306	
-0.641852	0.391842	-0.659155	-0.560235	-0.826561	0.054172	-0.523604	0.404052	0.750054	92.229111	19.829548	579.695068	
-0.529518	0.405772	-0.744957	-0.634407	-0.772409	0.030215	-0.563151	0.488605	0.666429	84.392471	13.995931	576.607361	
-0.420166	0.380136	-0.823989	-0.685857	-0.727601	0.014063	-0.594188	0.571048	0.566432	73.867210	7.744459	569.961853	
-0.354515	0.370877	-0.858353	-0.653811	-0.754582	-0.056003	-0.668468	0.541348	0.509995	62.664417	1.081395	569.854858	
-0.292217	0.339284	-0.894146	-0.634565	-0.768276	-0.084139	-0.715497	0.542807	0.439801	48.945484	-6.148921	567.176331	
-0.201805	0.320847	-0.925383	-0.644249	-0.755132	-0.121321	-0.737710	0.571694	0.359095	33.821503	-19.452429	564.867432	
-0.128011	0.220534	-0.966943	-0.615720	-0.781992	-0.096838	-0.777497	0.582970	0.235891	25.760031	-27.028973	563.592224	
-0.037845	0.120822	-0.991953	-0.610258	-0.788850	-0.072801	-0.791297	0.602593	0.103587	8.521704	-35.346195	563.992615	
0.012290	0.000819	-0.999925	-0.579591	-0.814870	-0.007790	-0.814814	0.579644	-0.009539	-0.565765	-43.457405	565.448242	
0.166141	-0.020330	-0.985893	-0.637513	-0.764967	-0.091658	-0.752312	0.643749	-0.140053	-19.432768	-55.217091	547.094849	
0.166986	-0.120418	-0.978579	-0.671331	-0.740788	-0.023400	-0.722101	0.660858	-0.204542	-36.719181	-61.804661	537.341919	
0.073499	-0.272293	-0.959403	-0.621062	-0.765193	0.169594	-0.780308	0.583384	-0.225352	-61.751598	-82.858101	575.432007	
0.073499	-0.272293	-0.959403	-0.621062	-0.765193	0.169594	-0.780308	0.583384	-0.225352	-61.751598	-82.858101	575.432007	
0.073499	-0.272293	-0.959403	-0.621062	-0.765193	0.169594	-0.780308	0.583384	-0.225352	-61.751598	-82.858101	575.432007	
-0.019042	-0.641547	-0.766847	-0.694388	-0.543344	0.471807	-0.719348	0.541474	-0.435137	-102.749260	-111.691353	580.991699	
-0.052527	-0.686347	-0.725375	-0.668899	-0.515169	0.535888	-0.741495	0.513351	-0.432037	-120.974930	-118.201958	580.542786	
-0.142679	-0.758768	-0.635542	-0.663803	-0.402936	0.630086	-0.734172	0.511775	-0.446182	-129.697495	-131.238251	584.862183	
-0.236996	-0.779233	-0.580197	-0.635941	-0.327051	0.699011	-0.734447	0.534634	-0.418036	-144.691391	-143.421814	586.891663	
-0.318093	-0.797044	-0.513359	-0.582393	-0.262991	0.769191	-0.748088	0.543651	-0.380538	-152.205444	-155.839020	590.068237	
-0.377000	-0.841141	-0.387754	-0.499543	-0.167881	0.849867	-0.779954	0.514100	-0.356894	-165.995163	-167.406219	599.618286	
-0.469848	-0.845630	-0.253282	-0.434755	-0.028043	0.900112	-0.768264	0.533032	-0.354466	-172.673630	-173.282288	607.246399	
-0.534370	-0.834857	-0.132147	-0.315557	0.052006	0.947481	-0.784137	0.548006	-0.291235	-181.962540	-182.388885	612.812866	
-0.565856	-0.824309	0.017962	-0.225199	0.175474	0.958381	-0.793153	0.538261	-0.284926	-191.029099	-187.982697	624.148804	
-0.592183	-0.789429	0.161624	-0.099055	0.270369	0.957647	-0.799691	0.551094	-0.238305	-196.819397	-191.860016	627.770874	
-0.635774	-0.714552	0.291903	0.059897	0.331361	0.941601	-0.769547	0.616130	-0.167871	-199.225983	-193.587982	636.973389	
-0.647384	-0.625944	0.434843	0.262065	0.352935	0.898197	-0.715692	0.695436	-0.064446	-198.460342	-197.974319	636.868896	
-0.652867	-0.518799	0.551917	0.402908	0.379157	0.833009	-0.641427	0.766217	-0.038511	-197.317490	-201.388763	649.561401	
-0.625405	-0.436528	0.646771	0.517115	0.388855	0.762485	-0.584345	0.811317	-0.017457	-197.355377	-204.461945	663.957275	
-0.600268	-0.363026	0.712665	0.634682	0.325999	0.700645	-0.486679	0.872891	0.034719	-194.441925	-206.148148	672.762024	
-0.534035	-0.268708	0.801625	0.760542	0.261471	0.594312	-0.369298	0.927054	0.064729	-186.932510	-206.025177	679.230042	
-0.447269	-0.180299	0.876038	0.850081	0.218802	0.479048	-0.278050	0.958968	0.055405	-182.715607	-205.408524	695.664673	
-0.394086	-0.125707	0.910437	0.898898	0.153701	0.410313	-0.191514	0.980089	0.052426	-176.772079	-201.991089	704.275146	
-0.262402	-0.071708	0.962291	0.941411	0.199938	0.271606	-0.211875	0.977181	0.015042	-163.530853	-202.261856	717.936279	
-0.139097	-0.009848	0.990230	0.965556	0.220693	0.137825	-0.219894	0.975294	-0.021190	-149.505402	-201.141403	739.776001	
0.001387	0.068918	0.997621	0.989408	0.144710	-0.011373	-0.145150	0.987071	-0.067988	-133.121033	-197.463104	746.725586	
0.150827	0.164665	0.974749	0.983779	0.071854	-0.164363	-0.097104	0.983729	-0.151157	-117.726524	-195.131561	762.707520	
0.230876	0.217455	0.948371	0.962070	0.094554	-0.255892	-0.145317	0.971480	-0.187377	-108.587257	-188.432556	768.831177	
0.313068	0.268731	0.910918	0.934758	0.082450	-0.345586	-0.167974	0.959681	-0.225386	-98.760910	-178.307327	775.230225	
0.312195	0.310442	0.897864	0.935458	0.064375	-0.347525	-0.165686	0.948411	-0.270308	-82.037216	-170.138916	793.679932	
0.400445	0.370972	0.837868	0.893227	0.045956	-0.447251	-0.204422	0.927507	-0.312959	-73.163300	-164.595291	812.777771	
0.395652	0.396186	0.828550	0.895715	0.032815	-0.443416	-0.202863	0.917584	-0.341887	-55.375156	-152.562958	813.521179	
0.718473	-0.169351	0.674624	0.478994	-0.582807	-0.656430	0.504343	0.794768	-0.337613	-25.493000	-144.507004	870.056030	
0.718473	-0.169351	0.674624	0.478994	-0.582807	-0.656430	0.504343	0.794768	-0.337613	-25.493000	-144.507004	870.056030	
0.718473	-0.169351	0.674624	0.478994	-0.582807	-0.656430	0.504343	0.794768	-0.337613	-25.493000	-144.507004	870.056030	
0.873021	-0.326032	0.362680	0.088519	-0.625392	-0.775273	0.479582	0.708934	-0.517121	13.054716	-109.314529	881.212280	
0.880159	-0.415162	0.230133	-0.063320	-0.583173	-0.809876	0.470437	0.698247	-0.539573	21.282681	-94.968452	888.158264	
0.880034	-0.462477	0.107962	-0.187584	-0.547348	-0.815611	0.436294	0.697513	-0.568438	29.053802	-80.743645	897.211975	
0.854786	-0.516919	0.046213	-0.268308	-0.516383	-0.813240	0.444243	0.682746	-0.580090	35.706318	-66.193993	911.248474	
0.817545	-0.575432	-0.022316	-0.357868	-0.477316	-0.802558	0.451166	0.664113	-0.596156	41.807739	-52.068813	930.894287	
0.766921	-0.635213	-0.091313	-0.455004	-0.437884	-0.775389	0.452553	0.636209	-0.624846	51.993484	-45.289951	944.216858	
0.712952	-0.670720	-0.204538	-0.559159	-0.367780	-0.743020	0.423133	0.644106	-0.637248	60.105721	-31.625925	948.716980	
0.655880	-0.704926	-0.270003	-0.645229	-0.337885	-0.685210	0.391793	0.623629	-0.676450	63.492912	-17.580725	960.464111	
0.597951	-0.730646	-0.329563	-0.681202	-0.246559	-0.689328	0.422398	0.636682	-0.645147	65.059761	-3.377064	965.341858	
0.560599	-0.716956	-0.414371	-0.731795	-0.194730	-0.653113	0.387563	0.669368	-0.633830	66.370132	9.545452	973.467834	
0.517760	-0.716557	-0.467410	-0.769195	-0.150725	-0.620985	0.374520	0.681049	-0.629210	65.536102	21.586327	976.970520	
0.464521	-0.689107	-0.556195	-0.821880	-0.101605	-0.560528	0.329751	0.717501	-0.613560	63.041557	26.666832	983.202515	
0.423518	-0.672986	-0.606401	-0.848782	-0.060887	-0.525226	0.316547	0.737145	-0.597005	59.788460	37.440460	990.232727	
0.379366	-0.602810	-0.701927	-0.875663	0.011102	-0.482797	0.298827	0.797808	-0.523646	52.494186	48.118275	988.957764	
0.361142	-0.539900	-0.760319	-0.883901	0.061622	-0.463599	0.297149	0.839471	-0.454963	46.405899	57.209763	984.542358	
0.311171	-0.506434	-0.804175	-0.907457	0.093027	-0.409719	0.282306	0.857246	-0.430619	36.114826	65.568092	990.625366	
0.244214	-0.518280	-0.819601	-0.902871	0.186852	-0.387183	0.353813	0.834549	-0.422308	24.465500	77.822197	1048.420044	
0.244214	-0.518280	-0.819601	-0.902871	0.186852	-0.387183	0.353813	0.834549	-0.422308	24.465500	77.822197	1048.420044	
0.244214	-0.518280	-0.819601	-0.902871	0.186852	-0.387183	0.353813	0.834549	-0.422308	24.465500	77.822197	1048.420044	
0.244214	-0.518280	-0.819601	-0.902871	0.186852	-0.387183	0.353813	0.834549	-0.422308	24.465500	77.822197	1048.420044	
0.081003	-0.264149	-0.961074	-0.891663	0.411679	-0.188302	0.445394	0.872207	-0.202186	-33.572830	90.485039	1029.187256	
0.019510	-0.165812	-0.985964	-0.895579	0.435504	-0.090961	0.444474	0.884783	-0.140002	-42.677689	90.915703	1023.398743	
0.041851	-0.073204	-0.996439	-0.865537	0.495532	-0.072758	0.499093	0.865499	-0.042623	-52.472546	91.160057	1023.899109	
0.017762	0.032211	-0.999323	-0.850521	0.525938	0.001835	0.525641	0.849912	0.036737	-62.569962	91.814346	1028.195801	
-0.030135	0.140519	-0.989619	-0.835142	0.540461	0.102173	0.549208	0.829551	0.101066	-81.845749	91.538200	1030.559082	
-0.010226	0.214453	-0.976681	-0.823172	0.552715	0.129980	0.567701	0.805304	0.170879	-92.706909	90.936874	1034.608765	
-0.017312	0.334086	-0.942384	-0.789436	0.573842	0.217936	0.613589	0.747724	0.253805	-101.583763	87.991791	1030.770752	
-0.002660	0.405729	-0.913990	-0.766313	0.586380	0.262530	0.642462	0.701100	0.309356	-111.093628	84.476753	1034.488037	
0.030978	0.464942	-0.884800	-0.738175	0.607478	0.293371	0.673897	0.644048	0.362027	-120.524086	80.685837	1043.830078	
0.070489	0.517303	-0.852895	-0.705165	0.630589	0.324189	0.705531	0.578579	0.409234	-129.097672	74.278877	1042.261230	
0.100774	0.553812	-0.826522	-0.692042	0.635867	0.341686	0.714788	0.537554	0.447340	-137.171173	67.284714	1044.484985	
0.121841	0.599638	-0.790942	-0.666535	0.639894	0.382448	0.735449	0.480592	0.477645	-145.343582	63.549263	1042.422241	
0.163237	0.646901	-0.744898	-0.630854	0.648940	0.425323	0.758537	0.400493	0.514031	-151.922989	53.925854	1042.927734	
0.223958	0.690419	-0.687870	-0.590300	0.657700	0.467947	0.775493	0.301249	0.554852	-163.193604	43.230282	1040.448975	
0.305165	0.757518	-0.577097	-0.563367	0.632190	0.531933	0.767784	0.162789	0.619683	-170.106796	31.647854	1028.693481	
0.331005	0.805659	-0.491273	-0.584711	0.583742	0.563345	0.740641	0.100782	0.664300	-173.076950	26.505577	1027.054077	
0.351828	0.827027	-0.438456	-0.642493	0.554001	0.529419	0.680749	0.095439	0.726273	-175.453171	20.555588	1013.643982	
0.378689	0.838056	-0.392754	-0.711932	0.534924	0.454982	0.591394	0.107316	0.799210	-177.428558	14.934402	1006.010010	
0.358563	0.857143	-0.369781	-0.767969	0.496051	0.405164	0.530714	0.138703	0.836125	-177.871475	8.355927	1011.187683	
0.344648	0.879516	-0.328129	-0.805086	0.456694	0.378507	0.482758	0.133719	0.865485	-175.674637	2.642256	1006.005737	
0.319716	0.893757	-0.314611	-0.832020	0.423684	0.358097	0.453348	0.147273	0.879083	-173.238571	-10.678852	1010.056824	
0.295612	0.898632	-0.324151	-0.847443	0.403304	0.345233	0.440969	0.172645	0.880761	-170.658142	-18.258705	1005.867920	
0.247082	0.920864	-0.301594	-0.894834	0.336256	0.293603	0.371782	0.197333	0.907104	-163.413696	-33.719734	1009.059021	
0.235465	0.933090	-0.271843	-0.928741	0.298443	0.219937	0.286351	0.200683	0.936872	-155.960190	-42.128891	1018.666321	
0.215662	0.946592	-0.239694	-0.943308	0.265390	0.199344	0.252310	0.183114	0.950163	-143.754303	-49.201576	1006.854187	
0.544179	0.731028	0.411664	-0.712137	0.143073	0.687307	0.443542	-0.667179	0.598450	-135.542007	-64.367203	964.293030	
