0.999100	-0.040465	0.012746	0.038472	0.990790	0.129822	-0.017882	-0.129215	0.991455	19.028500	3.642426	538.529968	
0.989665	-0.139414	0.033557	0.131911	0.976889	0.168189	-0.056230	-0.162024	0.985183	27.975191	6.962404	537.359192	
0.980976	-0.189271	0.043149	0.180562	0.971232	0.155258	-0.071293	-0.144513	0.986931	37.031315	15.492016	542.939880	
0.973564	-0.222652	0.050977	0.217564	0.971897	0.089901	-0.069561	-0.076434	0.994645	45.651413	18.212099	547.469543	
0.939861	-0.286227	0.186375	0.297899	0.953866	-0.037355	-0.167085	0.090630	0.981768	53.837692	24.207844	550.371460	
0.862158	-0.317822	0.394554	0.395493	0.908927	-0.132048	-0.316653	0.269890	0.909335	67.955780	24.800760	539.251587	
0.704349	-0.333177	0.626806	0.504570	0.856083	-0.111942	-0.499302	0.395114	0.771092	73.805862	29.229834	541.452332	
0.591475	-0.341627	0.730375	0.533708	0.844857	-0.037033	-0.604412	0.411711	0.682041	82.864677	31.599457	560.830505	
0.532035	-0.347786	0.772000	0.581644	0.812701	-0.034726	-0.615328	0.467505	0.634673	88.208420	31.408787	556.527405	
0.421922	-0.320225	0.848197	0.629027	0.777138	-0.019501	-0.652922	0.541766	0.529322	98.533035	31.123131	565.338379	
0.361047	-0.331327	0.871704	0.696316	0.717564	-0.015664	-0.620314	0.612637	0.489783	103.064194	29.355457	575.231812	
0.248679	-0.308036	0.918299	0.758430	0.651621	0.013195	-0.602448	0.693184	0.395668	107.818344	25.449545	582.560425	
0.232360	-0.289098	0.928672	0.812363	0.582742	-0.021849	-0.534860	0.759495	0.370259	111.485268	24.390881	602.259827	
0.131097	-0.222967	0.965971	0.838430	0.544877	0.011982	-0.529008	0.808328	0.258374	114.698196	18.425829	618.245544	
0.090591	-0.144147	0.985401	0.908377	0.417550	-0.022429	-0.408221	0.897147	0.168766	113.116173	13.505243	620.083008	
0.113555	-0.076870	0.990553	0.934059	0.348026	-0.080070	-0.338584	0.934327	0.111321	111.735367	7.770065	623.109802	
0.097957	-0.002012	0.995189	0.950546	0.296346	-0.092964	-0.294733	0.955078	0.030941	113.243843	5.416335	635.144470	
-0.003970	0.011874	0.999922	0.985201	0.171395	0.001876	-0.171359	0.985131	-0.012379	101.829002	-3.853350	629.432007	
-0.003970	0.011874	0.999922	0.985201	0.171395	0.001876	-0.171359	0.985131	-0.012379	101.829002	-3.853350	629.432007	
-0.003970	0.011874	0.999922	0.985201	0.171395	0.001876	-0.171359	0.985131	-0.012379	101.829002	-3.853350	629.432007	
-0.003970	0.011874	0.999922	0.985201	0.171395	0.001876	-0.171359	0.985131	-0.012379	101.829002	-3.853350	629.432007	
0.011939	0.347813	0.937488	0.968589	-0.236909	0.075560	0.248379	0.907139	-0.339717	75.426750	-37.326591	663.098633	
-0.050221	0.400256	0.915026	0.946249	-0.274037	0.171805	0.319516	0.874471	-0.364980	73.517899	-50.068508	712.176208	
0.063172	0.490709	0.869031	0.929206	-0.346622	0.128178	0.364123	0.799411	-0.477866	59.836300	-57.088799	687.330017	
0.063172	0.490709	0.869031	0.929206	-0.346622	0.128178	0.364123	0.799411	-0.477866	59.836300	-57.088799	687.330017	
0.063172	0.490709	0.869031	0.929206	-0.346622	0.128178	0.364123	0.799411	-0.477866	59.836300	-57.088799	687.330017	
0.280420	0.666603	0.690656	0.858069	-0.496574	0.130886	0.430211	0.555928	-0.711241	15.123846	-93.666000	693.130249	
0.307080	0.753430	0.581416	0.785245	-0.545752	0.292480	0.537673	0.366739	-0.759217	5.856120	-104.620003	741.161987	
0.307080	0.753430	0.581416	0.785245	-0.545752	0.292480	0.537673	0.366739	-0.759217	5.856120	-104.620003	741.161987	
0.307080	0.753430	0.581416	0.785245	-0.545752	0.292480	0.537673	0.366739	-0.759217	5.856120	-104.620003	741.161987	
0.464006	0.785264	0.409951	0.527408	-0.616719	0.584379	0.711715	-0.054943	-0.700316	-21.757463	-140.981812	760.484802	
0.504071	0.754901	0.419568	0.396250	-0.633799	0.664294	0.767397	-0.168597	-0.618608	-28.466801	-146.284592	778.095459	
0.565837	0.736986	0.369704	0.444381	-0.650280	0.616167	0.694517	-0.184360	-0.695454	-36.252464	-163.540573	803.749146	
0.645283	0.675590	0.356635	0.404025	-0.698004	0.591231	0.648362	-0.237421	-0.723365	-45.861485	-180.735291	817.743347	
0.771734	0.635914	-0.006367	0.544391	-0.655424	0.523506	0.328731	-0.407473	-0.851998	-55.797714	-187.719986	842.691162	
0.803837	0.583799	-0.114125	0.538257	-0.632179	0.557342	0.253227	-0.509441	-0.822402	-71.427063	-199.931778	855.618591	
0.821038	0.509051	-0.258385	0.539076	-0.542401	0.644359	0.187862	-0.668333	-0.719748	-84.046524	-209.015335	849.475220	
0.846096	0.424217	-0.322739	0.501162	-0.426901	0.752723	0.181540	-0.798621	-0.573801	-100.819275	-222.085815	887.339966	
0.862496	0.355811	-0.359859	0.485379	-0.380414	0.787205	0.143201	-0.853630	-0.500809	-111.178452	-227.456299	904.033691	
0.879330	0.288091	-0.379186	0.475935	-0.504477	0.720408	0.016252	-0.813945	-0.580715	-111.650002	-225.925003	879.422974	
0.879330	0.288091	-0.379186	0.475935	-0.504477	0.720408	0.016252	-0.813945	-0.580715	-111.650002	-225.925003	879.422974	
0.879330	0.288091	-0.379186	0.475935	-0.504477	0.720408	0.016252	-0.813945	-0.580715	-111.650002	-225.925003	879.422974	
0.879330	0.288091	-0.379186	0.475935	-0.504477	0.720408	0.016252	-0.813945	-0.580715	-111.650002	-225.925003	879.422974	
0.767964	0.044437	-0.638950	0.603083	-0.386113	0.698003	-0.215689	-0.921381	-0.323320	-117.062035	-245.736145	919.771667	
0.723695	-0.008402	-0.690068	0.640789	-0.363077	0.676435	-0.256231	-0.931722	-0.257374	-121.479012	-259.729889	950.918762	
0.693541	-0.055740	-0.718257	0.650410	-0.380274	0.657540	-0.309786	-0.923193	-0.227481	-111.660004	-252.192993	942.481018	
0.693541	-0.055740	-0.718257	0.650410	-0.380274	0.657540	-0.309786	-0.923193	-0.227481	-111.660004	-252.192993	942.481018	
0.693541	-0.055740	-0.718257	0.650410	-0.380274	0.657540	-0.309786	-0.923193	-0.227481	-111.660004	-252.192993	942.481018	
0.693541	-0.055740	-0.718257	0.650410	-0.380274	0.657540	-0.309786	-0.923193	-0.227481	-111.660004	-252.192993	942.481018	
0.693541	-0.055740	-0.718257	0.650410	-0.380274	0.657540	-0.309786	-0.923193	-0.227481	-111.660004	-252.192993	942.481018	
0.424724	-0.234334	-0.874470	0.775409	-0.404398	0.484978	-0.467280	-0.884053	0.009947	-68.843781	-237.358124	938.559387	
0.356475	-0.279142	-0.891631	0.698428	-0.554266	0.452756	-0.620584	-0.784136	-0.002621	-58.667900	-240.707001	988.877014	
0.356475	-0.279142	-0.891631	0.698428	-0.554266	0.452756	-0.620584	-0.784136	-0.002621	-58.667900	-240.707001	988.877014	
0.356475	-0.279142	-0.891631	0.698428	-0.554266	0.452756	-0.620584	-0.784136	-0.002621	-58.667900	-240.707001	988.877014	
0.356475	-0.279142	-0.891631	0.698428	-0.554266	0.452756	-0.620584	-0.784136	-0.002621	-58.667900	-240.707001	988.877014	
0.109790	-0.151618	-0.982323	0.739268	-0.648164	0.182667	-0.664401	-0.746255	0.040925	-19.905033	-215.842865	1021.311340	
0.079203	-0.129806	-0.988371	0.732375	-0.665058	0.146033	-0.676280	-0.735424	0.042392	-11.250000	-199.664993	1015.099976	
0.079203	-0.129806	-0.988371	0.732375	-0.665058	0.146033	-0.676280	-0.735424	0.042392	-11.250000	-199.664993	1015.099976	
0.079203	-0.129806	-0.988371	0.732375	-0.665058	0.146033	-0.676280	-0.735424	0.042392	-11.250000	-199.664993	1015.099976	
-0.035537	0.075991	-0.996475	0.655283	-0.751066	-0.080645	-0.754547	-0.655838	-0.023105	28.573292	-165.282761	1036.364136	
-0.025843	0.139531	-0.989880	0.639835	-0.758505	-0.123621	-0.768078	-0.636555	-0.069675	44.483299	-149.996002	1024.770020	
-0.025843	0.139531	-0.989880	0.639835	-0.758505	-0.123621	-0.768078	-0.636555	-0.069675	44.483299	-149.996002	1024.770020	
-0.025843	0.139531	-0.989880	0.639835	-0.758505	-0.123621	-0.768078	-0.636555	-0.069675	44.483299	-149.996002	1024.770020	
-0.025843	0.139531	-0.989880	0.639835	-0.758505	-0.123621	-0.768078	-0.636555	-0.069675	44.483299	-149.996002	1024.770020	
0.033126	0.307272	-0.951045	0.699390	-0.686892	-0.197566	-0.713972	-0.658607	-0.237657	92.672760	-107.368584	1021.626648	
0.029121	0.299493	-0.953655	0.723471	-0.664647	-0.186639	-0.689740	-0.684507	-0.236029	105.414124	-102.994125	1055.240601	
0.556244	0.194585	-0.807917	0.716842	-0.604163	0.348030	-0.420392	-0.772738	-0.475549	109.754662	-87.460625	1028.920166	
0.245917	0.391312	-0.886792	0.431755	-0.863334	-0.261230	-0.867820	-0.318636	-0.381260	116.265999	-67.012703	1015.229980	
0.245917	0.391312	-0.886792	0.431755	-0.863334	-0.261230	-0.867820	-0.318636	-0.381260	116.265999	-67.012703	1015.229980	
0.245917	0.391312	-0.886792	0.431755	-0.863334	-0.261230	-0.867820	-0.318636	-0.381260	116.265999	-67.012703	1015.229980	
0.245917	0.391312	-0.886792	0.431755	-0.863334	-0.261230	-0.867820	-0.318636	-0.381260	116.265999	-67.012703	1015.229980	
0.296098	0.278778	-0.913569	0.257445	-0.944355	-0.204732	-0.919808	-0.174573	-0.351393	124.933395	-19.799734	1020.148865	
0.596175	0.281250	-0.751980	0.250833	-0.954996	-0.158319	-0.762665	-0.094235	-0.639892	122.593002	-2.212050	995.728027	
0.596175	0.281250	-0.751980	0.250833	-0.954996	-0.158319	-0.762665	-0.094235	-0.639892	122.593002	-2.212050	995.728027	
0.596175	0.281250	-0.751980	0.250833	-0.954996	-0.158319	-0.762665	-0.094235	-0.639892	122.593002	-2.212050	995.728027	
0.596175	0.281250	-0.751980	0.250833	-0.954996	-0.158319	-0.762665	-0.094235	-0.639892	122.593002	-2.212050	995.728027	
0.977988	0.098184	-0.184121	0.109424	-0.992640	0.051894	-0.177670	-0.070899	-0.981532	94.139450	26.017963	947.320618	
0.990428	0.018614	-0.136772	0.027165	-0.997773	0.060928	-0.135333	-0.064060	-0.988727	88.979317	31.389496	942.705872	
0.994590	-0.041975	-0.095027	-0.021107	-0.977307	0.210776	-0.101717	-0.207631	-0.972904	74.850418	38.498402	945.524231	
0.991754	-0.056228	-0.115162	-0.052466	-0.997994	0.035442	-0.116924	-0.029108	-0.992714	68.731384	41.889526	990.638123	
0.836847	-0.172584	-0.519521	-0.046735	-0.968064	0.246309	-0.545438	-0.181843	-0.818187	51.109901	48.019600	938.827026	
0.836847	-0.172584	-0.519521	-0.046735	-0.968064	0.246309	-0.545438	-0.181843	-0.818187	51.109901	48.019600	938.827026	
0.836847	-0.172584	-0.519521	-0.046735	-0.968064	0.246309	-0.545438	-0.181843	-0.818187	51.109901	48.019600	938.827026	
0.806315	-0.461367	-0.370130	-0.287506	-0.852575	0.436413	-0.516910	-0.245473	-0.820090	5.677593	55.236954	896.160950	
0.727994	-0.567311	-0.384946	-0.336105	-0.784709	0.520831	-0.597543	-0.249780	-0.761940	-13.436400	55.756599	889.986023	
0.727994	-0.567311	-0.384946	-0.336105	-0.784709	0.520831	-0.597543	-0.249780	-0.761940	-13.436400	55.756599	889.986023	
0.727994	-0.567311	-0.384946	-0.336105	-0.784709	0.520831	-0.597543	-0.249780	-0.761940	-13.436400	55.756599	889.986023	
0.465632	-0.830351	-0.306111	-0.485053	-0.528770	0.696509	-0.740210	-0.175836	-0.648977	-74.944839	50.510021	882.620300	
0.414594	-0.866379	-0.278386	-0.410109	-0.450975	0.792737	-0.812356	-0.214496	-0.542281	-81.324600	45.281200	869.359009	
0.414594	-0.866379	-0.278386	-0.410109	-0.450975	0.792737	-0.812356	-0.214496	-0.542281	-81.324600	45.281200	869.359009	
0.414594	-0.866379	-0.278386	-0.410109	-0.450975	0.792737	-0.812356	-0.214496	-0.542281	-81.324600	45.281200	869.359009	
0.031405	-0.975410	-0.218147	-0.342970	-0.215520	0.914288	-0.938822	0.046105	-0.341304	-118.853455	31.225601	804.942627	
-0.160932	-0.965148	-0.206371	-0.273645	-0.157265	0.948886	-0.948272	0.209178	-0.238799	-129.930817	25.735956	783.003052	
-0.086286	-0.982152	-0.167130	-0.117480	-0.156555	0.980657	-0.989320	0.104252	-0.101875	-148.531998	21.268700	788.650024	
-0.086286	-0.982152	-0.167130	-0.117480	-0.156555	0.980657	-0.989320	0.104252	-0.101875	-148.531998	21.268700	788.650024	
-0.086286	-0.982152	-0.167130	-0.117480	-0.156555	0.980657	-0.989320	0.104252	-0.101875	-148.531998	21.268700	788.650024	
-0.086286	-0.982152	-0.167130	-0.117480	-0.156555	0.980657	-0.989320	0.104252	-0.101875	-148.531998	21.268700	788.650024	
-0.604826	-0.793106	-0.071890	0.143547	-0.197372	0.969762	-0.783314	0.576218	0.233224	-157.624847	-12.574056	683.051453	
-0.658585	-0.752295	-0.017806	0.270669	-0.258899	0.927205	-0.702143	0.605825	0.374130	-163.436020	-25.960333	686.780090	
-0.697996	-0.715920	-0.016096	0.329343	-0.340894	0.880525	-0.635873	0.609303	0.473726	-172.931076	-34.213718	716.878113	
-0.697022	-0.716068	0.037512	0.449717	-0.395810	0.800680	-0.558494	0.574962	0.597916	-177.803680	-44.351887	737.784912	
-0.784373	-0.620067	0.016579	0.403182	-0.489340	0.773298	-0.471385	0.613239	0.633825	-170.566727	-49.899040	714.285339	
-0.859199	-0.510565	-0.033174	0.309726	-0.570637	0.760555	-0.407243	0.643193	0.648426	-164.214005	-65.304398	707.044983	
-0.859199	-0.510565	-0.033174	0.309726	-0.570637	0.760555	-0.407243	0.643193	0.648426	-164.214005	-65.304398	707.044983	
-0.859199	-0.510565	-0.033174	0.309726	-0.570637	0.760555	-0.407243	0.643193	0.648426	-164.214005	-65.304398	707.044983	
-0.859199	-0.510565	-0.033174	0.309726	-0.570637	0.760555	-0.407243	0.643193	0.648426	-164.214005	-65.304398	707.044983	
-0.985690	-0.108128	0.129320	0.149910	-0.913114	0.379142	0.077088	0.393103	0.916257	-130.610825	-112.505898	672.639893	
-0.999934	0.010617	0.004433	-0.008690	-0.949464	0.313754	0.007540	0.313695	0.949494	-116.258003	-119.597000	662.375977	
-0.999934	0.010617	0.004433	-0.008690	-0.949464	0.313754	0.007540	0.313695	0.949494	-116.258003	-119.597000	662.375977	
-0.999934	0.010617	0.004433	-0.008690	-0.949464	0.313754	0.007540	0.313695	0.949494	-116.258003	-119.597000	662.375977	
-0.963673	0.265238	-0.031353	-0.266741	-0.949832	0.163304	0.013534	0.165735	0.986078	-78.280212	-137.203964	615.185852	
-0.931647	0.356576	-0.069908	-0.361971	-0.893917	0.264364	0.031774	0.271599	0.961886	-67.081451	-137.482147	581.440735	
-0.880969	0.472274	0.029158	-0.472265	-0.873789	-0.116010	-0.029311	-0.115972	0.992820	-62.430099	-156.656998	612.107971	
-0.880969	0.472274	0.029158	-0.472265	-0.873789	-0.116010	-0.029311	-0.115972	0.992820	-62.430099	-156.656998	612.107971	
-0.880969	0.472274	0.029158	-0.472265	-0.873789	-0.116010	-0.029311	-0.115972	0.992820	-62.430099	-156.656998	612.107971	
-0.880969	0.472274	0.029158	-0.472265	-0.873789	-0.116010	-0.029311	-0.115972	0.992820	-62.430099	-156.656998	612.107971	
-0.540209	0.829644	0.140943	-0.811888	-0.469759	-0.346647	-0.221384	-0.301692	0.927346	-6.167738	-180.899811	590.054199	
-0.415882	0.873907	0.251650	-0.894635	-0.343455	-0.285774	-0.163309	-0.343983	0.924665	5.161727	-175.856262	556.166626	
-0.278673	0.950076	0.140345	-0.934083	-0.234165	-0.269544	-0.223223	-0.206208	0.952706	21.171772	-196.233597	590.436829	
-0.160619	0.985099	0.061494	-0.954313	-0.139090	-0.264462	-0.251967	-0.101162	0.962433	29.715723	-200.961761	594.400330	
-0.108028	0.993285	-0.041413	-0.993808	-0.108985	-0.021599	-0.025966	0.038824	0.998908	44.770443	-206.841080	596.908569	
0.098901	0.995097	0.000014	-0.468384	0.046564	-0.882297	-0.877972	0.087253	0.470693	52.683998	-195.181000	568.809021	
0.098901	0.995097	0.000014	-0.468384	0.046564	-0.882297	-0.877972	0.087253	0.470693	52.683998	-195.181000	568.809021	
0.098901	0.995097	0.000014	-0.468384	0.046564	-0.882297	-0.877972	0.087253	0.470693	52.683998	-195.181000	568.809021	
0.098901	0.995097	0.000014	-0.468384	0.046564	-0.882297	-0.877972	0.087253	0.470693	52.683998	-195.181000	568.809021	
0.098901	0.995097	0.000014	-0.468384	0.046564	-0.882297	-0.877972	0.087253	0.470693	52.683998	-195.181000	568.809021	
0.098901	0.995097	0.000014	-0.468384	0.046564	-0.882297	-0.877972	0.087253	0.470693	52.683998	-195.181000	568.809021	
0.098901	0.995097	0.000014	-0.468384	0.046564	-0.882297	-0.877972	0.087253	0.470693	52.683998	-195.181000	568.809021	
0.098901	0.995097	0.000014	-0.468384	0.046564	-0.882297	-0.877972	0.087253	0.470693	52.683998	-195.181000	568.809021	
0.098901	0.995097	0.000014	-0.468384	0.046564	-0.882297	-0.877972	0.087253	0.470693	52.683998	-195.181000	568.809021	
0.098901	0.995097	0.000014	-0.468384	0.046564	-0.882297	-0.877972	0.087253	0.470693	52.683998	-195.181000	568.809021	
0.098901	0.995097	0.000014	-0.468384	0.046564	-0.882297	-0.877972	0.087253	0.470693	52.683998	-195.181000	568.809021	
0.098901	0.995097	0.000014	-0.468384	0.046564	-0.882297	-0.877972	0.087253	0.470693	52.683998	-195.181000	568.809021	
0.871075	0.460675	-0.170314	0.182583	-0.625643	-0.758442	-0.455951	0.629564	-0.629094	54.300842	-135.352890	559.826477	
0.924244	0.352652	-0.146319	0.184734	-0.748439	-0.636955	-0.334134	0.561673	-0.756887	42.189838	-130.398895	573.338623	
0.964106	0.256957	-0.066877	0.148774	-0.731412	-0.665510	-0.219922	0.631673	-0.743387	29.315105	-122.727310	552.166199	
0.990845	0.120924	-0.060025	0.044016	-0.709695	-0.703133	-0.127625	0.694054	-0.708520	24.150928	-120.629402	545.559509	
0.978448	0.055334	-0.198939	-0.073363	-0.807419	-0.585399	-0.193020	0.587378	-0.785959	12.107563	-135.203064	634.826355	
0.961849	0.007043	-0.273492	-0.094832	-0.929108	-0.357442	-0.256621	0.369741	-0.892993	-15.660300	-97.020599	608.431030	
0.961849	0.007043	-0.273492	-0.094832	-0.929108	-0.357442	-0.256621	0.369741	-0.892993	-15.660300	-97.020599	608.431030	
0.961849	0.007043	-0.273492	-0.094832	-0.929108	-0.357442	-0.256621	0.369741	-0.892993	-15.660300	-97.020599	608.431030	
0.869142	-0.379237	-0.317444	-0.420513	-0.904523	-0.070743	-0.260307	0.194975	-0.945635	-54.171711	-66.761108	614.376953	
0.910307	-0.393441	-0.128624	-0.413358	-0.880399	-0.232447	-0.021787	0.264766	-0.964067	-80.093536	-58.688263	636.672424	
0.734318	-0.524879	-0.430441	-0.481986	-0.849681	0.213846	-0.477981	0.050435	-0.876921	-94.892097	-45.540100	649.846008	
0.734318	-0.524879	-0.430441	-0.481986	-0.849681	0.213846	-0.477981	0.050435	-0.876921	-94.892097	-45.540100	649.846008	
0.734318	-0.524879	-0.430441	-0.481986	-0.849681	0.213846	-0.477981	0.050435	-0.876921	-94.892097	-45.540100	649.846008	
0.546024	-0.656191	-0.520837	-0.463925	-0.754502	0.464221	-0.697591	-0.011847	-0.716399	-140.628571	-20.253365	682.174927	
0.457876	-0.698922	-0.549416	-0.495682	-0.713733	0.494858	-0.738004	0.045752	-0.673244	-149.905029	-7.531882	692.849365	
0.026201	-0.696051	-0.717514	-0.609986	-0.579779	0.540162	-0.791980	0.423520	-0.439771	-147.109665	-2.562819	661.238708	
0.197893	-0.762156	-0.616406	-0.510805	-0.616892	0.598767	-0.836610	0.196372	-0.511392	-170.401993	2.673390	705.960999	
0.197893	-0.762156	-0.616406	-0.510805	-0.616892	0.598767	-0.836610	0.196372	-0.511392	-170.401993	2.673390	705.960999	
0.197893	-0.762156	-0.616406	-0.510805	-0.616892	0.598767	-0.836610	0.196372	-0.511392	-170.401993	2.673390	705.960999	
0.197893	-0.762156	-0.616406	-0.510805	-0.616892	0.598767	-0.836610	0.196372	-0.511392	-170.401993	2.673390	705.960999	
0.051509	-0.629723	-0.775110	-0.128132	-0.773892	0.620220	-0.990418	0.067369	-0.120550	-220.540970	23.801886	838.864563	
-0.143690	-0.608809	-0.780196	-0.386300	-0.691326	0.610607	-0.911112	0.389127	-0.135846	-195.903000	35.338299	753.885010	
-0.143690	-0.608809	-0.780196	-0.386300	-0.691326	0.610607	-0.911112	0.389127	-0.135846	-195.903000	35.338299	753.885010	
-0.143690	-0.608809	-0.780196	-0.386300	-0.691326	0.610607	-0.911112	0.389127	-0.135846	-195.903000	35.338299	753.885010	
-0.143690	-0.608809	-0.780196	-0.386300	-0.691326	0.610607	-0.911112	0.389127	-0.135846	-195.903000	35.338299	753.885010	
-0.213091	-0.412421	-0.885720	-0.466485	-0.753593	0.463128	-0.858477	0.511864	-0.031804	-186.135147	41.471535	806.754395	
-0.242222	-0.376644	-0.894129	-0.496651	-0.743540	0.447754	-0.833466	0.552526	-0.006959	-183.850372	40.462971	841.058472	
-0.181894	-0.323518	-0.928574	-0.432071	-0.821985	0.371018	-0.883306	0.468696	0.009731	-184.507156	41.019215	884.160950	
-0.278917	-0.279606	-0.918709	-0.313508	-0.877746	0.362319	-0.907699	0.389079	0.157160	-166.296005	41.045399	845.341980	
-0.278917	-0.279606	-0.918709	-0.313508	-0.877746	0.362319	-0.907699	0.389079	0.157160	-166.296005	41.045399	845.341980	
-0.278917	-0.279606	-0.918709	-0.313508	-0.877746	0.362319	-0.907699	0.389079	0.157160	-166.296005	41.045399	845.341980	
-0.278240	-0.069200	-0.958016	-0.053678	-0.994722	0.087441	-0.959010	0.075754	0.273057	-146.477280	33.297123	953.819275	
-0.221522	-0.087191	-0.971250	-0.277756	-0.949096	0.148553	-0.934762	0.302678	0.186028	-119.771004	24.764200	903.853027	
-0.221522	-0.087191	-0.971250	-0.277756	-0.949096	0.148553	-0.934762	0.302678	0.186028	-119.771004	24.764200	903.853027	
-0.221522	-0.087191	-0.971250	-0.277756	-0.949096	0.148553	-0.934762	0.302678	0.186028	-119.771004	24.764200	903.853027	
-0.121180	-0.013807	-0.992535	-0.340087	-0.938809	0.054581	-0.932553	0.344162	0.109069	-61.439507	5.656307	918.263977	
-0.026177	-0.000886	-0.999657	-0.221440	-0.975151	0.006663	-0.974823	0.221539	0.025331	-42.125198	-0.737078	941.763000	
-0.026177	-0.000886	-0.999657	-0.221440	-0.975151	0.006663	-0.974823	0.221539	0.025331	-42.125198	-0.737078	941.763000	
-0.026177	-0.000886	-0.999657	-0.221440	-0.975151	0.006663	-0.974823	0.221539	0.025331	-42.125198	-0.737078	941.763000	
0.056391	-0.061856	-0.996491	-0.384298	-0.922526	0.035517	-0.921485	0.380947	-0.075794	-2.607272	-20.812782	962.040405	
0.053792	0.001336	-0.998552	-0.323891	-0.945909	-0.018714	-0.944563	0.324429	-0.050450	12.176916	-32.007614	1015.850464	
0.114581	-0.058403	-0.991696	-0.591357	-0.806140	-0.020851	-0.798227	0.588836	-0.126905	22.947329	-40.418617	976.859924	
0.280159	-0.210069	-0.936687	-0.356491	-0.928751	0.101665	-0.891305	0.305438	-0.335086	35.376400	-49.282600	989.918030	
0.280159	-0.210069	-0.936687	-0.356491	-0.928751	0.101665	-0.891305	0.305438	-0.335086	35.376400	-49.282600	989.918030	
0.280159	-0.210069	-0.936687	-0.356491	-0.928751	0.101665	-0.891305	0.305438	-0.335086	35.376400	-49.282600	989.918030	
0.338070	-0.394140	-0.854612	-0.357938	-0.893686	0.270566	-0.870396	0.214428	-0.443207	77.972672	-84.495224	1007.001160	
0.328740	-0.485143	-0.810288	-0.362184	-0.857136	0.366252	-0.872212	0.173072	-0.457486	88.811104	-89.251419	1002.865417	
0.327519	-0.577564	-0.747764	-0.323866	-0.812095	0.485399	-0.887605	0.083198	-0.453030	95.685097	-106.709229	1027.442749	
0.286373	-0.639706	-0.713279	-0.430462	-0.750996	0.500707	-0.855975	0.163650	-0.490434	100.553177	-116.971329	1049.253662	
0.053952	-0.652858	-0.755557	-0.507664	-0.669507	0.542253	-0.859865	0.354313	-0.367554	93.697662	-117.065033	978.051331	
0.091690	-0.727859	-0.679569	-0.425454	-0.645653	0.634130	-0.900323	0.230982	-0.368871	101.071999	-134.695007	1025.910034	
0.091690	-0.727859	-0.679569	-0.425454	-0.645653	0.634130	-0.900323	0.230982	-0.368871	101.071999	-134.695007	1025.910034	
0.091690	-0.727859	-0.679569	-0.425454	-0.645653	0.634130	-0.900323	0.230982	-0.368871	101.071999	-134.695007	1025.910034	
0.091690	-0.727859	-0.679569	-0.425454	-0.645653	0.634130	-0.900323	0.230982	-0.368871	101.071999	-134.695007	1025.910034	
0.091690	-0.727859	-0.679569	-0.425454	-0.645653	0.634130	-0.900323	0.230982	-0.368871	101.071999	-134.695007	1025.910034	
-0.469610	-0.774857	-0.423157	-0.238939	-0.349864	0.905817	-0.849927	0.526489	-0.020844	83.975487	-176.261505	995.499329	
-0.517272	-0.772073	-0.369233	-0.128104	-0.356726	0.925385	-0.846180	0.525975	0.085619	73.310486	-186.218765	1022.030945	
-0.523959	-0.768997	-0.366211	-0.089462	-0.377890	0.921518	-0.847032	0.515600	0.129203	64.140503	-193.557999	1028.989990	
-0.523959	-0.768997	-0.366211	-0.089462	-0.377890	0.921518	-0.847032	0.515600	0.129203	64.140503	-193.557999	1028.989990	
-0.523959	-0.768997	-0.366211	-0.089462	-0.377890	0.921518	-0.847032	0.515600	0.129203	64.140503	-193.557999	1028.989990	
-0.523959	-0.768997	-0.366211	-0.089462	-0.377890	0.921518	-0.847032	0.515600	0.129203	64.140503	-193.557999	1028.989990	
-0.523959	-0.768997	-0.366211	-0.089462	-0.377890	0.921518	-0.847032	0.515600	0.129203	64.140503	-193.557999	1028.989990	
-0.951753	-0.303171	0.047466	0.221406	-0.571334	0.790289	-0.212474	0.762669	0.610893	10.215996	-205.302765	975.136047	
-0.959158	-0.255996	0.120341	0.258198	-0.618555	0.742108	-0.115539	0.742870	0.659389	2.237630	-215.102005	1006.260010	
-0.959158	-0.255996	0.120341	0.258198	-0.618555	0.742108	-0.115539	0.742870	0.659389	2.237630	-215.102005	1006.260010	
-0.959158	-0.255996	0.120341	0.258198	-0.618555	0.742108	-0.115539	0.742870	0.659389	2.237630	-215.102005	1006.260010	
-0.925918	-0.023761	0.376976	0.222673	-0.840496	0.493946	0.305110	0.541296	0.783521	-52.232491	-218.247330	1024.313843	
-0.897528	0.029123	0.439993	0.213318	-0.844613	0.491045	0.385924	0.534585	0.751851	-58.154282	-219.837616	995.671448	
-0.902968	0.112884	0.414616	0.107245	-0.875144	0.471828	0.416110	0.470511	0.778120	-64.667725	-213.089294	969.290161	
-0.873148	0.128936	0.470094	0.065950	-0.924270	0.376000	0.482974	0.359306	0.798520	-70.174103	-208.054260	948.476318	
-0.722126	0.336663	0.604312	-0.298385	-0.939728	0.166966	0.624100	-0.059747	0.779057	-94.482300	-201.615997	964.468994	
-0.722126	0.336663	0.604312	-0.298385	-0.939728	0.166966	0.624100	-0.059747	0.779057	-94.482300	-201.615997	964.468994	
-0.722126	0.336663	0.604312	-0.298385	-0.939728	0.166966	0.624100	-0.059747	0.779057	-94.482300	-201.615997	964.468994	
-0.722126	0.336663	0.604312	-0.298385	-0.939728	0.166966	0.624100	-0.059747	0.779057	-94.482300	-201.615997	964.468994	
-0.412478	0.485199	0.771002	-0.800458	-0.597087	-0.052484	0.434890	-0.638803	0.634666	-131.277588	-173.195160	927.699646	
-0.355357	0.510153	0.783240	-0.893447	-0.431655	-0.124206	0.274725	-0.743921	0.609185	-141.404282	-169.635590	949.093201	
-0.295648	0.469281	0.832087	-0.948408	-0.248602	-0.196771	0.114517	-0.847333	0.518567	-149.769119	-160.598938	947.797791	
-0.188348	0.366721	0.911066	-0.981068	-0.027700	-0.191671	-0.045053	-0.929919	0.364994	-143.915100	-139.222214	893.627319	
-0.151595	0.267349	0.951600	-0.987089	0.009411	-0.159893	-0.051703	-0.963554	0.262470	-150.365967	-125.916908	924.917297	
-0.049364	0.179448	0.982528	-0.928754	0.353612	-0.111245	-0.367396	-0.918018	0.149208	-146.973007	-109.889000	877.226990	
-0.049364	0.179448	0.982528	-0.928754	0.353612	-0.111245	-0.367396	-0.918018	0.149208	-146.973007	-109.889000	877.226990	
-0.049364	0.179448	0.982528	-0.928754	0.353612	-0.111245	-0.367396	-0.918018	0.149208	-146.973007	-109.889000	877.226990	
-0.049364	0.179448	0.982528	-0.928754	0.353612	-0.111245	-0.367396	-0.918018	0.149208	-146.973007	-109.889000	877.226990	
0.070008	-0.052392	0.996170	-0.651731	0.753622	0.085437	-0.755212	-0.655216	0.018614	-116.893921	-69.503708	755.619873	
-0.034321	-0.222347	0.974363	-0.364250	0.910662	0.194980	-0.930669	-0.348220	-0.112245	-119.956001	-64.141602	816.544006	
-0.034321	-0.222347	0.974363	-0.364250	0.910662	0.194980	-0.930669	-0.348220	-0.112245	-119.956001	-64.141602	816.544006	
-0.034321	-0.222347	0.974363	-0.364250	0.910662	0.194980	-0.930669	-0.348220	-0.112245	-119.956001	-64.141602	816.544006	
-0.034321	-0.222347	0.974363	-0.364250	0.910662	0.194980	-0.930669	-0.348220	-0.112245	-119.956001	-64.141602	816.544006	
-0.109667	-0.462497	0.879812	-0.070776	0.886538	0.457210	-0.991446	-0.012130	-0.129958	-80.839188	-11.656561	760.244446	
-0.324930	-0.517906	0.791324	0.069905	0.821285	0.566219	-0.943151	0.239299	-0.230656	-75.286087	-5.146427	773.074768	
-0.307941	-0.593849	0.743314	-0.035138	0.787846	0.614869	-0.950757	0.163224	-0.263477	-67.970520	-0.014105	783.072510	
-0.382983	-0.532727	0.754669	0.469606	0.591235	0.655676	-0.795483	0.605510	0.023739	-53.526199	8.552730	744.064026	
-0.382983	-0.532727	0.754669	0.469606	0.591235	0.655676	-0.795483	0.605510	0.023739	-53.526199	8.552730	744.064026	
-0.382983	-0.532727	0.754669	0.469606	0.591235	0.655676	-0.795483	0.605510	0.023739	-53.526199	8.552730	744.064026	
-0.607680	-0.594819	0.526227	0.578006	0.123158	0.806686	-0.544641	0.794370	0.268968	-13.795611	35.104218	695.699768	
-0.660532	-0.553751	0.507008	0.644185	-0.071134	0.761555	-0.385646	0.829639	0.403704	-4.996964	44.521278	703.036682	
-0.744544	-0.527070	0.409697	0.565524	-0.171865	0.806627	-0.354736	0.832262	0.426031	6.364692	46.610252	675.626953	
-0.855886	-0.428686	0.289288	0.441972	-0.315836	0.839589	-0.268552	0.846449	0.459787	15.411640	48.197842	644.882996	
-0.906350	-0.360980	0.219598	0.389831	-0.513937	0.764134	-0.162977	0.778179	0.606527	35.853001	54.402599	664.072998	
-0.906350	-0.360980	0.219598	0.389831	-0.513937	0.764134	-0.162977	0.778179	0.606527	35.853001	54.402599	664.072998	
-0.906350	-0.360980	0.219598	0.389831	-0.513937	0.764134	-0.162977	0.778179	0.606527	35.853001	54.402599	664.072998	
-0.906350	-0.360980	0.219598	0.389831	-0.513937	0.764134	-0.162977	0.778179	0.606527	35.853001	54.402599	664.072998	
-0.997234	-0.064669	0.036643	0.072785	-0.749654	0.657816	-0.015071	0.658664	0.752286	79.060844	55.137760	598.776917	
-0.991115	0.011310	0.132526	0.072460	-0.789625	0.609295	0.111537	0.613485	0.781790	85.902290	53.748158	590.623108	
-0.970857	0.060698	-0.231845	-0.156743	-0.892626	0.422672	-0.181296	0.446694	0.876126	97.400299	57.380699	620.656982	
-0.970857	0.060698	-0.231845	-0.156743	-0.892626	0.422672	-0.181296	0.446694	0.876126	97.400299	57.380699	620.656982	
-0.970857	0.060698	-0.231845	-0.156743	-0.892626	0.422672	-0.181296	0.446694	0.876126	97.400299	57.380699	620.656982	
-0.970857	0.060698	-0.231845	-0.156743	-0.892626	0.422672	-0.181296	0.446694	0.876126	97.400299	57.380699	620.656982	
-0.970857	0.060698	-0.231845	-0.156743	-0.892626	0.422672	-0.181296	0.446694	0.876126	97.400299	57.380699	620.656982	
-0.970857	0.060698	-0.231845	-0.156743	-0.892626	0.422672	-0.181296	0.446694	0.876126	97.400299	57.380699	620.656982	
-0.970857	0.060698	-0.231845	-0.156743	-0.892626	0.422672	-0.181296	0.446694	0.876126	97.400299	57.380699	620.656982	
-0.520414	0.405058	-0.751730	-0.649534	-0.759250	0.040555	-0.554324	0.509380	0.658223	84.084175	14.258848	571.785522	
-0.413022	0.386775	-0.824511	-0.674607	-0.738130	-0.008324	-0.611816	0.552782	0.565785	75.962997	7.706150	583.494995	
-0.413022	0.386775	-0.824511	-0.674607	-0.738130	-0.008324	-0.611816	0.552782	0.565785	75.962997	7.706150	583.494995	
-0.413022	0.386775	-0.824511	-0.674607	-0.738130	-0.008324	-0.611816	0.552782	0.565785	75.962997	7.706150	583.494995	
-0.217796	0.309065	-0.925766	-0.671504	-0.735797	-0.087666	-0.708271	0.602563	0.367792	33.237194	-18.484873	558.161560	
-0.128885	0.197549	-0.971783	-0.696364	-0.715720	-0.053138	-0.706022	0.669866	0.229812	24.774605	-23.801001	530.643433	
-0.061256	0.109127	-0.992139	-0.612639	-0.788846	-0.048941	-0.787985	0.604825	0.115177	8.445840	-35.643101	572.718994	
-0.061256	0.109127	-0.992139	-0.612639	-0.788846	-0.048941	-0.787985	0.604825	0.115177	8.445840	-35.643101	572.718994	
-0.061256	0.109127	-0.992139	-0.612639	-0.788846	-0.048941	-0.787985	0.604825	0.115177	8.445840	-35.643101	572.718994	
0.095279	-0.201771	-0.974788	-0.556637	-0.822636	0.115870	-0.825274	0.531563	-0.190694	-40.767242	-66.625519	573.841492	
0.179964	-0.286238	-0.941106	-0.542678	-0.826850	0.147713	-0.820435	0.484134	-0.304139	-62.155659	-80.597290	598.200256	
0.067918	-0.405494	-0.911571	-0.669190	-0.696186	0.259826	-0.739981	0.592367	-0.318636	-82.707298	-97.794403	578.718994	
0.067918	-0.405494	-0.911571	-0.669190	-0.696186	0.259826	-0.739981	0.592367	-0.318636	-82.707298	-97.794403	578.718994	
0.067918	-0.405494	-0.911571	-0.669190	-0.696186	0.259826	-0.739981	0.592367	-0.318636	-82.707298	-97.794403	578.718994	
0.067918	-0.405494	-0.911571	-0.669190	-0.696186	0.259826	-0.739981	0.592367	-0.318636	-82.707298	-97.794403	578.718994	
-0.045603	-0.799754	-0.598594	-0.686240	-0.410371	0.600558	-0.725944	0.438166	-0.530108	-134.717514	-136.195206	607.040161	
-0.216164	-0.780999	-0.585929	-0.668172	-0.319243	0.672034	-0.711913	0.536771	-0.452832	-145.462280	-143.007248	585.414429	
-0.363105	-0.774605	-0.517824	-0.530385	-0.285094	0.798381	-0.766059	0.564542	-0.307319	-158.704758	-163.293549	614.445984	
-0.364851	-0.851867	-0.375774	-0.502580	-0.159556	0.849679	-0.783771	0.498863	-0.369917	-170.723007	-171.658997	614.528015	
-0.364851	-0.851867	-0.375774	-0.502580	-0.159556	0.849679	-0.783771	0.498863	-0.369917	-170.723007	-171.658997	614.528015	
-0.364851	-0.851867	-0.375774	-0.502580	-0.159556	0.849679	-0.783771	0.498863	-0.369917	-170.723007	-171.658997	614.528015	
-0.364851	-0.851867	-0.375774	-0.502580	-0.159556	0.849679	-0.783771	0.498863	-0.369917	-170.723007	-171.658997	614.528015	
-0.364851	-0.851867	-0.375774	-0.502580	-0.159556	0.849679	-0.783771	0.498863	-0.369917	-170.723007	-171.658997	614.528015	
-0.659186	-0.700434	0.273617	0.057265	0.316048	0.947013	-0.749796	0.639927	-0.168224	-207.678391	-196.451080	654.909485	
-0.412412	-0.674311	0.612553	0.650461	0.252810	0.716231	-0.637822	0.693824	0.334351	-227.479782	-218.411255	697.947510	
-0.650217	-0.516827	0.556873	0.379613	0.413910	0.827389	-0.658112	0.749379	-0.072937	-203.621002	-207.669998	670.604980	
-0.650217	-0.516827	0.556873	0.379613	0.413910	0.827389	-0.658112	0.749379	-0.072937	-203.621002	-207.669998	670.604980	
-0.650217	-0.516827	0.556873	0.379613	0.413910	0.827389	-0.658112	0.749379	-0.072937	-203.621002	-207.669998	670.604980	
-0.650217	-0.516827	0.556873	0.379613	0.413910	0.827389	-0.658112	0.749379	-0.072937	-203.621002	-207.669998	670.604980	
-0.650217	-0.516827	0.556873	0.379613	0.413910	0.827389	-0.658112	0.749379	-0.072937	-203.621002	-207.669998	670.604980	
-0.428304	-0.129082	0.894368	0.880434	0.163228	0.445189	-0.203451	0.978108	0.043736	-180.999191	-207.903107	721.840637	
-0.267113	-0.078749	0.960442	0.958654	0.079792	0.273158	-0.098146	0.993696	0.054179	-167.197006	-204.352005	734.862000	
-0.267113	-0.078749	0.960442	0.958654	0.079792	0.273158	-0.098146	0.993696	0.054179	-167.197006	-204.352005	734.862000	
-0.267113	-0.078749	0.960442	0.958654	0.079792	0.273158	-0.098146	0.993696	0.054179	-167.197006	-204.352005	734.862000	
0.164243	0.022153	0.986171	0.973752	-0.163348	-0.158506	0.157579	0.986320	-0.048401	-118.889977	-201.689651	800.273132	
0.203935	0.008650	0.978946	0.941589	-0.275468	-0.193718	0.267993	0.961271	-0.064323	-107.157997	-187.074005	794.356018	
0.203935	0.008650	0.978946	0.941589	-0.275468	-0.193718	0.267993	0.961271	-0.064323	-107.157997	-187.074005	794.356018	
0.468880	-0.014439	0.883144	0.778056	-0.466507	-0.420713	0.418067	0.884399	-0.207501	-80.152794	-178.400055	883.779419	
0.531720	-0.069392	0.844073	0.767869	-0.380945	-0.515032	0.357284	0.921990	-0.149272	-63.532932	-176.612427	892.436890	
0.593301	-0.092763	0.799619	0.732886	-0.348641	-0.584232	0.332974	0.932654	-0.138864	-42.704185	-167.096924	887.548584	
0.589201	-0.094652	0.802424	0.726779	-0.371840	-0.577517	0.353036	0.923459	-0.150297	-21.526718	-159.250183	892.144531	
0.785486	-0.249371	0.566415	0.331265	-0.603663	-0.725159	0.522757	0.757235	-0.391560	-6.118460	-131.516998	882.953979	
0.785486	-0.249371	0.566415	0.331265	-0.603663	-0.725159	0.522757	0.757235	-0.391560	-6.118460	-131.516998	882.953979	
0.785486	-0.249371	0.566415	0.331265	-0.603663	-0.725159	0.522757	0.757235	-0.391560	-6.118460	-131.516998	882.953979	
0.897492	-0.423760	0.122212	-0.176925	-0.599771	-0.780367	0.403988	0.678750	-0.613263	25.204201	-101.488281	956.174988	
0.900908	-0.418487	0.115037	-0.133242	-0.518945	-0.844360	0.413052	0.745362	-0.523281	27.568743	-80.612602	878.335754	
0.863422	-0.504452	0.005570	-0.293173	-0.510721	-0.808216	0.410551	0.696198	-0.588859	35.824398	-66.356117	897.755981	
0.820768	-0.569829	-0.040415	-0.361068	-0.462647	-0.809684	0.442684	0.679155	-0.585473	41.410908	-52.793846	921.005310	
0.725916	-0.661985	-0.186604	-0.572426	-0.431098	-0.697483	0.381280	0.613131	-0.691879	52.924919	-47.318295	976.795044	
0.802052	-0.594945	-0.052465	-0.251208	-0.256348	-0.933371	0.541856	0.761791	-0.355059	61.661827	-26.246605	929.131592	
0.684777	-0.670427	-0.285673	-0.611936	-0.316112	-0.724988	0.395746	0.671268	-0.626724	64.041901	-18.465099	976.182007	
0.684777	-0.670427	-0.285673	-0.611936	-0.316112	-0.724988	0.395746	0.671268	-0.626724	64.041901	-18.465099	976.182007	
0.684777	-0.670427	-0.285673	-0.611936	-0.316112	-0.724988	0.395746	0.671268	-0.626724	64.041901	-18.465099	976.182007	
0.684777	-0.670427	-0.285673	-0.611936	-0.316112	-0.724988	0.395746	0.671268	-0.626724	64.041901	-18.465099	976.182007	
0.470670	-0.707430	-0.527269	-0.814828	-0.119302	-0.567294	0.338416	0.696642	-0.632585	65.173035	26.279852	1004.903687	
0.454640	-0.669965	-0.586898	-0.817765	-0.052880	-0.573117	0.352934	0.740507	-0.571915	61.807201	38.248901	1021.390015	
0.454640	-0.669965	-0.586898	-0.817765	-0.052880	-0.573117	0.352934	0.740507	-0.571915	61.807201	38.248901	1021.390015	
0.454640	-0.669965	-0.586898	-0.817765	-0.052880	-0.573117	0.352934	0.740507	-0.571915	61.807201	38.248901	1021.390015	
0.454640	-0.669965	-0.586898	-0.817765	-0.052880	-0.573117	0.352934	0.740507	-0.571915	61.807201	38.248901	1021.390015	
0.177291	-0.449169	-0.875680	-0.947745	0.161872	-0.274912	0.265229	0.878661	-0.396999	20.499062	70.876633	938.470825	
0.191888	-0.480660	-0.855655	-0.901717	0.257812	-0.347043	0.387407	0.838152	-0.383949	16.354700	85.494003	1051.339966	
0.191888	-0.480660	-0.855655	-0.901717	0.257812	-0.347043	0.387407	0.838152	-0.383949	16.354700	85.494003	1051.339966	
0.191888	-0.480660	-0.855655	-0.901717	0.257812	-0.347043	0.387407	0.838152	-0.383949	16.354700	85.494003	1051.339966	
0.047635	-0.263273	-0.963545	-0.887438	0.431596	-0.161799	0.458459	0.862792	-0.213080	-34.138832	89.975052	1023.084167	
0.063771	-0.176873	-0.982166	-0.896132	0.422962	-0.134355	0.439182	0.888717	-0.131530	-43.841881	95.724602	1047.819946	
0.012658	-0.085203	-0.996283	-0.856415	0.513373	-0.054785	0.516133	0.853925	-0.066471	-55.403702	96.031197	1068.989990	
0.012658	-0.085203	-0.996283	-0.856415	0.513373	-0.054785	0.516133	0.853925	-0.066471	-55.403702	96.031197	1068.989990	
0.012658	-0.085203	-0.996283	-0.856415	0.513373	-0.054785	0.516133	0.853925	-0.066471	-55.403702	96.031197	1068.989990	
0.012658	-0.085203	-0.996283	-0.856415	0.513373	-0.054785	0.516133	0.853925	-0.066471	-55.403702	96.031197	1068.989990	
-0.141695	0.318334	-0.937329	-0.760314	0.571361	0.308980	0.633913	0.756446	0.161074	-95.015228	77.775055	949.645386	
0.016959	0.413798	-0.910211	-0.753909	0.603254	0.260203	0.656760	0.681803	0.322197	-115.796997	87.428299	1075.030029	
0.016959	0.413798	-0.910211	-0.753909	0.603254	0.260203	0.656760	0.681803	0.322197	-115.796997	87.428299	1075.030029	
0.016959	0.413798	-0.910211	-0.753909	0.603254	0.260203	0.656760	0.681803	0.322197	-115.796997	87.428299	1075.030029	
0.016959	0.413798	-0.910211	-0.753909	0.603254	0.260203	0.656760	0.681803	0.322197	-115.796997	87.428299	1075.030029	
0.016959	0.413798	-0.910211	-0.753909	0.603254	0.260203	0.656760	0.681803	0.322197	-115.796997	87.428299	1075.030029	
0.273804	0.669539	-0.690470	-0.596260	0.681464	0.424360	0.754655	0.295508	0.585807	-155.423981	54.383755	1066.260986	
0.341220	0.706222	-0.620338	-0.605074	0.670061	0.430005	0.719343	0.228624	0.655954	-167.863647	45.221222	1085.457153	
0.419762	0.787728	-0.450871	-0.433227	0.610404	0.663116	0.797568	-0.083022	0.597488	-174.823395	32.176727	1062.252930	
0.209943	0.770315	-0.602112	-0.040461	0.622154	0.781849	0.976876	-0.139783	0.161784	-185.383698	33.343208	1085.239258	
0.213585	0.753891	-0.621313	0.178923	0.595044	0.783524	0.960400	-0.278517	-0.007796	-196.943512	23.440393	1075.311279	
0.475530	0.823102	-0.310441	-0.170172	0.432300	0.885527	0.863083	-0.368267	0.345641	-185.104034	10.632179	1020.651672	
0.424426	0.890913	-0.161666	-0.610530	0.413433	0.675520	0.668667	-0.188006	0.719401	-183.126999	6.973360	1036.390015	
0.424426	0.890913	-0.161666	-0.610530	0.413433	0.675520	0.668667	-0.188006	0.719401	-183.126999	6.973360	1036.390015	
0.424426	0.890913	-0.161666	-0.610530	0.413433	0.675520	0.668667	-0.188006	0.719401	-183.126999	6.973360	1036.390015	
0.424426	0.890913	-0.161666	-0.610530	0.413433	0.675520	0.668667	-0.188006	0.719401	-183.126999	6.973360	1036.390015	
0.499286	0.826718	0.259326	-0.703022	0.211606	0.678957	0.506432	-0.521306	0.686854	-163.109848	-35.107727	984.041626	
0.525882	0.794244	0.304342	-0.686541	0.185144	0.703124	0.502105	-0.578704	0.642645	-154.529999	-42.991901	982.390991	
0.525882	0.794244	0.304342	-0.686541	0.185144	0.703124	0.502105	-0.578704	0.642645	-154.529999	-42.991901	982.390991	
0.525882	0.794244	0.304342	-0.686541	0.185144	0.703124	0.502105	-0.578704	0.642645	-154.529999	-42.991901	982.390991	
