0.993047	-0.036922	0.111780	0.043542	0.997402	-0.057378	-0.109371	0.061846	0.992075	20.255280	2.117970	543.828064	
0.973464	-0.117401	0.196429	0.124598	0.991901	-0.024650	-0.191944	0.048470	0.980208	27.791630	6.782893	548.128906	
0.950614	-0.168945	0.260364	0.174973	0.984573	0.000028	-0.256353	0.045531	0.965510	36.654110	15.764075	549.141296	
0.919217	-0.200004	0.339172	0.209795	0.977713	0.007960	-0.333205	0.063840	0.940691	44.444160	18.161289	540.083862	
0.893156	-0.195040	0.405254	0.233904	0.971066	-0.048158	-0.384136	0.137803	0.912935	50.744644	23.437347	543.018372	
0.787026	-0.312298	0.532033	0.384179	0.922875	-0.026589	-0.482697	0.225322	0.846306	69.642342	26.444891	555.814514	
0.686586	-0.368084	0.626988	0.489003	0.871963	-0.023584	-0.538030	0.322791	0.778672	76.683029	29.673763	553.809143	
0.598193	-0.363378	0.714228	0.536249	0.843827	-0.019814	-0.595485	0.394857	0.699633	83.647263	30.727509	558.503052	
0.542661	-0.374832	0.751678	0.572822	0.819665	-0.004804	-0.614324	0.433184	0.659513	88.516647	31.568985	558.897034	
0.436137	-0.316998	0.842198	0.623264	0.781487	-0.028613	-0.649097	0.537391	0.538410	99.149216	31.361282	569.181641	
0.373970	-0.339616	0.863022	0.704632	0.709085	-0.026296	-0.603026	0.617947	0.504481	103.401970	30.069923	578.193054	
0.264796	-0.296270	0.917664	0.780360	0.624891	-0.023429	-0.566499	0.722312	0.396667	106.281967	27.380823	581.439026	
0.195468	-0.258202	0.946110	0.844729	0.534425	-0.028673	-0.498223	0.804810	0.322574	108.579117	25.576525	591.552673	
0.116239	-0.185872	0.975675	0.873132	0.487356	-0.011178	-0.473424	0.853191	0.218940	109.588707	20.525913	600.732483	
0.073245	-0.142065	0.987144	0.919169	0.393694	-0.011543	-0.386993	0.908197	0.159419	110.141693	15.277769	605.308899	
0.040959	-0.105869	0.993536	0.939279	0.343148	-0.002157	-0.340701	0.933295	0.113496	107.499504	8.477251	608.210083	
0.001668	-0.053608	0.998561	0.941215	0.337403	0.016541	-0.337805	0.939832	0.051020	103.831917	6.209378	618.192505	
-0.027080	-0.036732	0.998959	0.888931	0.456214	0.040872	-0.457240	0.889111	0.020298	102.491531	2.326409	639.638062	
-0.100735	0.087729	0.991038	0.762603	0.646549	0.020281	-0.638976	0.757811	-0.132032	96.024681	-1.418501	619.385742	
-0.099946	0.152459	0.983244	0.722125	0.690939	-0.033732	-0.684505	0.706652	-0.179151	85.701073	-2.960793	606.661438	
-0.005726	0.237162	0.971453	0.981435	-0.184908	0.050927	0.191708	0.953710	-0.231700	81.315804	-31.451500	649.338013	
-0.005726	0.237162	0.971453	0.981435	-0.184908	0.050927	0.191708	0.953710	-0.231700	81.315804	-31.451500	649.338013	
-0.005726	0.237162	0.971453	0.981435	-0.184908	0.050927	0.191708	0.953710	-0.231700	81.315804	-31.451500	649.338013	
0.061168	0.483152	0.873398	0.932376	-0.340000	0.122784	0.356278	0.806824	-0.471276	59.383884	-56.613056	680.677612	
0.104584	0.570294	0.814757	0.909382	-0.386487	0.153793	0.402600	0.724840	-0.559035	51.837830	-70.527847	703.363953	
0.190226	0.648073	0.737439	0.848745	-0.486077	0.208234	0.493403	0.586285	-0.642513	33.264351	-83.995239	716.291626	
0.253663	0.715510	0.650923	0.811040	-0.524045	0.259982	0.527133	0.461976	-0.713238	14.766169	-96.973030	723.097778	
0.302599	0.765044	0.568456	0.788926	-0.535710	0.301015	0.534817	0.357383	-0.765669	5.732366	-103.010811	732.357727	
0.370128	0.771988	0.516759	0.747218	-0.577912	0.328150	0.551969	0.264674	-0.790745	-3.124851	-110.050819	736.105103	
0.460036	0.761738	0.456205	0.666116	-0.635809	0.389918	0.587074	0.124508	-0.799901	-12.873628	-125.581543	751.202026	
0.556234	0.773100	0.304828	0.645616	-0.632968	0.427237	0.523244	-0.040843	-0.851204	-22.367611	-138.424988	745.235413	
0.627424	0.735785	0.254872	0.586135	-0.661747	0.467479	0.512624	-0.143918	-0.846466	-31.367109	-146.198517	769.896790	
0.680509	0.716736	0.152305	0.552027	-0.638165	0.536668	0.481845	-0.281131	-0.829934	-39.849400	-161.806000	789.997009	
0.680509	0.716736	0.152305	0.552027	-0.638165	0.536668	0.481845	-0.281131	-0.829934	-39.849400	-161.806000	789.997009	
0.680509	0.716736	0.152305	0.552027	-0.638165	0.536668	0.481845	-0.281131	-0.829934	-39.849400	-161.806000	789.997009	
0.832343	0.549222	-0.074574	0.487987	-0.662352	0.568470	0.262822	-0.509554	-0.819316	-67.733459	-186.620209	792.653442	
0.846632	0.509105	-0.155006	0.480603	-0.606342	0.633538	0.228550	-0.610870	-0.758025	-81.906944	-202.654129	819.859436	
0.862221	0.473846	-0.179011	0.468052	-0.610195	0.639210	0.193655	-0.634927	-0.747907	-92.637909	-212.876221	828.521423	
0.865205	0.480421	-0.143584	0.463553	-0.657202	0.594310	0.191155	-0.580759	-0.791315	-99.940636	-213.916428	828.208801	
0.879330	0.288091	-0.379186	0.475935	-0.504477	0.720408	0.016252	-0.813945	-0.580715	-111.650002	-225.925003	879.422974	
0.879330	0.288091	-0.379186	0.475935	-0.504477	0.720408	0.016252	-0.813945	-0.580715	-111.650002	-225.925003	879.422974	
0.879330	0.288091	-0.379186	0.475935	-0.504477	0.720408	0.016252	-0.813945	-0.580715	-111.650002	-225.925003	879.422974	
0.879330	0.288091	-0.379186	0.475935	-0.504477	0.720408	0.016252	-0.813945	-0.580715	-111.650002	-225.925003	879.422974	
0.793001	0.035829	-0.608166	0.561866	-0.428886	0.707364	-0.235489	-0.902648	-0.360238	-114.536942	-242.829391	915.023987	
0.728503	-0.020546	-0.684734	0.616425	-0.416373	0.668321	-0.298836	-0.908962	-0.290664	-113.904129	-248.848022	926.352295	
0.685367	-0.075507	-0.724272	0.644168	-0.400958	0.651367	-0.339586	-0.912980	-0.226165	-109.994354	-248.590759	928.260437	
0.610746	-0.101485	-0.785297	0.684391	-0.431140	0.587986	-0.398244	-0.896560	-0.193861	-106.370476	-251.132889	940.101379	
0.562477	-0.158944	-0.811392	0.689343	-0.451715	0.566356	-0.456536	-0.877890	-0.144512	-96.245026	-249.337799	947.973877	
0.484295	-0.213494	-0.848457	0.688932	-0.504705	0.520236	-0.539287	-0.836477	-0.097343	-90.708534	-248.864609	952.039917	
0.400495	-0.232150	-0.886404	0.726803	-0.508617	0.461591	-0.557997	-0.829106	-0.034971	-77.454376	-246.271729	954.072327	
0.351285	-0.296014	-0.888243	0.745294	-0.485806	0.456650	-0.566688	-0.822417	0.049961	-70.923546	-250.934158	986.228088	
0.328434	-0.274400	-0.903790	0.755285	-0.498277	0.425750	-0.567164	-0.822450	0.043599	-56.115631	-240.132187	981.926636	
0.275268	-0.257574	-0.926220	0.745231	-0.551476	0.374839	-0.607337	-0.793429	0.040149	-48.216709	-232.532318	984.906799	
0.210368	-0.227996	-0.950665	0.752827	-0.582601	0.306313	-0.623696	-0.780125	0.049081	-39.233662	-226.314285	994.134766	
0.183909	-0.207119	-0.960874	0.776239	-0.569105	0.271242	-0.603018	-0.795752	0.056111	-29.510321	-218.707474	1002.008972	
0.122880	-0.171766	-0.977444	0.764974	-0.611050	0.203549	-0.632230	-0.772732	0.056311	-20.180410	-210.059784	1007.760498	
0.092478	-0.162964	-0.982289	0.763757	-0.621333	0.174984	-0.638845	-0.766412	0.067006	-10.235149	-199.659470	1012.192566	
0.053947	-0.190488	-0.980206	0.809016	-0.567056	0.154723	-0.585305	-0.801350	0.123517	8.343243	-193.088196	1037.389282	
0.007830	-0.151513	-0.988424	0.867704	-0.490266	0.082025	-0.497019	-0.858302	0.127630	20.616455	-184.156326	1058.759521	
-0.053675	-0.109691	-0.992515	0.935692	-0.352624	-0.011631	-0.348709	-0.929314	0.121565	31.473001	-166.607864	1041.784546	
-0.134281	-0.118682	-0.983810	0.920225	-0.383256	-0.079369	-0.367632	-0.915986	0.160679	49.079872	-150.051651	1029.784546	
-0.182748	-0.084954	-0.979482	0.901930	-0.411012	-0.132630	-0.391312	-0.907663	0.151734	54.900269	-127.857666	987.634888	
0.000317	0.278981	-0.960297	0.591321	-0.774471	-0.224800	-0.806436	-0.567772	-0.165213	69.726997	-121.514000	1024.689941	
0.000317	0.278981	-0.960297	0.591321	-0.774471	-0.224800	-0.806436	-0.567772	-0.165213	69.726997	-121.514000	1024.689941	
0.000317	0.278981	-0.960297	0.591321	-0.774471	-0.224800	-0.806436	-0.567772	-0.165213	69.726997	-121.514000	1024.689941	
0.000317	0.278981	-0.960297	0.591321	-0.774471	-0.224800	-0.806436	-0.567772	-0.165213	69.726997	-121.514000	1024.689941	
0.184765	0.386826	-0.903453	0.487907	-0.834097	-0.257348	-0.853117	-0.393252	-0.342846	110.906876	-81.312180	1003.058044	
0.242581	0.402997	-0.882467	0.428914	-0.860456	-0.275041	-0.870165	-0.311782	-0.381581	114.900688	-65.515160	1001.106689	
0.282685	0.416756	-0.863947	0.369323	-0.878534	-0.302950	-0.885263	-0.233436	-0.402265	116.177940	-50.809669	980.134277	
0.375862	0.397362	-0.837157	0.355774	-0.896043	-0.265579	-0.855659	-0.198018	-0.478159	120.950294	-43.775837	980.107361	
0.324771	0.375278	-0.868154	0.304478	-0.910530	-0.279693	-0.895443	-0.173498	-0.409977	120.368248	-30.676929	956.969971	
0.374695	0.328130	-0.867142	0.345352	-0.917368	-0.197908	-0.860428	-0.225313	-0.457053	122.975189	-17.778961	972.059509	
0.374522	0.287760	-0.881435	0.254957	-0.945940	-0.200487	-0.891477	-0.149641	-0.427641	119.725861	-4.598178	967.263306	
0.445898	0.235067	-0.863666	0.164616	-0.969977	-0.179012	-0.879816	-0.062352	-0.471206	115.496887	3.420890	966.784607	
0.528168	0.166310	-0.832694	0.114889	-0.985611	-0.123979	-0.841332	-0.030185	-0.539676	112.903015	8.989940	976.193176	
0.510430	0.128690	-0.850236	0.089756	-0.991311	-0.096158	-0.855223	-0.027232	-0.517545	104.377121	20.543020	967.570068	
0.568893	0.083236	-0.818189	0.077123	-0.995880	-0.047688	-0.818788	-0.035972	-0.572969	94.405151	25.443817	966.437195	
0.578221	-0.005171	-0.815864	0.076044	-0.995285	0.060204	-0.812329	-0.096853	-0.575101	88.204605	30.873581	964.548828	
0.748678	-0.065131	-0.659726	-0.002614	-0.995444	0.095308	-0.662929	-0.069630	-0.745438	76.025452	40.065514	965.383118	
0.821521	-0.115941	-0.558267	-0.037403	-0.987957	0.150139	-0.568951	-0.102461	-0.815963	66.915520	45.635567	942.345703	
0.833877	-0.184570	-0.520177	-0.044131	-0.961710	0.270493	-0.550184	-0.202602	-0.810092	51.207378	48.871128	938.807007	
0.815054	-0.240942	-0.526909	-0.065120	-0.941762	0.329914	-0.575714	-0.234585	-0.783277	32.752010	52.671947	922.672241	
0.762085	-0.332307	-0.555697	-0.098442	-0.907738	0.407826	-0.639951	-0.256093	-0.724486	14.836863	55.429295	916.524658	
0.765703	-0.452302	-0.457297	-0.207948	-0.846881	0.489440	-0.608651	-0.279671	-0.742514	5.530868	56.071926	901.751038	
0.744262	-0.541632	-0.390781	-0.298013	-0.792938	0.531450	-0.597715	-0.279079	-0.751566	-12.996047	55.860115	891.991882	
0.606570	-0.641077	-0.470205	-0.276811	-0.724721	0.630996	-0.745284	-0.252585	-0.617051	-33.268250	54.448357	880.429138	
0.472661	-0.747293	-0.467059	-0.314592	-0.638164	0.702695	-0.823180	-0.185203	-0.536727	-52.400120	52.369431	851.031006	
0.419823	-0.830857	-0.365274	-0.369824	-0.524133	0.767148	-0.828843	-0.186979	-0.527313	-71.361069	49.409588	855.127197	
0.382128	-0.873992	-0.300191	-0.378254	-0.444315	0.812102	-0.843151	-0.196778	-0.500376	-80.376343	44.810421	850.622437	
0.359507	-0.900449	-0.244839	-0.358224	-0.375453	0.854816	-0.861644	-0.219605	-0.457541	-90.076599	39.494999	851.974976	
0.359507	-0.900449	-0.244839	-0.358224	-0.375453	0.854816	-0.861644	-0.219605	-0.457541	-90.076599	39.494999	851.974976	
0.359507	-0.900449	-0.244839	-0.358224	-0.375453	0.854816	-0.861644	-0.219605	-0.457541	-90.076599	39.494999	851.974976	
0.074355	-0.979718	-0.186078	-0.086298	-0.192216	0.977551	-0.993491	-0.056627	-0.098840	-123.992073	23.956652	738.373535	
-0.083259	-0.980250	-0.179383	-0.112151	-0.169647	0.979102	-0.990197	0.101638	-0.095811	-147.233047	21.160305	784.266541	
-0.199201	-0.970302	-0.137234	-0.037702	-0.132349	0.990486	-0.979233	0.202480	-0.010218	-152.075470	15.161939	769.801270	
-0.282886	-0.950798	-0.126328	0.081669	-0.155107	0.984516	-0.955670	0.268188	0.121528	-162.287003	8.168630	771.653992	
-0.282886	-0.950798	-0.126328	0.081669	-0.155107	0.984516	-0.955670	0.268188	0.121528	-162.287003	8.168630	771.653992	
-0.282886	-0.950798	-0.126328	0.081669	-0.155107	0.984516	-0.955670	0.268188	0.121528	-162.287003	8.168630	771.653992	
-0.519467	-0.849889	-0.088562	0.297192	-0.276869	0.913794	-0.801143	0.448366	0.396404	-170.855225	-26.506495	726.448853	
-0.614239	-0.785582	-0.074636	0.325233	-0.338196	0.883089	-0.718981	0.518154	0.463230	-171.394180	-34.485561	724.536926	
-0.679709	-0.730346	-0.067749	0.330506	-0.387424	0.860620	-0.654798	0.562581	0.504720	-170.644531	-41.780674	720.965332	
-0.774036	-0.622087	-0.117794	0.313235	-0.537937	0.782628	-0.550228	0.568886	0.611242	-171.540375	-49.790222	720.159790	
-0.856298	-0.488223	-0.168496	0.259782	-0.689107	0.676493	-0.446391	0.535508	0.716913	-168.654190	-64.794533	714.774414	
-0.873512	-0.395061	-0.284433	0.187133	-0.811902	0.552987	-0.449395	0.429815	0.783136	-167.894302	-73.054993	697.987976	
-0.949110	-0.170266	-0.264949	-0.017568	-0.811329	0.584325	-0.314451	0.559244	0.767050	-158.517975	-82.563362	662.998047	
-0.980991	-0.193686	-0.011940	0.157503	-0.830650	0.534053	-0.113356	0.522021	0.845367	-144.119003	-97.375900	676.335022	
-0.980991	-0.193686	-0.011940	0.157503	-0.830650	0.534053	-0.113356	0.522021	0.845367	-144.119003	-97.375900	676.335022	
-0.980991	-0.193686	-0.011940	0.157503	-0.830650	0.534053	-0.113356	0.522021	0.845367	-144.119003	-97.375900	676.335022	
-0.990558	0.136984	-0.005363	-0.134846	-0.966555	0.218143	0.024699	0.216807	0.975901	-104.779167	-122.333832	642.053284	
-0.980192	0.197618	0.012988	-0.193169	-0.968465	0.157354	0.043674	0.151729	0.987456	-89.376930	-131.602982	640.189026	
-0.959329	0.282126	-0.009594	-0.281656	-0.954347	0.099452	0.018902	0.098109	0.994996	-80.185150	-136.079971	621.648621	
-0.911489	0.410492	0.026145	-0.410391	-0.911862	0.009352	0.027679	-0.002205	0.999614	-71.913803	-145.600006	623.674011	
-0.911489	0.410492	0.026145	-0.410391	-0.911862	0.009352	0.027679	-0.002205	0.999614	-71.913803	-145.600006	623.674011	
-0.911489	0.410492	0.026145	-0.410391	-0.911862	0.009352	0.027679	-0.002205	0.999614	-71.913803	-145.600006	623.674011	
-0.761312	0.647824	0.026992	-0.625459	-0.722785	-0.293909	-0.170892	-0.240638	0.955453	-32.484337	-167.712189	588.061218	
-0.664318	0.742600	0.085012	-0.721291	-0.607083	-0.333452	-0.196012	-0.282836	0.938927	-20.877802	-168.301376	580.957703	
-0.560092	0.827966	0.027731	-0.709384	-0.462049	-0.532245	-0.427867	-0.317778	0.846136	-4.318360	-181.070007	586.504028	
-0.560092	0.827966	0.027731	-0.709384	-0.462049	-0.532245	-0.427867	-0.317778	0.846136	-4.318360	-181.070007	586.504028	
-0.560092	0.827966	0.027731	-0.709384	-0.462049	-0.532245	-0.427867	-0.317778	0.846136	-4.318360	-181.070007	586.504028	
-0.560092	0.827966	0.027731	-0.709384	-0.462049	-0.532245	-0.427867	-0.317778	0.846136	-4.318360	-181.070007	586.504028	
-0.040001	0.999135	-0.011340	-0.538717	-0.031123	-0.841911	-0.841536	-0.027569	0.539496	44.655350	-193.110336	566.338745	
0.040348	0.998141	0.045677	-0.391879	0.057860	-0.918195	-0.919132	0.019147	0.393484	49.131439	-185.753021	533.756470	
0.121158	0.991168	0.053903	-0.349680	0.093440	-0.932198	-0.929002	0.094094	0.357912	60.540428	-186.736023	535.477173	
0.197297	0.979647	0.036933	-0.328067	0.101479	-0.939187	-0.923821	0.173183	0.341411	66.120338	-187.244553	537.933838	
0.255022	0.966558	-0.026984	-0.225582	0.032335	-0.973687	-0.940253	0.254399	0.226284	71.737198	-188.101349	548.227844	
0.315818	0.948388	-0.028595	-0.173390	0.028057	-0.984453	-0.932842	0.315866	0.173302	76.666893	-184.388504	550.489807	
0.432400	0.900558	-0.044986	-0.057431	-0.022283	-0.998100	-0.899851	0.434163	0.042085	78.491936	-182.833084	554.560547	
0.412544	0.908759	-0.062954	0.059946	-0.096043	-0.993570	-0.908963	0.406117	-0.094099	77.440971	-174.891571	547.486572	
0.367176	0.926016	-0.087605	0.161774	-0.156324	-0.974367	-0.915975	0.343592	-0.207204	76.562317	-169.319427	544.736389	
0.418504	0.903518	-0.092241	0.142698	-0.165717	-0.975794	-0.896935	0.395211	-0.198283	73.809761	-162.861420	554.871582	
0.310798	0.947648	-0.073260	0.193370	-0.138507	-0.971299	-0.930598	0.287712	-0.226295	65.429634	-151.895309	545.988281	
0.236950	0.969728	-0.059001	0.113151	-0.087863	-0.989685	-0.964910	0.227830	-0.130545	59.569313	-142.481567	533.301392	
0.301207	0.950178	-0.080211	-0.017172	-0.078699	-0.996750	-0.953404	0.301606	-0.007388	57.600674	-144.476654	557.212708	
0.334498	0.939532	-0.073408	-0.202020	-0.004596	-0.979370	-0.920488	0.342427	0.188268	52.991020	-136.537384	569.808105	
0.304429	0.947413	-0.098633	-0.188062	-0.041728	-0.981270	-0.933785	0.317276	0.165470	45.768494	-146.778824	617.782776	
0.216451	0.969239	-0.117140	-0.353788	-0.033959	-0.934708	-0.909935	0.243761	0.335556	31.343740	-139.476807	628.124817	
0.069586	0.995906	-0.057688	-0.584216	-0.006190	-0.811574	-0.808610	0.090176	0.581393	20.720243	-119.380226	593.258911	
0.060356	0.985388	-0.159264	-0.588664	-0.093717	-0.802926	-0.806121	0.142215	0.574407	2.165425	-112.937271	605.498657	
0.100600	0.952507	-0.287415	-0.672233	-0.147893	-0.725417	-0.733473	0.266187	0.625429	-16.527876	-99.365097	612.022827	
0.105114	0.911729	-0.397115	-0.702152	-0.214740	-0.678872	-0.704225	0.350195	0.617601	-33.394043	-94.556541	626.979065	
0.155665	0.872577	-0.463007	-0.793928	-0.168371	-0.584233	-0.587747	0.458540	0.666555	-46.568668	-81.346405	643.130676	
0.274877	0.676514	-0.683205	-0.789648	-0.246554	-0.561842	-0.548543	0.693929	0.466437	-54.952034	-75.909615	670.910156	
0.814669	-0.425287	-0.394265	-0.396943	-0.904568	0.155541	-0.422789	0.029786	-0.905739	-74.946602	-52.914001	645.109985	
0.814669	-0.425287	-0.394265	-0.396943	-0.904568	0.155541	-0.422789	0.029786	-0.905739	-74.946602	-52.914001	645.109985	
0.814669	-0.425287	-0.394265	-0.396943	-0.904568	0.155541	-0.422789	0.029786	-0.905739	-74.946602	-52.914001	645.109985	
0.603266	-0.639262	-0.476880	-0.526372	-0.768350	0.364104	-0.599168	0.031365	-0.800008	-131.221481	-32.806190	671.141296	
0.571013	-0.653820	-0.496451	-0.504567	-0.756540	0.416005	-0.647577	0.012949	-0.761889	-141.557388	-20.998745	685.040771	
0.413994	-0.657221	-0.629817	-0.515993	-0.739430	0.432429	-0.749907	0.145959	-0.645240	-154.213470	-6.590858	703.185181	
0.304405	-0.721853	-0.621503	-0.537314	-0.668879	0.513707	-0.786531	0.177567	-0.591471	-157.118988	-1.763952	698.257446	
0.198666	-0.760525	-0.618170	-0.504982	-0.620004	0.600491	-0.839956	0.192867	-0.507224	-169.205429	2.653994	700.825378	
0.145540	-0.741987	-0.654426	-0.425415	-0.644130	0.635703	-0.893219	0.185882	-0.409398	-179.884125	7.850508	709.399353	
0.067175	-0.699757	-0.711215	-0.386447	-0.675434	0.628051	-0.919862	0.232658	-0.315791	-180.882874	16.462715	702.340271	
-0.043575	-0.675439	-0.736127	-0.393827	-0.665550	0.633991	-0.918151	0.317533	-0.237004	-187.857727	20.523380	717.994690	
-0.122564	-0.623320	-0.772302	-0.409090	-0.677256	0.611531	-0.904225	0.390893	-0.171987	-192.476837	27.203693	741.421875	
-0.066861	-0.621761	-0.780347	-0.353008	-0.716772	0.601352	-0.933228	0.315676	-0.171562	-191.745209	33.953831	736.944153	
-0.175423	-0.581547	-0.794373	-0.317528	-0.730344	0.604793	-0.931881	0.358330	-0.056537	-195.526398	36.972351	765.307922	
-0.387309	-0.497941	-0.775916	-0.332253	-0.709667	0.621274	-0.860000	0.498426	0.109419	-203.994003	37.607250	807.563477	
-0.302659	-0.437870	-0.846561	-0.191834	-0.842057	0.504124	-0.933594	0.314977	0.170859	-203.790817	38.746483	833.316406	
-0.156169	-0.436981	-0.885809	-0.109438	-0.883637	0.455203	-0.981649	0.168030	0.090175	-190.331345	38.494862	804.064392	
-0.282529	-0.434471	-0.855226	-0.231452	-0.834333	0.500318	-0.930917	0.339299	0.135165	-185.417374	41.855160	828.779907	
-0.261256	-0.352260	-0.898697	-0.301624	-0.854620	0.422668	-0.916934	0.381494	0.117025	-175.321304	42.312729	827.278137	
-0.262491	-0.282674	-0.922601	-0.322881	-0.875283	0.360040	-0.909311	0.392397	0.138484	-163.834457	40.952183	834.072571	
-0.278823	-0.259518	-0.924612	-0.266044	-0.904239	0.334027	-0.922756	0.339122	0.183080	-158.149445	37.859711	851.436707	
-0.258497	-0.192626	-0.946612	-0.265073	-0.928161	0.261257	-0.928932	0.318455	0.188867	-143.224838	35.699688	865.719177	
-0.218294	-0.119421	-0.968548	-0.325483	-0.926746	0.187626	-0.920004	0.356204	0.163434	-133.865936	30.512409	875.600952	
-0.260595	-0.090949	-0.961154	-0.265234	-0.950502	0.161854	-0.928300	0.297110	0.223574	-120.448502	24.467030	903.092529	
-0.375443	-0.100920	-0.921334	-0.187391	-0.965261	0.182093	-0.907704	0.241015	0.343490	-106.957787	17.276407	947.561340	
-0.164959	-0.040071	-0.985486	-0.218742	-0.972805	0.076170	-0.961738	0.228132	0.151708	-82.114601	14.154100	920.583984	
-0.164959	-0.040071	-0.985486	-0.218742	-0.972805	0.076170	-0.961738	0.228132	0.151708	-82.114601	14.154100	920.583984	
-0.164959	-0.040071	-0.985486	-0.218742	-0.972805	0.076170	-0.961738	0.228132	0.151708	-82.114601	14.154100	920.583984	
0.052077	-0.008291	-0.998609	-0.226427	-0.974021	-0.003721	-0.972635	0.226306	-0.052601	-31.306858	-5.481812	939.305786	
0.057509	-0.013968	-0.998248	-0.189501	-0.981876	0.002822	-0.980195	0.189006	-0.059114	-20.780846	-16.237095	934.262573	
0.153534	-0.048433	-0.986956	-0.282491	-0.959265	0.003129	-0.946903	0.278326	-0.160962	-1.158590	-22.189899	973.940002	
0.153534	-0.048433	-0.986956	-0.282491	-0.959265	0.003129	-0.946903	0.278326	-0.160962	-1.158590	-22.189899	973.940002	
0.153534	-0.048433	-0.986956	-0.282491	-0.959265	0.003129	-0.946903	0.278326	-0.160962	-1.158590	-22.189899	973.940002	
0.153534	-0.048433	-0.986956	-0.282491	-0.959265	0.003129	-0.946903	0.278326	-0.160962	-1.158590	-22.189899	973.940002	
0.313759	-0.271756	-0.909782	-0.298044	-0.937927	0.177376	-0.901513	0.215502	-0.375278	50.456497	-61.838387	975.095093	
0.342247	-0.327134	-0.880823	-0.253164	-0.934873	0.248840	-0.904862	0.137828	-0.402776	63.708771	-67.996544	984.464172	
0.301323	-0.397172	-0.866867	-0.301099	-0.902238	0.308716	-0.904734	0.167990	-0.391453	75.674797	-81.998123	979.566223	
0.292485	-0.501717	-0.814084	-0.350464	-0.848319	0.396900	-0.889735	0.169219	-0.423954	84.756348	-88.104248	980.682556	
0.209353	-0.571588	-0.793384	-0.337870	-0.803675	0.489847	-0.917614	0.165510	-0.361374	90.460342	-102.347137	986.266113	
0.229164	-0.639997	-0.733408	-0.343042	-0.758219	0.554460	-0.910937	0.124528	-0.393302	93.513657	-113.846901	1003.010803	
0.129593	-0.709721	-0.692461	-0.352387	-0.685726	0.636869	-0.926838	0.161480	-0.338961	96.339043	-117.265030	992.482239	
0.072305	-0.734343	-0.674917	-0.322398	-0.657569	0.680927	-0.943839	0.168357	-0.284296	96.427086	-127.861023	980.170410	
-0.006175	-0.769689	-0.638389	-0.419056	-0.577649	0.700509	-0.907939	0.271846	-0.318976	99.292191	-144.050034	1003.972290	
-0.107055	-0.788903	-0.605120	-0.441352	-0.507660	0.739925	-0.890925	0.346284	-0.293836	98.979019	-150.743698	1008.077454	
-0.171849	-0.806303	-0.565989	-0.330422	-0.494077	0.804182	-0.928057	0.325213	-0.181513	96.840675	-162.159332	1004.209167	
-0.226082	-0.819137	-0.527163	-0.299640	-0.456456	0.837772	-0.926878	0.347365	-0.142249	90.339302	-173.843292	1007.734314	
-0.349626	-0.822355	-0.448880	-0.278179	-0.366392	0.887904	-0.894639	0.435304	-0.100661	86.055984	-179.583664	1011.345215	
-0.394578	-0.824953	-0.404673	-0.129478	-0.386095	0.913326	-0.909694	0.412775	0.045532	75.312950	-183.668106	1004.294067	
-0.492693	-0.790555	-0.363698	-0.046732	-0.393306	0.918219	-0.868947	0.469397	0.156835	63.414650	-190.023926	1009.755371	
-0.604555	-0.746268	-0.278562	0.018243	-0.362585	0.931771	-0.796354	0.558226	0.232817	56.668671	-195.402710	1016.761353	
-0.513629	-0.835828	-0.193849	0.137011	-0.302927	0.943113	-0.847003	0.457851	0.270109	47.053787	-199.698181	1001.480469	
-0.832055	-0.548786	-0.080742	0.153354	-0.367472	0.917304	-0.533074	0.750865	0.389915	40.506001	-207.223007	1022.049988	
-0.832055	-0.548786	-0.080742	0.153354	-0.367472	0.917304	-0.533074	0.750865	0.389915	40.506001	-207.223007	1022.049988	
-0.832055	-0.548786	-0.080742	0.153354	-0.367472	0.917304	-0.533074	0.750865	0.389915	40.506001	-207.223007	1022.049988	
-0.832055	-0.548786	-0.080742	0.153354	-0.367472	0.917304	-0.533074	0.750865	0.389915	40.506001	-207.223007	1022.049988	
-0.968939	-0.179099	0.170528	0.246127	-0.631382	0.735376	-0.024037	0.754506	0.655852	-16.592289	-209.638977	969.681458	
-0.962941	-0.264769	0.051398	0.235696	-0.733436	0.637587	-0.131116	0.626074	0.768661	-28.712082	-219.275665	1004.946228	
-0.956087	-0.293055	0.003888	0.221182	-0.712772	0.665607	-0.192289	0.637239	0.746291	-48.351715	-217.618347	986.687561	
-0.925891	-0.377126	-0.022375	0.205886	-0.553360	0.807095	-0.316758	0.742676	0.589997	-57.929333	-208.974899	944.190857	
-0.842684	0.157092	0.514981	0.061644	-0.922048	0.382136	0.534867	0.353766	0.767311	-67.614700	-209.496002	980.039001	
-0.842684	0.157092	0.514981	0.061644	-0.922048	0.382136	0.534867	0.353766	0.767311	-67.614700	-209.496002	980.039001	
-0.842684	0.157092	0.514981	0.061644	-0.922048	0.382136	0.534867	0.353766	0.767311	-67.614700	-209.496002	980.039001	
-0.842684	0.157092	0.514981	0.061644	-0.922048	0.382136	0.534867	0.353766	0.767311	-67.614700	-209.496002	980.039001	
-0.572331	0.421316	0.703513	-0.493847	-0.861983	0.114459	0.654640	-0.281919	0.701405	-107.762627	-187.178375	902.633545	
-0.510832	0.442341	0.737148	-0.678672	-0.733831	-0.029959	0.527689	-0.515585	0.675067	-123.447891	-181.841888	921.337585	
-0.390655	0.470595	0.791157	-0.816547	-0.573964	-0.061788	0.425018	-0.670154	0.608484	-130.109665	-172.851288	925.667542	
-0.304538	0.458149	0.835079	-0.912884	-0.390609	-0.118613	0.271846	-0.798452	0.537191	-134.852097	-163.351425	916.779419	
-0.231176	0.417450	0.878802	-0.968876	-0.180975	-0.168904	0.088532	-0.890497	0.446293	-140.226715	-148.918472	895.606201	
-0.181009	0.385285	0.904871	-0.982998	-0.042003	-0.178753	-0.030863	-0.921841	0.386337	-146.671127	-139.505920	915.231812	
-0.140598	0.291532	0.946172	-0.985137	0.054066	-0.163047	-0.098690	-0.955032	0.279597	-150.074631	-123.066246	913.288086	
-0.126000	0.167776	0.977740	-0.988805	-0.100655	-0.110154	0.079933	-0.980673	0.178580	-146.674850	-105.992226	871.642578	
-0.113096	0.104271	0.988097	-0.968077	-0.235458	-0.085957	0.223692	-0.966275	0.127571	-144.944336	-98.975502	865.421448	
-0.112340	0.129303	0.985221	-0.957401	-0.279518	-0.072483	0.266015	-0.951394	0.155195	-137.148697	-89.071968	828.907593	
-0.152954	0.243318	0.957810	-0.889171	-0.456841	-0.025939	0.431256	-0.855624	0.286227	-132.930008	-76.212296	818.546265	
-0.301033	0.297187	0.906123	-0.580712	-0.810830	0.073008	0.756409	-0.504218	0.416665	-133.871597	-72.677185	844.009583	
-0.301137	0.336000	0.892424	-0.453640	-0.873662	0.175861	0.838766	-0.351880	0.415514	-120.303322	-65.777161	807.821289	
-0.283435	0.336389	0.898057	-0.300158	-0.920527	0.250073	0.910808	-0.198679	0.361879	-110.964584	-57.188660	778.689087	
-0.337000	0.399538	0.852526	-0.157393	-0.916659	0.367376	0.928256	-0.010375	0.371798	-104.449074	-42.675140	775.173279	
-0.350770	0.433574	0.830045	-0.164493	-0.901109	0.401181	0.921902	0.004187	0.387401	-100.916046	-27.572182	787.213562	
-0.192168	-0.467689	0.862750	0.098893	0.865432	0.491170	-0.976367	0.179707	-0.120057	-82.368401	-12.376200	777.581970	
-0.192168	-0.467689	0.862750	0.098893	0.865432	0.491170	-0.976367	0.179707	-0.120057	-82.368401	-12.376200	777.581970	
-0.192168	-0.467689	0.862750	0.098893	0.865432	0.491170	-0.976367	0.179707	-0.120057	-82.368401	-12.376200	777.581970	
-0.192168	-0.467689	0.862750	0.098893	0.865432	0.491170	-0.976367	0.179707	-0.120057	-82.368401	-12.376200	777.581970	
-0.443220	-0.546355	0.710671	0.511121	0.497265	0.701058	-0.736418	0.673962	0.058855	-33.074356	20.386412	718.296326	
-0.303068	-0.734193	0.607545	0.394413	0.483726	0.781311	-0.867518	0.476414	0.142973	-22.529140	29.005775	704.026062	
-0.310933	-0.813466	0.491523	0.424992	0.343574	0.837460	-0.850119	0.469287	0.238887	-12.858438	33.505554	700.318665	
-0.292434	-0.857187	0.423926	0.428114	0.279048	0.859564	-0.855102	0.432854	0.285371	-2.044357	42.093754	707.068909	
-0.227601	-0.898829	0.374573	0.293215	0.303554	0.906576	-0.928559	0.316168	0.194461	8.198343	43.005379	662.365112	
-0.166870	-0.935438	0.311626	0.196480	0.278170	0.940222	-0.966204	0.218123	0.137376	17.165424	43.732971	632.360718	
-0.233200	-0.940681	0.246448	0.265424	0.182238	0.946752	-0.935504	0.286196	0.207181	32.365517	48.043278	630.670349	
-0.335525	-0.858889	0.386954	0.435514	0.222805	0.872173	-0.835314	0.461160	0.299300	47.062206	53.295563	634.478027	
-0.213269	-0.913589	0.346227	0.424003	0.232718	0.875251	-0.880192	0.333464	0.337732	57.339169	54.393433	631.921936	
-0.275308	-0.898076	0.343025	0.456687	0.191807	0.868704	-0.845956	0.395816	0.357333	72.338211	56.020580	637.689819	
-0.353634	-0.902331	0.246461	0.389109	0.097697	0.915997	-0.850610	0.419827	0.316555	84.685623	56.184994	629.563721	
-0.449107	-0.884484	0.126458	0.327387	-0.031215	0.944375	-0.831336	0.465526	0.303587	95.318016	56.032089	628.218262	
-0.518761	-0.853310	0.052439	0.269037	-0.104721	0.957420	-0.811484	0.510780	0.283896	99.415161	54.598602	617.574890	
-0.588513	-0.807617	-0.037514	0.238689	-0.217892	0.946336	-0.772450	0.547977	0.321000	101.926270	51.537613	606.136475	
-0.633610	-0.762853	-0.128816	0.182256	-0.308999	0.933436	-0.751878	0.567957	0.334819	102.641342	49.117031	598.539734	
-0.649817	-0.734896	-0.194078	0.116981	-0.348987	0.929798	-0.751035	0.581495	0.312746	103.453323	42.860241	590.794495	
-0.732149	-0.657697	-0.177180	0.137349	-0.397331	0.907339	-0.667152	0.639972	0.381239	104.194954	37.120480	596.926270	
-0.845690	-0.512273	-0.149616	0.130052	-0.469722	0.873183	-0.517585	0.718984	0.463861	100.075394	29.066519	596.632324	
-0.799420	-0.580269	-0.155615	0.251026	-0.557958	0.790993	-0.545815	0.593272	0.591705	98.419518	22.313030	591.691956	
-0.684916	-0.690137	-0.233668	0.251170	-0.524676	0.813406	-0.683961	0.498424	0.532700	90.849197	16.592524	573.163208	
-0.656694	-0.679442	-0.327280	0.158697	-0.548748	0.820787	-0.737271	0.487067	0.468184	81.012421	9.870123	545.950378	
-0.352937	0.366568	-0.860850	-0.655380	-0.753496	-0.052158	-0.667767	0.545776	0.506178	64.183403	0.835884	581.054016	
-0.352937	0.366568	-0.860850	-0.655380	-0.753496	-0.052158	-0.667767	0.545776	0.506178	64.183403	0.835884	581.054016	
-0.352937	0.366568	-0.860850	-0.655380	-0.753496	-0.052158	-0.667767	0.545776	0.506178	64.183403	0.835884	581.054016	
-0.352937	0.366568	-0.860850	-0.655380	-0.753496	-0.052158	-0.667767	0.545776	0.506178	64.183403	0.835884	581.054016	
-0.055391	0.098054	-0.993639	-0.559152	-0.827526	-0.050491	-0.827212	0.552798	0.100665	8.308199	-34.946312	563.583740	
-0.015438	0.042055	-0.998996	-0.672658	-0.739663	-0.020742	-0.739792	0.671663	0.039707	0.663861	-44.294434	564.946350	
-0.013994	0.090120	-0.995833	-0.612395	-0.788061	-0.062711	-0.790428	0.608966	0.066217	-16.603323	-58.039581	593.135010	
-0.007253	0.128188	-0.991724	-0.568566	-0.816369	-0.101364	-0.822605	0.563125	0.078805	-34.119091	-65.667999	589.611450	
0.073499	-0.272293	-0.959403	-0.621062	-0.765193	0.169594	-0.780308	0.583384	-0.225352	-61.751598	-82.858101	575.432007	
0.073499	-0.272293	-0.959403	-0.621062	-0.765193	0.169594	-0.780308	0.583384	-0.225352	-61.751598	-82.858101	575.432007	
0.073499	-0.272293	-0.959403	-0.621062	-0.765193	0.169594	-0.780308	0.583384	-0.225352	-61.751598	-82.858101	575.432007	
-0.022400	-0.632629	-0.774131	-0.684510	-0.554656	0.473078	-0.728659	0.540498	-0.420617	-102.275879	-111.245506	574.420959	
0.131569	-0.741798	-0.657590	-0.783356	-0.484317	0.389604	-0.607489	0.463868	-0.644813	-114.931038	-114.155785	556.434692	
0.183685	-0.739956	-0.647090	-0.620978	-0.597651	0.507150	-0.762001	0.308673	-0.569276	-125.246895	-129.472321	579.887878	
0.161496	-0.785033	-0.598032	-0.520924	-0.582498	0.623968	-0.838187	0.210762	-0.503014	-144.881775	-144.517273	601.101746	
0.056824	-0.844932	-0.531847	-0.317694	-0.520321	0.792677	-0.946489	0.123923	-0.297997	-148.697830	-152.912384	583.743591	
-0.118363	-0.894645	-0.430815	-0.323882	-0.375353	0.868454	-0.938664	0.242326	-0.245332	-167.861450	-167.336548	606.901062	
-0.139404	-0.936451	-0.321909	-0.251634	-0.280912	0.926159	-0.957730	0.210114	-0.196484	-172.599991	-171.925705	610.087036	
-0.093247	-0.968637	-0.230323	-0.197392	-0.208754	0.957841	-0.975880	0.134780	-0.171736	-179.242538	-179.398132	608.525818	
-0.119477	-0.983635	-0.134862	-0.036397	-0.131405	0.990661	-0.992170	0.123270	-0.020102	-187.932358	-181.764465	616.610107	
-0.273447	-0.961104	0.038818	-0.065800	0.058951	0.996090	-0.959634	0.269824	-0.079361	-196.439056	-190.497894	631.399536	
-0.513379	-0.820693	0.250810	-0.080597	0.337082	0.938019	-0.854369	0.461346	-0.239197	-202.353973	-198.635315	648.216919	
-0.642935	-0.643394	0.415549	0.072147	0.489261	0.869148	-0.762516	0.588787	-0.268144	-203.894836	-205.004761	654.216797	
-0.654301	-0.534692	0.534786	0.251777	0.512802	0.820757	-0.713091	0.671669	-0.200905	-203.589996	-208.458771	669.482544	
-0.602939	-0.432698	0.670252	0.504071	0.444570	0.740452	-0.618366	0.784303	-0.049939	-201.736237	-209.391373	679.354004	
-0.595663	-0.350471	0.722742	0.632065	0.350726	0.691003	-0.495661	0.868425	0.012605	-199.530090	-211.529572	691.112915	
-0.531489	-0.243131	0.811423	0.756815	0.293955	0.583800	-0.380462	0.924380	0.027771	-192.123062	-211.437515	698.265076	
-0.436530	-0.162383	0.884915	0.859568	0.215175	0.463512	-0.265678	0.962981	0.045647	-186.896301	-209.963089	712.745728	
-0.367335	-0.114386	0.923029	0.907777	0.171978	0.382578	-0.202502	0.978438	0.040662	-181.380295	-208.617828	724.956177	
-0.237433	-0.080012	0.968104	0.967543	0.069295	0.243022	-0.086530	0.994383	0.060961	-168.095276	-205.922180	736.046753	
-0.092666	-0.086228	0.991957	0.995160	0.024716	0.095114	-0.032719	0.995969	0.083520	-156.455902	-204.563431	763.810547	
0.001881	-0.048633	0.998816	0.999615	-0.027553	-0.003223	0.027677	0.998437	0.048562	-139.724152	-201.771011	780.465332	
0.134518	0.016622	0.990772	0.976210	-0.173812	-0.129625	0.170054	0.984639	-0.039608	-117.306000	-194.544998	781.635010	
0.134518	0.016622	0.990772	0.976210	-0.173812	-0.129625	0.170054	0.984639	-0.039608	-117.306000	-194.544998	781.635010	
0.134518	0.016622	0.990772	0.976210	-0.173812	-0.129625	0.170054	0.984639	-0.039608	-117.306000	-194.544998	781.635010	
0.455283	-0.027328	0.889927	0.795688	-0.435999	-0.420459	0.399497	0.899532	-0.176758	-76.242401	-165.047638	818.285156	
0.576880	-0.063171	0.814383	0.712986	-0.447548	-0.539770	0.398573	0.892026	-0.213141	-64.845055	-158.534225	834.915100	
0.674671	-0.105546	0.730534	0.591142	-0.515413	-0.620404	0.442007	0.850417	-0.285341	-45.743523	-149.129608	857.109802	
0.711407	-0.140491	0.688595	0.518129	-0.557129	-0.648961	0.474809	0.818456	-0.323552	-25.415051	-143.069122	868.566284	
0.767732	-0.234462	0.596335	0.394095	-0.561049	-0.727952	0.505250	0.793884	-0.338334	-6.501574	-129.352631	876.351807	
0.779609	-0.339000	0.526583	0.278741	-0.565127	-0.776489	0.560815	0.752137	-0.346084	2.527271	-116.081718	896.318604	
0.826853	-0.343375	0.445431	0.173156	-0.598098	-0.782493	0.535099	0.724136	-0.435081	12.865753	-109.967781	898.346619	
0.866800	-0.425676	0.259728	-0.044401	-0.584672	-0.810054	0.496676	0.690622	-0.525693	21.810978	-95.944939	898.609680	
0.883752	-0.442204	0.153099	-0.141925	-0.565034	-0.812770	0.445915	0.696557	-0.562109	29.103666	-81.027237	896.781677	
0.839942	-0.536188	0.083673	-0.252668	-0.522849	-0.814118	0.480267	0.662670	-0.574640	35.875824	-66.941498	914.475037	
0.799492	-0.600635	-0.007190	-0.368142	-0.480497	-0.795987	0.474641	0.639031	-0.605271	42.412643	-52.862564	935.499512	
0.755182	-0.651838	-0.069350	-0.448942	-0.437206	-0.779296	0.477653	0.619644	-0.622806	52.034615	-46.333519	951.697937	
0.728186	-0.656620	-0.196463	-0.534635	-0.364828	-0.762278	0.428850	0.660115	-0.616713	60.222656	-32.311680	958.081909	
0.691583	-0.660924	-0.291365	-0.620853	-0.337791	-0.707418	0.369127	0.670132	-0.643946	63.271282	-18.445484	964.889771	
0.631834	-0.676066	-0.379107	-0.681682	-0.251888	-0.686923	0.368911	0.692451	-0.620012	64.147079	-4.476048	966.143860	
0.602342	-0.670583	-0.433018	-0.712937	-0.207945	-0.669688	0.359036	0.712094	-0.603336	66.672737	8.091108	982.926514	
0.551894	-0.682025	-0.479851	-0.760395	-0.175337	-0.625345	0.342364	0.709999	-0.615375	66.207840	20.566700	983.526611	
0.497696	-0.686652	-0.529914	-0.800397	-0.128211	-0.585600	0.334161	0.715592	-0.613404	64.368492	25.960432	995.101929	
0.459010	-0.672510	-0.580553	-0.825467	-0.081206	-0.558580	0.328505	0.735619	-0.592408	61.422432	37.377922	1010.415833	
0.382154	-0.618604	-0.686504	-0.869277	0.011427	-0.494194	0.313554	0.785620	-0.533371	53.565132	48.225792	1013.373840	
0.335140	-0.599419	-0.726897	-0.890254	0.051094	-0.452590	0.308430	0.798803	-0.516511	48.231617	59.147205	1024.282227	
0.284208	-0.571287	-0.769972	-0.905653	0.103615	-0.411168	0.314674	0.814184	-0.487939	37.886871	67.527451	1031.725220	
0.236722	-0.562986	-0.791840	-0.892669	0.195705	-0.406008	0.383543	0.802961	-0.456231	24.208136	77.544983	1057.661865	
0.198017	-0.492339	-0.847581	-0.894976	0.261846	-0.361188	0.399761	0.830084	-0.388780	15.810396	84.804123	1052.375244	
0.139914	-0.459153	-0.877270	-0.886611	0.336370	-0.317455	0.440847	0.822213	-0.360026	0.343449	88.852318	1060.302856	
0.083794	-0.317868	-0.944426	-0.888974	0.404368	-0.214973	0.450227	0.857582	-0.248693	-17.335442	91.462585	1058.234375	
0.056245	-0.260797	-0.963754	-0.872954	0.455625	-0.174240	0.484551	0.851112	-0.202036	-35.564953	94.126823	1072.334717	
0.046734	-0.100039	-0.993886	-0.901662	0.423993	-0.085074	0.429910	0.900124	-0.070385	-44.748627	93.411804	1047.823120	
0.001298	-0.079687	-0.996819	-0.844453	0.533840	-0.043775	0.535629	0.841823	-0.066598	-55.698223	96.260300	1073.102539	
-0.042671	-0.041372	-0.998232	-0.896953	0.441675	0.020036	0.440063	0.896221	-0.055955	-64.296143	92.645020	1026.227051	
-0.011060	0.170556	-0.985286	-0.813595	0.571308	0.108028	0.581327	0.802819	0.132444	-86.084900	95.673401	1073.640015	
-0.011060	0.170556	-0.985286	-0.813595	0.571308	0.108028	0.581327	0.802819	0.132444	-86.084900	95.673401	1073.640015	
-0.011060	0.170556	-0.985286	-0.813595	0.571308	0.108028	0.581327	0.802819	0.132444	-86.084900	95.673401	1073.640015	
-0.011060	0.170556	-0.985286	-0.813595	0.571308	0.108028	0.581327	0.802819	0.132444	-86.084900	95.673401	1073.640015	
-0.011060	0.170556	-0.985286	-0.813595	0.571308	0.108028	0.581327	0.802819	0.132444	-86.084900	95.673401	1073.640015	
0.096485	0.543686	-0.833724	-0.672606	0.653054	0.348028	0.733684	0.527188	0.428696	-131.368332	74.752136	1053.212158	
0.127764	0.594542	-0.793848	-0.651937	0.653539	0.384534	0.747432	0.468409	0.471103	-139.305588	67.491180	1056.668091	
0.163399	0.619451	-0.767841	-0.620307	0.669718	0.408286	0.767150	0.409584	0.493681	-146.565811	64.243111	1053.194580	
0.213338	0.660924	-0.719489	-0.616647	0.662309	0.425553	0.757782	0.352884	0.548852	-152.326218	54.272274	1051.389526	
0.235803	0.679677	-0.694575	-0.586872	0.669279	0.455684	0.774582	0.300175	0.556701	-162.025238	43.459473	1043.910645	
0.127700	0.686161	-0.716153	-0.641742	0.607708	0.467825	0.756214	0.399844	0.517942	-170.357513	34.246552	1053.105713	
0.334170	0.798487	-0.500747	-0.625798	0.585252	0.515615	0.704774	0.141063	0.695265	-175.758362	26.251244	1044.200562	
0.359738	0.846653	-0.392131	-0.587114	0.532036	0.610110	0.725180	0.010746	0.688475	-181.082993	20.781200	1048.540039	
0.359738	0.846653	-0.392131	-0.587114	0.532036	0.610110	0.725180	0.010746	0.688475	-181.082993	20.781200	1048.540039	
0.359738	0.846653	-0.392131	-0.587114	0.532036	0.610110	0.725180	0.010746	0.688475	-181.082993	20.781200	1048.540039	
0.359738	0.846653	-0.392131	-0.587114	0.532036	0.610110	0.725180	0.010746	0.688475	-181.082993	20.781200	1048.540039	
0.359738	0.846653	-0.392131	-0.587114	0.532036	0.610110	0.725180	0.010746	0.688475	-181.082993	20.781200	1048.540039	
0.526970	0.839635	0.131591	-0.652309	0.300334	0.695911	0.544790	-0.452562	0.705969	-171.552933	-20.390549	991.161682	
0.521064	0.817507	0.245306	-0.676654	0.220486	0.702514	0.520223	-0.532041	0.668057	-162.417740	-35.106945	979.196533	
0.525782	0.792536	0.308934	-0.694938	0.190782	0.693299	0.490525	-0.579213	0.651074	-153.615219	-43.052803	977.553711	
0.540941	0.758708	0.362966	-0.710466	0.181237	0.679994	0.450134	-0.625711	0.637075	-141.338501	-49.692528	962.736267	
0.522600	0.751096	0.403415	-0.729943	0.149680	0.666918	0.440536	-0.643001	0.626480	-134.448486	-63.683804	960.380981	
