0.995421	-0.042312	0.085711	0.042666	0.999086	-0.002308	-0.085535	0.005955	0.996318	19.067574	3.175447	538.548157	
0.979468	-0.118506	0.163090	0.126797	0.991065	-0.041371	-0.156731	0.061201	0.985744	27.190220	7.302497	540.580933	
0.988908	-0.104886	0.105167	0.127587	0.962370	-0.239928	-0.076044	0.250685	0.965078	31.082569	15.030959	532.412292	
0.990554	-0.082155	0.109788	0.112234	0.945744	-0.304912	-0.078781	0.314353	0.946032	32.418503	15.307137	512.530640	
0.835265	-0.265380	0.481566	0.308864	0.951035	-0.011623	-0.454902	0.158447	0.876333	53.260601	24.480900	552.442017	
0.835265	-0.265380	0.481566	0.308864	0.951035	-0.011623	-0.454902	0.158447	0.876333	53.260601	24.480900	552.442017	
0.835265	-0.265380	0.481566	0.308864	0.951035	-0.011623	-0.454902	0.158447	0.876333	53.260601	24.480900	552.442017	
0.835265	-0.265380	0.481566	0.308864	0.951035	-0.011623	-0.454902	0.158447	0.876333	53.260601	24.480900	552.442017	
0.835265	-0.265380	0.481566	0.308864	0.951035	-0.011623	-0.454902	0.158447	0.876333	53.260601	24.480900	552.442017	
0.453357	-0.316926	0.833081	0.631046	0.774204	-0.048883	-0.629483	0.547873	0.550986	99.646965	32.127632	569.121277	
0.375974	-0.320287	0.869517	0.708283	0.704376	-0.046799	-0.597477	0.633459	0.491681	103.347588	30.692482	577.128357	
0.269122	-0.274046	0.923294	0.798821	0.599047	-0.055035	-0.538014	0.752357	0.380131	105.627899	28.264683	575.680176	
0.206882	-0.266477	0.941376	0.851763	0.522452	-0.039296	-0.481353	0.809958	0.335062	108.814743	26.360283	588.437439	
0.101283	-0.177702	0.978858	0.900612	0.434389	-0.014328	-0.422659	0.883022	0.204037	111.436226	24.610851	603.316467	
0.008152	-0.158915	0.987258	0.904544	0.422070	0.060470	-0.426302	0.892526	0.147187	114.753914	15.795192	610.009521	
0.046608	-0.091838	0.994683	0.941736	0.336098	-0.013096	-0.333108	0.937339	0.102152	108.726997	8.352270	611.651001	
0.046608	-0.091838	0.994683	0.941736	0.336098	-0.013096	-0.333108	0.937339	0.102152	108.726997	8.352270	611.651001	
0.046608	-0.091838	0.994683	0.941736	0.336098	-0.013096	-0.333108	0.937339	0.102152	108.726997	8.352270	611.651001	
0.046608	-0.091838	0.994683	0.941736	0.336098	-0.013096	-0.333108	0.937339	0.102152	108.726997	8.352270	611.651001	
0.046608	-0.091838	0.994683	0.941736	0.336098	-0.013096	-0.333108	0.937339	0.102152	108.726997	8.352270	611.651001	
-0.027334	0.198253	0.979769	0.989841	-0.131435	0.054211	0.139524	0.971298	-0.192646	82.684021	-33.532528	640.465820	
-0.085253	0.022078	0.996114	0.982441	-0.164657	0.087732	0.165954	0.986103	-0.007653	95.089432	-41.338455	665.109985	
-0.060049	0.003746	0.998188	0.982371	-0.177130	0.059762	0.177034	0.984180	0.006957	91.353737	-53.580032	670.860413	
-0.030031	-0.035153	0.998930	0.987469	-0.155941	0.024198	0.154924	0.987140	0.039396	88.716743	-58.859715	677.871643	
0.104698	0.577357	0.809751	0.906255	-0.390707	0.161400	0.409561	0.716943	-0.564139	51.838100	-70.394997	704.843994	
0.104698	0.577357	0.809751	0.906255	-0.390707	0.161400	0.409561	0.716943	-0.564139	51.838100	-70.394997	704.843994	
0.236250	0.707190	0.666384	0.805885	-0.525764	0.272252	0.542896	0.472709	-0.694126	14.862159	-97.391174	727.531860	
0.304960	0.755506	0.579836	0.774093	-0.551302	0.311198	0.554778	0.353944	-0.752958	5.799828	-103.515640	737.753174	
0.367163	0.758746	0.538049	0.741902	-0.587791	0.322619	0.561047	0.280726	-0.778730	-3.299402	-110.929665	745.920227	
0.477005	0.716488	0.509029	0.706054	-0.657292	0.263541	0.523406	0.233691	-0.819412	-14.498642	-118.777313	726.775452	
0.531246	0.723767	0.440386	0.684787	-0.672886	0.279804	0.498843	0.152926	-0.853095	-24.322456	-131.664032	733.191833	
0.702311	0.711558	0.021111	0.659480	-0.661504	0.357066	0.268039	-0.236849	-0.933840	-28.346371	-141.267746	754.753967	
0.707566	0.705023	0.047881	0.618621	-0.650753	0.440259	0.341551	-0.281892	-0.896594	-37.509319	-155.230591	768.181213	
0.754449	0.648973	0.098195	0.538183	-0.697288	0.473443	0.375722	-0.304342	-0.875334	-53.483841	-177.129669	816.632629	
0.787477	0.615800	-0.025905	0.543888	-0.674515	0.499214	0.289943	-0.407209	-0.866092	-62.430443	-184.645004	840.094788	
0.827437	0.554511	-0.088695	0.464118	-0.586360	0.663909	0.316138	-0.590508	-0.742535	-69.905556	-192.433533	819.408447	
0.843551	0.513437	-0.157495	0.450464	-0.516767	0.728034	0.292411	-0.685080	-0.667205	-81.415352	-202.027649	818.510864	
0.850168	0.461615	-0.253231	0.488054	-0.510496	0.707953	0.197528	-0.725469	-0.659301	-93.000916	-211.609543	828.956055	
0.861313	0.395913	-0.318426	0.491695	-0.491671	0.718675	0.127971	-0.775573	-0.618151	-102.582504	-214.847229	840.912048	
0.870672	0.290647	-0.396807	0.491101	-0.468756	0.734225	0.027394	-0.834142	-0.550870	-109.675125	-219.273300	857.931763	
0.857240	0.173097	-0.484951	0.505133	-0.465417	0.726793	-0.099899	-0.868001	-0.486411	-110.238083	-222.857590	862.015198	
0.795783	0.121127	-0.593346	0.578843	-0.440070	0.686497	-0.177961	-0.889757	-0.420314	-111.076187	-226.600006	868.136475	
0.770115	0.056859	-0.635367	0.597104	-0.414746	0.686623	-0.224475	-0.908159	-0.353353	-111.131180	-229.887115	880.991455	
0.785431	0.027067	-0.618357	0.570666	-0.418506	0.706536	-0.239662	-0.907811	-0.344154	-115.802002	-246.240997	928.081970	
0.785431	0.027067	-0.618357	0.570666	-0.418506	0.706536	-0.239662	-0.907811	-0.344154	-115.802002	-246.240997	928.081970	
0.785431	0.027067	-0.618357	0.570666	-0.418506	0.706536	-0.239662	-0.907811	-0.344154	-115.802002	-246.240997	928.081970	
0.785431	0.027067	-0.618357	0.570666	-0.418506	0.706536	-0.239662	-0.907811	-0.344154	-115.802002	-246.240997	928.081970	
0.785431	0.027067	-0.618357	0.570666	-0.418506	0.706536	-0.239662	-0.907811	-0.344154	-115.802002	-246.240997	928.081970	
0.785431	0.027067	-0.618357	0.570666	-0.418506	0.706536	-0.239662	-0.907811	-0.344154	-115.802002	-246.240997	928.081970	
0.445767	-0.190731	-0.874593	0.708867	-0.521415	0.475009	-0.546624	-0.831714	-0.097226	-79.510895	-237.769531	939.473572	
0.374238	-0.210239	-0.903186	0.704440	-0.568957	0.424326	-0.603083	-0.795039	-0.064824	-74.394844	-231.426865	937.165710	
0.305979	-0.220769	-0.926087	0.741497	-0.554849	0.377261	-0.597125	-0.802124	-0.006072	-64.515877	-236.594757	976.970520	
0.283928	-0.250824	-0.925458	0.712422	-0.590802	0.378692	-0.641747	-0.766838	0.010947	-49.918098	-234.992004	997.687988	
0.283928	-0.250824	-0.925458	0.712422	-0.590802	0.378692	-0.641747	-0.766838	0.010947	-49.918098	-234.992004	997.687988	
0.283928	-0.250824	-0.925458	0.712422	-0.590802	0.378692	-0.641747	-0.766838	0.010947	-49.918098	-234.992004	997.687988	
0.283928	-0.250824	-0.925458	0.712422	-0.590802	0.378692	-0.641747	-0.766838	0.010947	-49.918098	-234.992004	997.687988	
0.048735	-0.131028	-0.990180	0.736820	-0.664583	0.124207	-0.674331	-0.735637	0.064155	-14.985647	-204.091354	1030.811768	
0.000960	-0.052867	-0.998601	0.746297	-0.664645	0.035905	-0.665613	-0.745287	0.038817	4.888831	-190.520401	1025.595581	
-0.048915	0.017014	-0.998658	0.692224	-0.720204	-0.046175	-0.720024	-0.693553	0.023452	13.255564	-180.318771	1027.866333	
-0.097723	0.086948	-0.991408	0.585471	-0.800538	-0.127917	-0.804783	-0.592940	0.027325	21.914381	-176.237900	1061.254639	
-0.083686	0.160381	-0.983501	0.589785	-0.787560	-0.178613	-0.803213	-0.595001	-0.028683	41.026024	-156.643951	1019.862671	
-0.096614	0.251443	-0.963038	0.507917	-0.819644	-0.264959	-0.855971	-0.514742	-0.048523	49.788048	-145.509445	1031.390991	
-0.039367	0.311798	-0.949333	0.470327	-0.832462	-0.292916	-0.881614	-0.458028	-0.113875	68.414528	-136.066895	1055.468750	
0.019296	0.317443	-0.948081	0.454657	-0.847327	-0.274454	-0.890458	-0.425755	-0.160678	75.247986	-126.615829	1046.911011	
0.075521	0.349709	-0.933809	0.457332	-0.844327	-0.279212	-0.886084	-0.405973	-0.223698	90.369774	-115.260033	1045.190796	
0.137464	0.404232	-0.904268	0.530271	-0.801124	-0.277514	-0.836610	-0.441358	-0.324478	103.812141	-103.501808	1038.395752	
0.201074	0.417531	-0.886136	0.480162	-0.830493	-0.282359	-0.853823	-0.368713	-0.367474	113.907143	-87.567062	1034.403198	
0.250039	0.414896	-0.874838	0.405102	-0.865482	-0.294676	-0.879416	-0.280717	-0.384479	115.726906	-68.950951	1019.722717	
0.371291	0.403105	-0.836451	0.391936	-0.884698	-0.252381	-0.841742	-0.234127	-0.486472	121.330978	-54.172195	1022.087402	
0.505079	0.385350	-0.772270	0.368496	-0.905417	-0.210785	-0.780451	-0.178115	-0.599308	129.220764	-48.434597	1034.240723	
0.601366	0.336644	-0.724590	0.329485	-0.930686	-0.158944	-0.727873	-0.143157	-0.670602	131.027222	-33.077072	1025.354980	
0.621605	0.312844	-0.718148	0.316231	-0.938981	-0.135326	-0.716663	-0.142980	-0.682606	129.366653	-18.096403	1013.757263	
0.644482	0.277772	-0.712380	0.254277	-0.956512	-0.142924	-0.721100	-0.089029	-0.687086	124.711395	-3.720144	1000.969299	
0.646006	0.253545	-0.719993	0.243081	-0.962452	-0.120825	-0.723593	-0.096962	-0.683382	118.768074	2.263762	981.563782	
0.665816	0.176237	-0.725003	0.136647	-0.984071	-0.113722	-0.733496	-0.023351	-0.679292	114.348640	8.613876	980.280884	
0.664884	0.138993	-0.733901	0.128244	-0.989187	-0.071158	-0.735855	-0.046806	-0.675519	103.197037	20.028793	950.680847	
0.717008	0.111443	-0.688098	0.082305	-0.993767	-0.075187	-0.692188	-0.002723	-0.721712	92.991486	26.391388	959.172729	
0.756713	0.015745	-0.653558	0.024044	-0.999704	0.003755	-0.653304	-0.018555	-0.756868	86.433723	31.430166	954.234375	
0.820036	-0.050896	-0.570044	-0.023292	-0.998180	0.055614	-0.571837	-0.032327	-0.819730	73.795692	39.573074	955.485352	
0.823753	-0.110444	-0.556087	-0.039401	-0.989623	0.138180	-0.565577	-0.091915	-0.819557	65.196609	45.972454	950.315002	
0.801455	-0.172677	-0.572584	-0.040509	-0.970885	0.236093	-0.596681	-0.166023	-0.785116	48.155113	49.184643	944.647156	
0.832905	-0.235939	-0.500601	-0.054755	-0.935262	0.349696	-0.550699	-0.263853	-0.791903	29.734339	53.019032	916.323303	
0.743687	-0.344515	-0.572922	-0.068563	-0.891776	0.447252	-0.665002	-0.293333	-0.686823	10.156102	58.487164	902.831970	
0.751651	-0.449993	-0.482212	-0.156391	-0.831857	0.532500	-0.640751	-0.324839	-0.695641	3.361827	58.087265	883.338684	
0.718118	-0.553076	-0.422391	-0.269538	-0.780624	0.563894	-0.641603	-0.291091	-0.709655	-13.960026	57.463303	880.208496	
0.657502	-0.643252	-0.392325	-0.301400	-0.701774	0.645501	-0.690542	-0.306170	-0.655294	-32.984474	56.770309	873.389771	
0.541651	-0.751890	-0.375867	-0.408515	-0.626237	0.664035	-0.734663	-0.206127	-0.646360	-55.515472	54.371181	889.223083	
0.495472	-0.820246	-0.285840	-0.390386	-0.504243	0.770284	-0.775954	-0.270065	-0.570051	-70.533997	50.014763	867.938171	
0.465477	-0.854146	-0.231878	-0.391463	-0.433661	0.811601	-0.793780	-0.287009	-0.536225	-78.192879	44.646275	861.307068	
0.401671	-0.889634	-0.217285	-0.322798	-0.359577	0.875503	-0.857007	-0.281524	-0.431604	-84.770355	38.879200	833.432617	
0.255606	-0.943277	-0.211885	-0.264010	-0.278939	0.923305	-0.930034	-0.180061	-0.320332	-96.862915	34.932697	786.321716	
0.110703	-0.974207	-0.196634	-0.297677	-0.221269	0.928670	-0.948227	-0.044274	-0.314494	-122.263000	31.504999	817.564026	
0.110703	-0.974207	-0.196634	-0.297677	-0.221269	0.928670	-0.948227	-0.044274	-0.314494	-122.263000	31.504999	817.564026	
0.110703	-0.974207	-0.196634	-0.297677	-0.221269	0.928670	-0.948227	-0.044274	-0.314494	-122.263000	31.504999	817.564026	
-0.223023	-0.965504	-0.134402	-0.027950	-0.131485	0.990924	-0.974413	0.224755	0.002338	-149.206970	14.584761	763.301270	
-0.331821	-0.936879	-0.110242	0.034666	-0.128894	0.991052	-0.942705	0.325031	0.075247	-153.728012	7.530064	746.512878	
-0.377571	-0.920266	-0.102714	0.098589	-0.150246	0.983721	-0.920717	0.361298	0.147456	-160.153214	0.927145	742.669006	
-0.501735	-0.856149	-0.123571	0.199073	-0.253302	0.946682	-0.841802	0.450385	0.297527	-168.125549	-11.130645	735.603760	
-0.527325	-0.831030	-0.176969	0.277563	-0.365339	0.888530	-0.803049	0.419425	0.423316	-178.331421	-22.067619	746.118408	
-0.638607	-0.766365	-0.069764	0.307760	-0.337438	0.889618	-0.705312	0.546645	0.451346	-172.511993	-34.846401	728.015991	
-0.638607	-0.766365	-0.069764	0.307760	-0.337438	0.889618	-0.705312	0.546645	0.451346	-172.511993	-34.846401	728.015991	
-0.638607	-0.766365	-0.069764	0.307760	-0.337438	0.889618	-0.705312	0.546645	0.451346	-172.511993	-34.846401	728.015991	
-0.638607	-0.766365	-0.069764	0.307760	-0.337438	0.889618	-0.705312	0.546645	0.451346	-172.511993	-34.846401	728.015991	
-0.925677	-0.378108	0.012525	0.269256	-0.635210	0.723884	-0.265751	0.673455	0.689807	-159.691956	-72.689529	684.106812	
-0.965375	-0.260220	-0.018324	0.190440	-0.751023	0.632216	-0.178277	0.606837	0.774575	-156.556000	-89.319702	686.642029	
-0.965375	-0.260220	-0.018324	0.190440	-0.751023	0.632216	-0.178277	0.606837	0.774575	-156.556000	-89.319702	686.642029	
-0.965375	-0.260220	-0.018324	0.190440	-0.751023	0.632216	-0.178277	0.606837	0.774575	-156.556000	-89.319702	686.642029	
-0.996140	0.032617	0.081496	-0.004106	-0.944701	0.327908	0.087684	0.326307	0.941188	-115.389725	-118.718735	659.185974	
-0.987468	0.157822	-0.000253	-0.145801	-0.911640	0.384258	0.060414	0.379479	0.923226	-107.773773	-124.125038	650.618652	
-0.976510	0.214883	0.015931	-0.210900	-0.968323	0.133686	0.044153	0.127186	0.990896	-89.856300	-133.417007	644.513000	
-0.976510	0.214883	0.015931	-0.210900	-0.968323	0.133686	0.044153	0.127186	0.990896	-89.856300	-133.417007	644.513000	
-0.976510	0.214883	0.015931	-0.210900	-0.968323	0.133686	0.044153	0.127186	0.990896	-89.856300	-133.417007	644.513000	
-0.976510	0.214883	0.015931	-0.210900	-0.968323	0.133686	0.044153	0.127186	0.990896	-89.856300	-133.417007	644.513000	
-0.852445	0.522714	-0.010348	-0.508766	-0.833931	-0.213813	-0.120393	-0.177000	0.976820	-52.636959	-163.524353	610.246399	
-0.772797	0.630578	-0.071804	-0.584702	-0.751398	-0.305817	-0.246795	-0.194351	0.949378	-32.705070	-172.619339	604.090881	
-0.675243	0.737520	0.010520	-0.671143	-0.608429	-0.423534	-0.305964	-0.293049	0.905819	-23.284521	-175.711441	596.397949	
-0.569368	0.821292	0.036031	-0.698000	-0.459811	-0.548970	-0.434297	-0.337717	0.835065	-6.105554	-179.494247	578.961060	
-0.448203	0.891446	0.066621	-0.759221	-0.340260	-0.554802	-0.471907	-0.299244	0.829311	11.647820	-185.707047	573.369263	
-0.315533	0.947170	0.057505	-0.780922	-0.224768	-0.582786	-0.539073	-0.228795	0.810588	20.618633	-191.441803	567.636841	
-0.203203	0.972930	0.110070	-0.772919	-0.090378	-0.628035	-0.601087	-0.212694	0.770361	27.652706	-194.645370	560.860046	
-0.185290	0.953615	0.237245	-0.674150	0.052301	-0.736740	-0.714975	-0.296449	0.633189	35.771545	-191.186966	538.496460	
-0.439360	0.801816	0.405035	-0.531311	0.131618	-0.836890	-0.724341	-0.582896	0.368186	34.830402	-195.453110	530.204895	
-0.571502	0.707033	0.416520	-0.462421	0.141835	-0.875243	-0.677903	-0.692810	0.245888	48.336727	-199.997009	546.464661	
-0.687178	0.726476	-0.004342	-0.104692	-0.104940	-0.988952	-0.718905	-0.679132	0.148169	41.876534	-194.471756	535.488342	
0.302773	0.952542	-0.031494	-0.223461	0.038827	-0.973939	-0.926496	0.301920	0.224612	74.090797	-192.218994	563.038025	
0.302773	0.952542	-0.031494	-0.223461	0.038827	-0.973939	-0.926496	0.301920	0.224612	74.090797	-192.218994	563.038025	
0.302773	0.952542	-0.031494	-0.223461	0.038827	-0.973939	-0.926496	0.301920	0.224612	74.090797	-192.218994	563.038025	
0.302773	0.952542	-0.031494	-0.223461	0.038827	-0.973939	-0.926496	0.301920	0.224612	74.090797	-192.218994	563.038025	
0.302773	0.952542	-0.031494	-0.223461	0.038827	-0.973939	-0.926496	0.301920	0.224612	74.090797	-192.218994	563.038025	
0.302773	0.952542	-0.031494	-0.223461	0.038827	-0.973939	-0.926496	0.301920	0.224612	74.090797	-192.218994	563.038025	
0.302773	0.952542	-0.031494	-0.223461	0.038827	-0.973939	-0.926496	0.301920	0.224612	74.090797	-192.218994	563.038025	
0.302773	0.952542	-0.031494	-0.223461	0.038827	-0.973939	-0.926496	0.301920	0.224612	74.090797	-192.218994	563.038025	
0.302773	0.952542	-0.031494	-0.223461	0.038827	-0.973939	-0.926496	0.301920	0.224612	74.090797	-192.218994	563.038025	
0.872471	0.460720	-0.162886	0.193939	-0.632413	-0.749960	-0.448533	0.622729	-0.641114	55.364021	-137.800262	569.817566	
0.923591	0.335475	-0.185570	0.128711	-0.727276	-0.674168	-0.361127	0.598771	-0.714886	42.599922	-132.013916	574.269592	
0.940611	0.277170	-0.196028	0.109861	-0.794874	-0.596746	-0.321218	0.539770	-0.778118	28.567801	-125.204002	583.866028	
0.940611	0.277170	-0.196028	0.109861	-0.794874	-0.596746	-0.321218	0.539770	-0.778118	28.567801	-125.204002	583.866028	
0.940611	0.277170	-0.196028	0.109861	-0.794874	-0.596746	-0.321218	0.539770	-0.778118	28.567801	-125.204002	583.866028	
0.968451	-0.005527	-0.249145	-0.116791	-0.893232	-0.434162	-0.220145	0.449562	-0.865696	-14.229218	-95.539391	593.405640	
0.969614	-0.129819	-0.207357	-0.207801	-0.884345	-0.418034	-0.129106	0.448421	-0.884449	-29.162119	-85.033897	579.547852	
0.933758	-0.260305	-0.245637	-0.312035	-0.928242	-0.202489	-0.175302	0.265723	-0.947977	-43.297997	-76.037552	615.875122	
0.858127	-0.380220	-0.345039	-0.417199	-0.908064	-0.036940	-0.299273	0.175649	-0.937861	-54.629200	-68.814621	630.982727	
0.821109	-0.436850	-0.367345	-0.432111	-0.896262	0.099967	-0.372909	0.076650	-0.924696	-74.875626	-54.602219	646.406555	
0.743633	-0.536602	-0.398833	-0.517298	-0.839700	0.165247	-0.423572	0.083432	-0.902012	-94.549301	-46.241135	648.419922	
0.643239	-0.618425	-0.451435	-0.572555	-0.779964	0.252660	-0.508354	0.095951	-0.855785	-114.303917	-39.814613	664.764099	
0.590653	-0.649110	-0.479359	-0.532377	-0.759894	0.373008	-0.606386	0.034882	-0.794405	-133.184921	-33.301277	679.522888	
0.514896	-0.661014	-0.545841	-0.472920	-0.750103	0.462268	-0.715003	0.020119	-0.698832	-142.807617	-20.457148	688.814270	
0.410555	-0.700145	-0.584158	-0.500547	-0.708534	0.497425	-0.762167	0.088178	-0.641347	-149.041733	-6.745166	686.209595	
0.297500	-0.734974	-0.609349	-0.541577	-0.655537	0.526274	-0.786249	0.173443	-0.593067	-157.459930	-1.258738	698.432678	
0.148088	-0.754864	-0.638944	-0.481314	-0.619403	0.620223	-0.863949	0.215685	-0.455052	-180.472092	5.728723	728.316833	
0.061901	-0.720302	-0.690892	-0.426691	-0.644872	0.634094	-0.902277	0.255547	-0.347264	-192.305603	10.960791	737.589172	
-0.071129	-0.684827	-0.725225	-0.476575	-0.615379	0.627842	-0.876252	0.390282	-0.282599	-200.127228	19.237576	750.427368	
-0.072408	-0.682038	-0.727723	-0.465558	-0.622159	0.629424	-0.882050	0.384372	-0.272479	-210.762894	22.360678	771.607605	
-0.071651	-0.643268	-0.762281	-0.481977	-0.646767	0.591093	-0.873249	0.409754	-0.263698	-210.750763	29.281460	782.155884	
-0.076158	-0.605295	-0.792349	-0.470782	-0.678675	0.563707	-0.878956	0.415955	-0.233275	-206.366211	35.902756	770.536377	
-0.199352	-0.560336	-0.803916	-0.581353	-0.592790	0.557341	-0.788852	0.578467	-0.207579	-209.726013	37.303551	785.386475	
-0.272468	-0.494154	-0.825574	-0.559254	-0.616873	0.553808	-0.782941	0.612600	-0.108279	-219.376434	39.909878	818.528809	
-0.343665	-0.379503	-0.858994	-0.651351	-0.562595	0.509146	-0.676489	0.734482	-0.053846	-206.020798	39.314026	787.257324	
-0.362662	-0.283953	-0.887607	-0.745824	-0.482642	0.459133	-0.558769	0.828509	-0.036744	-195.224991	39.277016	759.801941	
-0.304941	-0.404095	-0.862391	-0.287989	-0.824001	0.487939	-0.907785	0.397151	0.134897	-181.865997	43.062599	820.690002	
-0.304941	-0.404095	-0.862391	-0.287989	-0.824001	0.487939	-0.907785	0.397151	0.134897	-181.865997	43.062599	820.690002	
-0.304941	-0.404095	-0.862391	-0.287989	-0.824001	0.487939	-0.907785	0.397151	0.134897	-181.865997	43.062599	820.690002	
-0.304941	-0.404095	-0.862391	-0.287989	-0.824001	0.487939	-0.907785	0.397151	0.134897	-181.865997	43.062599	820.690002	
-0.314619	-0.181234	-0.931756	-0.285695	-0.918007	0.275029	-0.905203	0.352728	0.237046	-147.709030	35.399239	879.601196	
-0.135053	-0.241315	-0.961003	-0.379718	-0.883236	0.275151	-0.915192	0.402070	0.027652	-143.955490	28.129005	919.710754	
0.093596	-0.332566	-0.938424	-0.242850	-0.921717	0.302424	-0.965538	0.199592	-0.167032	-121.020828	20.725767	910.104370	
0.174782	-0.326262	-0.928980	-0.181550	-0.938004	0.295274	-0.967725	0.117048	-0.223179	-105.750740	11.032505	937.940491	
0.148519	-0.266403	-0.952350	-0.137363	-0.959252	0.246912	-0.979323	0.094147	-0.179061	-85.446281	6.362727	950.712524	
0.091303	-0.131644	-0.987084	-0.082700	-0.988801	0.124223	-0.992384	0.070291	-0.101167	-60.846558	-2.191962	934.043457	
-0.056441	-0.002130	-0.998404	-0.287096	-0.957727	0.018273	-0.956238	0.287670	0.053444	-42.431938	-1.683972	938.311890	
0.039770	-0.022151	-0.998963	-0.298235	-0.954446	0.009290	-0.953664	0.297557	-0.044564	-29.765926	-2.676025	913.620056	
0.084030	-0.014427	-0.996359	-0.217697	-0.976007	-0.004227	-0.972392	0.217259	-0.085155	-21.166500	-16.744600	960.642029	
0.084030	-0.014427	-0.996359	-0.217697	-0.976007	-0.004227	-0.972392	0.217259	-0.085155	-21.166500	-16.744600	960.642029	
0.084030	-0.014427	-0.996359	-0.217697	-0.976007	-0.004227	-0.972392	0.217259	-0.085155	-21.166500	-16.744600	960.642029	
0.248948	-0.160111	-0.955191	-0.406541	-0.912424	0.046987	-0.879061	0.376627	-0.292238	25.925053	-33.154079	961.549805	
0.221076	-0.187446	-0.957073	-0.369857	-0.924161	0.095566	-0.902403	0.332853	-0.273638	31.665539	-49.048195	985.135620	
0.321933	-0.277095	-0.905305	-0.305406	-0.935489	0.177729	-0.896151	0.219269	-0.385791	51.547401	-63.007999	996.937012	
0.321933	-0.277095	-0.905305	-0.305406	-0.935489	0.177729	-0.896151	0.219269	-0.385791	51.547401	-63.007999	996.937012	
0.321933	-0.277095	-0.905305	-0.305406	-0.935489	0.177729	-0.896151	0.219269	-0.385791	51.547401	-63.007999	996.937012	
0.264043	-0.483712	-0.834448	-0.395130	-0.843469	0.363911	-0.879859	0.233628	-0.413842	86.628693	-91.228905	1012.391296	
0.201240	-0.540837	-0.816699	-0.405491	-0.804960	0.433146	-0.891672	0.243998	-0.381295	90.840515	-104.964066	1014.356873	
0.130265	-0.586865	-0.799138	-0.481993	-0.741838	0.466217	-0.866437	0.324448	-0.379500	93.691879	-113.122429	1014.714111	
0.089351	-0.648286	-0.756136	-0.458739	-0.700640	0.546498	-0.884067	0.298040	-0.359997	95.850670	-118.054535	1007.828918	
0.059407	-0.704171	-0.707541	-0.454132	-0.650261	0.609034	-0.888951	0.285136	-0.358417	98.454018	-135.397034	1027.519531	
-0.005432	-0.763349	-0.645964	-0.447656	-0.575775	0.684169	-0.894189	0.292886	-0.338590	101.602997	-148.145004	1029.920044	
-0.005432	-0.763349	-0.645964	-0.447656	-0.575775	0.684169	-0.894189	0.292886	-0.338590	101.602997	-148.145004	1029.920044	
-0.005432	-0.763349	-0.645964	-0.447656	-0.575775	0.684169	-0.894189	0.292886	-0.338590	101.602997	-148.145004	1029.920044	
-0.005432	-0.763349	-0.645964	-0.447656	-0.575775	0.684169	-0.894189	0.292886	-0.338590	101.602997	-148.145004	1029.920044	
-0.005432	-0.763349	-0.645964	-0.447656	-0.575775	0.684169	-0.894189	0.292886	-0.338590	101.602997	-148.145004	1029.920044	
-0.005432	-0.763349	-0.645964	-0.447656	-0.575775	0.684169	-0.894189	0.292886	-0.338590	101.602997	-148.145004	1029.920044	
-0.557170	-0.746272	-0.364196	-0.084461	-0.385377	0.918885	-0.826091	0.542737	0.151690	63.508743	-190.688660	1016.160583	
-0.640079	-0.717663	-0.274332	0.023821	-0.375425	0.926546	-0.767939	0.586528	0.257398	56.961700	-197.341003	1026.530029	
-0.640079	-0.717663	-0.274332	0.023821	-0.375425	0.926546	-0.767939	0.586528	0.257398	56.961700	-197.341003	1026.530029	
-0.640079	-0.717663	-0.274332	0.023821	-0.375425	0.926546	-0.767939	0.586528	0.257398	56.961700	-197.341003	1026.530029	
-0.640079	-0.717663	-0.274332	0.023821	-0.375425	0.926546	-0.767939	0.586528	0.257398	56.961700	-197.341003	1026.530029	
-0.922092	-0.386527	-0.018552	0.243970	-0.617887	0.747458	-0.300376	0.684699	0.664050	15.320249	-209.451035	1006.734131	
-0.936996	-0.349259	0.007490	0.264775	-0.696027	0.667413	-0.227887	0.627347	0.744650	5.876745	-209.402145	1003.791504	
-0.886061	-0.458366	-0.069252	0.297756	-0.677242	0.672819	-0.355298	0.575539	0.736558	-3.343434	-202.173782	956.558472	
-0.966421	-0.129205	0.222119	0.244479	-0.728479	0.639960	0.079123	0.672774	0.735605	-27.657499	-214.714996	997.322021	
-0.966421	-0.129205	0.222119	0.244479	-0.728479	0.639960	0.079123	0.672774	0.735605	-27.657499	-214.714996	997.322021	
-0.966421	-0.129205	0.222119	0.244479	-0.728479	0.639960	0.079123	0.672774	0.735605	-27.657499	-214.714996	997.322021	
-0.966421	-0.129205	0.222119	0.244479	-0.728479	0.639960	0.079123	0.672774	0.735605	-27.657499	-214.714996	997.322021	
-0.777517	0.260385	0.572421	-0.162454	-0.962519	0.217175	0.607515	0.075865	0.790676	-80.065735	-209.602829	977.953796	
-0.722126	0.336663	0.604312	-0.298385	-0.939728	0.166966	0.624100	-0.059747	0.779057	-94.482300	-201.615997	964.468994	
-0.722126	0.336663	0.604312	-0.298385	-0.939728	0.166966	0.624100	-0.059747	0.779057	-94.482300	-201.615997	964.468994	
-0.722126	0.336663	0.604312	-0.298385	-0.939728	0.166966	0.624100	-0.059747	0.779057	-94.482300	-201.615997	964.468994	
-0.722126	0.336663	0.604312	-0.298385	-0.939728	0.166966	0.624100	-0.059747	0.779057	-94.482300	-201.615997	964.468994	
-0.504851	0.433099	0.746694	-0.828688	-0.485346	-0.278777	0.241666	-0.759516	0.603930	-129.536392	-163.532455	870.281799	
-0.301946	0.466372	0.831460	-0.917689	-0.378426	-0.120999	0.258215	-0.799557	0.542249	-135.354996	-163.128006	919.111023	
-0.301946	0.466372	0.831460	-0.917689	-0.378426	-0.120999	0.258215	-0.799557	0.542249	-135.354996	-163.128006	919.111023	
-0.301946	0.466372	0.831460	-0.917689	-0.378426	-0.120999	0.258215	-0.799557	0.542249	-135.354996	-163.128006	919.111023	
-0.301946	0.466372	0.831460	-0.917689	-0.378426	-0.120999	0.258215	-0.799557	0.542249	-135.354996	-163.128006	919.111023	
-0.052364	0.137426	0.989127	-0.934911	0.341391	-0.096925	-0.350999	-0.929821	0.110605	-141.848999	-108.011932	866.267700	
-0.021724	0.109882	0.993707	-0.881358	0.467097	-0.070918	-0.471950	-0.877352	0.086698	-141.903259	-102.323494	861.731628	
-0.024353	0.036564	0.999034	-0.829969	0.556332	-0.040593	-0.557279	-0.830155	0.016799	-138.300629	-94.272133	860.234436	
0.005343	-0.060446	0.998157	-0.708318	0.704364	0.046446	-0.705874	-0.707260	-0.039051	-132.478271	-79.739120	837.770508	
0.007479	-0.110122	0.993890	-0.523939	0.846135	0.097694	-0.851723	-0.521468	-0.051368	-127.590630	-70.486511	822.033325	
0.002513	-0.224973	0.974362	-0.383557	0.899626	0.208705	-0.923514	-0.374247	-0.084029	-115.211967	-61.236862	796.133179	
-0.042555	-0.271797	0.961413	-0.277684	0.927589	0.249943	-0.959730	-0.256332	-0.114947	-110.441498	-53.189014	802.481201	
-0.062298	-0.370029	0.926929	-0.184469	0.917001	0.353667	-0.980862	-0.148956	-0.125386	-101.333534	-38.156086	786.412415	
-0.099281	-0.430901	0.896921	-0.049639	0.902397	0.428037	-0.993821	-0.002025	-0.110981	-94.700333	-25.346445	784.959595	
-0.204157	-0.465399	0.861234	0.143256	0.856088	0.496577	-0.968400	0.224757	-0.108105	-83.221725	-8.795318	802.935242	
-0.320234	-0.451180	0.832999	0.370466	0.749638	0.548449	-0.871898	0.484231	-0.072913	-74.280899	-0.415593	793.047424	
-0.345887	-0.498613	0.794826	0.440498	0.661660	0.606767	-0.828447	0.559992	-0.009222	-65.329971	7.411839	780.115173	
-0.450477	-0.500646	0.739205	0.536923	0.509586	0.672336	-0.713292	0.699768	0.039251	-55.165844	15.690664	750.660767	
-0.441973	-0.545335	0.712229	0.516831	0.494147	0.699074	-0.733175	0.677074	0.063446	-33.702099	20.680500	726.643005	
-0.441973	-0.545335	0.712229	0.516831	0.494147	0.699074	-0.733175	0.677074	0.063446	-33.702099	20.680500	726.643005	
-0.441973	-0.545335	0.712229	0.516831	0.494147	0.699074	-0.733175	0.677074	0.063446	-33.702099	20.680500	726.643005	
-0.441973	-0.545335	0.712229	0.516831	0.494147	0.699074	-0.733175	0.677074	0.063446	-33.702099	20.680500	726.643005	
-0.734322	-0.498875	0.460320	0.608106	-0.182142	0.772678	-0.301627	0.847318	0.437119	6.019404	48.660080	666.605896	
-0.772134	-0.412757	0.483156	0.626945	-0.370765	0.685181	-0.103677	0.831964	0.545056	16.528572	51.500065	658.309143	
-0.813766	-0.356223	0.459227	0.580594	-0.534099	0.614531	0.026362	0.766709	0.641453	31.033104	55.292709	633.001160	
-0.849157	-0.343580	0.401103	0.523907	-0.643946	0.557544	0.066728	0.683583	0.726816	41.152248	56.645306	611.489136	
-0.977258	-0.210246	0.027614	0.178675	-0.746297	0.641183	-0.114198	0.631535	0.766891	59.109402	58.475300	650.052002	
-0.977258	-0.210246	0.027614	0.178675	-0.746297	0.641183	-0.114198	0.631535	0.766891	59.109402	58.475300	650.052002	
-0.977258	-0.210246	0.027614	0.178675	-0.746297	0.641183	-0.114198	0.631535	0.766891	59.109402	58.475300	650.052002	
-0.977258	-0.210246	0.027614	0.178675	-0.746297	0.641183	-0.114198	0.631535	0.766891	59.109402	58.475300	650.052002	
-0.977258	-0.210246	0.027614	0.178675	-0.746297	0.641183	-0.114198	0.631535	0.766891	59.109402	58.475300	650.052002	
-0.934586	0.182387	-0.305423	-0.306225	-0.849407	0.429806	-0.181037	0.495220	0.849696	99.180145	51.862015	604.509277	
-0.913450	0.286186	-0.289319	-0.388661	-0.824251	0.411769	-0.120628	0.488578	0.864142	100.135910	50.009476	605.246643	
-0.814685	0.314788	-0.487028	-0.533690	-0.735535	0.417330	-0.226855	0.599915	0.767229	99.343719	41.441566	588.953918	
-0.803436	0.348009	-0.483095	-0.518354	-0.808031	0.279991	-0.292916	0.475369	0.829593	100.323029	36.805725	595.879272	
-0.704509	0.366966	-0.607457	-0.561856	-0.811317	0.161504	-0.433573	0.455085	0.777762	97.052849	27.514671	588.401917	
-0.614765	0.389958	-0.685563	-0.621815	-0.774355	0.117136	-0.485191	0.498305	0.718529	93.234459	18.583706	581.329773	
-0.521058	0.409418	-0.748916	-0.648670	-0.760232	0.035706	-0.554731	0.504405	0.661703	85.334045	13.126903	580.211914	
-0.396088	0.398312	-0.827322	-0.758483	-0.649749	0.050310	-0.517512	0.647437	0.559471	74.365181	6.263550	567.357666	
-0.270442	0.352957	-0.895702	-0.859798	-0.507124	0.059765	-0.433137	0.786286	0.440621	62.074944	-3.013837	542.166077	
-0.294636	0.339329	-0.893334	-0.631194	-0.770989	-0.084679	-0.717485	0.538918	0.441343	50.033100	-6.432280	577.570007	
-0.294636	0.339329	-0.893334	-0.631194	-0.770989	-0.084679	-0.717485	0.538918	0.441343	50.033100	-6.432280	577.570007	
-0.294636	0.339329	-0.893334	-0.631194	-0.770989	-0.084679	-0.717485	0.538918	0.441343	50.033100	-6.432280	577.570007	
-0.065306	0.110676	-0.991709	-0.606017	-0.793959	-0.048699	-0.792765	0.597812	0.118923	8.133013	-34.506939	566.785156	
-0.001937	-0.004676	-0.999988	-0.596189	-0.802829	0.004910	-0.802841	0.596191	-0.001233	-0.863279	-43.021683	560.689941	
0.024181	-0.071536	-0.997145	-0.556045	-0.829876	0.046053	-0.830800	0.553344	-0.059844	-21.481625	-57.999435	569.579834	
0.003608	-0.200465	-0.979694	-0.573035	-0.803306	0.162263	-0.819522	0.560814	-0.117772	-43.434856	-67.666458	565.129272	
0.104770	-0.238803	-0.965400	-0.598759	-0.790227	0.130492	-0.794047	0.564370	-0.225777	-60.121273	-79.106049	552.313416	
0.067918	-0.405494	-0.911571	-0.669190	-0.696186	0.259826	-0.739981	0.592367	-0.318636	-82.707298	-97.794403	578.718994	
0.067918	-0.405494	-0.911571	-0.669190	-0.696186	0.259826	-0.739981	0.592367	-0.318636	-82.707298	-97.794403	578.718994	
0.067918	-0.405494	-0.911571	-0.669190	-0.696186	0.259826	-0.739981	0.592367	-0.318636	-82.707298	-97.794403	578.718994	
0.067918	-0.405494	-0.911571	-0.669190	-0.696186	0.259826	-0.739981	0.592367	-0.318636	-82.707298	-97.794403	578.718994	
-0.140074	-0.766190	-0.627163	-0.651929	-0.405367	0.640832	-0.745230	0.498629	-0.442719	-133.312256	-134.208496	595.516357	
-0.238383	-0.775712	-0.584333	-0.660753	-0.311407	0.682957	-0.711743	0.548905	-0.438319	-149.739578	-146.654587	597.077026	
-0.330504	-0.778775	-0.533176	-0.620576	-0.246313	0.744456	-0.711092	0.576922	-0.401881	-158.650040	-159.679047	601.550232	
-0.363640	-0.849465	-0.382328	-0.513226	-0.159823	0.843241	-0.777409	0.502857	-0.377849	-182.921997	-177.583069	638.174561	
-0.441123	-0.872010	-0.212150	-0.478125	0.028303	0.877836	-0.759477	0.488668	-0.429415	-188.395569	-181.511215	643.573059	
-0.543291	-0.828875	-0.133419	-0.320826	0.058120	0.945353	-0.775825	0.556406	-0.297501	-190.820892	-186.367813	631.128418	
-0.478835	-0.872436	0.097830	-0.181180	0.207242	0.961366	-0.859006	0.442611	-0.257302	-180.729416	-184.791519	612.541626	
-0.582947	-0.794285	0.171124	-0.096518	0.276816	0.956063	-0.806757	0.540818	-0.238032	-200.464005	-195.283005	639.450012	
-0.582947	-0.794285	0.171124	-0.096518	0.276816	0.956063	-0.806757	0.540818	-0.238032	-200.464005	-195.283005	639.450012	
-0.582947	-0.794285	0.171124	-0.096518	0.276816	0.956063	-0.806757	0.540818	-0.238032	-200.464005	-195.283005	639.450012	
-0.582947	-0.794285	0.171124	-0.096518	0.276816	0.956063	-0.806757	0.540818	-0.238032	-200.464005	-195.283005	639.450012	
-0.582947	-0.794285	0.171124	-0.096518	0.276816	0.956063	-0.806757	0.540818	-0.238032	-200.464005	-195.283005	639.450012	
-0.610977	-0.347963	0.711076	0.621697	0.345185	0.703094	-0.490103	0.871647	0.005428	-196.937988	-209.446457	681.132263	
-0.553555	-0.245279	0.795874	0.759156	0.244327	0.603315	-0.342433	0.938159	0.050957	-189.524490	-207.353027	686.807373	
-0.459745	-0.164804	0.872624	0.854111	0.187002	0.485309	-0.243163	0.968437	0.054788	-183.812637	-205.692154	699.323181	
-0.404021	-0.129467	0.905541	0.894911	0.149112	0.420596	-0.189480	0.980308	0.055617	-177.105789	-203.175537	707.480713	
-0.284491	-0.072746	0.955914	0.955351	0.061496	0.289004	-0.079808	0.995453	0.052004	-163.604080	-200.561813	719.339844	
-0.175216	-0.016618	0.984390	0.984506	0.004113	0.175306	-0.006961	0.999854	0.015640	-150.662552	-198.645432	746.045776	
-0.003278	-0.000679	0.999994	0.999075	-0.042888	0.003246	0.042885	0.999080	0.000819	-134.591995	-197.725998	764.138000	
-0.003278	-0.000679	0.999994	0.999075	-0.042888	0.003246	0.042885	0.999080	0.000819	-134.591995	-197.725998	764.138000	
-0.003278	-0.000679	0.999994	0.999075	-0.042888	0.003246	0.042885	0.999080	0.000819	-134.591995	-197.725998	764.138000	
0.286285	-0.149092	0.946474	0.917600	-0.241651	-0.315617	0.275773	0.958841	0.067627	-85.106979	-183.440857	800.854858	
0.134379	-0.324307	0.936359	0.772689	-0.557305	-0.303912	0.620398	0.764354	0.175699	-62.938995	-159.329590	803.418335	
0.294261	-0.384210	0.875096	0.647677	-0.593151	-0.478211	0.702798	0.707499	0.074303	-48.208595	-151.225372	808.539490	
0.676892	-0.132379	0.724081	0.564238	-0.538410	-0.625900	0.472708	0.832220	-0.289752	-46.111301	-150.554993	857.086975	
0.676892	-0.132379	0.724081	0.564238	-0.538410	-0.625900	0.472708	0.832220	-0.289752	-46.111301	-150.554993	857.086975	
0.809636	-0.209596	0.548232	0.349478	-0.578278	-0.737198	0.471544	0.788457	-0.394945	-8.576997	-132.495438	879.669800	
0.839746	-0.143181	0.523762	0.367401	-0.560421	-0.742257	0.399804	0.815737	-0.418005	-1.965226	-114.799149	858.061035	
0.825785	-0.099415	0.555154	0.423857	-0.539961	-0.727178	0.372053	0.835799	-0.403753	2.816199	-103.773521	856.094360	
0.868353	-0.425613	0.254590	-0.054617	-0.592287	-0.803874	0.492930	0.684141	-0.537560	21.665100	-96.978600	908.140015	
0.868353	-0.425613	0.254590	-0.054617	-0.592287	-0.803874	0.492930	0.684141	-0.537560	21.665100	-96.978600	908.140015	
0.868353	-0.425613	0.254590	-0.054617	-0.592287	-0.803874	0.492930	0.684141	-0.537560	21.665100	-96.978600	908.140015	
0.806554	-0.591025	-0.012673	-0.359400	-0.473215	-0.804301	0.469365	0.653266	-0.594087	42.794834	-53.554840	941.826721	
0.755996	-0.652524	-0.051797	-0.438803	-0.446482	-0.779812	0.485720	0.612263	-0.623867	53.121548	-49.002193	982.426758	
0.724464	-0.658123	-0.205003	-0.541392	-0.359167	-0.760194	0.426671	0.661720	-0.616506	61.057487	-33.729675	973.639954	
0.684377	-0.674431	-0.277075	-0.607277	-0.316927	-0.728542	0.403539	0.666859	-0.626464	64.357971	-19.479946	978.500732	
0.619244	-0.702844	-0.350066	-0.668860	-0.238638	-0.704044	0.411294	0.670121	-0.617880	65.559906	-4.790219	976.217285	
0.576916	-0.707329	-0.408477	-0.710311	-0.187554	-0.678441	0.403269	0.681550	-0.610626	67.467018	8.524658	990.908936	
0.524752	-0.695425	-0.490938	-0.773688	-0.149101	-0.615772	0.355024	0.702961	-0.616283	66.548050	21.444365	971.152405	
0.470656	-0.687227	-0.553355	-0.814766	-0.097852	-0.571473	0.338585	0.719823	-0.605984	66.171318	27.466312	1002.902283	
0.444412	-0.676429	-0.587317	-0.817449	-0.038034	-0.574744	0.366436	0.735525	-0.569849	61.284584	38.402294	1006.245605	
0.383933	-0.614813	-0.688911	-0.858638	0.036693	-0.511268	0.339612	0.787819	-0.513815	54.443398	50.041649	1019.259094	
0.343597	-0.582695	-0.736483	-0.882640	0.067487	-0.465179	0.320761	0.809884	-0.491122	48.803001	60.338100	1032.380005	
0.343597	-0.582695	-0.736483	-0.882640	0.067487	-0.465179	0.320761	0.809884	-0.491122	48.803001	60.338100	1032.380005	
0.343597	-0.582695	-0.736483	-0.882640	0.067487	-0.465179	0.320761	0.809884	-0.491122	48.803001	60.338100	1032.380005	
0.343597	-0.582695	-0.736483	-0.882640	0.067487	-0.465179	0.320761	0.809884	-0.491122	48.803001	60.338100	1032.380005	
0.110276	-0.412224	-0.904384	-0.910417	0.323142	-0.258302	0.398723	0.851851	-0.339661	0.237892	85.484512	1024.659912	
0.059624	-0.309762	-0.948943	-0.929230	0.330051	-0.166124	0.364658	0.891692	-0.268162	-18.838795	91.946320	1036.209106	
0.041055	-0.301782	-0.952493	-0.969482	0.218573	-0.111038	0.241698	0.927984	-0.283599	-30.703850	102.613281	1016.290955	
0.030468	-0.147451	-0.988600	-0.879553	0.465892	-0.096596	0.474824	0.872470	-0.115496	-45.653900	95.131798	1067.459961	
0.030468	-0.147451	-0.988600	-0.879553	0.465892	-0.096596	0.474824	0.872470	-0.115496	-45.653900	95.131798	1067.459961	
0.030468	-0.147451	-0.988600	-0.879553	0.465892	-0.096596	0.474824	0.872470	-0.115496	-45.653900	95.131798	1067.459961	
0.030468	-0.147451	-0.988600	-0.879553	0.465892	-0.096596	0.474824	0.872470	-0.115496	-45.653900	95.131798	1067.459961	
-0.057092	0.312813	-0.948097	-0.745000	0.618833	0.249039	0.664616	0.720550	0.197716	-93.912323	82.191872	1007.379272	
0.005319	0.355487	-0.934666	-0.768965	0.598974	0.223435	0.639269	0.717537	0.276543	-106.341003	91.529900	1075.930054	
0.005319	0.355487	-0.934666	-0.768965	0.598974	0.223435	0.639269	0.717537	0.276543	-106.341003	91.529900	1075.930054	
0.005319	0.355487	-0.934666	-0.768965	0.598974	0.223435	0.639269	0.717537	0.276543	-106.341003	91.529900	1075.930054	
0.005319	0.355487	-0.934666	-0.768965	0.598974	0.223435	0.639269	0.717537	0.276543	-106.341003	91.529900	1075.930054	
0.005319	0.355487	-0.934666	-0.768965	0.598974	0.223435	0.639269	0.717537	0.276543	-106.341003	91.529900	1075.930054	
0.176300	0.612140	-0.770845	-0.635962	0.668560	0.385462	0.751313	0.422271	0.507165	-146.458466	63.683331	1055.405762	
0.225236	0.646319	-0.729068	-0.593276	0.684552	0.423570	0.772847	0.337136	0.537632	-152.181305	53.356888	1047.611938	
0.238898	0.663141	-0.709345	-0.598515	0.675797	0.430206	0.764662	0.321779	0.558347	-163.386597	44.268528	1057.688721	
0.254125	0.764776	-0.592062	-0.407907	0.639800	0.651358	0.876945	0.075980	0.474548	-172.669891	40.833939	1062.898438	
0.320870	0.804021	-0.500592	-0.576688	0.585122	0.570143	0.751314	0.105744	0.651418	-177.046997	27.273600	1056.239990	
0.320870	0.804021	-0.500592	-0.576688	0.585122	0.570143	0.751314	0.105744	0.651418	-177.046997	27.273600	1056.239990	
0.320870	0.804021	-0.500592	-0.576688	0.585122	0.570143	0.751314	0.105744	0.651418	-177.046997	27.273600	1056.239990	
0.320870	0.804021	-0.500592	-0.576688	0.585122	0.570143	0.751314	0.105744	0.651418	-177.046997	27.273600	1056.239990	
0.320870	0.804021	-0.500592	-0.576688	0.585122	0.570143	0.751314	0.105744	0.651418	-177.046997	27.273600	1056.239990	
0.500453	0.863426	0.063585	-0.646415	0.323792	0.690873	0.575930	-0.386852	0.720174	-176.137482	-12.934422	1008.870117	
0.513340	0.851578	0.106287	-0.632738	0.291900	0.717242	0.579763	-0.435441	0.688670	-175.279434	-18.246586	1018.367798	
0.520465	0.823371	0.226223	-0.654640	0.214661	0.724821	0.548236	-0.525339	0.650736	-168.339905	-31.391258	1030.605591	
0.520891	0.809971	0.269479	-0.680627	0.203559	0.703783	0.515189	-0.550009	0.657321	-156.096634	-41.047386	997.594971	
0.543573	0.768209	0.338205	-0.697006	0.188618	0.691813	0.467666	-0.611782	0.637974	-143.787842	-48.296879	978.920532	
0.548159	0.730128	0.407965	-0.715967	0.157494	0.680138	0.432336	-0.664913	0.609079	-135.118164	-63.469170	961.382568	
