0.998028	-0.044547	0.044218	0.043944	0.998928	0.014514	-0.044817	-0.012542	0.998917	18.994270	3.908138	546.301575	
0.980506	-0.139311	0.138567	0.127577	0.987711	0.090277	-0.149441	-0.070839	0.986230	27.960503	7.317208	546.623535	
0.952771	-0.193218	0.234295	0.158364	0.974401	0.159575	-0.259130	-0.114934	0.958980	36.777523	14.956107	548.057434	
0.892474	-0.263947	0.365818	0.171212	0.948466	0.266644	-0.417346	-0.175340	0.891672	45.280025	16.984581	546.341919	
0.832173	-0.357632	0.423778	0.227052	0.916988	0.327996	-0.505901	-0.176729	0.844293	53.238819	21.363266	544.545288	
0.812617	-0.456750	0.361985	0.312325	0.865693	0.391189	-0.492043	-0.204830	0.846131	68.808746	22.498844	546.592712	
0.731119	-0.577742	0.362877	0.389120	0.790007	0.473788	-0.560402	-0.205192	0.802400	79.284004	23.454966	542.520447	
0.712080	-0.623630	0.322532	0.432528	0.751509	0.498150	-0.553047	-0.215219	0.804872	84.534843	21.547403	537.681763	
0.709350	-0.655940	0.258001	0.491095	0.722495	0.486648	-0.505617	-0.218500	0.834631	89.678589	21.369761	539.163818	
0.754404	-0.655617	-0.032261	0.615827	0.689894	0.380531	-0.227226	-0.306941	0.924205	99.057678	23.172611	562.091614	
0.671811	-0.660592	-0.335095	0.737300	0.639808	0.216874	0.071132	-0.392764	0.916884	106.333885	25.006008	583.812866	
0.640153	-0.643056	-0.420337	0.768188	0.529015	0.360596	-0.009519	-0.553735	0.832638	105.100723	26.098156	599.551880	
0.653958	-0.652024	-0.383671	0.749470	0.489236	0.446029	-0.103116	-0.579234	0.808612	103.647247	22.408985	605.967773	
0.679494	-0.629920	-0.376151	0.702866	0.411867	0.579953	-0.210399	-0.658458	0.722610	96.318321	15.418242	603.881653	
0.714451	-0.607024	-0.347969	0.643570	0.374978	0.667240	-0.274550	-0.700653	0.658565	92.581894	13.832424	616.224365	
0.724913	-0.605556	-0.328333	0.615623	0.355688	0.703202	-0.309044	-0.711891	0.630637	91.243484	10.588780	622.211121	
0.751376	-0.568521	-0.334990	0.590323	0.352267	0.726241	-0.294877	-0.743433	0.600296	84.290146	8.846678	627.380249	
0.772371	-0.550271	-0.317247	0.551460	0.333108	0.764807	-0.315173	-0.765664	0.560735	80.629669	7.107650	645.529846	
0.785061	-0.569740	-0.243055	0.457649	0.269086	0.847437	-0.417416	-0.776524	0.471990	76.406746	3.598042	642.440735	
0.849294	-0.462587	-0.254388	0.454094	0.394351	0.798928	-0.269255	-0.794041	0.544978	72.895607	-1.722552	679.807068	
0.886412	-0.354466	-0.297704	0.449550	0.505879	0.736200	-0.110355	-0.786410	0.607767	65.085175	-4.486427	682.323853	
0.895607	-0.253245	-0.365725	0.444159	0.554740	0.703552	0.024711	-0.792546	0.609311	55.655495	-6.613731	662.918701	
0.030459	0.394853	0.918239	0.949777	-0.297676	0.096499	0.311441	0.869183	-0.384089	68.167702	-50.156601	676.377014	
0.030459	0.394853	0.918239	0.949777	-0.297676	0.096499	0.311441	0.869183	-0.384089	68.167702	-50.156601	676.377014	
0.030459	0.394853	0.918239	0.949777	-0.297676	0.096499	0.311441	0.869183	-0.384089	68.167702	-50.156601	676.377014	
0.186157	0.641271	0.744390	0.843144	-0.493240	0.214059	0.504433	0.587780	-0.632505	32.338764	-81.925140	706.962097	
0.243612	0.687606	0.683996	0.798367	-0.542608	0.261125	0.550693	0.482468	-0.681148	14.515263	-94.329819	713.735596	
0.302043	0.749415	0.589192	0.772509	-0.554559	0.309345	0.558569	0.361721	-0.746431	5.883077	-102.263977	732.289612	
0.355013	0.762726	0.540569	0.739989	-0.582631	0.336092	0.571298	0.280699	-0.771250	-2.687321	-111.010887	744.160095	
0.450278	0.761629	0.466016	0.675820	-0.631807	0.379588	0.583537	0.144023	-0.799213	-11.609865	-124.523361	749.554077	
0.491558	0.784799	0.377440	0.598174	-0.619277	0.508611	0.632897	-0.024237	-0.773857	-20.667690	-138.458588	753.962830	
0.555570	0.757793	0.342187	0.501201	-0.633589	0.589375	0.663430	-0.155934	-0.731810	-27.459953	-144.570557	773.253235	
0.623558	0.736151	0.263168	0.466120	-0.620336	0.630805	0.627620	-0.270676	-0.729950	-37.984444	-155.690186	773.028259	
0.725729	0.672854	0.143476	0.449993	-0.621996	0.640802	0.520408	-0.400485	-0.754180	-47.874035	-172.687454	791.249329	
0.777895	0.628078	-0.019922	0.487824	-0.583596	0.649186	0.396113	-0.514718	-0.760368	-57.400688	-179.349625	810.160339	
0.811365	0.573821	-0.111430	0.488389	-0.560728	0.668626	0.321189	-0.596921	-0.735203	-71.672310	-194.456696	833.846924	
0.828716	0.505993	-0.239166	0.514211	-0.519683	0.682288	0.220942	-0.688405	-0.690857	-85.432541	-205.460327	840.889648	
0.844273	0.441793	-0.303350	0.510525	-0.490871	0.705982	0.162992	-0.750909	-0.639976	-97.330460	-217.832352	860.143982	
0.853639	0.384502	-0.351367	0.509396	-0.475497	0.717230	0.108702	-0.791240	-0.601766	-111.086868	-227.973434	899.199829	
0.879330	0.288091	-0.379186	0.475935	-0.504477	0.720408	0.016252	-0.813945	-0.580715	-111.650002	-225.925003	879.422974	
0.879330	0.288091	-0.379186	0.475935	-0.504477	0.720408	0.016252	-0.813945	-0.580715	-111.650002	-225.925003	879.422974	
0.879330	0.288091	-0.379186	0.475935	-0.504477	0.720408	0.016252	-0.813945	-0.580715	-111.650002	-225.925003	879.422974	
0.879330	0.288091	-0.379186	0.475935	-0.504477	0.720408	0.016252	-0.813945	-0.580715	-111.650002	-225.925003	879.422974	
0.782169	0.038473	-0.621877	0.587505	-0.377906	0.715559	-0.207481	-0.925045	-0.318190	-118.492432	-247.257858	930.990784	
0.715301	-0.001335	-0.698815	0.658137	-0.334918	0.674304	-0.234946	-0.942247	-0.238688	-118.857101	-253.382950	943.162170	
0.677821	-0.044692	-0.733867	0.687924	-0.313693	0.654491	-0.259459	-0.948472	-0.181883	-117.170433	-256.970184	954.931824	
0.610816	-0.079477	-0.787774	0.726272	-0.340004	0.597433	-0.315328	-0.937060	-0.149958	-111.602554	-256.046814	956.480713	
0.576572	-0.149607	-0.803233	0.695997	-0.425006	0.578756	-0.427964	-0.892742	-0.140921	-98.016899	-253.289001	964.247986	
0.576572	-0.149607	-0.803233	0.695997	-0.425006	0.578756	-0.427964	-0.892742	-0.140921	-98.016899	-253.289001	964.247986	
0.576572	-0.149607	-0.803233	0.695997	-0.425006	0.578756	-0.427964	-0.892742	-0.140921	-98.016899	-253.289001	964.247986	
0.576572	-0.149607	-0.803233	0.695997	-0.425006	0.578756	-0.427964	-0.892742	-0.140921	-98.016899	-253.289001	964.247986	
0.576572	-0.149607	-0.803233	0.695997	-0.425006	0.578756	-0.427964	-0.892742	-0.140921	-98.016899	-253.289001	964.247986	
0.268814	-0.251655	-0.929736	0.744970	-0.557532	0.366301	-0.610539	-0.791093	0.037603	-49.431004	-239.823410	1005.079346	
0.209871	-0.201851	-0.956667	0.807720	-0.515564	0.285976	-0.550947	-0.832737	0.054838	-39.885948	-239.661606	1027.770630	
0.199643	-0.175410	-0.964041	0.797369	-0.542743	0.263880	-0.569513	-0.821378	0.031511	-29.952988	-235.634689	1051.796997	
0.108456	-0.155817	-0.981814	0.718538	-0.670227	0.185740	-0.686979	-0.725615	0.039271	-21.231400	-210.294998	1009.849976	
0.108456	-0.155817	-0.981814	0.718538	-0.670227	0.185740	-0.686979	-0.725615	0.039271	-21.231400	-210.294998	1009.849976	
0.108456	-0.155817	-0.981814	0.718538	-0.670227	0.185740	-0.686979	-0.725615	0.039271	-21.231400	-210.294998	1009.849976	
-0.010195	-0.002008	-0.999946	0.671148	-0.741304	-0.005354	-0.741253	-0.671166	0.008905	17.551737	-172.713242	1014.199890	
-0.021006	0.065352	-0.997641	0.656113	-0.752021	-0.063077	-0.754370	-0.655891	-0.027082	28.829645	-165.271118	1040.587769	
-0.028104	0.145175	-0.989007	0.655630	-0.744176	-0.127868	-0.754559	-0.652017	-0.074267	48.641716	-156.175705	1068.484375	
-0.004779	0.218154	-0.975902	0.592340	-0.785659	-0.178528	-0.805673	-0.578920	-0.125467	55.298470	-136.115250	1049.691528	
0.010562	0.280805	-0.959707	0.582882	-0.781566	-0.222267	-0.812488	-0.557049	-0.171931	70.307213	-118.792366	1029.184570	
0.045611	0.327713	-0.943675	0.564976	-0.787525	-0.246179	-0.823845	-0.521926	-0.221070	79.217453	-113.149651	1039.619263	
0.094259	0.348990	-0.932374	0.542413	-0.803332	-0.245855	-0.834807	-0.482558	-0.265018	91.749733	-106.084122	1040.886963	
0.158077	0.407343	-0.899490	0.561647	-0.786322	-0.257389	-0.812135	-0.464510	-0.353083	103.850540	-100.151695	1052.588257	
0.256250	0.436272	-0.862556	0.484057	-0.830315	-0.276160	-0.836674	-0.346761	-0.423949	111.471649	-83.649139	1045.309204	
0.288435	0.426904	-0.857064	0.403803	-0.865847	-0.295383	-0.868186	-0.260887	-0.422126	115.189743	-68.568703	1031.906250	
0.342541	0.447117	-0.826288	0.392547	-0.867158	-0.306501	-0.853564	-0.219368	-0.472552	117.039726	-54.132324	1016.084412	
0.414736	0.411451	-0.811604	0.374811	-0.889996	-0.259660	-0.829162	-0.196508	-0.523330	122.352455	-46.088509	1010.502625	
0.473054	0.361141	-0.803615	0.342168	-0.915836	-0.210152	-0.811874	-0.175559	-0.556811	124.017097	-31.109123	999.393188	
0.502842	0.338393	-0.795387	0.326241	-0.926424	-0.187893	-0.800448	-0.165008	-0.576242	123.708145	-16.257898	989.229309	
0.563984	0.283039	-0.775765	0.192725	-0.958598	-0.209634	-0.802981	-0.031279	-0.595182	119.141853	-4.487742	971.255554	
0.612683	0.250731	-0.749502	0.234114	-0.963357	-0.130894	-0.754857	-0.095272	-0.648932	117.848900	4.038804	981.166443	
0.645518	0.168543	-0.744916	0.158644	-0.983662	-0.085085	-0.747087	-0.063253	-0.661710	114.097214	9.704648	975.169250	
0.700808	0.136591	-0.700151	0.120135	-0.990077	-0.072902	-0.703161	-0.033023	-0.710263	106.752441	20.754435	974.056702	
0.713995	0.099252	-0.693081	0.090963	-0.994661	-0.048731	-0.694217	-0.028252	-0.719211	96.760361	24.815132	965.359558	
0.763729	-0.005106	-0.645517	0.020659	-0.999263	0.032347	-0.645207	-0.038040	-0.763060	89.305519	30.253988	953.849915	
0.795490	-0.059771	-0.603012	-0.013709	-0.996643	0.080704	-0.605811	-0.055933	-0.793639	75.504242	38.943626	951.141785	
0.807858	-0.116002	-0.577848	-0.027983	-0.986882	0.158995	-0.588712	-0.112276	-0.800507	67.052567	45.345612	943.412292	
0.821850	-0.175969	-0.541846	-0.039708	-0.966481	0.253647	-0.568318	-0.186945	-0.801290	50.562683	48.023506	935.855103	
0.835195	-0.227884	-0.500517	-0.065765	-0.944963	0.320501	-0.546007	-0.234764	-0.804215	32.730423	52.898354	919.610474	
0.819279	-0.341049	-0.460941	-0.172974	-0.913433	0.368404	-0.546682	-0.222095	-0.807349	14.512176	55.799709	917.392700	
0.787976	-0.449461	-0.420806	-0.239705	-0.853474	0.462736	-0.567129	-0.263756	-0.780255	5.313502	56.052254	902.937927	
0.751584	-0.564571	-0.341144	-0.372330	-0.789998	0.487108	-0.544510	-0.239085	-0.803957	-13.867995	57.486176	894.452454	
0.666595	-0.658519	-0.349290	-0.397206	-0.710308	0.581111	-0.630776	-0.248626	-0.735055	-33.983696	56.378242	889.672180	
0.561965	-0.746801	-0.355644	-0.414708	-0.626392	0.660039	-0.715690	-0.223430	-0.661714	-53.795807	55.472591	885.022827	
0.462687	-0.827956	-0.316873	-0.410754	-0.516968	0.751017	-0.785622	-0.217330	-0.579280	-70.330269	50.678471	867.101868	
0.405179	-0.868924	-0.284253	-0.405730	-0.449527	0.795808	-0.819276	-0.207115	-0.534687	-77.244209	45.670872	853.438599	
0.349031	-0.902223	-0.253316	-0.348916	-0.375998	0.858419	-0.869733	-0.211230	-0.446035	-85.695595	40.015926	834.784668	
0.233496	-0.947947	-0.216507	-0.348824	-0.289504	0.891353	-0.907635	-0.132605	-0.398264	-103.850983	35.724972	823.431824	
0.115080	-0.974418	-0.193044	-0.282402	-0.218410	0.934102	-0.952369	-0.052982	-0.300311	-117.903801	31.106813	803.173279	
-0.011709	-0.984554	-0.174688	-0.211813	-0.168294	0.962711	-0.977240	0.048273	-0.206571	-130.237076	26.294783	786.765442	
-0.151040	-0.979532	-0.133054	-0.204920	-0.100650	0.973590	-0.967055	0.174315	-0.185523	-136.339722	24.703680	760.804138	
-0.189198	-0.974295	-0.122283	-0.098782	-0.105016	0.989552	-0.976958	0.199300	-0.076374	-145.435791	18.806824	751.302490	
-0.258539	-0.959832	-0.108997	-0.046638	-0.100300	0.993863	-0.964875	0.262035	-0.018833	-145.253571	14.673501	726.494446	
-0.346799	-0.931009	-0.113812	0.128690	-0.167426	0.977449	-0.929069	0.324332	0.177875	-166.149002	0.976780	760.684998	
-0.346799	-0.931009	-0.113812	0.128690	-0.167426	0.977449	-0.929069	0.324332	0.177875	-166.149002	0.976780	760.684998	
-0.346799	-0.931009	-0.113812	0.128690	-0.167426	0.977449	-0.929069	0.324332	0.177875	-166.149002	0.976780	760.684998	
-0.346799	-0.931009	-0.113812	0.128690	-0.167426	0.977449	-0.929069	0.324332	0.177875	-166.149002	0.976780	760.684998	
-0.692093	-0.719530	-0.057292	0.329745	-0.385780	0.861651	-0.642086	0.577451	0.504257	-169.580276	-41.809109	717.535400	
-0.783962	-0.619455	-0.040966	0.346453	-0.491307	0.799116	-0.515144	0.612284	0.599779	-167.742599	-48.507614	709.955078	
-0.859377	-0.509801	-0.039664	0.305199	-0.573618	0.760142	-0.410274	0.641144	0.648545	-162.634186	-64.171814	702.283325	
-0.920557	-0.388726	-0.038305	0.242031	-0.644624	0.725176	-0.306588	0.658295	0.687497	-159.786407	-72.741264	687.904480	
-0.964090	-0.263235	-0.035174	0.177335	-0.736684	0.652570	-0.197692	0.622900	0.756911	-153.993011	-87.736458	677.167236	
-0.972767	-0.228850	-0.036772	0.160214	-0.778523	0.606821	-0.167499	0.584405	0.793987	-138.695297	-93.610489	648.019104	
-0.992013	-0.126138	-0.000560	0.113799	-0.896866	0.427412	-0.054415	0.423934	0.904057	-130.957993	-112.489998	671.726990	
-0.992013	-0.126138	-0.000560	0.113799	-0.896866	0.427412	-0.054415	0.423934	0.904057	-130.957993	-112.489998	671.726990	
-0.992013	-0.126138	-0.000560	0.113799	-0.896866	0.427412	-0.054415	0.423934	0.904057	-130.957993	-112.489998	671.726990	
-0.976918	0.213095	0.014873	-0.208881	-0.967531	0.142309	0.044716	0.135918	0.989711	-89.459106	-132.762299	641.046936	
-0.959781	0.280553	0.010495	-0.278839	-0.956938	0.080740	0.032695	0.074567	0.996680	-80.564156	-138.590149	625.864075	
-0.914923	0.403570	0.006926	-0.402750	-0.913926	0.050313	0.026635	0.043243	0.998710	-71.270561	-144.661026	619.100952	
-0.880653	0.473046	0.026029	-0.472722	-0.873754	-0.114407	-0.031377	-0.113057	0.993093	-61.984055	-154.887085	604.928894	
-0.840841	0.533424	0.091904	-0.540714	-0.819976	-0.187798	-0.024816	-0.207602	0.977899	-52.212791	-158.815048	593.700806	
-0.755742	0.645623	0.109659	-0.652788	-0.729364	-0.204686	-0.052168	-0.226274	0.972666	-32.768318	-167.888062	588.037415	
-0.641441	0.748851	0.166665	-0.765724	-0.611599	-0.199031	-0.047112	-0.255286	0.965718	-22.879993	-171.713470	584.751099	
-0.477064	0.846695	0.235625	-0.871944	-0.489567	-0.006197	0.110107	-0.208408	0.971825	-5.096148	-179.355515	579.821655	
-0.352730	0.912790	0.205907	-0.929794	-0.366640	0.032538	0.105194	-0.179974	0.978031	11.859790	-187.660614	585.139282	
-0.209409	0.960989	0.180690	-0.958381	-0.238380	0.157103	0.194047	-0.140271	0.970912	20.634594	-192.301590	575.790833	
-0.055264	0.990063	0.129313	-0.942948	-0.094337	0.319296	0.328322	-0.104290	0.938791	28.744078	-195.706436	578.672791	
0.150854	0.980362	0.127024	-0.861241	0.067258	0.503726	0.485291	-0.185388	0.854474	41.000229	-195.236191	569.433411	
0.299111	0.949285	0.096908	-0.781535	0.185447	0.595662	0.547482	-0.253906	0.797368	49.471573	-197.271027	569.322449	
0.408401	0.904770	0.120828	-0.732536	0.245887	0.634768	0.544609	-0.347751	0.763198	67.510262	-204.480698	594.138733	
0.235873	0.971621	-0.017781	-0.345091	0.066642	-0.936200	-0.908447	0.226960	0.351017	69.710297	-194.490997	565.020996	
0.235873	0.971621	-0.017781	-0.345091	0.066642	-0.936200	-0.908447	0.226960	0.351017	69.710297	-194.490997	565.020996	
0.235873	0.971621	-0.017781	-0.345091	0.066642	-0.936200	-0.908447	0.226960	0.351017	69.710297	-194.490997	565.020996	
0.235873	0.971621	-0.017781	-0.345091	0.066642	-0.936200	-0.908447	0.226960	0.351017	69.710297	-194.490997	565.020996	
0.235873	0.971621	-0.017781	-0.345091	0.066642	-0.936200	-0.908447	0.226960	0.351017	69.710297	-194.490997	565.020996	
0.235873	0.971621	-0.017781	-0.345091	0.066642	-0.936200	-0.908447	0.226960	0.351017	69.710297	-194.490997	565.020996	
0.235873	0.971621	-0.017781	-0.345091	0.066642	-0.936200	-0.908447	0.226960	0.351017	69.710297	-194.490997	565.020996	
0.235873	0.971621	-0.017781	-0.345091	0.066642	-0.936200	-0.908447	0.226960	0.351017	69.710297	-194.490997	565.020996	
0.235873	0.971621	-0.017781	-0.345091	0.066642	-0.936200	-0.908447	0.226960	0.351017	69.710297	-194.490997	565.020996	
0.235873	0.971621	-0.017781	-0.345091	0.066642	-0.936200	-0.908447	0.226960	0.351017	69.710297	-194.490997	565.020996	
0.864268	0.474896	-0.165878	0.204509	-0.632992	-0.746657	-0.459584	0.611388	-0.644195	54.698807	-137.112274	568.281311	
0.919103	0.353651	-0.173727	0.155223	-0.730243	-0.665320	-0.362154	0.584531	-0.726064	41.266335	-129.958893	568.126526	
0.940825	0.284837	-0.183622	0.119315	-0.785540	-0.607199	-0.317196	0.549359	-0.773041	28.287344	-124.497231	577.962280	
0.956019	0.218361	-0.195822	0.086234	-0.847391	-0.523919	-0.280342	0.483990	-0.828953	20.070408	-116.272240	577.848633	
0.972603	0.108228	-0.205743	-0.015884	-0.852016	-0.523274	-0.231930	0.512207	-0.826954	2.805819	-107.920120	576.675598	
0.964910	0.023552	-0.261523	-0.090717	-0.904745	-0.416180	-0.246414	0.425301	-0.870861	-15.865996	-97.645317	601.286316	
0.942673	-0.096402	-0.319491	-0.201700	-0.927302	-0.315322	-0.265868	0.361688	-0.893586	-33.857246	-88.858170	595.386475	
0.906682	-0.250456	-0.339412	-0.308085	-0.942805	-0.127289	-0.288120	0.219979	-0.931985	-44.747391	-74.396454	618.448669	
0.848586	-0.373440	-0.374758	-0.396147	-0.918015	0.017770	-0.350670	0.133380	-0.926952	-55.142860	-66.987099	630.776001	
0.808619	-0.425757	-0.406038	-0.406388	-0.903250	0.137800	-0.425424	0.053581	-0.903407	-74.793991	-53.015667	644.670105	
0.734762	-0.522598	-0.432453	-0.490939	-0.849636	0.192610	-0.468086	0.070786	-0.880843	-94.310173	-45.347893	646.468933	
0.638279	-0.611046	-0.468212	-0.556278	-0.786543	0.268154	-0.532124	0.089299	-0.841945	-113.782814	-39.234955	663.978210	
0.578639	-0.640365	-0.505083	-0.520442	-0.766729	0.375856	-0.627947	0.045382	-0.776932	-132.391907	-33.019928	678.449097	
0.522251	-0.656758	-0.543987	-0.463354	-0.754048	0.465526	-0.715932	0.008937	-0.698114	-141.507385	-20.324177	683.690613	
0.415189	-0.696093	-0.585723	-0.492472	-0.713320	0.498645	-0.764912	0.081421	-0.638969	-150.020233	-7.541318	689.140747	
0.308792	-0.731200	-0.608271	-0.521997	-0.664891	0.534266	-0.795090	0.152538	-0.586997	-157.114227	-2.290533	697.555359	
0.194788	-0.758951	-0.621330	-0.517280	-0.617697	0.592344	-0.833355	0.206020	-0.512910	-169.440353	3.354906	700.321411	
0.130705	-0.742078	-0.657447	-0.441836	-0.637241	0.631430	-0.887523	0.207953	-0.411168	-180.391602	8.565057	712.759216	
0.002526	-0.717611	-0.696439	-0.469069	-0.615921	0.632942	-0.883159	0.325079	-0.338165	-184.592850	17.613699	721.570618	
-0.088280	-0.693416	-0.715109	-0.471176	-0.603448	0.643307	-0.877611	0.393734	-0.273448	-186.211273	23.103819	717.350098	
-0.131480	-0.626289	-0.768423	-0.418404	-0.667667	0.615759	-0.898694	0.402472	-0.174258	-189.948944	28.791056	737.573303	
-0.149178	-0.605649	-0.781623	-0.405169	-0.683622	0.607040	-0.901989	0.407247	-0.143410	-192.086395	35.803993	742.886047	
-0.169012	-0.580295	-0.796676	-0.355912	-0.717831	0.598369	-0.919109	0.384678	-0.085213	-194.020172	38.959663	760.958862	
-0.239087	-0.516740	-0.822080	-0.309594	-0.761880	0.568938	-0.920320	0.390537	0.022175	-194.208237	40.333328	772.442505	
-0.261448	-0.480813	-0.836937	-0.323615	-0.773244	0.545314	-0.909351	0.413416	0.046564	-190.110001	42.624908	786.747864	
-0.269354	-0.447923	-0.852534	-0.292562	-0.805355	0.515568	-0.917527	0.388289	0.085879	-185.978134	43.475441	796.456604	
-0.300760	-0.410064	-0.861040	-0.287260	-0.821962	0.491792	-0.909409	0.395254	0.129418	-181.327484	43.119518	815.175049	
-0.313130	-0.351668	-0.882201	-0.301037	-0.844262	0.443394	-0.900737	0.404415	0.158497	-175.356598	41.478973	827.755127	
-0.294958	-0.289541	-0.910585	-0.322953	-0.866692	0.380194	-0.899279	0.406217	0.162128	-164.191711	39.566765	832.641418	
-0.283227	-0.247062	-0.926684	-0.260989	-0.909928	0.322361	-0.922858	0.333156	0.193235	-158.571320	37.546814	850.562866	
-0.285362	-0.187987	-0.939803	-0.271014	-0.924729	0.267262	-0.919304	0.330966	0.212934	-144.163177	35.593090	868.642639	
-0.251120	-0.113626	-0.961263	-0.347258	-0.916403	0.199041	-0.903522	0.383789	0.190669	-135.882416	30.784716	882.190002	
-0.227033	-0.090916	-0.969634	-0.282151	-0.946793	0.154838	-0.932120	0.308736	0.189300	-118.874428	24.149071	898.828918	
-0.192033	-0.062212	-0.979414	-0.220152	-0.969824	0.104768	-0.956377	0.235738	0.172541	-100.632263	17.335514	909.259583	
-0.163025	-0.045841	-0.985556	-0.223300	-0.971285	0.082114	-0.961020	0.233461	0.148107	-81.719658	13.694001	918.295044	
-0.086291	-0.012408	-0.996192	-0.236993	-0.970964	0.032622	-0.967672	0.238905	0.080844	-61.934586	4.480495	932.871948	
-0.036639	0.011805	-0.999259	-0.230341	-0.973106	-0.003050	-0.972420	0.230058	0.038371	-40.643993	0.460822	925.036804	
0.037251	0.001073	-0.999305	-0.311252	-0.950244	-0.012623	-0.949597	0.311506	-0.035064	-30.623003	-1.910196	939.603210	
0.080167	-0.008902	-0.996741	-0.208351	-0.978022	-0.008023	-0.974763	0.208315	-0.080260	-20.700066	-16.039671	948.444885	
0.144172	-0.040476	-0.988724	-0.284127	-0.958784	-0.002180	-0.947885	0.281238	-0.149731	-0.505999	-21.284586	958.249207	
0.203381	-0.091528	-0.974812	-0.339169	-0.940562	0.017549	-0.918478	0.327057	-0.222336	18.174234	-29.080168	973.364075	
0.247780	-0.153053	-0.956650	-0.399923	-0.915545	0.042893	-0.882421	0.371958	-0.288064	26.642271	-36.338688	985.174133	
0.269996	-0.201492	-0.941542	-0.348196	-0.932113	0.099625	-0.897698	0.300943	-0.321827	34.646141	-48.083195	976.513184	
0.318984	-0.271550	-0.908024	-0.294397	-0.939072	0.177415	-0.900877	0.210727	-0.379493	50.475548	-61.327568	984.797668	
0.339942	-0.312169	-0.887124	-0.249111	-0.939497	0.235140	-0.906854	0.141058	-0.397139	63.609997	-69.791290	1006.984009	
0.314811	-0.394759	-0.863168	-0.321658	-0.899966	0.294275	-0.892990	0.185004	-0.410297	76.539955	-82.225716	997.978577	
0.287437	-0.469079	-0.835071	-0.390148	-0.853597	0.345193	-0.874737	0.226580	-0.428366	86.197723	-90.434219	1010.731812	
0.224452	-0.553257	-0.802202	-0.386854	-0.806149	0.447738	-0.894408	0.209839	-0.394971	91.496796	-104.444153	1006.127930	
0.096428	-0.606812	-0.788974	-0.435021	-0.738647	0.514936	-0.895243	0.293566	-0.335202	91.386955	-110.643440	985.606384	
0.077320	-0.658211	-0.748852	-0.452999	-0.692288	0.561720	-0.888152	0.295797	-0.351697	91.853195	-116.802109	976.242249	
0.058486	-0.698375	-0.713338	-0.427317	-0.663303	0.614353	-0.902209	0.268890	-0.337222	93.632019	-131.562408	986.445679	
-0.009861	-0.742964	-0.669259	-0.439373	-0.598002	0.670332	-0.898251	0.300665	-0.320542	95.522995	-146.535065	1002.130981	
-0.109913	-0.784247	-0.610636	-0.457054	-0.505671	0.731709	-0.882621	0.359518	-0.302864	100.943001	-154.436996	1030.969971	
-0.109913	-0.784247	-0.610636	-0.457054	-0.505671	0.731709	-0.882621	0.359518	-0.302864	100.943001	-154.436996	1030.969971	
-0.109913	-0.784247	-0.610636	-0.457054	-0.505671	0.731709	-0.882621	0.359518	-0.302864	100.943001	-154.436996	1030.969971	
-0.109913	-0.784247	-0.610636	-0.457054	-0.505671	0.731709	-0.882621	0.359518	-0.302864	100.943001	-154.436996	1030.969971	
-0.109913	-0.784247	-0.610636	-0.457054	-0.505671	0.731709	-0.882621	0.359518	-0.302864	100.943001	-154.436996	1030.969971	
-0.532326	-0.765798	-0.360808	-0.089156	-0.373130	0.923485	-0.841831	0.523764	0.130351	63.953651	-191.845734	1023.415710	
-0.620291	-0.732038	-0.281706	-0.005464	-0.355108	0.934809	-0.784352	0.581394	0.216270	55.696320	-193.037399	1017.012634	
-0.731233	-0.657295	-0.182379	0.071959	-0.340207	0.937593	-0.678321	0.672476	0.296069	47.968109	-200.499847	1018.213684	
-0.808486	-0.577042	-0.115641	0.109252	-0.340243	0.933969	-0.578285	0.742467	0.338125	39.019108	-203.102142	1016.539612	
-0.870496	-0.491784	-0.019647	0.210905	-0.408791	0.887924	-0.444698	0.768790	0.459570	29.960548	-212.591248	1030.178589	
-0.933477	-0.357646	0.026672	0.232374	-0.546507	0.804570	-0.273175	0.757245	0.593259	10.456346	-217.329941	1030.973511	
-0.950265	-0.297553	0.091971	0.261463	-0.601743	0.754681	-0.169214	0.741194	0.649614	1.075856	-218.902802	1022.656006	
-0.962825	-0.220365	0.156231	0.265917	-0.671502	0.691646	-0.047505	0.707478	0.705136	-19.072615	-218.576309	1011.653992	
-0.964222	-0.155504	0.214697	0.258649	-0.729375	0.633335	0.058109	0.666207	0.743499	-27.906931	-215.937469	1003.862732	
-0.952178	-0.120151	0.280930	0.267239	-0.773221	0.575077	0.148125	0.622651	0.768352	-46.725376	-219.922424	1007.854797	
-0.902005	0.032515	0.430500	0.167851	-0.892296	0.419087	0.397760	0.450279	0.799397	-58.154915	-215.775436	1002.647949	
-0.844632	0.138561	0.517106	0.071259	-0.928230	0.365119	0.530584	0.345239	0.774138	-67.174454	-211.909821	988.493103	
-0.794553	0.241252	0.557211	-0.110014	-0.959689	0.258639	0.597146	0.144201	0.789064	-76.397621	-212.106094	985.118774	
-0.698581	0.351746	0.623105	-0.311298	-0.933501	0.177963	0.644267	-0.069650	0.761622	-92.335388	-201.724152	965.631165	
-0.556554	0.443946	0.702253	-0.339694	-0.892976	0.295301	0.758194	-0.074200	0.647794	-100.691620	-194.971222	951.082703	
-0.499436	0.480009	0.721218	-0.482524	-0.845525	0.228601	0.719539	-0.233833	0.653901	-109.688232	-191.695892	940.969116	
-0.378629	0.571227	0.728244	-0.602700	-0.749308	0.274394	0.702420	-0.335019	0.627987	-123.672501	-177.361755	927.333130	
-0.351500	0.545103	0.761124	-0.782036	-0.617899	0.081372	0.514654	-0.566624	0.643481	-131.666931	-172.498398	937.499634	
-0.249630	0.514510	0.820343	-0.916466	-0.399093	-0.028572	0.312692	-0.758949	0.571156	-134.962936	-158.746140	901.242310	
-0.187370	0.540790	0.820023	-0.978867	-0.172427	-0.109952	0.081932	-0.823295	0.561669	-139.245773	-141.449310	870.908569	
-0.146675	0.443925	0.883977	-0.988802	-0.090658	-0.118540	0.027516	-0.891466	0.452251	-145.063446	-132.766785	899.712524	
-0.108300	0.315805	0.942622	-0.977542	0.138607	-0.158748	-0.180789	-0.938645	0.293702	-145.538361	-121.784500	887.555298	
-0.038588	0.182215	0.982501	-0.925606	0.363963	-0.103853	-0.376519	-0.913416	0.154615	-142.667633	-106.991608	862.300476	
-0.030306	0.115051	0.992897	-0.892561	0.444007	-0.078692	-0.449908	-0.888606	0.089234	-142.471283	-100.255157	862.658020	
-0.042387	0.044945	0.998089	-0.908749	0.413404	-0.057208	-0.415186	-0.909438	0.023321	-133.687271	-87.285652	832.143433	
0.001278	-0.047871	0.998853	-0.703553	0.709784	0.034917	-0.710642	-0.702790	-0.032772	-134.714005	-80.352600	844.242981	
0.001278	-0.047871	0.998853	-0.703553	0.709784	0.034917	-0.710642	-0.702790	-0.032772	-134.714005	-80.352600	844.242981	
0.001278	-0.047871	0.998853	-0.703553	0.709784	0.034917	-0.710642	-0.702790	-0.032772	-134.714005	-80.352600	844.242981	
0.001278	-0.047871	0.998853	-0.703553	0.709784	0.034917	-0.710642	-0.702790	-0.032772	-134.714005	-80.352600	844.242981	
-0.128363	-0.372737	0.919016	-0.172266	0.920975	0.349470	-0.976651	-0.113456	-0.182429	-104.784073	-40.758133	799.047119	
-0.139395	-0.420545	0.896499	-0.053106	0.907211	0.417312	-0.988812	0.010562	-0.148794	-97.804367	-27.150148	785.260742	
-0.203548	-0.464651	0.861781	0.112150	0.863350	0.491986	-0.972620	0.196792	-0.123623	-81.028931	-12.843204	769.626526	
-0.299307	-0.479147	0.825126	0.279385	0.782859	0.555947	-0.912337	0.396927	-0.100448	-71.045914	-5.532375	761.487976	
-0.348047	-0.506931	0.788597	0.362249	0.703130	0.611869	-0.864661	0.498628	-0.061087	-62.846512	1.757310	753.758911	
-0.409437	-0.524250	0.746675	0.465397	0.583913	0.665170	-0.784708	0.619846	0.004909	-52.075150	8.558001	735.311707	
-0.435909	-0.594134	0.676009	0.504847	0.460402	0.730178	-0.745059	0.659573	0.099254	-31.609711	19.713385	708.987122	
-0.463141	-0.644730	0.608132	0.538652	0.340128	0.770823	-0.703814	0.684572	0.189757	-20.770962	23.670759	689.980652	
-0.524608	-0.680993	0.510915	0.551971	0.184830	0.813121	-0.648162	0.708581	0.278925	-12.104338	28.484356	687.084106	
-0.603633	-0.661225	0.445432	0.560566	0.045278	0.826871	-0.566915	0.748821	0.343329	-2.651883	35.252502	679.285461	
-0.681027	-0.610597	0.404195	0.555557	-0.071251	0.828420	-0.477031	0.788730	0.387745	6.148646	39.849731	669.900635	
-0.790079	-0.488909	0.369787	0.527399	-0.234667	0.816567	-0.312450	0.840178	0.443256	13.873041	43.803314	672.062683	
-0.875498	-0.413505	0.250034	0.417757	-0.387632	0.821718	-0.242864	0.823866	0.512116	30.669672	44.296787	660.141296	
-0.942340	-0.322357	0.089892	0.272488	-0.583150	0.765302	-0.194280	0.745670	0.637364	50.726635	51.433949	649.945435	
-0.976417	-0.215116	0.018273	0.175755	-0.742884	0.645936	-0.125376	0.633916	0.763173	58.443481	57.478432	647.252991	
-0.986249	-0.160450	-0.039592	0.100877	-0.774239	0.624802	-0.130903	0.612217	0.779779	71.058571	57.989727	635.061646	
-0.988814	-0.106332	-0.104597	0.024546	-0.807713	0.589065	-0.147120	0.579909	0.801288	81.559715	57.601051	623.354126	
-0.985477	0.002020	-0.169794	-0.087564	-0.862772	0.497953	-0.145488	0.505590	0.850419	91.329811	56.686596	618.483887	
-0.971633	0.057240	-0.229462	-0.158715	-0.877136	0.453257	-0.175325	0.476819	0.861339	95.817680	55.601418	611.672791	
-0.939401	0.158293	-0.304087	-0.277883	-0.871056	0.405022	-0.200765	0.464979	0.862258	98.575592	51.879791	600.204224	
-0.895681	0.248036	-0.369097	-0.381517	-0.855033	0.351231	-0.228472	0.455408	0.860468	100.012787	49.464802	596.678711	
-0.854385	0.287771	-0.432682	-0.425296	-0.865680	0.264050	-0.298578	0.409619	0.862012	101.264915	43.646675	593.962524	
-0.808216	0.321065	-0.493664	-0.472975	-0.853333	0.219361	-0.350830	0.410782	0.841533	99.697090	37.064869	586.713684	
-0.720646	0.333420	-0.607865	-0.498510	-0.858526	0.120091	-0.481827	0.389570	0.784907	95.644409	28.066080	582.552673	
-0.645883	0.389398	-0.656662	-0.565232	-0.822087	0.068459	-0.513175	0.415383	0.751072	93.160843	19.298382	582.203430	
-0.529474	0.405742	-0.745004	-0.628494	-0.777467	0.023248	-0.569783	0.480540	0.666655	85.250046	13.558982	580.384338	
-0.419712	0.389755	-0.819715	-0.680726	-0.732539	0.000242	-0.600378	0.558103	0.572771	75.240654	8.076065	577.079224	
-0.385802	0.363253	-0.848059	-0.700143	-0.713889	0.012729	-0.600796	0.598674	0.529749	65.326920	2.838118	563.372009	
-0.373415	0.333192	-0.865762	-0.717379	-0.695430	0.041777	-0.588156	0.636680	0.498709	54.476730	-1.703423	542.979736	
-0.222991	0.317170	-0.921780	-0.643100	-0.758493	-0.105411	-0.732597	0.569291	0.373109	34.240200	-19.659201	575.583008	
-0.222991	0.317170	-0.921780	-0.643100	-0.758493	-0.105411	-0.732597	0.569291	0.373109	34.240200	-19.659201	575.583008	
-0.222991	0.317170	-0.921780	-0.643100	-0.758493	-0.105411	-0.732597	0.569291	0.373109	34.240200	-19.659201	575.583008	
-0.222991	0.317170	-0.921780	-0.643100	-0.758493	-0.105411	-0.732597	0.569291	0.373109	34.240200	-19.659201	575.583008	
0.031297	-0.072752	-0.996859	-0.565857	-0.823416	0.042329	-0.823909	0.562755	-0.066937	-20.794006	-57.862862	567.733704	
0.078519	-0.198364	-0.976978	-0.576205	-0.808757	0.117899	-0.813525	0.553683	-0.177801	-40.545811	-66.568558	568.691772	
0.076014	-0.269068	-0.960116	-0.624216	-0.763714	0.164607	-0.777545	0.586808	-0.226010	-60.660862	-82.045746	565.548462	
0.059162	-0.399102	-0.914995	-0.678962	-0.688020	0.256200	-0.731786	0.606090	-0.311680	-81.246864	-95.375504	562.655823	
0.014088	-0.516000	-0.856472	-0.698299	-0.618148	0.360931	-0.715667	0.592990	-0.369031	-91.061523	-101.169571	565.985474	
-0.014477	-0.638958	-0.769105	-0.690797	-0.549714	0.469695	-0.722904	0.538096	-0.433432	-103.332664	-112.053131	583.685669	
-0.045138	-0.694949	-0.717641	-0.651028	-0.524411	0.548777	-0.757711	0.491975	-0.428759	-120.900543	-118.378983	580.594543	
-0.121884	-0.773750	-0.621655	-0.614037	-0.433302	0.659703	-0.779810	0.462127	-0.422298	-127.562019	-128.920425	582.255859	
-0.142027	-0.823780	-0.548829	-0.527075	-0.406377	0.746358	-0.837867	0.395277	-0.376477	-136.359802	-133.208313	583.540771	
-0.179484	-0.845847	-0.502322	-0.452387	-0.382457	0.805650	-0.873574	0.371846	-0.314005	-140.232361	-140.315277	582.150391	
-0.364851	-0.851867	-0.375774	-0.502580	-0.159556	0.849679	-0.783771	0.498863	-0.369917	-170.723007	-171.658997	614.528015	
-0.364851	-0.851867	-0.375774	-0.502580	-0.159556	0.849679	-0.783771	0.498863	-0.369917	-170.723007	-171.658997	614.528015	
-0.364851	-0.851867	-0.375774	-0.502580	-0.159556	0.849679	-0.783771	0.498863	-0.369917	-170.723007	-171.658997	614.528015	
-0.364851	-0.851867	-0.375774	-0.502580	-0.159556	0.849679	-0.783771	0.498863	-0.369917	-170.723007	-171.658997	614.528015	
-0.364851	-0.851867	-0.375774	-0.502580	-0.159556	0.849679	-0.783771	0.498863	-0.369917	-170.723007	-171.658997	614.528015	
-0.632155	-0.713792	0.301465	0.065088	0.338773	0.938614	-0.772103	0.612972	-0.167698	-203.709946	-197.218262	650.226624	
-0.646928	-0.620832	0.442778	0.240167	0.385219	0.891026	-0.723743	0.682770	-0.100105	-206.242401	-204.618927	658.173096	
-0.652417	-0.507084	0.563221	0.366831	0.439015	0.820184	-0.663164	0.741709	-0.100407	-206.900879	-208.877518	675.009460	
-0.599726	-0.431775	0.673720	0.518201	0.431989	0.738142	-0.609751	0.791806	-0.035328	-202.918839	-208.616196	680.507446	
-0.589729	-0.354587	0.725595	0.634433	0.352525	0.687910	-0.499714	0.866022	0.017068	-199.489349	-211.005066	688.025513	
-0.517403	-0.252254	0.817718	0.767071	0.286871	0.573853	-0.379336	0.924161	0.045069	-193.335724	-211.490265	697.406128	
-0.426129	-0.169895	0.888566	0.862435	0.220289	0.455717	-0.273165	0.960525	0.052652	-185.653366	-208.305389	706.111572	
-0.360057	-0.132735	0.923440	0.908509	0.175109	0.379405	-0.212063	0.975561	0.057542	-182.243332	-207.747711	721.555054	
-0.252003	-0.073221	0.964952	0.961974	0.089602	0.258024	-0.105355	0.993283	0.047857	-167.481369	-204.119614	731.579285	
-0.126479	-0.023627	0.991688	0.991554	0.025903	0.127079	-0.028690	0.999386	0.020151	-151.143204	-198.643143	746.349609	
-0.006626	-0.005580	0.999963	0.999388	-0.034380	0.006430	0.034343	0.999394	0.005805	-133.618134	-197.647293	758.965942	
0.122409	0.006747	0.992457	0.980727	-0.154256	-0.119914	0.152283	0.988009	-0.025500	-116.055969	-194.540085	774.638916	
0.186903	-0.004234	0.982369	0.949607	-0.255353	-0.181771	0.251620	0.966839	-0.043705	-105.300529	-185.282562	780.446411	
0.329666	0.028971	0.943653	0.906669	-0.288363	-0.307894	0.263195	0.957083	-0.121330	-97.807083	-180.497177	802.634460	
0.458791	-0.006976	0.888517	0.820400	-0.380723	-0.426608	0.341255	0.924663	-0.168950	-78.240181	-170.977341	831.820496	
0.571401	-0.033837	0.819973	0.730596	-0.434126	-0.527034	0.373804	0.900217	-0.223339	-66.719719	-164.462265	851.803406	
0.686493	-0.102940	0.719813	0.580973	-0.517641	-0.628107	0.437262	0.849384	-0.295551	-46.627537	-150.744232	853.245361	
0.726734	-0.129474	0.674607	0.510245	-0.555764	-0.656337	0.459900	0.821197	-0.337829	-25.980745	-146.321991	873.176941	
0.809335	-0.197234	0.553241	0.356573	-0.583497	-0.729650	0.466726	0.787802	-0.401916	-7.323562	-134.780853	897.820618	
0.872316	-0.249305	0.420608	0.202189	-0.599317	-0.774557	0.445179	0.760702	-0.472387	2.988093	-120.807030	908.670349	
0.890132	-0.298660	0.344191	0.093893	-0.618894	-0.779843	0.445926	0.726480	-0.522855	12.305171	-112.633377	907.585327	
0.892066	-0.391928	0.224966	-0.063398	-0.601435	-0.796402	0.447435	0.696181	-0.561368	21.921108	-98.434738	922.735535	
0.893161	-0.441944	0.083360	-0.200890	-0.557882	-0.805240	0.402377	0.702463	-0.587060	29.420700	-82.613525	922.369507	
0.857346	-0.513786	0.031346	-0.281776	-0.519416	-0.806728	0.430767	0.682812	-0.590091	36.180649	-68.201035	932.377991	
0.812595	-0.581690	-0.036425	-0.373189	-0.471288	-0.799136	0.447683	0.662967	-0.600046	41.703007	-53.123558	944.497559	
0.768430	-0.630537	-0.109268	-0.464504	-0.432135	-0.772979	0.440173	0.644736	-0.624952	51.870762	-45.976841	957.780640	
0.724018	-0.650753	-0.228734	-0.554844	-0.352420	-0.753624	0.409813	0.672549	-0.616224	60.556789	-31.948990	967.048706	
0.690105	-0.658406	-0.300428	-0.615024	-0.314749	-0.722965	0.381446	0.683692	-0.622145	63.448551	-18.036461	972.966187	
0.628389	-0.681812	-0.374514	-0.680766	-0.249035	-0.688868	0.376412	0.687834	-0.620645	64.376556	-3.837440	969.056519	
0.588009	-0.689271	-0.423263	-0.715208	-0.198655	-0.670085	0.377787	0.696737	-0.609783	66.503029	9.166289	988.693176	
0.547804	-0.684487	-0.481029	-0.757110	-0.160979	-0.633143	0.355943	0.711031	-0.606417	66.005280	21.194981	997.493225	
0.503518	-0.677778	-0.535806	-0.790262	-0.110628	-0.602700	0.349222	0.726898	-0.591325	64.030830	26.789225	1008.057983	
0.456927	-0.665124	-0.590617	-0.823050	-0.064320	-0.564314	0.337351	0.743958	-0.576820	61.421749	38.174080	1025.215332	
0.384804	-0.610004	-0.692692	-0.869631	0.011880	-0.493559	0.309302	0.792310	-0.525907	54.131863	50.205288	1033.651489	
0.338403	-0.580294	-0.740773	-0.894538	0.045931	-0.444626	0.292038	0.813112	-0.503551	48.977242	60.503460	1036.010864	
0.289096	-0.541867	-0.789180	-0.911951	0.094838	-0.399187	0.291150	0.835097	-0.466739	38.321457	70.055542	1040.946533	
0.227532	-0.513300	-0.827498	-0.920213	0.164601	-0.355127	0.318494	0.842278	-0.434892	25.574791	79.789787	1064.023560	
0.175882	-0.474652	-0.862422	-0.928729	0.210461	-0.305235	0.326386	0.854643	-0.403806	17.160385	88.502312	1064.399414	
0.125157	-0.435609	-0.891393	-0.931294	0.258209	-0.256941	0.342092	0.862308	-0.373363	1.396342	92.806442	1080.204468	
0.068143	-0.327111	-0.942526	-0.937638	0.301778	-0.172523	0.340868	0.895506	-0.286147	-16.351112	97.045044	1088.724487	
0.020672	-0.278271	-0.960280	-0.933947	0.337411	-0.117879	0.356812	0.899289	-0.252915	-33.711117	98.772522	1090.007812	
-0.026373	-0.170280	-0.985043	-0.929390	0.367079	-0.038572	0.368156	0.914473	-0.167937	-43.563381	101.021255	1102.633179	
-0.058470	-0.116892	-0.991422	-0.904321	0.426842	0.003007	0.422829	0.896741	-0.130665	-53.136799	101.154579	1104.041382	
-0.003953	0.042827	-0.999075	-0.828448	0.559403	0.027258	0.560053	0.827789	0.033269	-66.084900	96.370102	1072.709961	
-0.003953	0.042827	-0.999075	-0.828448	0.559403	0.027258	0.560053	0.827789	0.033269	-66.084900	96.370102	1072.709961	
-0.003953	0.042827	-0.999075	-0.828448	0.559403	0.027258	0.560053	0.827789	0.033269	-66.084900	96.370102	1072.709961	
-0.003953	0.042827	-0.999075	-0.828448	0.559403	0.027258	0.560053	0.827789	0.033269	-66.084900	96.370102	1072.709961	
0.022244	0.414728	-0.909674	-0.760986	0.597136	0.253631	0.648387	0.686607	0.328885	-114.968590	87.459076	1068.145264	
0.057234	0.481083	-0.874805	-0.731875	0.616189	0.290980	0.679031	0.623594	0.387360	-124.833252	82.598633	1071.747314	
0.079599	0.530547	-0.843910	-0.700235	0.632299	0.331464	0.709461	0.564551	0.421838	-133.529602	76.836258	1073.262939	
0.121049	0.577364	-0.807464	-0.666245	0.650258	0.365078	0.735843	0.493776	0.463379	-141.332672	68.600807	1070.725830	
0.149388	0.612759	-0.776022	-0.633516	0.661896	0.400689	0.759171	0.431763	0.487072	-148.826157	65.203476	1068.026123	
0.196316	0.652097	-0.732277	-0.600175	0.670483	0.436168	0.775403	0.353868	0.522999	-153.990204	54.370033	1059.552246	
0.220561	0.692258	-0.687119	-0.581774	0.658805	0.476986	0.782874	0.294542	0.548045	-165.820663	44.025429	1062.079468	
0.271370	0.748205	-0.605432	-0.563997	0.633339	0.529895	0.779914	0.197664	0.593855	-172.322617	31.470110	1044.376587	
0.320465	0.809220	-0.492406	-0.566620	0.580328	0.584946	0.759107	0.091552	0.644496	-175.783951	27.033689	1049.586914	
0.358830	0.847843	-0.390390	-0.583653	0.530199	0.615010	0.728416	0.007168	0.685098	-179.566315	20.821276	1043.306641	
0.397141	0.873886	-0.280360	-0.596645	0.477962	0.644644	0.697347	-0.088740	0.711219	-182.140961	13.867136	1031.127441	
0.428754	0.888733	-0.162247	-0.614638	0.418579	0.668590	0.662110	-0.186938	0.725716	-182.833023	7.027817	1034.274902	
0.475081	0.879540	-0.026595	-0.627212	0.359675	0.690824	0.617173	-0.311517	0.722534	-179.197845	0.762095	1016.653381	
0.505779	0.857417	0.094988	-0.649435	0.305972	0.696143	0.567822	-0.413783	0.711591	-175.229904	-12.773550	1005.190125	
0.519305	0.840270	0.155781	-0.653778	0.273228	0.705635	0.550360	-0.468286	0.691239	-172.378998	-20.002638	998.088013	
0.518650	0.810973	0.270783	-0.682671	0.202128	0.702213	0.514743	-0.549060	0.658462	-163.842361	-34.932945	987.540649	
0.525630	0.785516	0.326615	-0.697627	0.178288	0.693923	0.486856	-0.592602	0.641712	-154.450684	-42.534702	978.780884	
0.545822	0.756343	0.360587	-0.695869	0.169462	0.697889	0.466737	-0.631845	0.618812	-141.166824	-48.738811	957.295410	
0.548453	0.728664	0.410181	-0.708044	0.143737	0.691384	0.444829	-0.669618	0.594760	-134.585144	-63.289574	952.335327	
