0.993047	-0.036921	0.111780	0.043542	0.997402	-0.057378	-0.109372	0.061846	0.992075	20.255301	2.117965	543.828125	
0.973464	-0.117401	0.196430	0.124599	0.991901	-0.024652	-0.191945	0.048473	0.980208	27.791864	6.782655	548.128906	
0.950615	-0.168944	0.260362	0.174973	0.984573	0.000024	-0.256350	0.045533	0.965511	36.654022	15.763614	549.140381	
0.919158	-0.199987	0.339342	0.209838	0.977705	0.007821	-0.333341	0.064018	0.940631	44.447033	18.160088	540.114624	
0.893031	-0.194822	0.405635	0.233844	0.971067	-0.048431	-0.384464	0.138105	0.912751	50.753826	23.429823	543.034119	
0.787072	-0.312083	0.532091	0.384078	0.922911	-0.026823	-0.482702	0.225476	0.846262	69.649261	26.434414	555.826111	
0.687548	-0.367963	0.626003	0.488097	0.872480	-0.023242	-0.537622	0.321530	0.779474	76.696663	29.695719	553.866455	
0.599139	-0.362863	0.713696	0.536254	0.843791	-0.021172	-0.594527	0.395408	0.700136	83.660034	30.759832	558.546204	
0.542802	-0.373864	0.752058	0.573805	0.818962	-0.007023	-0.613281	0.435347	0.659060	88.512527	31.557468	558.696472	
0.435635	-0.317837	0.842141	0.624562	0.780454	-0.028527	-0.648185	0.538397	0.538503	99.130356	31.342369	569.035950	
0.375443	-0.340480	0.862041	0.705256	0.708424	-0.027353	-0.601378	0.618229	0.506100	103.414825	30.057695	577.929993	
0.264278	-0.295469	0.918071	0.780632	0.624540	-0.023715	-0.566365	0.722943	0.395706	106.274872	27.401234	581.471130	
0.195716	-0.259063	0.945823	0.844721	0.534452	-0.028408	-0.498137	0.804517	0.323437	108.618111	25.581301	591.570801	
0.121455	-0.180185	0.976106	0.878127	0.477965	-0.021033	-0.462754	0.859699	0.216277	109.579697	20.733582	600.445740	
0.082321	-0.144622	0.986057	0.921325	0.388279	-0.019969	-0.379977	0.910122	0.165208	109.560768	15.415796	603.985107	
0.038840	-0.102406	0.993984	0.940580	0.339566	-0.001769	-0.337341	0.934990	0.109510	108.154930	8.740940	610.624634	
0.006251	-0.075608	0.997118	0.937198	0.348191	0.020527	-0.348739	0.934369	0.073037	104.281441	6.215902	623.088135	
-0.018551	-0.055021	0.998313	0.878333	0.476150	0.042564	-0.477688	0.877641	0.039494	103.420311	2.340433	646.707031	
-0.076539	0.071644	0.994489	0.772555	0.634799	0.013726	-0.630317	0.769348	-0.103936	95.831329	-1.423142	623.110413	
-0.097571	0.146619	0.984369	0.723222	0.689915	-0.031075	-0.683687	0.708886	-0.173353	85.753563	-3.050946	608.708679	
-0.005726	0.237162	0.971453	0.981435	-0.184908	0.050927	0.191708	0.953710	-0.231700	81.315804	-31.451500	649.338013	
-0.005726	0.237162	0.971453	0.981435	-0.184908	0.050927	0.191708	0.953710	-0.231700	81.315804	-31.451500	649.338013	
-0.005726	0.237162	0.971453	0.981435	-0.184908	0.050927	0.191708	0.953710	-0.231700	81.315804	-31.451500	649.338013	
0.061168	0.483152	0.873398	0.932376	-0.339999	0.122783	0.356277	0.806824	-0.471276	59.383862	-56.613007	680.677490	
0.104496	0.570159	0.814862	0.909425	-0.386406	0.153745	0.402526	0.724989	-0.558894	51.830318	-70.519691	703.302368	
0.190893	0.649549	0.735967	0.848747	-0.485881	0.208683	0.493142	0.584812	-0.644054	33.214714	-83.934387	716.147400	
0.255298	0.713662	0.652311	0.815449	-0.521424	0.251319	0.519487	0.467764	-0.715073	14.767977	-96.935562	723.325867	
0.315013	0.778917	0.542269	0.798087	-0.526613	0.292806	0.513637	0.340540	-0.787534	5.879019	-102.365936	728.117432	
0.373786	0.772908	0.512735	0.749078	-0.577549	0.324530	0.546962	0.262773	-0.794848	-3.124822	-109.876358	735.315369	
0.462935	0.763514	0.450264	0.669101	-0.634181	0.387453	0.581374	0.121906	-0.804452	-12.813046	-125.415359	750.215515	
0.556823	0.772936	0.304168	0.645101	-0.633093	0.427831	0.523252	-0.042008	-0.851142	-22.341858	-138.391037	744.911743	
0.626013	0.736960	0.254946	0.587105	-0.660586	0.467904	0.513240	-0.143235	-0.846209	-31.343122	-146.303452	770.040344	
0.683738	0.716147	0.140127	0.611595	-0.667136	0.425303	0.398062	-0.205096	-0.894138	-37.446251	-153.001633	742.761719	
0.759961	0.648041	0.050020	0.504225	-0.636367	0.583775	0.410141	-0.418426	-0.810373	-47.967434	-174.738968	791.626587	
0.801148	0.597023	-0.041543	0.501435	-0.631744	0.591153	0.326687	-0.494433	-0.805489	-55.308464	-178.850677	801.061218	
0.827019	0.556341	-0.080772	0.480924	-0.625748	0.614127	0.291121	-0.546740	-0.785064	-69.382217	-191.526855	814.194214	
0.848400	0.504384	-0.160669	0.480435	-0.606231	0.633771	0.222262	-0.614883	-0.756650	-82.318581	-203.449249	824.075989	
0.863385	0.471726	-0.178997	0.467762	-0.615401	0.634413	0.189115	-0.631471	-0.751984	-92.866852	-213.323639	830.821228	
0.867259	0.476995	-0.142610	0.460989	-0.661206	0.591858	0.188019	-0.579036	-0.793326	-99.988159	-214.017563	828.833008	
0.879330	0.288091	-0.379186	0.475935	-0.504477	0.720408	0.016252	-0.813945	-0.580715	-111.650002	-225.925003	879.422974	
0.879330	0.288091	-0.379186	0.475935	-0.504477	0.720408	0.016252	-0.813945	-0.580715	-111.650002	-225.925003	879.422974	
0.879330	0.288091	-0.379186	0.475935	-0.504477	0.720408	0.016252	-0.813945	-0.580715	-111.650002	-225.925003	879.422974	
0.879330	0.288091	-0.379186	0.475935	-0.504477	0.720408	0.016252	-0.813945	-0.580715	-111.650002	-225.925003	879.422974	
0.793001	0.035829	-0.608166	0.561866	-0.428886	0.707364	-0.235489	-0.902648	-0.360238	-114.536942	-242.829391	915.023987	
0.728503	-0.020546	-0.684734	0.616425	-0.416373	0.668321	-0.298836	-0.908962	-0.290664	-113.904129	-248.848022	926.352295	
0.685369	-0.075492	-0.724272	0.644189	-0.400912	0.651376	-0.339543	-0.913001	-0.226142	-109.993279	-248.589890	928.255737	
0.613322	-0.095786	-0.784004	0.686812	-0.425493	0.589275	-0.390032	-0.899879	-0.195177	-106.407112	-251.291641	940.404541	
0.560963	-0.155937	-0.813022	0.692494	-0.449757	0.564066	-0.453621	-0.879433	-0.144312	-96.251328	-249.097351	947.384033	
0.489951	-0.200743	-0.848322	0.698747	-0.491430	0.519854	-0.521248	-0.847466	-0.100509	-90.823456	-249.161591	953.363220	
0.393634	-0.241552	-0.886964	0.728051	-0.507160	0.461227	-0.561243	-0.827310	-0.023773	-77.185349	-246.793396	955.711060	
0.356799	-0.284867	-0.889689	0.745983	-0.486386	0.454902	-0.562319	-0.826002	0.038964	-71.123482	-251.637115	988.767700	
0.335014	-0.257336	-0.906391	0.778406	-0.466442	0.420138	-0.530895	-0.846292	0.044047	-55.856251	-240.497543	983.348938	
0.287135	-0.243079	-0.926535	0.757145	-0.534905	0.374975	-0.586757	-0.809190	0.030456	-48.392014	-233.064240	987.421570	
0.212061	-0.226572	-0.950630	0.754474	-0.580307	0.306613	-0.621127	-0.782246	0.047882	-39.235970	-226.439804	994.799438	
0.184562	-0.206151	-0.960957	0.777211	-0.567847	0.271091	-0.601562	-0.796901	0.055420	-29.502539	-218.614655	1001.586487	
0.123561	-0.170304	-0.977615	0.765752	-0.610227	0.203088	-0.631153	-0.773705	0.055010	-20.142227	-209.923492	1007.069580	
0.091638	-0.162121	-0.982507	0.762029	-0.623728	0.173994	-0.641024	-0.764645	0.066384	-10.268507	-199.531158	1011.729248	
0.054302	-0.190540	-0.980177	0.811972	-0.562902	0.154407	-0.581163	-0.804262	0.124147	8.309669	-193.207062	1037.864258	
0.003307	-0.151140	-0.988507	0.855771	-0.510976	0.080990	-0.517343	-0.846204	0.127651	20.567898	-184.375763	1059.252441	
-0.052451	-0.113841	-0.992114	0.928780	-0.370572	-0.006581	-0.366900	-0.921801	0.125170	31.779697	-167.480652	1047.759399	
-0.133465	-0.120412	-0.983712	0.918176	-0.388614	-0.077006	-0.373012	-0.913499	0.162426	49.223770	-150.228195	1031.233154	
-0.174366	-0.068709	-0.982281	0.904504	-0.405456	-0.132200	-0.389188	-0.911529	0.132845	54.538738	-126.444939	978.814697	
0.000317	0.278981	-0.960297	0.591321	-0.774471	-0.224800	-0.806436	-0.567772	-0.165213	69.726997	-121.514000	1024.689941	
0.000317	0.278981	-0.960297	0.591321	-0.774471	-0.224800	-0.806436	-0.567772	-0.165213	69.726997	-121.514000	1024.689941	
0.000317	0.278981	-0.960297	0.591321	-0.774471	-0.224800	-0.806436	-0.567772	-0.165213	69.726997	-121.514000	1024.689941	
0.000317	0.278981	-0.960297	0.591321	-0.774471	-0.224800	-0.806436	-0.567772	-0.165213	69.726997	-121.514000	1024.689941	
0.184765	0.386826	-0.903453	0.487907	-0.834097	-0.257348	-0.853117	-0.393252	-0.342846	110.906876	-81.312180	1003.058044	
0.242581	0.402997	-0.882467	0.428914	-0.860456	-0.275041	-0.870165	-0.311782	-0.381581	114.900688	-65.515160	1001.106689	
0.282685	0.416756	-0.863947	0.369323	-0.878534	-0.302950	-0.885263	-0.233436	-0.402265	116.177940	-50.809669	980.134277	
0.375862	0.397362	-0.837157	0.355774	-0.896043	-0.265579	-0.855659	-0.198018	-0.478159	120.950294	-43.775837	980.107361	
0.324771	0.375278	-0.868154	0.304478	-0.910530	-0.279693	-0.895443	-0.173498	-0.409977	120.368248	-30.676929	956.969971	
0.374695	0.328130	-0.867142	0.345352	-0.917368	-0.197908	-0.860428	-0.225313	-0.457053	122.975189	-17.778961	972.059509	
0.374522	0.287760	-0.881435	0.254957	-0.945940	-0.200487	-0.891477	-0.149641	-0.427641	119.725861	-4.598178	967.263306	
0.445898	0.235067	-0.863666	0.164616	-0.969977	-0.179012	-0.879816	-0.062352	-0.471206	115.496887	3.420890	966.784607	
0.528168	0.166310	-0.832694	0.114889	-0.985611	-0.123979	-0.841332	-0.030185	-0.539676	112.903015	8.989940	976.193176	
0.514185	0.128494	-0.848000	0.090947	-0.991308	-0.095062	-0.852844	-0.028243	-0.521402	104.437607	20.562441	968.110657	
0.597171	0.083794	-0.797725	0.081684	-0.995711	-0.043442	-0.797944	-0.039219	-0.601454	94.688156	25.506077	968.615662	
0.592770	-0.006592	-0.805345	0.080755	-0.994440	0.067579	-0.801313	-0.105094	-0.588942	88.354469	30.856646	965.437378	
0.744681	-0.063925	-0.664352	0.002468	-0.995132	0.098521	-0.667416	-0.075006	-0.740898	76.093704	40.139557	966.556580	
0.823649	-0.114195	-0.555484	-0.040233	-0.988815	0.143622	-0.565671	-0.095945	-0.819030	66.886696	45.716511	942.338745	
0.840923	-0.187068	-0.507794	-0.060816	-0.965076	0.254815	-0.537727	-0.183398	-0.822931	51.306286	48.674271	936.825439	
0.816594	-0.237777	-0.525963	-0.061940	-0.942047	0.329714	-0.573880	-0.236663	-0.783998	32.790680	52.686584	922.991638	
0.774314	-0.332946	-0.538131	-0.110822	-0.908600	0.402698	-0.623022	-0.252178	-0.740439	14.617650	55.447105	918.210144	
0.776367	-0.451609	-0.439663	-0.216954	-0.846420	0.486318	-0.591765	-0.282174	-0.755111	5.602156	55.965698	901.644409	
0.753607	-0.539538	-0.375467	-0.307781	-0.794352	0.523714	-0.580816	-0.279113	-0.764689	-12.918271	55.805519	891.787903	
0.635028	-0.643588	-0.427241	-0.312304	-0.719748	0.620024	-0.706545	-0.260303	-0.658055	-33.358688	54.787235	883.627441	
0.522754	-0.749007	-0.407083	-0.358996	-0.626539	0.691789	-0.773208	-0.215494	-0.596416	-53.051315	53.231522	865.764160	
0.418656	-0.831935	-0.364159	-0.370045	-0.522468	0.768176	-0.829334	-0.186846	-0.526588	-71.461037	49.495598	855.979187	
0.384467	-0.872509	-0.301517	-0.379303	-0.447085	0.810089	-0.841614	-0.197086	-0.502835	-80.508904	44.934586	851.586121	
0.359507	-0.900449	-0.244839	-0.358224	-0.375453	0.854816	-0.861644	-0.219605	-0.457541	-90.076599	39.494999	851.974976	
0.359507	-0.900449	-0.244839	-0.358224	-0.375453	0.854816	-0.861644	-0.219605	-0.457541	-90.076599	39.494999	851.974976	
0.359507	-0.900449	-0.244839	-0.358224	-0.375453	0.854816	-0.861644	-0.219605	-0.457541	-90.076599	39.494999	851.974976	
0.074355	-0.979718	-0.186078	-0.086298	-0.192216	0.977551	-0.993491	-0.056627	-0.098840	-123.992073	23.956652	738.373535	
-0.083259	-0.980250	-0.179383	-0.112151	-0.169647	0.979102	-0.990197	0.101638	-0.095811	-147.233047	21.160305	784.266541	
-0.199201	-0.970302	-0.137234	-0.037702	-0.132349	0.990486	-0.979233	0.202480	-0.010218	-152.075470	15.161939	769.801270	
-0.282886	-0.950798	-0.126328	0.081669	-0.155107	0.984516	-0.955670	0.268188	0.121528	-162.287003	8.168630	771.653992	
-0.282886	-0.950798	-0.126328	0.081669	-0.155107	0.984516	-0.955670	0.268188	0.121528	-162.287003	8.168630	771.653992	
-0.282886	-0.950798	-0.126328	0.081669	-0.155107	0.984516	-0.955670	0.268188	0.121528	-162.287003	8.168630	771.653992	
-0.519467	-0.849889	-0.088562	0.297192	-0.276869	0.913794	-0.801143	0.448366	0.396404	-170.855225	-26.506495	726.448853	
-0.614239	-0.785582	-0.074636	0.325235	-0.338198	0.883087	-0.718980	0.518153	0.463233	-171.394501	-34.485538	724.537170	
-0.679689	-0.730363	-0.067772	0.330540	-0.387462	0.860590	-0.654802	0.562532	0.504768	-170.646683	-41.780746	720.972534	
-0.773927	-0.622195	-0.117944	0.313341	-0.538083	0.782485	-0.550322	0.568630	0.611395	-171.545135	-49.793629	720.181213	
-0.856344	-0.488432	-0.167658	0.259558	-0.687776	0.677932	-0.446435	0.537026	0.715749	-168.650482	-64.811317	714.796021	
-0.874397	-0.393856	-0.283383	0.184844	-0.810392	0.555964	-0.448621	0.433752	0.781407	-167.866043	-73.016449	697.692993	
-0.949186	-0.168002	-0.266120	-0.020761	-0.810326	0.585610	-0.314028	0.561378	0.765663	-158.448669	-82.417953	662.296082	
-0.980991	-0.193686	-0.011940	0.157503	-0.830650	0.534053	-0.113356	0.522021	0.845367	-144.119003	-97.375900	676.335022	
-0.980991	-0.193686	-0.011940	0.157503	-0.830650	0.534053	-0.113356	0.522021	0.845367	-144.119003	-97.375900	676.335022	
-0.980991	-0.193686	-0.011940	0.157503	-0.830650	0.534053	-0.113356	0.522021	0.845367	-144.119003	-97.375900	676.335022	
-0.990558	0.136989	-0.005354	-0.134849	-0.966555	0.218142	0.024708	0.216805	0.975902	-104.779259	-122.334167	642.054443	
-0.980240	0.197395	0.012764	-0.193014	-0.968612	0.156634	0.043282	0.151075	0.987574	-89.353218	-131.560654	640.003357	
-0.959276	0.282377	-0.007262	-0.281516	-0.953605	0.106704	0.023205	0.104403	0.994264	-80.377495	-136.400452	623.139465	
-0.911489	0.410492	0.026145	-0.410391	-0.911862	0.009352	0.027679	-0.002205	0.999614	-71.913803	-145.600006	623.674011	
-0.911489	0.410492	0.026145	-0.410391	-0.911862	0.009352	0.027679	-0.002205	0.999614	-71.913803	-145.600006	623.674011	
-0.911489	0.410492	0.026145	-0.410391	-0.911862	0.009352	0.027679	-0.002205	0.999614	-71.913803	-145.600006	623.674011	
-0.761312	0.647824	0.026991	-0.625459	-0.722785	-0.293909	-0.170892	-0.240638	0.955453	-32.484337	-167.712067	588.061096	
-0.664318	0.742605	0.084978	-0.721283	-0.607085	-0.333465	-0.196043	-0.282819	0.938925	-20.877172	-168.300308	580.952698	
-0.560092	0.827966	0.027731	-0.709384	-0.462049	-0.532245	-0.427867	-0.317778	0.846136	-4.318360	-181.070007	586.504028	
-0.560092	0.827966	0.027731	-0.709384	-0.462049	-0.532245	-0.427867	-0.317778	0.846136	-4.318360	-181.070007	586.504028	
-0.560092	0.827966	0.027731	-0.709384	-0.462049	-0.532245	-0.427867	-0.317778	0.846136	-4.318360	-181.070007	586.504028	
-0.560092	0.827966	0.027731	-0.709384	-0.462049	-0.532245	-0.427867	-0.317778	0.846136	-4.318360	-181.070007	586.504028	
-0.040001	0.999135	-0.011340	-0.538717	-0.031123	-0.841911	-0.841536	-0.027569	0.539496	44.655365	-193.110458	566.338745	
0.040372	0.998142	0.045635	-0.391798	0.057828	-0.918232	-0.919165	0.019191	0.393405	49.131199	-185.755936	533.763916	
0.119442	0.991178	0.057444	-0.338107	0.095007	-0.936299	-0.933497	0.092411	0.346472	60.468491	-186.528137	535.020386	
0.211269	0.977158	0.022938	-0.323640	0.092079	-0.941689	-0.922292	0.191526	0.335701	65.743782	-187.253265	538.119629	
0.250451	0.967862	-0.022747	-0.224848	0.035298	-0.973754	-0.941657	0.248992	0.226462	71.358574	-187.542130	546.170288	
0.319642	0.947087	-0.029235	-0.177232	0.029450	-0.983728	-0.930816	0.319622	0.177267	76.845360	-184.683090	551.435669	
0.436367	0.898638	-0.045091	-0.055432	-0.023170	-0.998193	-0.898060	0.438078	0.039702	78.605705	-182.979599	555.237671	
0.407331	0.911010	-0.064354	0.062792	-0.098234	-0.993180	-0.911119	0.400512	-0.097218	77.344772	-174.785934	547.063599	
0.343758	0.934832	-0.088986	0.161963	-0.152363	-0.974963	-0.924986	0.320738	-0.203784	75.979836	-168.598587	541.639526	
0.395002	0.914468	-0.087869	0.135115	-0.152435	-0.979034	-0.908690	0.374847	-0.183770	73.203636	-162.397095	551.284485	
0.374182	0.922623	-0.093556	0.225225	-0.188278	-0.955942	-0.899589	0.336625	-0.278248	67.044540	-157.069473	556.952637	
0.213991	0.972979	-0.086712	0.210279	-0.132570	-0.968611	-0.953934	0.189040	-0.232966	58.853474	-142.340515	526.556274	
0.835553	0.530617	-0.142464	0.191607	-0.524456	-0.829598	-0.514915	0.665876	-0.539881	61.982498	-150.783997	572.049988	
0.835553	0.530617	-0.142464	0.191607	-0.524456	-0.829598	-0.514915	0.665876	-0.539881	61.982498	-150.783997	572.049988	
0.835553	0.530617	-0.142464	0.191607	-0.524456	-0.829598	-0.514915	0.665876	-0.539881	61.982498	-150.783997	572.049988	
0.835553	0.530617	-0.142464	0.191607	-0.524456	-0.829598	-0.514915	0.665876	-0.539881	61.982498	-150.783997	572.049988	
0.953079	0.210584	-0.217476	0.079016	-0.866547	-0.492801	-0.292228	0.452494	-0.842527	20.150719	-117.660812	587.508911	
0.969505	0.133599	-0.205454	-0.033494	-0.758244	-0.651109	-0.242771	0.638135	-0.730647	3.151732	-112.043953	597.338745	
0.969703	0.103103	-0.221467	-0.095576	-0.674189	-0.732348	-0.224817	0.731326	-0.643909	-13.906154	-97.800919	597.281799	
0.948303	0.097827	-0.301914	-0.180177	-0.617185	-0.765910	-0.261263	0.780713	-0.567652	-31.861668	-92.139694	606.819153	
0.945965	0.111139	-0.304629	-0.219277	-0.472836	-0.853430	-0.238888	0.874113	-0.422916	-43.271969	-77.739922	614.515808	
0.924578	0.107770	-0.365436	-0.318457	-0.307929	-0.896529	-0.209146	0.945285	-0.250384	-51.860027	-67.295647	589.865479	
0.870206	0.307904	-0.384628	-0.256276	-0.383870	-0.887111	-0.420792	0.870539	-0.255137	-73.439819	-56.514843	636.830933	
0.817093	0.387539	-0.426818	-0.208639	-0.491388	-0.845581	-0.537428	0.779969	-0.320653	-95.774490	-48.802143	651.400452	
0.736774	0.438042	-0.515058	-0.167638	-0.619633	-0.766780	-0.655029	0.651286	-0.383097	-116.245392	-41.087006	664.223389	
0.770581	0.314657	-0.554254	-0.298120	-0.590680	-0.749814	-0.563321	0.743025	-0.361361	-133.504211	-35.330589	675.311218	
0.796054	0.153216	-0.585512	-0.473030	-0.445984	-0.759829	-0.377547	0.881829	-0.282551	-139.305862	-23.295055	670.684082	
0.800075	0.057164	-0.597171	-0.498449	-0.490566	-0.714768	-0.333810	0.869527	-0.363996	-148.440491	-10.324422	682.227966	
0.801502	-0.056132	-0.595353	-0.526408	-0.538568	-0.657905	-0.283708	0.840710	-0.461211	-156.252151	-5.040017	695.697083	
0.773081	-0.204767	-0.600347	-0.615527	-0.470776	-0.632057	-0.153203	0.858161	-0.489987	-166.962784	-0.936864	693.114136	
0.765832	-0.293651	-0.572076	-0.643004	-0.359214	-0.676395	-0.006872	0.885852	-0.463916	-175.413864	3.549588	694.580750	
0.032971	-0.721714	-0.691406	-0.449356	-0.628624	0.634752	-0.892744	0.289759	-0.345033	-186.695999	17.023800	724.521973	
0.032971	-0.721714	-0.691406	-0.449356	-0.628624	0.634752	-0.892744	0.289759	-0.345033	-186.695999	17.023800	724.521973	
0.032971	-0.721714	-0.691406	-0.449356	-0.628624	0.634752	-0.892744	0.289759	-0.345033	-186.695999	17.023800	724.521973	
0.032971	-0.721714	-0.691406	-0.449356	-0.628624	0.634752	-0.892744	0.289759	-0.345033	-186.695999	17.023800	724.521973	
-0.172639	-0.581114	-0.795300	-0.308325	-0.734964	0.603957	-0.935484	0.349478	-0.052289	-194.214935	36.890713	760.840027	
-0.371308	-0.491747	-0.787600	-0.328102	-0.724030	0.606737	-0.868608	0.483700	0.107495	-203.229202	37.879059	806.220459	
-0.304697	-0.423872	-0.852931	-0.186387	-0.851664	0.489826	-0.934034	0.308225	0.180495	-203.673904	38.549522	832.962341	
-0.164846	-0.432926	-0.886228	-0.111762	-0.884536	0.452887	-0.979967	0.173703	0.097428	-190.642197	38.383614	805.543396	
-0.264263	-0.435041	-0.860758	-0.212872	-0.844165	0.492008	-0.940665	0.313251	0.130474	-185.041870	41.625019	827.110046	
-0.261197	-0.357780	-0.896532	-0.293941	-0.855185	0.426916	-0.919443	0.375037	0.118206	-175.217148	42.159885	827.617371	
-0.267914	-0.284947	-0.920340	-0.322125	-0.873794	0.364307	-0.907997	0.394069	0.142313	-164.118713	40.910099	835.348389	
-0.279682	-0.256284	-0.925254	-0.270112	-0.903784	0.331986	-0.921313	0.342774	0.183547	-158.342636	37.883385	852.510742	
-0.262455	-0.187872	-0.946478	-0.268913	-0.927765	0.258726	-0.926717	0.322425	0.192976	-143.488327	35.626953	866.498596	
-0.223022	-0.119500	-0.967461	-0.331223	-0.924122	0.190502	-0.916817	0.362931	0.166518	-134.401917	30.603754	878.431519	
-0.261045	-0.089983	-0.961123	-0.263755	-0.951113	0.160683	-0.928596	0.295447	0.224550	-120.256470	24.456116	902.181274	
-0.343897	-0.095808	-0.934106	-0.189169	-0.967317	0.168859	-0.919756	0.234774	0.314534	-106.107841	17.320255	940.936340	
-0.164959	-0.040071	-0.985486	-0.218742	-0.972805	0.076170	-0.961738	0.228132	0.151708	-82.114601	14.154100	920.583984	
-0.164959	-0.040071	-0.985486	-0.218742	-0.972805	0.076170	-0.961738	0.228132	0.151708	-82.114601	14.154100	920.583984	
-0.164959	-0.040071	-0.985486	-0.218742	-0.972805	0.076170	-0.961738	0.228132	0.151708	-82.114601	14.154100	920.583984	
0.052136	-0.008308	-0.998606	-0.226423	-0.974022	-0.003718	-0.972633	0.226301	-0.052663	-31.307640	-5.481466	939.299866	
0.056757	-0.015087	-0.998274	-0.191241	-0.981535	0.003961	-0.979901	0.190686	-0.058594	-20.766880	-16.245823	934.613464	
0.153534	-0.048433	-0.986956	-0.282491	-0.959265	0.003129	-0.946903	0.278326	-0.160962	-1.158590	-22.189899	973.940002	
0.153534	-0.048433	-0.986956	-0.282491	-0.959265	0.003129	-0.946903	0.278326	-0.160962	-1.158590	-22.189899	973.940002	
0.153534	-0.048433	-0.986956	-0.282491	-0.959265	0.003129	-0.946903	0.278326	-0.160962	-1.158590	-22.189899	973.940002	
0.153534	-0.048433	-0.986956	-0.282491	-0.959265	0.003129	-0.946903	0.278326	-0.160962	-1.158590	-22.189899	973.940002	
0.313759	-0.271756	-0.909782	-0.298044	-0.937927	0.177376	-0.901513	0.215502	-0.375278	50.456497	-61.838387	975.095093	
0.342247	-0.327134	-0.880823	-0.253164	-0.934873	0.248840	-0.904862	0.137828	-0.402776	63.708771	-67.996544	984.464172	
0.301323	-0.397172	-0.866867	-0.301099	-0.902238	0.308716	-0.904734	0.167990	-0.391453	75.674797	-81.998123	979.566223	
0.292485	-0.501717	-0.814084	-0.350464	-0.848319	0.396900	-0.889735	0.169219	-0.423954	84.756348	-88.104248	980.682556	
0.209353	-0.571588	-0.793384	-0.337870	-0.803675	0.489847	-0.917614	0.165510	-0.361374	90.460342	-102.347137	986.266113	
0.229232	-0.640022	-0.733365	-0.343089	-0.758201	0.554455	-0.910902	0.124511	-0.393388	93.514580	-113.850510	1003.018799	
0.131500	-0.709524	-0.692303	-0.356973	-0.685409	0.634653	-0.924813	0.163676	-0.343412	96.425911	-117.299210	993.656860	
0.070123	-0.740750	-0.668111	-0.321818	-0.650747	0.687722	-0.944201	0.166785	-0.284019	96.791351	-127.996658	981.783997	
-0.004099	-0.769904	-0.638147	-0.418933	-0.578130	0.700186	-0.908008	0.270211	-0.320168	99.302711	-144.040298	1003.634521	
-0.109642	-0.787443	-0.606558	-0.440054	-0.508719	0.739971	-0.891253	0.348050	-0.290740	98.992004	-150.864334	1008.571289	
-0.177731	-0.806040	-0.564545	-0.327288	-0.492606	0.806364	-0.928060	0.328084	-0.176256	97.107521	-162.457306	1007.025391	
-0.227417	-0.820410	-0.524602	-0.298923	-0.453896	0.839419	-0.926783	0.347714	-0.142015	90.468208	-174.014145	1008.817078	
-0.351470	-0.822710	-0.446785	-0.278121	-0.363932	0.888933	-0.893934	0.436694	-0.100902	86.058968	-179.656586	1011.507507	
-0.401593	-0.820939	-0.405934	-0.139914	-0.383047	0.913071	-0.905068	0.423479	0.038968	75.522499	-184.733093	1009.862122	
-0.486315	-0.793100	-0.366728	-0.050548	-0.393463	0.917950	-0.872321	0.464950	0.151257	63.301220	-190.531036	1012.279053	
-0.606737	-0.742057	-0.284995	0.010061	-0.365669	0.930691	-0.794840	0.561817	0.229331	56.461891	-194.999603	1015.661926	
-0.437439	-0.879632	-0.186799	0.130825	-0.267770	0.954559	-0.889681	0.393123	0.232210	46.099503	-194.961838	978.394592	
-0.832055	-0.548786	-0.080742	0.153354	-0.367472	0.917304	-0.533074	0.750865	0.389915	40.506001	-207.223007	1022.049988	
-0.832055	-0.548786	-0.080742	0.153354	-0.367472	0.917304	-0.533074	0.750865	0.389915	40.506001	-207.223007	1022.049988	
-0.832055	-0.548786	-0.080742	0.153354	-0.367472	0.917304	-0.533074	0.750865	0.389915	40.506001	-207.223007	1022.049988	
-0.832055	-0.548786	-0.080742	0.153354	-0.367472	0.917304	-0.533074	0.750865	0.389915	40.506001	-207.223007	1022.049988	
-0.968939	-0.179099	0.170528	0.246127	-0.631382	0.735376	-0.024037	0.754506	0.655852	-16.592289	-209.638977	969.681458	
-0.962941	-0.264769	0.051398	0.235696	-0.733436	0.637587	-0.131116	0.626074	0.768661	-28.712082	-219.275665	1004.946228	
-0.956087	-0.293055	0.003888	0.221182	-0.712772	0.665607	-0.192289	0.637239	0.746291	-48.351715	-217.618347	986.687561	
-0.925891	-0.377126	-0.022375	0.205886	-0.553360	0.807095	-0.316758	0.742676	0.589997	-57.929333	-208.974899	944.190857	
-0.842684	0.157092	0.514981	0.061644	-0.922048	0.382136	0.534867	0.353766	0.767311	-67.614700	-209.496002	980.039001	
-0.842684	0.157092	0.514981	0.061644	-0.922048	0.382136	0.534867	0.353766	0.767311	-67.614700	-209.496002	980.039001	
-0.842684	0.157092	0.514981	0.061644	-0.922048	0.382136	0.534867	0.353766	0.767311	-67.614700	-209.496002	980.039001	
-0.842684	0.157092	0.514981	0.061644	-0.922048	0.382136	0.534867	0.353766	0.767311	-67.614700	-209.496002	980.039001	
-0.572331	0.421316	0.703513	-0.493847	-0.861983	0.114459	0.654640	-0.281919	0.701405	-107.762627	-187.178375	902.633545	
-0.510832	0.442341	0.737148	-0.678672	-0.733831	-0.029959	0.527689	-0.515585	0.675067	-123.447891	-181.841888	921.337585	
-0.390655	0.470595	0.791157	-0.816547	-0.573964	-0.061788	0.425018	-0.670154	0.608484	-130.109665	-172.851288	925.667542	
-0.304538	0.458149	0.835079	-0.912884	-0.390609	-0.118613	0.271846	-0.798452	0.537191	-134.852097	-163.351425	916.779419	
-0.231176	0.417450	0.878802	-0.968876	-0.180975	-0.168904	0.088532	-0.890497	0.446293	-140.226715	-148.918472	895.606201	
-0.181009	0.385285	0.904871	-0.982998	-0.042003	-0.178753	-0.030863	-0.921841	0.386337	-146.671127	-139.505920	915.231812	
-0.140598	0.291532	0.946172	-0.985137	0.054066	-0.163047	-0.098690	-0.955032	0.279597	-150.074631	-123.066246	913.288086	
-0.126000	0.167776	0.977740	-0.988805	-0.100655	-0.110154	0.079933	-0.980673	0.178580	-146.674850	-105.992226	871.642578	
-0.113096	0.104271	0.988097	-0.968077	-0.235458	-0.085957	0.223692	-0.966275	0.127571	-144.944336	-98.975502	865.421448	
-0.112340	0.129303	0.985221	-0.957401	-0.279518	-0.072483	0.266015	-0.951394	0.155195	-137.148697	-89.071968	828.907593	
-0.152910	0.243306	0.957821	-0.889239	-0.456708	-0.025949	0.431130	-0.855699	0.286191	-132.926697	-76.210175	818.524719	
-0.301625	0.296843	0.906039	-0.579991	-0.811369	0.072745	0.756726	-0.503552	0.416895	-133.874466	-72.664200	844.077209	
-0.300593	0.332212	0.894024	-0.445784	-0.877622	0.176233	0.843162	-0.345567	0.411901	-120.017609	-65.637711	805.840576	
-0.278628	0.337138	0.899280	-0.291219	-0.921934	0.255401	0.915183	-0.190725	0.355057	-110.480385	-56.929367	775.144653	
-0.336654	0.395009	0.854770	-0.147508	-0.918674	0.366444	0.930003	-0.002720	0.367542	-104.254128	-42.408047	773.316284	
-0.361149	0.435013	0.824824	-0.134106	-0.899557	0.415709	0.922815	0.039520	0.383211	-101.077866	-26.772791	785.033447	
-0.192168	-0.467689	0.862750	0.098893	0.865432	0.491170	-0.976367	0.179707	-0.120057	-82.368401	-12.376200	777.581970	
-0.192168	-0.467689	0.862750	0.098893	0.865432	0.491170	-0.976367	0.179707	-0.120057	-82.368401	-12.376200	777.581970	
-0.192168	-0.467689	0.862750	0.098893	0.865432	0.491170	-0.976367	0.179707	-0.120057	-82.368401	-12.376200	777.581970	
-0.192168	-0.467689	0.862750	0.098893	0.865432	0.491170	-0.976367	0.179707	-0.120057	-82.368401	-12.376200	777.581970	
-0.443296	-0.546290	0.710674	0.511217	0.497173	0.701054	-0.736305	0.674083	0.058877	-33.075092	20.387110	718.294983	
-0.299692	-0.734937	0.608319	0.391547	0.486702	0.780904	-0.869986	0.472217	0.141901	-22.528404	28.938091	703.515320	
-0.317542	-0.807754	0.496691	0.433457	0.342224	0.833665	-0.843375	0.480018	0.241455	-12.824573	33.393860	699.864319	
-0.301347	-0.854650	0.422805	0.449698	0.263619	0.853391	-0.840810	0.447302	0.304893	-2.085482	42.335907	710.223267	
-0.420261	-0.828329	0.370474	0.515936	0.117729	0.848498	-0.746451	0.547732	0.377887	8.242927	47.194199	713.525818	
-0.517591	-0.812689	0.267648	0.495448	-0.029637	0.868132	-0.697589	0.581943	0.417985	18.090513	51.591816	716.085815	
-0.493973	-0.828623	0.263390	0.501730	-0.024247	0.864685	-0.710111	0.559281	0.427722	34.283585	54.089546	692.424988	
-0.693824	-0.610727	0.381602	0.510367	-0.043157	0.858873	-0.508068	0.790665	0.341638	46.115452	55.098454	658.857666	
-0.685181	-0.572614	0.450156	0.541862	0.012271	0.840378	-0.486736	0.819733	0.301870	54.155972	56.647129	652.039917	
-0.651376	-0.638818	0.409416	0.485831	0.063323	0.871756	-0.582818	0.766748	0.269110	67.747192	57.210663	643.664917	
-0.521434	-0.800772	0.294738	0.379393	0.091820	0.920669	-0.764308	0.591889	0.255928	80.564743	56.324818	629.382446	
-0.483047	-0.862588	0.150357	0.318962	-0.013430	0.947673	-0.815431	0.505729	0.281620	95.149391	56.565746	631.083923	
-0.538226	-0.839440	0.075186	0.280944	-0.094593	0.955052	-0.794596	0.535157	0.286747	99.426506	54.982666	621.015137	
-0.556660	-0.828174	-0.065244	0.240177	-0.235624	0.941699	-0.795264	0.508536	0.330070	101.447853	51.515347	606.164062	
-0.628963	-0.766269	-0.131290	0.135967	-0.274694	0.951870	-0.765453	0.580840	0.276958	102.240646	49.407112	598.161987	
-0.648682	-0.736791	-0.190656	0.116332	-0.343563	0.931897	-0.752116	0.582325	0.308575	103.334747	42.874863	590.663757	
-0.731776	-0.657953	-0.177768	0.136371	-0.396910	0.907671	-0.667762	0.639969	0.380174	104.185692	37.116920	596.967529	
-0.841339	-0.518687	-0.152028	0.132102	-0.470064	0.872691	-0.524116	0.714145	0.464002	100.024513	29.082344	595.902466	
-0.795922	-0.583187	-0.162479	0.247271	-0.558138	0.792048	-0.552598	0.590232	0.588440	98.325928	22.316147	590.946960	
-0.680606	-0.691250	-0.242791	0.241881	-0.524809	0.816131	-0.691569	0.496738	0.524388	90.660324	16.510836	571.652344	
-0.652153	-0.682024	-0.330965	0.153473	-0.546319	0.823397	-0.742389	0.486187	0.460955	80.879158	9.835699	544.651123	
-0.352937	0.366568	-0.860850	-0.655380	-0.753496	-0.052158	-0.667767	0.545776	0.506178	64.183403	0.835884	581.054016	
-0.352937	0.366568	-0.860850	-0.655380	-0.753496	-0.052158	-0.667767	0.545776	0.506178	64.183403	0.835884	581.054016	
-0.352937	0.366568	-0.860850	-0.655380	-0.753496	-0.052158	-0.667767	0.545776	0.506178	64.183403	0.835884	581.054016	
-0.352937	0.366568	-0.860850	-0.655380	-0.753496	-0.052158	-0.667767	0.545776	0.506178	64.183403	0.835884	581.054016	
-0.055390	0.098051	-0.993639	-0.559139	-0.827535	-0.050491	-0.827221	0.552786	0.100662	8.308246	-34.946095	563.582825	
-0.015107	0.041930	-0.999007	-0.678760	-0.734073	-0.020545	-0.734204	0.677775	0.039551	0.681990	-44.352703	564.918396	
-0.012557	0.087988	-0.996043	-0.610153	-0.789848	-0.062081	-0.792184	0.606959	0.063604	-16.571138	-58.044281	592.615723	
-0.007344	0.126514	-0.991938	-0.562831	-0.820443	-0.100474	-0.826539	0.557555	0.077232	-34.056805	-65.549889	589.112366	
0.073499	-0.272293	-0.959403	-0.621062	-0.765193	0.169594	-0.780308	0.583384	-0.225352	-61.751598	-82.858101	575.432007	
0.073499	-0.272293	-0.959403	-0.621062	-0.765193	0.169594	-0.780308	0.583384	-0.225352	-61.751598	-82.858101	575.432007	
0.073499	-0.272293	-0.959403	-0.621062	-0.765193	0.169594	-0.780308	0.583384	-0.225352	-61.751598	-82.858101	575.432007	
-0.022400	-0.632629	-0.774131	-0.684510	-0.554656	0.473078	-0.728659	0.540498	-0.420617	-102.275864	-111.245499	574.420959	
0.130668	-0.740808	-0.658885	-0.783041	-0.484735	0.389716	-0.608089	0.465011	-0.643423	-114.948395	-114.167397	556.571838	
0.182548	-0.737131	-0.650626	-0.613370	-0.602564	0.510583	-0.768410	0.305869	-0.562131	-125.286751	-129.492035	580.003784	
0.146463	-0.802254	-0.578737	-0.535483	-0.556215	0.635518	-0.831749	0.216824	-0.511058	-144.842194	-145.037216	601.384644	
0.045659	-0.847966	-0.528080	-0.332133	-0.511445	0.792536	-0.942127	0.139207	-0.304990	-149.735794	-153.904266	587.532532	
-0.123824	-0.894807	-0.428937	-0.324004	-0.372114	0.869801	-0.937917	0.246680	-0.243845	-168.059525	-167.549530	607.708252	
-0.137976	-0.937065	-0.320734	-0.247640	-0.280907	0.927236	-0.958977	0.207364	-0.193296	-172.529175	-171.874832	609.904358	
-0.180307	-0.963090	-0.199868	-0.275365	-0.145649	0.950242	-0.944279	0.226373	-0.238940	-183.014633	-183.692505	620.879211	
-0.273836	-0.957456	-0.091061	-0.239914	-0.023686	0.970505	-0.931373	0.287607	-0.223222	-195.263504	-191.521042	639.234131	
-0.513854	-0.850365	0.113284	-0.157641	0.223399	0.961895	-0.843269	0.476416	-0.248847	-202.567902	-197.333359	646.171509	
-0.626321	-0.720655	0.297286	0.031224	0.357851	0.933256	-0.778939	0.593801	-0.201628	-203.461426	-198.283005	650.437500	
-0.654302	-0.619415	0.433836	0.213814	0.398747	0.891787	-0.725377	0.676259	-0.128462	-203.784500	-203.514709	654.474915	
-0.658864	-0.510958	0.552105	0.365548	0.423985	0.828620	-0.657475	0.747769	-0.092570	-202.177231	-206.500168	666.152283	
-0.603158	-0.436072	0.667864	0.526767	0.410959	0.744062	-0.598929	0.800596	-0.018166	-201.307678	-208.647247	678.115051	
-0.598725	-0.352171	0.719378	0.629523	0.348392	0.694495	-0.495207	0.868677	0.013108	-198.964493	-210.878418	689.220947	
-0.530618	-0.242737	0.812110	0.759822	0.288407	0.582659	-0.375651	0.926229	0.031402	-191.861374	-211.127853	697.356079	
-0.437292	-0.164872	0.884078	0.858392	0.216663	0.464993	-0.268212	0.962224	0.046779	-186.718201	-209.811920	712.127686	
-0.368072	-0.114571	0.922712	0.907721	0.170685	0.383286	-0.201408	0.978642	0.041173	-181.291260	-208.511948	724.579956	
-0.237037	-0.083092	0.967941	0.968027	0.063976	0.242550	-0.082079	0.994486	0.065270	-167.918488	-205.597992	734.840820	
-0.099991	-0.086412	0.991230	0.994350	0.026981	0.102659	-0.035615	0.995894	0.083225	-156.567749	-204.707626	764.092041	
-0.002598	-0.041076	0.999153	0.999843	-0.017602	0.001877	0.017509	0.999001	0.041114	-140.478745	-202.733810	783.549072	
0.134518	0.016622	0.990772	0.976210	-0.173812	-0.129625	0.170054	0.984639	-0.039608	-117.306000	-194.544998	781.635010	
0.134518	0.016622	0.990772	0.976210	-0.173812	-0.129625	0.170054	0.984639	-0.039608	-117.306000	-194.544998	781.635010	
0.134518	0.016622	0.990772	0.976210	-0.173812	-0.129625	0.170054	0.984639	-0.039608	-117.306000	-194.544998	781.635010	
0.455283	-0.027328	0.889927	0.795688	-0.435999	-0.420459	0.399497	0.899532	-0.176758	-76.242401	-165.047638	818.285156	
0.576881	-0.063169	0.814383	0.712986	-0.447548	-0.539770	0.398572	0.892026	-0.213142	-64.845016	-158.534256	834.915283	
0.674762	-0.106040	0.730378	0.591516	-0.514121	-0.621118	0.441366	0.851137	-0.284185	-45.701057	-149.035736	856.569824	
0.711476	-0.143375	0.687928	0.516808	-0.556565	-0.650495	0.476141	0.818339	-0.321885	-25.412884	-143.108276	868.518677	
0.766615	-0.235600	0.597323	0.393311	-0.563021	-0.726852	0.507551	0.792149	-0.338956	-6.509323	-129.494568	876.973145	
0.777502	-0.340319	0.528842	0.275450	-0.571685	-0.772855	0.565347	0.746565	-0.350745	2.552420	-116.206642	898.314941	
0.812442	-0.363607	0.455772	0.181536	-0.585099	-0.790382	0.554059	0.724878	-0.409351	12.774789	-109.725655	902.420227	
0.866428	-0.428523	0.256265	-0.035952	-0.565457	-0.823994	0.498006	0.704717	-0.505333	21.836788	-96.077148	899.216858	
0.869031	-0.469538	0.155950	-0.160015	-0.564998	-0.809428	0.468168	0.678462	-0.566133	29.422796	-81.712311	903.519836	
0.841894	-0.533871	0.078722	-0.256436	-0.524139	-0.812108	0.474822	0.663521	-0.578172	35.883362	-66.835983	914.158997	
0.800274	-0.599593	-0.007081	-0.367362	-0.480914	-0.796095	0.473927	0.639695	-0.605130	42.411362	-52.875450	935.474365	
0.756650	-0.649944	-0.071090	-0.449798	-0.438543	-0.778049	0.474512	0.620686	-0.624168	52.056343	-46.317364	951.748108	
0.729493	-0.658191	-0.186076	-0.529636	-0.371423	-0.762581	0.432811	0.654850	-0.619552	60.149525	-32.344833	958.092224	
0.691437	-0.661407	-0.290612	-0.620774	-0.338183	-0.707299	0.369532	0.669456	-0.644417	63.207783	-18.503319	964.534302	
0.630840	-0.677981	-0.377337	-0.682044	-0.252666	-0.686277	0.369942	0.690290	-0.621805	64.024780	-4.436156	965.742798	
0.601689	-0.669463	-0.435650	-0.713232	-0.204805	-0.670340	0.359543	0.714054	-0.600711	66.137680	8.340032	982.026489	
0.552070	-0.681162	-0.480872	-0.759571	-0.172983	-0.627000	0.343905	0.711403	-0.612889	66.191673	20.821619	983.710938	
0.500730	-0.680989	-0.534345	-0.799884	-0.128084	-0.586328	0.330841	0.721004	-0.608847	64.322578	26.002798	994.609253	
0.452823	-0.680545	-0.576030	-0.828760	-0.083023	-0.553410	0.328796	0.727986	-0.601604	61.411850	37.304447	1011.102173	
0.382552	-0.614572	-0.689895	-0.869492	0.013061	-0.493774	0.312470	0.788752	-0.529369	53.538139	48.327831	1014.125671	
0.331413	-0.603183	-0.725490	-0.889184	0.057424	-0.453932	0.315464	0.795532	-0.517309	48.480282	59.344475	1024.808960	
0.286490	-0.568855	-0.770926	-0.904375	0.105059	-0.413603	0.316272	0.815699	-0.484360	37.689804	67.481735	1030.904175	
0.237977	-0.559076	-0.794230	-0.893871	0.193818	-0.404264	0.379950	0.806143	-0.453617	24.285618	77.567535	1058.809204	
0.197201	-0.489560	-0.849378	-0.895374	0.262914	-0.359417	0.399269	0.831387	-0.386493	15.816779	84.929337	1053.499634	
0.137355	-0.458880	-0.877817	-0.885470	0.340301	-0.316445	0.443931	0.820745	-0.359582	0.302999	88.842644	1061.359253	
0.084739	-0.324434	-0.942105	-0.887051	0.406084	-0.219630	0.453828	0.854305	-0.253378	-17.227360	91.600685	1059.831177	
0.050490	-0.263797	-0.963256	-0.867191	0.466847	-0.173304	0.495409	0.844075	-0.205191	-35.662636	94.377365	1075.057495	
0.046795	-0.100433	-0.993843	-0.899659	0.428115	-0.085623	0.434078	0.898125	-0.070321	-44.744316	93.438072	1048.691162	
0.000309	-0.080224	-0.996777	-0.843580	0.535251	-0.043339	0.537002	0.840873	-0.067509	-55.711872	96.335487	1073.659912	
-0.043078	-0.041869	-0.998194	-0.896926	0.441721	0.020180	0.440077	0.896174	-0.056581	-64.336761	92.635513	1026.573120	
-0.011060	0.170556	-0.985286	-0.813595	0.571308	0.108028	0.581327	0.802819	0.132444	-86.084900	95.673401	1073.640015	
-0.011060	0.170556	-0.985286	-0.813595	0.571308	0.108028	0.581327	0.802819	0.132444	-86.084900	95.673401	1073.640015	
-0.011060	0.170556	-0.985286	-0.813595	0.571308	0.108028	0.581327	0.802819	0.132444	-86.084900	95.673401	1073.640015	
-0.011060	0.170556	-0.985286	-0.813595	0.571308	0.108028	0.581327	0.802819	0.132444	-86.084900	95.673401	1073.640015	
-0.011060	0.170556	-0.985286	-0.813595	0.571308	0.108028	0.581327	0.802819	0.132444	-86.084900	95.673401	1073.640015	
0.096485	0.543686	-0.833724	-0.672606	0.653054	0.348028	0.733684	0.527188	0.428696	-131.368332	74.752136	1053.212158	
0.127764	0.594542	-0.793848	-0.651937	0.653539	0.384534	0.747432	0.468409	0.471103	-139.305588	67.491180	1056.668091	
0.163399	0.619451	-0.767841	-0.620307	0.669718	0.408286	0.767150	0.409584	0.493681	-146.565811	64.243111	1053.194580	
0.213338	0.660924	-0.719489	-0.616647	0.662309	0.425553	0.757782	0.352884	0.548852	-152.326218	54.272274	1051.389526	
0.235803	0.679677	-0.694575	-0.586872	0.669279	0.455684	0.774582	0.300175	0.556701	-162.025238	43.459473	1043.910645	
0.127700	0.686161	-0.716153	-0.641742	0.607708	0.467825	0.756214	0.399844	0.517942	-170.357513	34.246552	1053.105713	
0.334170	0.798487	-0.500747	-0.625798	0.585252	0.515615	0.704774	0.141063	0.695265	-175.758362	26.251244	1044.200562	
0.359738	0.846653	-0.392131	-0.587114	0.532036	0.610110	0.725180	0.010746	0.688475	-181.082993	20.781200	1048.540039	
0.359738	0.846653	-0.392131	-0.587114	0.532036	0.610110	0.725180	0.010746	0.688475	-181.082993	20.781200	1048.540039	
0.359738	0.846653	-0.392131	-0.587114	0.532036	0.610110	0.725180	0.010746	0.688475	-181.082993	20.781200	1048.540039	
0.359738	0.846653	-0.392131	-0.587114	0.532036	0.610110	0.725180	0.010746	0.688475	-181.082993	20.781200	1048.540039	
0.359738	0.846653	-0.392131	-0.587114	0.532036	0.610110	0.725180	0.010746	0.688475	-181.082993	20.781200	1048.540039	
0.526970	0.839635	0.131591	-0.652309	0.300334	0.695911	0.544790	-0.452562	0.705969	-171.552933	-20.390549	991.161682	
0.521064	0.817507	0.245306	-0.676654	0.220486	0.702514	0.520223	-0.532041	0.668057	-162.417740	-35.106945	979.196533	
0.525782	0.792536	0.308934	-0.694938	0.190782	0.693299	0.490525	-0.579213	0.651074	-153.615219	-43.052803	977.553711	
0.540941	0.758708	0.362966	-0.710466	0.181237	0.679994	0.450134	-0.625711	0.637075	-141.338501	-49.692528	962.736267	
0.522600	0.751096	0.403415	-0.729943	0.149680	0.666918	0.440536	-0.643001	0.626480	-134.448486	-63.683804	960.380981	
