0.997413	-0.044228	0.056667	0.043422	0.998938	0.015385	-0.057287	-0.012885	0.998275	19.006508	3.830632	546.368835	
0.972713	-0.138844	0.185881	0.121153	0.987231	0.103422	-0.197867	-0.078080	0.977115	28.006948	7.080940	546.717651	
0.944888	-0.194334	0.263479	0.151628	0.973019	0.173904	-0.290165	-0.124369	0.948861	36.649990	14.660793	547.022644	
0.895822	-0.256350	0.363024	0.170752	0.952704	0.251394	-0.410299	-0.163217	0.897226	44.885448	16.497692	544.450562	
0.855463	-0.355261	0.376792	0.237014	0.915505	0.325076	-0.460442	-0.188785	0.867383	52.271919	21.175058	543.654419	
0.828564	-0.457112	0.323310	0.319909	0.860420	0.396657	-0.459499	-0.225226	0.859147	67.574791	22.348633	543.653870	
0.800267	-0.542847	0.254731	0.403209	0.801574	0.441476	-0.443840	-0.250589	0.860355	74.393326	24.580738	543.932800	
0.799664	-0.578659	0.160281	0.446457	0.751506	0.485710	-0.401513	-0.316846	0.859300	78.397552	24.850494	543.466675	
0.787650	-0.605776	0.112440	0.475112	0.713372	0.515139	-0.392270	-0.352328	0.849700	81.429802	25.536413	541.674194	
0.777008	-0.625940	0.066757	0.452627	0.629249	0.631803	-0.437477	-0.460700	0.772250	82.793449	25.236200	534.564026	
0.750349	-0.658572	0.057087	0.428360	0.550189	0.716799	-0.503472	-0.513395	0.694940	82.728699	25.618256	536.601013	
0.266317	-0.281976	0.921718	0.770145	0.637273	-0.027565	-0.579614	0.717198	0.386879	106.723999	27.363600	583.075989	
0.266317	-0.281976	0.921718	0.770145	0.637273	-0.027565	-0.579614	0.717198	0.386879	106.723999	27.363600	583.075989	
0.266317	-0.281976	0.921718	0.770145	0.637273	-0.027565	-0.579614	0.717198	0.386879	106.723999	27.363600	583.075989	
0.266317	-0.281976	0.921718	0.770145	0.637273	-0.027565	-0.579614	0.717198	0.386879	106.723999	27.363600	583.075989	
0.266317	-0.281976	0.921718	0.770145	0.637273	-0.027565	-0.579614	0.717198	0.386879	106.723999	27.363600	583.075989	
0.266317	-0.281976	0.921718	0.770145	0.637273	-0.027565	-0.579614	0.717198	0.386879	106.723999	27.363600	583.075989	
-0.004752	0.012971	0.999905	0.983357	0.181669	0.002317	-0.181621	0.983274	-0.013619	101.087234	-4.320639	626.431274	
-0.015986	0.068517	0.997522	0.998504	0.053267	0.012343	-0.052289	0.996227	-0.069266	96.809540	-14.343863	630.545227	
-0.015751	0.123543	0.992214	0.997404	-0.067789	0.024274	0.070260	0.990021	-0.122155	86.224548	-25.218449	632.216919	
-0.004326	0.230750	0.973004	0.986517	-0.158205	0.041905	0.163603	0.960066	-0.226954	79.684692	-30.568386	635.077454	
0.007746	0.341713	0.939773	0.972195	-0.222534	0.072903	0.234043	0.913078	-0.333935	73.633499	-37.724396	649.819458	
0.028645	0.393962	0.918680	0.950128	-0.296251	0.097417	0.310539	0.870075	-0.382801	67.261131	-49.768372	669.645630	
0.061352	0.491382	0.868781	0.932406	-0.338814	0.125787	0.356165	0.802340	-0.478954	59.275234	-57.314705	682.488892	
0.107377	0.577532	0.809276	0.911640	-0.381989	0.151644	0.396714	0.721486	-0.567518	51.505112	-70.463715	699.725647	
0.188682	0.641250	0.743773	0.853596	-0.481572	0.198648	0.485563	0.597401	-0.638232	32.961563	-83.840454	711.912170	
0.246660	0.701215	0.668922	0.812298	-0.526038	0.251903	0.528516	0.481231	-0.699348	14.743301	-96.993958	722.253601	
0.305860	0.753396	0.582104	0.783206	-0.546734	0.296090	0.541328	0.365346	-0.757289	5.921584	-103.839378	735.841003	
0.356248	0.765017	0.536505	0.739377	-0.581870	0.338745	0.571321	0.276003	-0.772926	-2.781270	-111.368027	743.434509	
0.457222	0.765375	0.452935	0.669222	-0.631512	0.391579	0.585738	0.124076	-0.800947	-12.691116	-124.598457	745.874512	
0.513054	0.778009	0.362599	0.623949	-0.628134	0.464904	0.589460	-0.012278	-0.807704	-21.949657	-138.975250	752.927307	
0.615209	0.739362	0.273610	0.560617	-0.654302	0.507541	0.554280	-0.158853	-0.817031	-31.012314	-145.506683	770.694519	
0.667500	0.723048	0.177894	0.536345	-0.632601	0.558703	0.516504	-0.277522	-0.810064	-39.671780	-160.015442	785.838074	
0.752520	0.655214	0.066396	0.497375	-0.631517	0.594815	0.431661	-0.414587	-0.801116	-48.461216	-173.346085	792.209900	
0.790195	0.608546	-0.072553	0.515243	-0.595566	0.616300	0.331836	-0.524380	-0.784162	-56.699581	-180.971268	815.580627	
0.821448	0.553537	-0.137186	0.496891	-0.576664	0.648504	0.279860	-0.600879	-0.748747	-70.672379	-192.416779	824.370911	
0.839833	0.501279	-0.208326	0.495100	-0.549946	0.672632	0.222608	-0.668042	-0.710046	-83.328415	-203.794022	829.196289	
0.858996	0.445569	-0.252179	0.478233	-0.522424	0.705950	0.182805	-0.727010	-0.661846	-94.646004	-214.366592	840.941711	
0.869723	0.388409	-0.304500	0.478433	-0.512034	0.713388	0.121172	-0.766134	-0.631155	-104.270622	-219.775223	858.741943	
0.877001	0.277729	-0.392092	0.480441	-0.495469	0.723661	0.006712	-0.823030	-0.567959	-111.661682	-223.539276	873.295044	
0.882112	0.180910	-0.434914	0.464364	-0.488870	0.738492	-0.079016	-0.853393	-0.515247	-114.223846	-230.570282	887.623901	
0.844210	0.120790	-0.522226	0.515465	-0.450115	0.729171	-0.146985	-0.884764	-0.442254	-116.156471	-235.886093	896.809082	
0.827263	0.079096	-0.556220	0.533421	-0.421340	0.733439	-0.176345	-0.903448	-0.390750	-117.583099	-239.015656	907.954468	
0.778094	0.034162	-0.627218	0.589964	-0.382568	0.711043	-0.215663	-0.923297	-0.317828	-116.773453	-244.075958	921.359436	
0.710052	-0.020018	-0.703864	0.649819	-0.366391	0.665952	-0.271220	-0.930247	-0.247149	-115.671677	-248.360382	927.524658	
0.678631	-0.055158	-0.732405	0.674965	-0.346375	0.651495	-0.289622	-0.936474	-0.197831	-112.790901	-250.524719	936.664978	
0.618662	-0.082489	-0.781314	0.707783	-0.373148	0.599835	-0.341026	-0.924098	-0.172468	-108.432930	-251.579315	943.531494	
0.578017	-0.140599	-0.803820	0.710954	-0.396745	0.580634	-0.400548	-0.907098	-0.129366	-99.349487	-251.323410	955.181763	
0.520194	-0.205552	-0.828943	0.687559	-0.474963	0.549245	-0.506616	-0.855664	-0.105744	-93.197975	-250.791763	961.806824	
0.474698	-0.221461	-0.851831	0.715724	-0.466150	0.520040	-0.512249	-0.856540	-0.062775	-80.839729	-249.055206	968.187073	
0.410902	-0.261341	-0.873419	0.707726	-0.512483	0.486295	-0.574701	-0.817963	-0.025622	-73.585197	-245.356384	974.409058	
0.356392	-0.283999	-0.890129	0.695431	-0.555611	0.455708	-0.623986	-0.781436	-0.000514	-57.731575	-239.286835	982.807129	
0.279544	-0.256871	-0.925134	0.713885	-0.588722	0.379174	-0.642045	-0.766437	0.018803	-48.596455	-233.247986	989.434326	
0.200721	-0.219540	-0.954732	0.753695	-0.587968	0.293658	-0.625822	-0.778522	0.047449	-39.176228	-225.811264	990.419312	
0.160373	-0.213007	-0.963799	0.739897	-0.620352	0.260218	-0.653323	-0.754846	0.058117	-29.552006	-217.149536	1000.107300	
0.103038	-0.167100	-0.980540	0.705072	-0.683069	0.190496	-0.701609	-0.710983	0.047436	-19.892857	-207.461609	1005.756470	
0.074734	-0.142666	-0.986945	0.706733	-0.690660	0.153351	-0.703521	-0.708969	0.049212	-9.740454	-195.742264	1012.545898	
0.030622	-0.077870	-0.996492	0.726140	-0.683363	0.075714	-0.686862	-0.725915	0.035619	8.999090	-186.025177	1022.938721	
0.000927	-0.005753	-0.999982	0.671873	-0.740650	0.004883	-0.740664	-0.671868	0.003180	18.062654	-174.176788	1025.458008	
-0.008755	0.067989	-0.997647	0.629575	-0.774746	-0.058324	-0.776889	-0.628607	-0.036020	27.252045	-160.037720	1025.518799	
-0.017657	0.140110	-0.989978	0.622291	-0.773445	-0.120565	-0.782585	-0.618186	-0.073531	45.152523	-148.385696	1035.002930	
-0.002229	0.213981	-0.976834	0.596825	-0.783501	-0.172993	-0.802367	-0.583387	-0.125962	54.065659	-134.789490	1037.094360	
0.004099	0.278567	-0.960407	0.583809	-0.780416	-0.223870	-0.811879	-0.559779	-0.165828	70.492218	-120.414299	1032.400879	
0.042162	0.306935	-0.950795	0.560187	-0.795249	-0.231881	-0.827291	-0.522849	-0.205469	77.752136	-113.484970	1029.892456	
0.087080	0.333098	-0.938862	0.534326	-0.811027	-0.238184	-0.840780	-0.480919	-0.248606	90.770981	-105.746613	1026.428711	
0.134967	0.385496	-0.912784	0.555468	-0.792284	-0.252472	-0.820510	-0.472949	-0.321062	101.799866	-97.722137	1024.958252	
0.207909	0.399384	-0.892897	0.497382	-0.829186	-0.255072	-0.842249	-0.391081	-0.371040	110.784073	-82.037643	1018.589050	
0.257083	0.390151	-0.884132	0.431883	-0.864822	-0.256049	-0.864513	-0.316018	-0.390829	114.847336	-66.396217	1017.001221	
0.334763	0.401304	-0.852577	0.405247	-0.878151	-0.254221	-0.850709	-0.260402	-0.456598	117.932793	-51.903370	1012.064270	
0.411080	0.391366	-0.823313	0.377502	-0.895159	-0.237032	-0.829761	-0.213365	-0.515722	122.061333	-44.513226	1006.083435	
0.464352	0.346400	-0.815097	0.344793	-0.918436	-0.193892	-0.815778	-0.191007	-0.545912	122.981842	-29.956379	993.423889	
0.506210	0.330447	-0.796590	0.325835	-0.928499	-0.178107	-0.798486	-0.169399	-0.577686	123.726372	-15.852152	992.171448	
0.583103	0.279681	-0.762737	0.247112	-0.955447	-0.161429	-0.773902	-0.094353	-0.626235	121.150223	-2.256008	988.293823	
0.620770	0.246206	-0.744330	0.233109	-0.964436	-0.124598	-0.748534	-0.096165	-0.656084	117.404251	3.911437	985.601257	
0.669460	0.167476	-0.723723	0.147101	-0.984851	-0.091831	-0.728136	-0.044984	-0.683952	113.881020	9.609137	980.849915	
0.703615	0.130897	-0.698421	0.114984	-0.990908	-0.069875	-0.701215	-0.031143	-0.712267	106.149185	20.639362	972.625244	
0.739461	0.087812	-0.667448	0.089824	-0.995462	-0.031452	-0.667179	-0.036696	-0.743991	95.423241	25.270269	962.459106	
0.776267	-0.012327	-0.630283	0.023264	-0.998569	0.048183	-0.629973	-0.052067	-0.774868	88.944847	30.584702	951.288391	
0.805701	-0.071814	-0.587952	-0.014654	-0.994737	0.101417	-0.592140	-0.073097	-0.802511	74.894753	39.128021	944.026550	
0.810477	-0.117470	-0.573871	-0.028141	-0.986364	0.162163	-0.585093	-0.115281	-0.802729	67.370544	45.448715	944.422852	
0.824170	-0.176804	-0.538038	-0.041020	-0.966163	0.254654	-0.564855	-0.187809	-0.803533	51.112221	48.193466	935.853149	
0.828865	-0.229444	-0.510233	-0.057510	-0.942143	0.330242	-0.556483	-0.244384	-0.794104	33.515839	52.402035	919.890198	
0.813173	-0.346051	-0.467973	-0.168570	-0.909617	0.379715	-0.557076	-0.229889	-0.798008	15.561234	55.442280	914.902405	
0.778633	-0.457465	-0.429485	-0.239102	-0.849129	0.470969	-0.580139	-0.264022	-0.770539	6.370941	55.756088	899.950562	
0.728373	-0.567854	-0.383425	-0.339719	-0.785268	0.517635	-0.595031	-0.246776	-0.764878	-12.872581	55.982136	889.785645	
0.655246	-0.661591	-0.364625	-0.385269	-0.707863	0.592030	-0.649784	-0.247448	-0.718713	-32.932865	55.513248	884.682495	
0.563336	-0.749109	-0.348554	-0.407683	-0.618951	0.671338	-0.718642	-0.236091	-0.654074	-52.982182	54.877525	879.059509	
0.462096	-0.830062	-0.312197	-0.409381	-0.511943	0.755196	-0.786685	-0.221166	-0.576377	-71.013664	50.934860	870.125061	
0.410061	-0.866794	-0.283761	-0.410766	-0.453297	0.791071	-0.814322	-0.207829	-0.541927	-80.345253	46.201466	866.684387	
0.352001	-0.902976	-0.246441	-0.362103	-0.374162	0.853747	-0.863120	-0.211284	-0.458674	-89.495911	40.456093	851.404785	
0.238561	-0.947618	-0.212393	-0.363161	-0.289892	0.885481	-0.900668	-0.134109	-0.413293	-106.706238	36.455505	833.544067	
0.111222	-0.974684	-0.193967	-0.287402	-0.218384	0.932581	-0.951330	-0.047978	-0.304414	-120.309380	31.603935	810.884033	
-0.019242	-0.983338	-0.180774	-0.210447	-0.172773	0.962216	-0.977416	0.056558	-0.203614	-134.021255	26.298748	799.491516	
-0.084228	-0.982370	-0.166903	-0.113927	-0.156906	0.981020	-0.989912	0.101644	-0.098702	-146.576614	21.454992	781.614197	
-0.225401	-0.964000	-0.141073	-0.027264	-0.138501	0.989986	-0.973884	0.226990	0.004937	-152.312439	15.471697	772.615112	
-0.287522	-0.949318	-0.126995	0.068102	-0.152522	0.985950	-0.955349	0.274835	0.108505	-160.305557	9.134422	765.526245	
-0.348107	-0.930365	-0.115081	0.124416	-0.167524	0.977985	-0.929162	0.326126	0.174069	-165.092270	1.276083	756.864685	
-0.470588	-0.876727	-0.099488	0.210392	-0.220995	0.952310	-0.856902	0.427216	0.288454	-170.695160	-13.340351	743.785217	
-0.529894	-0.843117	-0.091469	0.292882	-0.283154	0.913259	-0.795884	0.457142	0.396976	-172.328964	-26.908106	732.380981	
-0.638959	-0.765711	-0.073618	0.308504	-0.342748	0.887325	-0.704667	0.544255	0.455228	-172.572861	-35.081982	728.256042	
-0.695871	-0.716204	-0.053057	0.336245	-0.390198	0.857136	-0.634588	0.578618	0.512348	-169.290649	-42.459824	718.177490	
-0.781377	-0.622585	-0.042870	0.350890	-0.495117	0.794817	-0.516068	0.606011	0.605331	-168.714813	-49.400410	713.800537	
-0.859343	-0.510262	-0.034081	0.309988	-0.572746	0.758861	-0.406738	0.641559	0.650360	-163.472549	-65.275291	705.857605	
-0.920749	-0.389074	-0.029015	0.250956	-0.647552	0.719511	-0.298733	0.655209	0.693873	-160.500229	-73.761932	690.972046	
-0.965870	-0.258056	-0.022371	0.185898	-0.750747	0.633893	-0.180376	0.608102	0.773096	-155.712723	-89.464828	685.198059	
-0.980382	-0.196610	-0.013910	0.157562	-0.824163	0.543995	-0.118420	0.531133	0.838972	-142.742371	-96.908630	671.783203	
-0.989616	-0.142983	-0.014627	0.118859	-0.871354	0.476043	-0.080813	0.469362	0.879300	-128.020172	-110.510490	658.153809	
-0.999874	-0.003829	-0.015361	-0.001911	-0.934003	0.357263	-0.015716	0.357248	0.933877	-114.328217	-118.748421	654.301147	
-0.989615	0.143688	-0.003857	-0.141301	-0.967558	0.209446	0.026362	0.207817	0.977812	-107.251778	-126.425362	655.677979	
-0.976299	0.215469	0.020324	-0.210383	-0.966888	0.144462	0.050777	0.136763	0.989300	-89.431984	-132.723083	641.828979	
-0.959480	0.280471	0.027107	-0.276918	-0.956352	0.093325	0.052098	0.082038	0.995265	-80.596786	-138.380020	627.667847	
-0.910766	0.411048	0.039311	-0.409907	-0.911494	0.034008	0.049810	0.014860	0.998647	-71.808495	-144.793823	622.148376	
-0.879223	0.474206	0.045785	-0.476348	-0.873493	-0.100517	-0.007674	-0.110187	0.993880	-62.526360	-156.058975	611.063782	
-0.840442	0.533788	0.093419	-0.541548	-0.821113	-0.180278	-0.019523	-0.202104	0.979168	-52.800522	-160.394730	600.561035	
-0.757715	0.644511	0.102345	-0.649968	-0.731308	-0.206716	-0.058386	-0.223153	0.973032	-33.200150	-169.364136	593.732117	
-0.645544	0.748320	0.152616	-0.760309	-0.610826	-0.220957	-0.072125	-0.258673	0.963267	-23.759758	-173.579117	591.948547	
-0.491460	0.846331	0.205410	-0.870346	-0.485698	-0.081206	0.031039	-0.218688	0.975300	-5.606503	-179.961563	584.041626	
-0.370021	0.916420	0.152519	-0.925959	-0.377120	0.019506	0.075393	-0.134008	0.988107	12.617393	-188.256775	588.020020	
-0.249688	0.965178	0.078039	-0.962397	-0.256256	0.090127	0.106986	-0.052601	0.992867	21.495020	-194.282394	585.069885	
-0.089599	0.992581	0.082201	-0.965157	-0.106903	0.238837	0.245852	-0.057937	0.967573	29.341143	-197.823395	588.236328	
0.094838	0.984451	0.147866	-0.934578	0.036886	0.353839	0.342882	-0.171750	0.923543	41.547543	-198.631897	579.694702	
0.251727	0.961068	0.113949	-0.838539	0.157804	0.521488	0.483202	-0.226823	0.845614	49.533493	-201.412140	582.671875	
0.362490	0.927600	0.090335	-0.756557	0.236269	0.609752	0.544262	-0.289373	0.787426	66.510559	-207.227280	603.591492	
0.441616	0.892976	0.087010	-0.703381	0.284377	0.651448	0.556983	-0.348892	0.753686	73.408257	-208.769318	608.986145	
0.503421	0.861235	0.069588	-0.601746	0.291665	0.743527	0.620054	-0.416183	0.665073	76.488739	-205.504486	604.526917	
0.575818	0.813942	0.077025	-0.530598	0.300361	0.792621	0.622012	-0.497276	0.604828	78.101509	-196.879211	589.306580	
0.669447	0.737450	0.089485	-0.430613	0.287076	0.855663	0.605320	-0.611356	0.509736	80.400017	-183.588699	551.659607	
0.650432	0.758639	0.037492	-0.348953	0.254609	0.901890	0.674662	-0.599703	0.430334	72.789581	-170.939575	519.775940	
0.659563	0.750333	0.044466	-0.322340	0.228912	0.918529	0.679024	-0.620162	0.392842	75.377693	-168.151825	527.893250	
0.642291	0.762075	0.081873	-0.301910	0.153369	0.940918	0.704494	-0.629064	0.328584	76.328529	-159.112045	538.112000	
0.613308	0.786542	0.072152	-0.307466	0.153602	0.939079	0.727542	-0.598131	0.336039	67.835915	-154.600769	536.085999	
0.565078	0.822358	0.066449	-0.384999	0.191601	0.902808	0.729700	-0.535742	0.424875	62.845970	-154.177887	544.415527	
0.528848	0.842850	0.099615	-0.452032	0.180383	0.873572	0.718321	-0.507018	0.476389	59.632126	-153.079544	560.739868	
0.491793	0.858502	0.145311	-0.534920	0.166215	0.828391	0.687023	-0.485128	0.540971	59.171062	-149.802917	589.250610	
0.387104	0.899983	0.200454	-0.664644	0.121686	0.737184	0.639060	-0.418599	0.645271	49.310822	-149.090637	614.389160	
0.320668	0.920656	0.222633	-0.687646	0.064635	0.723162	0.651393	-0.384989	0.653810	33.424927	-142.555511	612.938782	
0.273665	0.930065	0.245128	-0.706986	0.021716	0.706893	0.652133	-0.366756	0.663484	24.334145	-140.462204	618.859863	
0.191950	0.940660	0.279848	-0.719998	-0.058795	0.691480	0.666901	-0.334221	0.665986	5.090337	-139.527588	641.411682	
0.149697	0.927715	0.341959	-0.696398	-0.146582	0.702525	0.701869	-0.343307	0.624114	-18.623194	-126.012848	637.233887	
0.082609	0.897665	0.432868	-0.690407	-0.261686	0.674431	0.718688	-0.354571	0.598135	-42.527950	-119.982346	628.759155	
-0.016936	0.853928	0.520115	-0.688806	-0.387026	0.612989	0.724746	-0.347878	0.594744	-58.978405	-108.215225	648.007507	
-0.111433	0.780359	0.615323	-0.670909	-0.515852	0.532707	0.733118	-0.353466	0.581031	-73.521866	-100.090622	657.336121	
0.814669	-0.425287	-0.394265	-0.396943	-0.904568	0.155541	-0.422789	0.029786	-0.905739	-74.946602	-52.914001	645.109985	
0.814669	-0.425287	-0.394265	-0.396943	-0.904568	0.155541	-0.422789	0.029786	-0.905739	-74.946602	-52.914001	645.109985	
0.814669	-0.425287	-0.394265	-0.396943	-0.904568	0.155541	-0.422789	0.029786	-0.905739	-74.946602	-52.914001	645.109985	
0.583854	-0.636933	-0.503419	-0.519579	-0.769612	0.371128	-0.623821	0.044881	-0.780277	-132.537399	-32.848202	676.989502	
0.526902	-0.654599	-0.542103	-0.466145	-0.755904	0.459693	-0.710692	0.010486	-0.703424	-141.751022	-20.159849	682.712769	
0.418480	-0.697325	-0.581905	-0.499491	-0.711815	0.493791	-0.758540	0.084015	-0.646187	-150.061844	-7.245611	688.420959	
0.310335	-0.736361	-0.601221	-0.532166	-0.658630	0.531983	-0.787713	0.154856	-0.596261	-157.285843	-2.293998	698.886536	
0.196006	-0.759433	-0.620358	-0.498283	-0.622002	0.604009	-0.844568	0.190725	-0.500328	-170.434250	2.441489	706.462158	
0.137077	-0.743644	-0.654374	-0.421231	-0.641664	0.640961	-0.896535	0.187781	-0.401202	-181.327271	7.581869	717.121826	
0.018039	-0.720041	-0.693699	-0.452663	-0.624514	0.636458	-0.891499	0.302531	-0.337200	-185.223404	16.877344	722.952087	
-0.085388	-0.682947	-0.725461	-0.431167	-0.631083	0.644848	-0.898223	0.367857	-0.240576	-188.254929	21.557995	723.508667	
-0.120175	-0.633565	-0.764300	-0.412589	-0.668367	0.618915	-0.902956	0.389720	-0.181080	-191.873764	28.464275	742.212219	
-0.152542	-0.605961	-0.780733	-0.397416	-0.685683	0.609836	-0.904871	0.403301	-0.136222	-193.224335	35.363552	746.883789	
-0.181208	-0.574405	-0.798263	-0.327115	-0.730278	0.599741	-0.927448	0.369802	-0.055563	-195.255447	37.606079	766.673218	
-0.246730	-0.524373	-0.814959	-0.299618	-0.758478	0.578740	-0.921604	0.386970	0.030028	-195.946930	39.277824	780.385193	
-0.273704	-0.487327	-0.829216	-0.291013	-0.779768	0.554322	-0.916732	0.393034	0.071608	-192.829132	40.682953	798.760315	
-0.289403	-0.449723	-0.844983	-0.289823	-0.800153	0.525125	-0.912276	0.396869	0.101227	-186.833740	42.392017	802.499329	
-0.305788	-0.409536	-0.859520	-0.289188	-0.820162	0.493665	-0.907118	0.399520	0.132363	-180.574615	42.585083	816.622681	
-0.297853	-0.346357	-0.889562	-0.303208	-0.849278	0.432194	-0.905179	0.398453	0.147943	-176.572174	42.348301	835.341919	
-0.282642	-0.287679	-0.915071	-0.319795	-0.871131	0.372641	-0.904348	0.397960	0.154221	-164.493317	40.329445	836.863708	
-0.276049	-0.245782	-0.929187	-0.260392	-0.911473	0.318454	-0.925199	0.329863	0.187612	-158.659775	38.166126	852.809998	
-0.276857	-0.189139	-0.942113	-0.266340	-0.926919	0.264356	-0.923262	0.324112	0.206250	-144.279465	36.261669	869.511780	
-0.240577	-0.115193	-0.963770	-0.337443	-0.921071	0.194321	-0.910085	0.371968	0.182718	-136.234833	31.270988	884.337158	
-0.214393	-0.089215	-0.972664	-0.279131	-0.948695	0.148541	-0.936013	0.303348	0.178491	-119.207611	24.709427	898.144348	
-0.184474	-0.062363	-0.980857	-0.219173	-0.970244	0.102908	-0.958088	0.233962	0.165317	-101.223846	17.940945	910.469849	
-0.155830	-0.041954	-0.986892	-0.222489	-0.971933	0.076448	-0.962401	0.231486	0.142123	-82.283173	14.352164	917.691284	
-0.092449	-0.011351	-0.995652	-0.223876	-0.974096	0.031892	-0.970223	0.225851	0.087514	-62.527660	4.955447	930.989258	
-0.024160	0.003113	-0.999703	-0.219019	-0.975718	0.002254	-0.975421	0.219009	0.024257	-42.020050	0.045300	929.766479	
0.048744	-0.004179	-0.998802	-0.243355	-0.969906	-0.007819	-0.968712	0.243445	-0.048293	-31.787418	-4.389381	940.068665	
0.081156	-0.012133	-0.996627	-0.222326	-0.974953	-0.006236	-0.971588	0.222083	-0.081820	-21.049498	-15.863121	950.536804	
0.151511	-0.044180	-0.987468	-0.290111	-0.956992	-0.001698	-0.944923	0.286733	-0.157811	-1.417369	-21.344807	963.495361	
0.205047	-0.095782	-0.974054	-0.345427	-0.938243	0.019544	-0.915770	0.332458	-0.225469	18.276701	-28.805506	975.541931	
0.256297	-0.165502	-0.952324	-0.409837	-0.910895	0.048003	-0.875411	0.377995	-0.301288	26.685911	-35.914009	980.802795	
0.267914	-0.205035	-0.941373	-0.354388	-0.929563	0.101602	-0.895896	0.306390	-0.321704	35.226200	-48.849907	982.912659	
0.320117	-0.270486	-0.907944	-0.305204	-0.936726	0.171452	-0.896869	0.222223	-0.382414	51.226685	-63.285038	994.688477	
0.339487	-0.318307	-0.885116	-0.260152	-0.936069	0.236848	-0.903918	0.149857	-0.400590	64.582870	-70.040909	1006.323547	
0.309092	-0.387756	-0.868394	-0.326374	-0.900903	0.286102	-0.893275	0.194989	-0.405014	77.718025	-84.745239	1006.624268	
0.284494	-0.479049	-0.830407	-0.398980	-0.846786	0.351808	-0.871709	0.231229	-0.432035	87.640495	-91.826660	1011.465576	
0.230000	-0.551858	-0.801594	-0.394488	-0.805840	0.441589	-0.889650	0.214654	-0.403044	93.321190	-106.383026	1015.736816	
0.154221	-0.610916	-0.776530	-0.441324	-0.745767	0.499064	-0.883995	0.265735	-0.384624	95.849655	-113.091385	1012.405640	
0.128337	-0.685844	-0.716344	-0.438909	-0.687007	0.579121	-0.889319	0.240087	-0.389190	98.849953	-119.739151	1014.509155	
0.084583	-0.722243	-0.686449	-0.417508	-0.651215	0.633724	-0.904727	0.232996	-0.356623	100.509064	-134.273972	1020.651794	
-0.011531	-0.761041	-0.648602	-0.432746	-0.580958	0.689361	-0.901442	0.288629	-0.322637	100.599594	-147.038315	1020.137451	
-0.127717	-0.779726	-0.612958	-0.444832	-0.507340	0.738058	-0.886460	0.366926	-0.282050	99.251137	-152.084259	1012.250000	
-0.182046	-0.795944	-0.577351	-0.358199	-0.493136	0.792786	-0.915725	0.351130	-0.195331	98.219940	-164.343170	1017.303101	
-0.242431	-0.810129	-0.533779	-0.309545	-0.456845	0.833951	-0.919461	0.367404	-0.140016	91.681892	-175.684082	1017.862000	
-0.367322	-0.811086	-0.455211	-0.280999	-0.369779	0.885608	-0.886630	0.453218	-0.092085	87.065475	-180.883453	1016.359802	
-0.476221	-0.775473	-0.414556	-0.178210	-0.376550	0.909093	-0.861077	0.506809	0.041125	78.731926	-184.687988	1007.955566	
-0.541639	-0.754816	-0.369976	-0.096838	-0.381170	0.919418	-0.835015	0.533822	0.133362	64.207581	-191.486557	1018.805969	
-0.634841	-0.720696	-0.278525	0.021925	-0.377142	0.925895	-0.772332	0.581691	0.255226	56.461662	-194.495117	1010.780701	
-0.741621	-0.644635	-0.185594	0.084908	-0.364649	0.927264	-0.665423	0.671922	0.325166	47.976608	-201.806213	1011.077209	
-0.821823	-0.564049	-0.080357	0.156542	-0.359159	0.920052	-0.547815	0.743543	0.383463	40.487980	-206.190842	1013.498352	
-0.894561	-0.446846	0.009473	0.227853	-0.437712	0.869764	-0.384504	0.780218	0.493375	31.203375	-211.113571	1013.314209	
-0.942582	-0.330219	0.049952	0.237498	-0.557600	0.795408	-0.234805	0.761604	0.604010	11.372486	-214.281815	1010.860229	
-0.958590	-0.265119	0.104008	0.250685	-0.612212	0.749901	-0.135138	0.744924	0.653321	1.666037	-215.631195	1006.614929	
-0.967729	-0.190960	0.164419	0.250903	-0.669642	0.699018	-0.023383	0.717716	0.695944	-17.959042	-213.136719	987.117493	
-0.967361	-0.137178	0.213060	0.244149	-0.729678	0.638718	0.067847	0.669892	0.739353	-28.372311	-214.621719	995.664429	
-0.946957	-0.074999	0.312486	0.250524	-0.781301	0.571671	0.201270	0.619635	0.758646	-48.146286	-214.248093	991.517517	
-0.910145	0.042287	0.412127	0.161191	-0.880250	0.446294	0.381646	0.472625	0.794337	-58.589645	-214.137405	991.393738	
-0.848361	0.143394	0.509628	0.066932	-0.925848	0.371924	0.525169	0.349638	0.775854	-67.603752	-210.266495	980.712219	
-0.795895	0.242411	0.554786	-0.102220	-0.956994	0.271508	0.596743	0.159383	0.786444	-76.763626	-207.561615	966.720581	
-0.720639	0.330815	0.609296	-0.294690	-0.941639	0.162716	0.627565	-0.062293	0.776067	-93.599762	-200.944443	961.297913	
-0.674543	0.356739	0.646319	-0.383821	-0.917335	0.105743	0.630613	-0.176742	0.755703	-102.376297	-198.670593	952.722595	
-0.595384	0.416097	0.687300	-0.529509	-0.846596	0.053838	0.604266	-0.331878	0.724374	-110.065102	-192.393112	937.323792	
-0.476302	0.438372	0.762212	-0.693335	-0.720368	-0.018956	0.540762	-0.537498	0.647048	-123.302574	-183.125275	930.478455	
-0.391727	0.470185	0.790871	-0.804149	-0.592649	-0.045966	0.447095	-0.653986	0.610252	-130.472946	-172.843124	926.889771	
-0.294924	0.465236	0.834611	-0.916726	-0.384129	-0.109817	0.269506	-0.797499	0.539779	-133.728851	-161.285782	906.947876	
-0.253464	0.422947	0.869983	-0.960068	-0.220090	-0.172712	0.118425	-0.879022	0.461841	-140.132156	-147.848633	894.821594	
-0.177989	0.358754	0.916305	-0.983705	-0.040839	-0.175091	-0.025394	-0.932540	0.360175	-142.278030	-134.723068	890.423279	
-0.105406	0.328393	0.938641	-0.976232	0.145576	-0.160558	-0.189370	-0.933257	0.305241	-144.818756	-121.076042	875.046997	
-0.050738	0.185659	0.981302	-0.923114	0.366286	-0.117028	-0.381165	-0.911794	0.152799	-144.597610	-108.617249	865.007019	
-0.043699	0.122042	0.991561	-0.891445	0.443305	-0.093847	-0.451017	-0.888026	0.089421	-143.748398	-100.603561	864.332092	
-0.022151	0.077590	0.996738	-0.864855	0.498656	-0.058036	-0.501533	-0.863322	0.056058	-139.005630	-91.621353	848.463013	
0.002395	-0.041792	0.999122	-0.730083	0.682687	0.030307	-0.683354	-0.729518	-0.028877	-135.112656	-78.277412	843.147583	
-0.007705	-0.106124	0.994322	-0.525384	0.846481	0.086274	-0.850830	-0.521738	-0.062278	-129.659317	-71.473190	826.109436	
-0.037125	-0.220154	0.974757	-0.365058	0.911004	0.191851	-0.930244	-0.348722	-0.114190	-119.447655	-63.597725	812.186279	
-0.065432	-0.272125	0.960033	-0.262040	0.933018	0.246607	-0.962836	-0.235432	-0.132356	-113.138313	-55.693451	806.858398	
-0.105497	-0.377275	0.920071	-0.162779	0.919309	0.358297	-0.981006	-0.111970	-0.158396	-106.037186	-40.857246	800.714233	
-0.144989	-0.422078	0.894889	-0.056599	0.906506	0.418385	-0.987813	0.010011	-0.155321	-98.531479	-26.892927	790.607300	
-0.184831	-0.464937	0.865834	0.099311	0.867671	0.487121	-0.977739	0.176022	-0.114198	-81.518898	-13.123598	770.317505	
-0.275501	-0.482424	0.831484	0.295245	0.780691	0.550776	-0.914838	0.397232	-0.072647	-73.024376	-6.136547	769.724426	
-0.337202	-0.509214	0.791830	0.367821	0.702980	0.608710	-0.866604	0.496511	-0.049746	-63.590897	1.101950	758.548340	
-0.407410	-0.519244	0.751267	0.475205	0.581961	0.659926	-0.779869	0.625868	0.009651	-52.630077	7.856069	738.921082	
-0.507530	-0.494552	0.705571	0.523826	0.473074	0.708383	-0.684119	0.729125	0.018961	-31.592892	19.415203	714.231262	
-0.525901	-0.583496	0.618839	0.561439	0.308399	0.767903	-0.638916	0.751283	0.165411	-23.122744	29.155636	714.844666	
-0.612796	-0.600578	0.513603	0.558724	0.130346	0.819045	-0.558845	0.788873	0.255682	-12.904390	34.245316	706.990051	
-0.697460	-0.554562	0.453885	0.571473	-0.048247	0.819200	-0.432398	0.830745	0.350568	-2.072470	42.612366	701.773071	
-0.752038	-0.526534	0.396487	0.545202	-0.158887	0.823108	-0.370397	0.835177	0.406557	8.506617	46.403751	686.128906	
-0.830271	-0.442382	0.339042	0.503396	-0.334069	0.796860	-0.239253	0.832286	0.500061	18.071167	50.559540	675.673828	
-0.907895	-0.360250	0.214354	0.384520	-0.512039	0.768087	-0.166946	0.779769	0.603400	35.913303	53.861435	661.277161	
-0.945288	-0.313602	0.089917	0.280161	-0.639124	0.716260	-0.167152	0.702266	0.692014	51.953022	56.154179	651.428650	
-0.977585	-0.208541	0.028966	0.176847	-0.738675	0.650448	-0.114249	0.640994	0.758996	58.921429	57.586895	645.659851	
-0.986907	-0.157362	-0.035371	0.102903	-0.783208	0.613185	-0.124195	0.601520	0.789145	72.125175	58.814922	640.056030	
-0.990071	-0.100599	-0.098182	0.025304	-0.814600	0.579470	-0.138273	0.571235	0.809056	83.099342	58.732399	629.905334	
-0.985993	0.007333	-0.166623	-0.090229	-0.863675	0.495909	-0.140272	0.504000	0.852237	92.329720	57.537159	621.877380	
-0.971592	0.059330	-0.229101	-0.158326	-0.882481	0.442902	-0.175901	0.466596	0.866803	96.816704	56.601509	616.728699	
-0.940868	0.161318	-0.297897	-0.273778	-0.879992	0.388151	-0.199532	0.446759	0.872120	99.556709	53.125961	606.643616	
-0.897407	0.254011	-0.360743	-0.379155	-0.862111	0.336167	-0.225611	0.438459	0.869973	101.202309	50.791023	604.453979	
-0.856731	0.292744	-0.424630	-0.419683	-0.874253	0.244028	-0.299797	0.387279	0.871858	102.170151	44.784225	601.271912	
-0.809222	0.326154	-0.488652	-0.466703	-0.862090	0.197465	-0.356858	0.387850	0.849838	100.353828	37.755226	593.040588	
-0.725686	0.338541	-0.598971	-0.491328	-0.864416	0.106698	-0.481640	0.371722	0.793628	96.635117	28.943052	590.476562	
-0.650944	0.392058	-0.650045	-0.560155	-0.826010	0.062744	-0.512345	0.404971	0.757298	93.533318	20.023973	586.741028	
-0.533890	0.403894	-0.742851	-0.621546	-0.783099	0.020931	-0.573272	0.472893	0.669127	85.813469	14.189148	586.042664	
-0.417359	0.387682	-0.821894	-0.676220	-0.736690	-0.004105	-0.607073	0.554070	0.569622	75.611038	8.094307	580.381165	
-0.355949	0.365347	-0.860127	-0.662523	-0.747782	-0.043452	-0.659062	0.554389	0.508223	63.913235	1.351361	576.705933	
-0.301870	0.335948	-0.892193	-0.641236	-0.764077	-0.070746	-0.705471	0.550752	0.446074	50.285130	-5.865264	573.200439	
-0.223060	0.306982	-0.925204	-0.644547	-0.758481	-0.096267	-0.731302	0.574866	0.367052	34.668682	-19.451683	572.590088	
-0.140875	0.212328	-0.966988	-0.615737	-0.783637	-0.082365	-0.775256	0.583808	0.241134	26.656965	-27.723642	568.573242	
-0.058928	0.104995	-0.992723	-0.616307	-0.786130	-0.046561	-0.785298	0.609080	0.111036	8.810410	-35.659790	569.616516	
0.008504	-0.011989	-0.999890	-0.588099	-0.808777	0.004695	-0.808744	0.587996	-0.013926	-0.629339	-43.822666	570.540222	
0.028579	-0.070528	-0.997099	-0.566029	-0.823316	0.042012	-0.823889	0.563188	-0.063448	-20.560623	-58.328014	568.195557	
0.074599	-0.197074	-0.977545	-0.577289	-0.807853	0.118808	-0.813125	0.555464	-0.174031	-40.322830	-66.980492	570.237183	
0.069251	-0.270126	-0.960330	-0.622593	-0.763867	0.169966	-0.779476	0.586125	-0.221074	-60.989525	-82.575623	571.697205	
0.066378	-0.404361	-0.912187	-0.670556	-0.695063	0.259315	-0.738883	0.594461	-0.317280	-82.354988	-97.475891	575.621704	
0.034476	-0.529963	-0.847319	-0.682368	-0.631930	0.367478	-0.730195	0.565515	-0.383413	-93.109344	-104.812935	579.825317	
-0.017894	-0.641233	-0.767138	-0.684220	-0.551614	0.477038	-0.729056	0.533428	-0.428871	-103.522301	-112.633751	585.566406	
-0.050976	-0.692334	-0.719776	-0.651560	-0.523152	0.549347	-0.756882	0.496981	-0.424425	-122.145607	-119.530075	587.463684	
-0.134817	-0.774168	-0.618458	-0.628052	-0.416001	0.657642	-0.766404	0.477086	-0.430130	-131.230453	-133.138458	592.145203	
-0.212682	-0.802500	-0.557460	-0.620407	-0.329856	0.711541	-0.754892	0.497184	-0.427719	-147.365723	-145.789093	600.147705	
-0.300377	-0.811957	-0.500502	-0.581789	-0.259852	0.770712	-0.755841	0.522691	-0.394331	-154.501144	-158.571747	601.434998	
-0.365719	-0.848876	-0.381659	-0.499835	-0.166783	0.849909	-0.785121	0.501595	-0.363299	-169.016922	-170.354462	610.377625	
-0.464159	-0.849647	-0.250320	-0.427795	-0.032422	0.903293	-0.775595	0.526358	-0.348422	-175.057129	-175.289902	615.019592	
-0.512720	-0.850688	-0.115988	-0.312561	0.059121	0.948054	-0.799640	0.522341	-0.296201	-185.108368	-184.679428	622.107666	
-0.553588	-0.832427	0.024708	-0.205773	0.165475	0.964506	-0.806969	0.528855	-0.262893	-193.032715	-189.068237	629.472473	
-0.583846	-0.794942	0.164908	-0.092802	0.267139	0.959178	-0.806544	0.544709	-0.229737	-199.344833	-193.500931	635.141846	
-0.630314	-0.715318	0.301707	0.066864	0.337165	0.939066	-0.773456	0.612082	-0.164688	-204.343018	-197.478256	651.745667	
-0.651708	-0.622698	0.433043	0.237344	0.374843	0.896191	-0.720379	0.686837	-0.096492	-206.005005	-204.268555	660.024292	
-0.645398	-0.523025	0.556693	0.382239	0.409848	0.828200	-0.661328	0.747311	-0.064593	-204.909592	-207.703201	673.207520	
-0.596592	-0.439526	0.671486	0.524605	0.419615	0.740750	-0.607345	0.794194	-0.019759	-202.206726	-208.625305	679.102051	
-0.589749	-0.358298	0.723752	0.631332	0.354314	0.689840	-0.503603	0.863764	0.017250	-198.895767	-211.204315	688.157227	
-0.519296	-0.260920	0.813787	0.763776	0.285488	0.578914	-0.383376	0.922183	0.051033	-191.850616	-210.918823	695.373413	
-0.419664	-0.174672	0.890712	0.862051	0.230518	0.451363	-0.284164	0.957265	0.053838	-186.851288	-210.031540	710.445251	
-0.371801	-0.133621	0.918643	0.905279	0.166886	0.390663	-0.205509	0.976882	0.058917	-181.622086	-207.323792	722.243164	
-0.250323	-0.080033	0.964846	0.962375	0.088229	0.256999	-0.105695	0.992882	0.054938	-168.148087	-204.947403	735.033752	
-0.130667	-0.035148	0.990800	0.990892	0.028160	0.131677	-0.032529	0.998987	0.031150	-151.680435	-200.781738	752.315857	
-0.001673	-0.009537	0.999950	0.999667	-0.025766	0.001426	0.025752	0.999625	0.009579	-133.789993	-198.172989	762.125793	
0.131487	0.010096	0.991264	0.980326	-0.149817	-0.128511	0.147212	0.988665	-0.029595	-116.507957	-195.715393	780.551758	
0.194540	-0.003410	0.980886	0.947143	-0.259407	-0.188750	0.255094	0.965765	-0.047234	-106.100716	-187.827652	792.769165	
0.324101	-0.002069	0.946017	0.894183	-0.325812	-0.307056	0.308860	0.945435	-0.103744	-95.970520	-179.371017	812.222534	
0.450835	-0.033609	0.891971	0.811378	-0.401075	-0.425212	0.372039	0.915431	-0.153547	-76.520210	-170.005432	835.256042	
0.571818	-0.057493	0.818360	0.714546	-0.455184	-0.531255	0.403049	0.888542	-0.219199	-65.711197	-163.851456	854.802063	
0.675382	-0.115883	0.728303	0.584349	-0.518367	-0.624365	0.449883	0.847273	-0.282377	-45.676514	-152.187973	860.845520	
0.722447	-0.152343	0.674431	0.493669	-0.569303	-0.657408	0.484108	0.807893	-0.336081	-25.067587	-146.077301	876.527100	
0.787654	-0.235909	0.569162	0.344428	-0.597363	-0.724242	0.510853	0.766491	-0.389258	-5.360898	-132.475204	888.811462	
0.850509	-0.289219	0.439299	0.190723	-0.608800	-0.770057	0.490161	0.738728	-0.462626	4.378325	-118.518959	896.216675	
0.873977	-0.322951	0.363132	0.089912	-0.626885	-0.773907	0.477577	0.709030	-0.518842	13.942802	-112.091560	908.609375	
0.881820	-0.409142	0.234508	-0.064613	-0.597415	-0.799325	0.467137	0.689712	-0.553245	21.590509	-96.758049	911.570740	
0.885156	-0.454657	0.098915	-0.194122	-0.554056	-0.809529	0.422864	0.697362	-0.578681	29.547794	-81.976631	918.896606	
0.850725	-0.524215	0.038286	-0.282832	-0.517963	-0.807292	0.443026	0.675958	-0.588905	35.868580	-67.330864	932.633484	
0.811537	-0.583298	-0.034242	-0.373036	-0.472120	-0.798715	0.449724	0.660962	-0.600730	41.666161	-52.395599	944.689575	
0.763908	-0.638253	-0.095286	-0.457634	-0.431688	-0.777313	0.454990	0.637404	-0.621851	52.034992	-45.563976	963.151733	
0.724539	-0.650480	-0.227861	-0.553496	-0.352131	-0.754748	0.410713	0.672967	-0.615166	60.079666	-31.650131	967.719299	
0.687695	-0.664530	-0.292366	-0.613264	-0.316189	-0.723830	0.388565	0.677074	-0.624970	63.225178	-18.129122	972.815552	
0.628657	-0.690699	-0.357390	-0.671311	-0.249975	-0.697748	0.392596	0.678566	-0.620818	64.753265	-3.887455	979.738953	
0.586911	-0.693761	-0.417413	-0.715309	-0.202786	-0.668736	0.379298	0.691070	-0.615267	66.890808	9.151010	997.234802	
0.545594	-0.689454	-0.476427	-0.756609	-0.160775	-0.633792	0.360374	0.706264	-0.609360	65.906097	21.180992	1001.247253	
0.502566	-0.678351	-0.535976	-0.790040	-0.108588	-0.603360	0.351090	0.726673	-0.590492	63.943077	26.535591	1009.565735	
0.454725	-0.668712	-0.588260	-0.822310	-0.061529	-0.565701	0.342097	0.740974	-0.577864	61.419189	37.950134	1025.674194	
0.387519	-0.608750	-0.692281	-0.865070	0.019372	-0.501275	0.318563	0.793128	-0.519100	53.800663	49.331474	1028.297729	
0.345554	-0.579044	-0.738445	-0.886672	0.056184	-0.458971	0.307255	0.813361	-0.494003	48.821388	60.204098	1036.739014	
0.294444	-0.542365	-0.786856	-0.906106	0.103274	-0.410250	0.303768	0.833774	-0.461028	38.086372	69.232254	1039.431763	
0.237975	-0.515914	-0.822922	-0.909209	0.179677	-0.375571	0.341624	0.837588	-0.426311	24.988543	77.875824	1054.065186	
0.184601	-0.477075	-0.859256	-0.910384	0.246406	-0.332392	0.370303	0.843616	-0.388831	17.042309	85.690567	1052.665283	
0.134441	-0.436302	-0.889699	-0.910171	0.300638	-0.284962	0.391808	0.848093	-0.356688	1.594213	89.102112	1059.888062	
0.076522	-0.332078	-0.940141	-0.916015	0.348974	-0.197821	0.393778	0.876325	-0.277481	-16.561409	94.228828	1072.437744	
0.042901	-0.275078	-0.960462	-0.908576	0.389077	-0.152013	0.415510	0.879179	-0.233234	-34.287514	95.651741	1071.181274	
0.008676	-0.159187	-0.987208	-0.896260	0.436567	-0.078270	0.443443	0.885479	-0.138883	-44.233650	96.463608	1074.411011	
0.006839	-0.090064	-0.995910	-0.865588	0.498154	-0.050992	0.500710	0.862401	-0.074550	-54.263664	96.335243	1068.429688	
-0.008747	0.043554	-0.999010	-0.834813	0.549645	0.031274	0.550463	0.834265	0.031553	-64.997040	96.389450	1070.179077	
-0.093277	0.107498	-0.989817	-0.867924	0.478353	0.133742	0.487860	0.871566	0.048682	-82.673576	101.427567	1091.993042	
-0.018314	0.229921	-0.973034	-0.802856	0.576638	0.151367	0.595892	0.783983	0.174034	-95.789955	94.863808	1074.596436	
-0.005604	0.350997	-0.936356	-0.771346	0.594393	0.227428	0.636391	0.723535	0.267409	-105.571815	91.835793	1072.725708	
0.017801	0.411298	-0.911324	-0.759400	0.598459	0.255262	0.650380	0.687521	0.322993	-115.615997	87.837814	1071.880493	
0.042214	0.471711	-0.880739	-0.721509	0.624177	0.299717	0.691117	0.622814	0.366691	-125.270340	82.887192	1073.933228	
0.074981	0.521554	-0.849914	-0.697046	0.636913	0.329348	0.713095	0.567740	0.411302	-134.106857	76.831787	1071.962646	
0.109418	0.569465	-0.814698	-0.666492	0.650106	0.364901	0.737438	0.503068	0.450676	-142.711090	69.515518	1073.778320	
0.148670	0.614620	-0.774684	-0.632272	0.661427	0.403421	0.760348	0.429839	0.486940	-149.754517	65.257019	1067.500366	
0.184459	0.646683	-0.740117	-0.599995	0.670532	0.436343	0.778448	0.363583	0.511689	-156.001907	55.314808	1066.241455	
0.208683	0.686125	-0.696909	-0.579122	0.660925	0.477281	0.788079	0.303998	0.535271	-166.028854	43.493637	1057.373413	
0.276231	0.749086	-0.602134	-0.573232	0.631290	0.522379	0.771428	0.200869	0.603779	-175.550964	31.901537	1059.560181	
0.322185	0.801403	-0.503935	-0.577727	0.588151	0.565960	0.749952	0.108797	0.652482	-179.447571	26.363306	1062.593140	
0.356397	0.846807	-0.394843	-0.592726	0.531587	0.605055	0.722257	0.018397	0.691377	-182.559280	19.674183	1050.975586	
0.394340	0.875241	-0.280093	-0.597433	0.475762	0.645541	0.698261	-0.087224	0.710506	-184.861923	12.917931	1040.772217	
0.426582	0.890971	-0.155572	-0.613301	0.411375	0.674264	0.664747	-0.192215	0.721914	-183.815399	5.908336	1036.702759	
0.467261	0.883128	-0.041918	-0.621590	0.361862	0.694751	0.628722	-0.298573	0.718023	-181.335754	-0.472266	1026.106567	
0.494068	0.859936	0.128114	-0.681034	0.291189	0.671863	0.540451	-0.419196	0.729508	-182.342606	-15.293850	1040.307373	
0.506533	0.842829	0.181850	-0.683864	0.264266	0.680067	0.525122	-0.468837	0.710235	-177.509567	-22.231461	1024.753662	
0.506962	0.813866	0.283930	-0.700794	0.197378	0.685512	0.501872	-0.546506	0.670411	-167.367630	-37.225235	1010.305847	
0.511052	0.786071	0.347738	-0.715409	0.164737	0.679006	0.476460	-0.595784	0.646547	-157.206207	-44.469456	997.394470	
0.535119	0.756868	0.375236	-0.707850	0.159287	0.688167	0.461080	-0.633864	0.620981	-143.019562	-50.378036	972.838135	
0.544146	0.728167	0.416751	-0.712124	0.138217	0.688312	0.443602	-0.671323	0.593750	-135.442062	-64.687477	964.362183	
