0.997418	-0.043585	0.057075	0.043299	0.999042	0.006244	-0.057293	-0.003757	0.998351	19.005770	4.239477	546.315125	
0.972703	-0.127927	0.193606	0.128844	0.991633	0.007902	-0.192997	0.017259	0.981048	27.568865	7.887602	546.494019	
0.951212	-0.168468	0.258485	0.171954	0.985061	0.009234	-0.256180	0.035664	0.965971	36.071957	15.902270	546.507019	
0.907423	-0.205232	0.366693	0.218354	0.975852	0.005827	-0.359034	0.074781	0.930324	44.769424	18.885235	546.748840	
0.836200	-0.269918	0.477403	0.307492	0.951550	-0.000594	-0.454113	0.147294	0.878685	52.728996	24.731358	548.867554	
0.771540	-0.334298	0.541267	0.383544	0.923223	0.023487	-0.507563	0.189479	0.840523	68.702599	26.042545	548.827209	
0.684267	-0.365675	0.630920	0.479908	0.877235	-0.012050	-0.549059	0.311029	0.775755	76.444786	29.986235	552.690125	
0.592571	-0.345158	0.727822	0.530385	0.847224	-0.030041	-0.606260	0.403827	0.685108	83.701088	31.191126	558.230774	
0.532060	-0.335021	0.777607	0.569410	0.821274	-0.035771	-0.626645	0.461809	0.627733	88.680298	31.526808	557.688965	
0.439296	-0.312519	0.842230	0.614268	0.788608	-0.027772	-0.655510	0.529555	0.538403	98.425484	31.417727	564.425415	
0.368365	-0.320018	0.872866	0.689182	0.724144	-0.025355	-0.623967	0.610903	0.487301	102.337349	29.952183	572.834595	
0.263181	-0.281157	0.922869	0.764191	0.644630	-0.021539	-0.588853	0.710916	0.384513	105.444077	27.279034	576.420471	
0.199236	-0.257180	0.945602	0.828021	0.560261	-0.022085	-0.524104	0.787378	0.324576	107.835167	25.388363	586.191895	
0.123026	-0.176811	0.976526	0.867368	0.497296	-0.019233	-0.482221	0.849372	0.214541	109.391968	21.157928	597.826965	
0.078608	-0.148981	0.985711	0.909445	0.415710	-0.009695	-0.408326	0.897211	0.168168	109.955162	14.927201	601.941162	
0.042286	-0.091043	0.994949	0.937711	0.347323	-0.008072	-0.344834	0.933315	0.100059	107.893112	8.384638	606.743042	
0.015943	-0.043617	0.998921	0.957589	0.288123	-0.002702	-0.287694	0.956599	0.046361	104.011322	4.796091	615.554626	
-0.006851	0.011071	0.999916	0.983733	0.179574	0.004752	-0.179506	0.983681	-0.012121	101.280548	-3.957465	625.604614	
-0.019387	0.068628	0.997454	0.998392	0.054481	0.015657	-0.053268	0.996153	-0.069574	97.451790	-14.610542	632.637939	
0.003102	-0.025891	0.999660	0.995561	-0.093957	-0.005523	0.094068	0.995239	0.025484	95.260216	-23.531616	634.680359	
0.018582	0.020294	0.999622	0.979784	-0.199556	-0.014163	0.199193	0.979676	-0.023592	93.122314	-31.056158	647.229919	
0.024176	0.073402	0.997010	0.974943	-0.222334	-0.007272	0.221135	0.972203	-0.076938	88.959145	-38.392723	657.188171	
0.030287	0.133582	0.990575	0.970624	-0.240584	0.002766	0.238686	0.961392	-0.136944	80.315674	-51.429138	672.097595	
0.053059	0.037653	0.997881	0.960540	-0.275146	-0.040692	0.273031	0.960664	-0.050767	75.769035	-53.094151	660.540527	
0.104698	0.577357	0.809751	0.906255	-0.390707	0.161400	0.409561	0.716943	-0.564139	51.838100	-70.394997	704.843994	
0.104698	0.577357	0.809751	0.906255	-0.390707	0.161400	0.409561	0.716943	-0.564139	51.838100	-70.394997	704.843994	
0.243741	0.704494	0.666543	0.815821	-0.520569	0.251880	0.524430	0.482386	-0.701625	14.759614	-98.089783	728.284790	
0.305024	0.749838	0.587116	0.788776	-0.544376	0.285459	0.533660	0.376031	-0.757502	5.879640	-104.861900	740.600220	
0.354398	0.758928	0.546288	0.744933	-0.582264	0.325641	0.565222	0.291541	-0.771705	-3.281873	-112.373398	747.416565	
0.458993	0.768550	0.445710	0.675053	-0.627847	0.387442	0.577606	0.123045	-0.806989	-13.603010	-127.053696	754.776306	
0.522637	0.775940	0.353225	0.637765	-0.630782	0.442007	0.565779	-0.005734	-0.824538	-23.182886	-141.753586	761.666565	
0.627080	0.737248	0.251468	0.572278	-0.655046	0.493368	0.528458	-0.165472	-0.832678	-31.420116	-148.234070	779.522400	
0.660787	0.724797	0.195015	0.558729	-0.648489	0.516994	0.501181	-0.232662	-0.833479	-41.448444	-162.916122	796.390198	
0.758712	0.648574	0.060891	0.501838	-0.641529	0.580171	0.415348	-0.409625	-0.812216	-48.456638	-175.060486	793.897888	
0.793635	0.607022	-0.040853	0.493932	-0.603663	0.625796	0.355211	-0.516833	-0.778916	-56.252254	-180.620163	809.503967	
0.820747	0.563636	-0.093212	0.475496	-0.583530	0.658328	0.316665	-0.584643	-0.746938	-70.002975	-192.230179	818.930664	
0.838562	0.510514	-0.190236	0.486426	-0.544315	0.683455	0.245365	-0.665655	-0.704770	-83.398750	-204.063980	826.552063	
0.856142	0.463446	-0.228559	0.470678	-0.516848	0.715073	0.213268	-0.719782	-0.660630	-94.347504	-214.452988	836.393616	
0.869333	0.405130	-0.283072	0.471763	-0.509512	0.719609	0.147306	-0.759123	-0.634061	-103.993042	-220.169479	855.585449	
0.878963	0.286006	-0.381608	0.476675	-0.502869	0.721044	0.014324	-0.815674	-0.578335	-111.226288	-224.844559	872.924866	
0.886689	0.181149	-0.425403	0.455106	-0.504340	0.733839	-0.081613	-0.844291	-0.529635	-113.747635	-232.792953	888.755310	
0.854161	0.126281	-0.504443	0.499201	-0.470792	0.727429	-0.145627	-0.873160	-0.465171	-115.572594	-237.158066	895.051086	
0.834841	0.073482	-0.545566	0.516321	-0.448250	0.729716	-0.190928	-0.890883	-0.412157	-116.430817	-239.524063	904.264954	
0.782423	0.022684	-0.622334	0.571043	-0.424816	0.702454	-0.248443	-0.904996	-0.345339	-115.127182	-243.502701	915.652283	
0.728519	-0.007727	-0.684983	0.624137	-0.404641	0.668371	-0.282336	-0.914443	-0.289966	-114.947937	-249.145981	925.932861	
0.693311	-0.057674	-0.718327	0.649662	-0.381350	0.657657	-0.311863	-0.922630	-0.226926	-111.480759	-250.669769	934.085693	
0.623076	-0.081916	-0.777860	0.697340	-0.392244	0.599886	-0.354250	-0.916207	-0.187274	-107.808769	-252.236710	943.697144	
0.576819	-0.142837	-0.804287	0.701111	-0.418695	0.577182	-0.419194	-0.896824	-0.141366	-98.515579	-252.724594	960.849915	
0.520693	-0.200245	-0.829928	0.687575	-0.477887	0.546686	-0.506082	-0.855294	-0.111149	-93.373314	-251.957092	966.081848	
0.475092	-0.222939	-0.851227	0.709324	-0.475431	0.520409	-0.520718	-0.851037	-0.067737	-80.772499	-248.928131	968.524780	
0.415250	-0.263243	-0.870788	0.705643	-0.510917	0.490950	-0.574139	-0.818332	-0.026403	-74.338280	-246.222687	977.342041	
0.344706	-0.304864	-0.887827	0.704506	-0.541024	0.459309	-0.620361	-0.783806	0.028284	-58.183277	-239.732269	982.975952	
0.277660	-0.271031	-0.921655	0.712113	-0.585885	0.386825	-0.644825	-0.763728	0.030328	-49.881058	-234.781433	995.986755	
0.205737	-0.240149	-0.948684	0.742164	-0.593583	0.311209	-0.637859	-0.768107	0.056108	-40.293182	-228.138824	1004.168823	
0.174288	-0.220307	-0.959734	0.727224	-0.628335	0.276298	-0.663905	-0.746097	0.050701	-30.954121	-217.143356	996.772217	
0.110117	-0.167437	-0.979714	0.724668	-0.661099	0.194435	-0.680243	-0.731378	0.048539	-21.579916	-212.022659	1016.357605	
0.084559	-0.135859	-0.987114	0.737546	-0.657576	0.153684	-0.669981	-0.741037	0.044598	-11.471253	-201.433365	1022.152161	
0.034464	-0.080788	-0.996136	0.741686	-0.665998	0.079674	-0.669860	-0.741566	0.036966	7.676534	-187.680893	1015.316284	
0.004482	-0.013389	-0.999901	0.704229	-0.709859	0.012662	-0.709958	-0.704216	0.006248	17.012459	-177.684784	1031.682495	
-0.015046	0.065417	-0.997745	0.678440	-0.732342	-0.058247	-0.734501	-0.677787	-0.033363	26.558609	-165.114563	1036.680908	
-0.027378	0.138873	-0.989932	0.664397	-0.737385	-0.121820	-0.746878	-0.661043	-0.072079	45.205353	-152.219742	1041.207275	
-0.014478	0.224842	-0.974288	0.648023	-0.739949	-0.180392	-0.761482	-0.633973	-0.134990	53.850517	-138.179642	1044.262573	
0.000273	0.301077	-0.953600	0.623957	-0.745250	-0.235117	-0.781458	-0.594942	-0.188063	70.591461	-123.691719	1041.565186	
0.041090	0.324381	-0.945034	0.591335	-0.770292	-0.238690	-0.805378	-0.549024	-0.223469	77.328300	-115.879517	1035.743408	
0.092463	0.343258	-0.934679	0.562585	-0.792519	-0.235396	-0.821552	-0.504071	-0.266390	91.430603	-107.825310	1037.797241	
0.127934	0.408639	-0.903686	0.571245	-0.775213	-0.269675	-0.810747	-0.481726	-0.332609	102.227013	-98.716095	1018.092468	
0.191284	0.386582	-0.902200	0.498998	-0.829828	-0.249773	-0.845228	-0.402419	-0.351637	112.630798	-82.415268	1017.693604	
0.250694	0.384265	-0.888535	0.449302	-0.859185	-0.244805	-0.857484	-0.337850	-0.388043	116.657524	-67.027267	1025.133423	
0.331942	0.402747	-0.853000	0.422846	-0.871861	-0.247104	-0.843217	-0.278664	-0.459707	120.118378	-52.270954	1023.496277	
0.416283	0.384790	-0.823799	0.393444	-0.893050	-0.218320	-0.819701	-0.233236	-0.523155	124.176315	-45.322243	1012.905762	
0.469770	0.322582	-0.821740	0.365011	-0.918527	-0.151908	-0.803792	-0.228583	-0.549243	124.073318	-30.284847	995.003601	
0.524601	0.325115	-0.786825	0.337830	-0.927828	-0.158135	-0.781450	-0.182856	-0.596574	126.285278	-15.952913	1005.388367	
0.594428	0.274297	-0.755921	0.259789	-0.955125	-0.142293	-0.761029	-0.111797	-0.639012	122.132828	-2.593164	991.307373	
0.634719	0.237559	-0.735321	0.236185	-0.965676	-0.108107	-0.735763	-0.105054	-0.669041	117.561951	3.364889	984.280029	
0.677782	0.147604	-0.720294	0.150916	-0.986713	-0.060190	-0.719607	-0.067908	-0.691053	112.697067	8.545612	971.545227	
0.704040	0.115440	-0.700714	0.122387	-0.991660	-0.040405	-0.699534	-0.057312	-0.712297	104.934456	20.208017	965.596436	
0.741156	0.081757	-0.666335	0.095974	-0.995266	-0.015364	-0.664437	-0.052564	-0.745494	93.956848	25.118227	955.674316	
0.785179	-0.005277	-0.619245	0.022906	-0.999032	0.037558	-0.618844	-0.043675	-0.784299	88.157524	30.668230	953.090698	
0.819151	-0.052324	-0.571186	-0.017056	-0.997612	0.066926	-0.573324	-0.045081	-0.818088	75.227791	39.397484	954.622681	
0.852302	-0.085207	-0.516062	-0.044033	-0.994828	0.091533	-0.521193	-0.055291	-0.851646	69.234604	48.367760	974.942444	
0.868401	-0.140602	-0.475509	-0.061954	-0.982208	0.177282	-0.491976	-0.124493	-0.861662	53.104782	51.561413	970.995667	
0.850254	-0.222436	-0.477063	-0.059129	-0.940950	0.333343	-0.523040	-0.255219	-0.813199	33.257530	53.106098	935.908813	
0.823546	-0.346098	-0.449431	-0.168177	-0.905649	0.389252	-0.541746	-0.244983	-0.804049	14.562925	55.275215	917.447449	
0.783675	-0.458483	-0.419103	-0.241117	-0.846319	0.474980	-0.572465	-0.271177	-0.773788	5.691396	55.571445	898.352234	
0.730866	-0.566907	-0.380067	-0.338995	-0.784833	0.518767	-0.592382	-0.250309	-0.765787	-13.742402	55.815895	885.674011	
0.658749	-0.669714	-0.342829	-0.387837	-0.692738	0.608026	-0.644695	-0.267575	-0.716081	-33.453300	55.262554	883.594360	
0.568689	-0.756402	-0.323187	-0.410619	-0.601508	0.685259	-0.712730	-0.256993	-0.652664	-53.410522	54.453911	881.702576	
0.460699	-0.833554	-0.304867	-0.424719	-0.508653	0.748923	-0.779339	-0.215545	-0.588363	-72.530304	50.648239	875.975647	
0.407995	-0.870257	-0.276032	-0.418754	-0.447038	0.790444	-0.811286	-0.206908	-0.546813	-81.428993	45.472771	868.108765	
0.353711	-0.903815	-0.240848	-0.367313	-0.371027	0.852889	-0.860215	-0.213210	-0.463220	-90.941803	40.404263	857.092773	
0.254088	-0.950107	-0.180933	-0.351559	-0.265004	0.897875	-0.901025	-0.164531	-0.401353	-105.879745	35.967869	819.544800	
0.116505	-0.976125	-0.183320	-0.288742	-0.209893	0.934116	-0.950292	-0.055897	-0.306302	-121.233475	32.475029	812.689331	
-0.028743	-0.983999	-0.175839	-0.213841	-0.165786	0.962698	-0.976446	0.065272	-0.205654	-135.052322	27.664318	807.464844	
-0.122857	-0.978284	-0.166934	-0.131493	-0.150679	0.979799	-0.983675	0.142325	-0.110126	-148.215149	22.229824	797.623657	
-0.248122	-0.958235	-0.142199	-0.026527	-0.140013	0.989794	-0.968365	0.249361	0.009321	-153.193375	15.870121	781.162720	
-0.313107	-0.941131	-0.127420	0.073024	-0.157626	0.984795	-0.946906	0.299042	0.118079	-161.129929	8.844970	773.176453	
-0.369829	-0.922459	-0.110883	0.126328	-0.168161	0.977631	-0.920471	0.347549	0.178723	-166.387665	1.264747	764.871887	
-0.493061	-0.864811	-0.094832	0.210742	-0.224480	0.951418	-0.844084	0.449122	0.292934	-171.639130	-13.158649	746.664734	
-0.547047	-0.832912	-0.083655	0.297034	-0.286571	0.910850	-0.782631	0.473429	0.404171	-173.373566	-26.747168	734.107849	
-0.650630	-0.756821	-0.062471	0.310625	-0.340300	0.887529	-0.692960	0.558048	0.456497	-173.022247	-34.848656	728.779968	
-0.694889	-0.717112	-0.053658	0.330173	-0.384447	0.862083	-0.638838	0.581335	0.503919	-171.315933	-42.334660	723.747925	
-0.783180	-0.620812	-0.034952	0.347571	-0.483698	0.803263	-0.515581	0.616951	0.594599	-169.711029	-49.588734	717.267883	
-0.860288	-0.509132	-0.026276	0.308291	-0.560588	0.768569	-0.406032	0.653090	0.639228	-163.681992	-65.307182	706.529846	
-0.922487	-0.385540	-0.019435	0.253115	-0.642109	0.723622	-0.291464	0.662613	0.689923	-160.733521	-73.743988	691.576233	
-0.966239	-0.257272	-0.013910	0.190820	-0.750853	0.632303	-0.173117	0.608302	0.774596	-156.156662	-89.334305	686.232727	
-0.980841	-0.194629	-0.008418	0.159025	-0.824876	0.542485	-0.112526	0.530753	0.840023	-144.041214	-97.240250	674.686584	
-0.988667	-0.148804	-0.019861	0.123801	-0.882982	0.452789	-0.084913	0.445199	0.891397	-130.685867	-111.555656	667.557190	
-0.999925	-0.000805	-0.012227	-0.004018	-0.921132	0.389229	-0.011575	0.389249	0.921060	-116.815979	-116.905296	651.739441	
-0.989016	0.147515	0.009311	-0.142627	-0.968981	0.201825	0.038795	0.198280	0.979378	-108.056396	-126.807724	656.646729	
-0.976462	0.215051	0.016570	-0.211035	-0.968441	0.132618	0.044567	0.126000	0.991029	-89.747345	-133.925049	644.733765	
-0.959418	0.281109	0.022237	-0.278980	-0.957718	0.070331	0.041068	0.061273	0.997276	-80.910797	-140.162064	631.927551	
-0.911590	0.409130	0.040201	-0.409280	-0.912397	0.004809	0.038648	-0.012069	0.999180	-71.525200	-145.598526	622.141846	
-0.879667	0.473353	0.046085	-0.475197	-0.870861	-0.125659	-0.019347	-0.132438	0.991003	-62.038113	-156.498291	608.640625	
-0.846253	0.528929	0.063954	-0.526324	-0.811317	-0.254460	-0.082704	-0.248997	0.964967	-52.602936	-160.971024	598.658508	
-0.763355	0.643295	0.058824	-0.628642	-0.718827	-0.296813	-0.148653	-0.263553	0.953123	-32.795944	-170.948410	596.336914	
-0.665414	0.746141	0.022317	-0.688351	-0.601761	-0.405041	-0.288787	-0.284882	0.914027	-23.130537	-175.478302	598.818726	
-0.556486	0.830459	0.025704	-0.714474	-0.462516	-0.524983	-0.424088	-0.310511	0.850725	-4.085103	-181.956268	590.104309	
-0.435832	0.899947	0.012110	-0.735592	-0.348420	-0.580956	-0.518609	-0.262107	0.813845	14.200643	-187.736725	586.960083	
-0.310506	0.950234	0.025340	-0.743386	-0.226128	-0.629480	-0.592423	-0.214295	0.776603	23.132067	-193.018555	580.609375	
-0.177403	0.983838	0.024319	-0.673837	-0.103420	-0.731607	-0.717267	-0.146176	0.681293	30.961500	-193.812378	574.796875	
-0.038021	0.998895	0.027634	-0.584062	0.000224	-0.811710	-0.810819	-0.047002	0.583406	46.018742	-195.861359	576.228577	
0.089282	0.995453	0.033198	-0.480252	0.072226	-0.874153	-0.872575	0.062103	0.484515	52.723381	-199.379425	584.181274	
0.148790	0.988498	0.027091	-0.388895	0.083681	-0.917474	-0.909188	0.125976	0.396871	63.612972	-197.337708	581.526489	
0.213144	0.976935	0.012964	-0.314622	0.081192	-0.945739	-0.924978	0.197500	0.324669	68.169907	-196.294159	580.977112	
0.307750	0.951064	-0.027684	-0.228560	0.045651	-0.972459	-0.923608	0.305602	0.231423	73.934029	-197.994385	583.272583	
0.393450	0.917280	-0.061602	-0.198826	0.019479	-0.979841	-0.897589	0.397767	0.190042	80.516289	-195.170242	582.219238	
0.590967	0.799089	-0.110524	-0.102131	-0.061794	-0.992850	-0.800205	0.598029	0.045093	85.521637	-192.921951	577.276428	
0.630534	0.769908	-0.098330	0.013620	-0.137645	-0.990388	-0.776043	0.623133	-0.097277	85.779770	-186.454437	581.353394	
0.673057	0.733353	-0.095853	0.060019	-0.183336	-0.981216	-0.737152	0.654661	-0.167412	84.355286	-180.800797	577.823425	
0.686442	0.719767	-0.103599	0.097991	-0.232726	-0.967593	-0.720552	0.654045	-0.230284	77.661346	-169.654419	573.615601	
0.779573	0.617060	-0.107248	0.144323	-0.343618	-0.927953	-0.609456	0.707929	-0.356932	71.538849	-163.819458	573.640259	
0.813950	0.570580	-0.109191	0.198665	-0.450018	-0.870641	-0.545910	0.686966	-0.479647	66.990364	-157.655365	572.042297	
0.840313	0.524665	-0.136383	0.193064	-0.524731	-0.829085	-0.506557	0.670361	-0.542233	61.545578	-150.870224	572.149292	
0.874947	0.457700	-0.158045	0.197592	-0.635464	-0.746420	-0.442069	0.621850	-0.646435	56.004276	-138.420135	573.731873	
0.928192	0.333163	-0.165715	0.143442	-0.731299	-0.666802	-0.343342	0.595150	-0.726576	43.414772	-130.764542	574.576111	
0.943183	0.276054	-0.184931	0.107518	-0.780182	-0.616244	-0.314398	0.561347	-0.765534	28.453075	-124.306442	580.249207	
0.953884	0.213754	-0.210743	0.088595	-0.871281	-0.482721	-0.286802	0.441789	-0.850039	19.761330	-118.759254	592.704285	
0.966779	0.091380	-0.238719	-0.029879	-0.887112	-0.460586	-0.253860	0.452418	-0.854911	2.961762	-109.890671	595.002441	
0.965371	0.000005	-0.260879	-0.099046	-0.925118	-0.366533	-0.241347	0.379679	-0.893082	-15.781256	-97.442894	608.904175	
0.951674	-0.129796	-0.278334	-0.199456	-0.950367	-0.238790	-0.233526	0.282765	-0.930327	-35.380070	-90.012466	617.068481	
0.915033	-0.254791	-0.312723	-0.300182	-0.947977	-0.105974	-0.269454	0.190843	-0.943913	-45.407635	-75.147194	624.954834	
0.856159	-0.369242	-0.361457	-0.385464	-0.922263	0.029102	-0.344106	0.114412	-0.931934	-55.381355	-67.461212	630.589966	
0.825954	-0.431646	-0.362602	-0.428756	-0.898612	0.093074	-0.366015	0.078594	-0.927284	-75.416519	-54.284374	651.014099	
0.737210	-0.524331	-0.426143	-0.488859	-0.849297	0.199276	-0.466410	0.061415	-0.882434	-95.356033	-46.028160	650.713318	
0.643401	-0.609015	-0.463828	-0.558651	-0.787782	0.259437	-0.523398	0.092196	-0.847086	-115.152084	-39.586277	666.846863	
0.584622	-0.633023	-0.507443	-0.529619	-0.771585	0.352361	-0.614590	0.062753	-0.786347	-134.126297	-33.455765	682.376160	
0.522484	-0.656215	-0.544418	-0.475338	-0.754249	0.452947	-0.707859	0.022125	-0.706008	-142.962814	-20.721109	687.097839	
0.409776	-0.699595	-0.585363	-0.519784	-0.706421	0.480408	-0.749606	0.107403	-0.653113	-151.266144	-7.290840	693.435303	
0.301843	-0.736138	-0.605798	-0.550728	-0.653324	0.519485	-0.778197	0.176827	-0.602614	-158.508484	-1.930120	704.289551	
0.183777	-0.763734	-0.618819	-0.530882	-0.606947	0.591420	-0.827279	0.219830	-0.516996	-173.603775	3.358618	718.176392	
0.114732	-0.743887	-0.658383	-0.449561	-0.629889	0.633351	-0.885851	0.223318	-0.406692	-185.748459	9.136288	733.440125	
-0.001421	-0.717702	-0.696348	-0.472436	-0.613255	0.633025	-0.881364	0.329880	-0.338198	-191.704330	19.047493	741.670044	
-0.102026	-0.683600	-0.722690	-0.439397	-0.620803	0.649256	-0.892481	0.383789	-0.237034	-196.836273	23.611746	749.399658	
-0.158972	-0.633402	-0.757317	-0.439815	-0.641318	0.628707	-0.883907	0.433026	-0.176629	-202.051468	30.488691	773.927979	
-0.204971	-0.601354	-0.772243	-0.431176	-0.652833	0.622812	-0.878677	0.460632	-0.125478	-204.433380	37.411945	782.024902	
-0.245642	-0.574615	-0.780690	-0.359570	-0.693898	0.623869	-0.900206	0.433961	-0.036164	-206.903107	39.682606	805.867188	
-0.331025	-0.503587	-0.798011	-0.343851	-0.723170	0.598991	-0.878743	0.472678	0.066228	-209.892380	42.171112	824.941589	
-0.352386	-0.470088	-0.809222	-0.336972	-0.742954	0.578331	-0.873083	0.476481	0.103400	-206.427353	44.237507	845.334839	
-0.290490	-0.445819	-0.846676	-0.286623	-0.803663	0.521509	-0.912942	0.394170	0.105674	-188.669006	42.494301	807.763977	
-0.290490	-0.445819	-0.846676	-0.286623	-0.803663	0.521509	-0.912942	0.394170	0.105674	-188.669006	42.494301	807.763977	
-0.290490	-0.445819	-0.846676	-0.286623	-0.803663	0.521509	-0.912942	0.394170	0.105674	-188.669006	42.494301	807.763977	
-0.290490	-0.445819	-0.846676	-0.286623	-0.803663	0.521509	-0.912942	0.394170	0.105674	-188.669006	42.494301	807.763977	
-0.292599	-0.233191	-0.927366	-0.267117	-0.911271	0.313423	-0.918169	0.339423	0.204347	-161.325394	39.276165	866.210083	
-0.333329	-0.171389	-0.927102	-0.303294	-0.911576	0.277565	-0.892696	0.373705	0.251873	-153.492905	40.506584	920.672058	
-0.244721	-0.116244	-0.962600	-0.336694	-0.920819	0.196796	-0.909257	0.372262	0.186205	-137.164993	31.236799	892.781982	
-0.244721	-0.116244	-0.962600	-0.336694	-0.920819	0.196796	-0.909257	0.372262	0.186205	-137.164993	31.236799	892.781982	
-0.244721	-0.116244	-0.962600	-0.336694	-0.920819	0.196796	-0.909257	0.372262	0.186205	-137.164993	31.236799	892.781982	
-0.175310	-0.047046	-0.983388	-0.220685	-0.971562	0.085822	-0.959460	0.232064	0.159943	-82.946411	15.852477	928.951599	
-0.098312	-0.010054	-0.995105	-0.221161	-0.974722	0.031698	-0.970269	0.223195	0.093603	-62.448200	4.534850	936.427002	
-0.098312	-0.010054	-0.995105	-0.221161	-0.974722	0.031698	-0.970269	0.223195	0.093603	-62.448200	4.534850	936.427002	
-0.098312	-0.010054	-0.995105	-0.221161	-0.974722	0.031698	-0.970269	0.223195	0.093603	-62.448200	4.534850	936.427002	
0.081874	-0.013894	-0.996546	-0.220492	-0.975378	-0.004516	-0.971946	0.220100	-0.082922	-21.324644	-15.982066	951.560974	
0.154385	-0.044179	-0.987023	-0.280412	-0.959879	-0.000896	-0.947383	0.276910	-0.160580	-1.449499	-21.024334	961.574280	
0.215621	-0.100215	-0.971321	-0.351016	-0.936183	0.018669	-0.911205	0.336923	-0.237038	18.040394	-27.888405	976.134155	
0.262316	-0.168193	-0.950212	-0.423696	-0.904774	0.043185	-0.866990	0.391272	-0.308600	27.009712	-34.872101	979.697266	
0.284685	-0.201556	-0.937193	-0.368367	-0.925585	0.087164	-0.885019	0.320416	-0.337747	35.524136	-48.524536	987.821228	
0.323077	-0.260761	-0.909739	-0.315770	-0.935903	0.156121	-0.892137	0.236829	-0.384710	51.581970	-62.027023	992.500977	
0.328618	-0.305143	-0.893811	-0.261402	-0.938785	0.224390	-0.907567	0.159904	-0.388267	65.359795	-68.707870	1002.119507	
0.306917	-0.378740	-0.873131	-0.330802	-0.902661	0.275268	-0.892396	0.204349	-0.402330	78.240807	-83.715462	1004.462769	
0.284098	-0.479379	-0.830351	-0.399294	-0.846517	0.352097	-0.871695	0.231524	-0.431908	88.436897	-91.383041	1009.896179	
0.229418	-0.543653	-0.807347	-0.400330	-0.808767	0.430851	-0.887188	0.224360	-0.403187	93.575165	-105.506950	1013.352966	
0.161533	-0.602224	-0.781813	-0.453817	-0.748814	0.483041	-0.876331	0.276773	-0.394259	96.879250	-113.232353	1016.770264	
0.128454	-0.677529	-0.724191	-0.450960	-0.690281	0.565815	-0.883251	0.253900	-0.394209	99.395912	-120.177795	1016.791260	
0.086759	-0.712713	-0.696069	-0.439350	-0.654460	0.615349	-0.894116	0.252430	-0.369911	101.677078	-134.234634	1024.224243	
-0.010694	-0.753400	-0.657475	-0.455684	-0.581599	0.673866	-0.890077	0.306806	-0.337093	102.243240	-147.505295	1027.202515	
-0.115267	-0.783578	-0.610507	-0.472789	-0.497246	0.727473	-0.873603	0.372495	-0.313152	102.033554	-154.696503	1033.596924	
-0.181647	-0.802756	-0.567968	-0.394931	-0.469397	0.789744	-0.900574	0.367762	-0.231769	102.214424	-169.943573	1052.067505	
-0.241731	-0.810238	-0.533930	-0.351374	-0.439814	0.826499	-0.904490	0.387399	-0.178380	95.213516	-180.932175	1050.050049	
-0.375746	-0.806456	-0.456556	-0.328139	-0.344959	0.879391	-0.866683	0.480241	-0.135013	90.416443	-187.446411	1051.467407	
-0.463699	-0.780015	-0.420191	-0.224462	-0.355364	0.907377	-0.857088	0.515066	-0.010302	80.279343	-195.617294	1064.131836	
-0.573200	-0.731183	-0.369883	-0.122686	-0.369729	0.921004	-0.810178	0.573299	0.122223	66.491844	-199.276184	1056.372559	
-0.671181	-0.689500	-0.272225	-0.001482	-0.365980	0.930622	-0.741291	0.625018	0.244616	59.144089	-199.673416	1036.865967	
-0.764840	-0.619800	-0.175695	0.072863	-0.354201	0.932326	-0.640086	0.700278	0.316068	50.041267	-205.872177	1030.421143	
-0.838195	-0.538797	-0.084421	0.140494	-0.362896	0.921177	-0.526963	0.760265	0.379876	41.743427	-207.629608	1021.514893	
-0.918779	-0.393733	0.028625	0.214797	-0.437759	0.873057	-0.331219	0.808295	0.486777	30.940596	-212.403519	1017.422729	
-0.956430	-0.278522	0.087555	0.232524	-0.545317	0.805333	-0.176556	0.790604	0.586321	10.677259	-210.680176	995.392334	
-0.970370	-0.186136	0.154056	0.236417	-0.599865	0.764374	-0.049864	0.778148	0.626098	-0.519135	-210.147156	985.330566	
-0.966570	-0.182547	0.180048	0.256245	-0.663450	0.702973	-0.008872	0.725610	0.688049	-17.346951	-213.623123	992.208984	
-0.964828	-0.132135	0.227258	0.250736	-0.722282	0.644547	0.078978	0.678859	0.730009	-26.865332	-213.412064	992.455872	
-0.940966	-0.056304	0.333784	0.250969	-0.777737	0.576314	0.227149	0.626062	0.745956	-46.955986	-213.048004	988.395569	
-0.902504	0.059429	0.426560	0.162717	-0.869971	0.465481	0.398758	0.489508	0.775483	-56.799999	-211.946045	982.222473	
-0.839666	0.160645	0.518798	0.069424	-0.915667	0.395897	0.538645	0.368440	0.757703	-67.129936	-208.135178	975.794495	
-0.782320	0.258771	0.566578	-0.111488	-0.953102	0.281367	0.612816	0.156954	0.774482	-77.210243	-206.272308	964.092041	
-0.723168	0.330198	0.606627	-0.294283	-0.941909	0.161880	0.624840	-0.061452	0.778331	-93.544395	-200.483246	960.850891	
-0.667940	0.359276	0.651748	-0.379545	-0.917753	0.116937	0.640156	-0.169259	0.749368	-102.562233	-197.181839	948.959839	
-0.586983	0.429083	0.686540	-0.530271	-0.844552	0.074463	0.611769	-0.320343	0.723269	-111.177132	-193.275620	942.995178	
-0.470833	0.448024	0.759993	-0.689159	-0.724610	0.000214	0.550794	-0.523655	0.649932	-122.758888	-182.407684	925.383240	
-0.364701	0.454668	0.812570	-0.792532	-0.609656	-0.014579	0.488759	-0.649304	0.582682	-128.457184	-168.648376	908.818848	
-0.286101	0.463043	0.838891	-0.919061	-0.380269	-0.103547	0.271056	-0.800616	0.534361	-134.826172	-161.149399	910.050476	
-0.256688	0.503860	0.824765	-0.963059	-0.205222	-0.174358	0.081407	-0.839052	0.537925	-144.867035	-150.000168	900.371277	
-0.218249	0.543764	0.810363	-0.974301	-0.168809	-0.149130	0.055704	-0.822086	0.566632	-152.014938	-131.885544	885.143433	
-0.203224	0.582717	0.786855	-0.976971	-0.174030	-0.123447	0.065001	-0.793823	0.604665	-161.436249	-113.625153	880.738342	
-0.206208	0.629494	0.749143	-0.971796	-0.221260	-0.081576	0.114403	-0.744836	0.657367	-173.813583	-97.361893	897.212952	
-0.026509	0.125781	0.991704	-0.880230	0.467269	-0.082795	-0.473806	-0.875122	0.098329	-145.270996	-102.653000	872.351990	
-0.026509	0.125781	0.991704	-0.880230	0.467269	-0.082795	-0.473806	-0.875122	0.098329	-145.270996	-102.653000	872.351990	
-0.026509	0.125781	0.991704	-0.880230	0.467269	-0.082795	-0.473806	-0.875122	0.098329	-145.270996	-102.653000	872.351990	
-0.001532	-0.099461	0.995040	-0.520618	0.849635	0.084125	-0.853787	-0.517908	-0.053083	-128.582397	-72.723640	821.656067	
-0.031178	-0.223389	0.974231	-0.386458	0.901595	0.194365	-0.921779	-0.370439	-0.114441	-119.722870	-66.119728	820.030457	
-0.059503	-0.287306	0.955989	-0.292717	0.920608	0.258453	-0.954345	-0.264455	-0.138879	-113.305641	-57.732414	819.209106	
-0.106124	-0.386623	0.916112	-0.159520	0.916001	0.368097	-0.981473	-0.107074	-0.158884	-106.280586	-41.214283	801.272522	
-0.155081	-0.430224	0.889302	-0.053839	0.902535	0.427237	-0.986433	0.018378	-0.163129	-99.442223	-27.360909	796.772400	
-0.185718	-0.466798	0.864644	0.094532	0.867383	0.488581	-0.978045	0.172475	-0.116961	-80.835205	-12.228462	764.544250	
-0.261061	-0.488139	0.832807	0.278267	0.788049	0.549133	-0.924345	0.375101	-0.069896	-71.991776	-6.148633	758.953003	
-0.311306	-0.519685	0.795623	0.349212	0.716090	0.604372	-0.883821	0.465987	-0.041444	-62.693562	1.101753	746.600647	
-0.369838	-0.541625	0.754892	0.456137	0.601994	0.655394	-0.809419	0.586724	0.024415	-52.135517	7.612805	731.434753	
-0.424633	-0.561897	0.709901	0.501091	0.507196	0.701184	-0.754052	0.653471	0.066189	-32.332993	19.335506	716.510254	
-0.524527	-0.574786	0.628087	0.544185	0.341013	0.766533	-0.654778	0.743863	0.133919	-23.541187	28.971649	712.620422	
-0.640174	-0.536981	0.549389	0.568493	0.149869	0.808921	-0.516712	0.830175	0.209328	-17.039816	34.580475	705.154541	
-0.768939	-0.292175	0.568654	0.567918	0.096312	0.817430	-0.293601	0.951504	0.091873	-14.651400	36.270493	682.830688	
-0.841335	-0.087045	0.533459	0.522728	0.120060	0.844003	-0.137513	0.988944	-0.055510	-13.624538	34.530857	647.276794	
-0.828275	-0.443239	0.342782	0.508526	-0.337745	0.792041	-0.235290	0.830342	0.505144	17.675600	51.304699	679.377014	
-0.828275	-0.443239	0.342782	0.508526	-0.337745	0.792041	-0.235290	0.830342	0.505144	17.675600	51.304699	679.377014	
-0.828275	-0.443239	0.342782	0.508526	-0.337745	0.792041	-0.235290	0.830342	0.505144	17.675600	51.304699	679.377014	
-0.978384	-0.203982	0.033996	0.175892	-0.734401	0.655528	-0.108749	0.647337	0.754405	58.542000	58.236244	646.110046	
-0.989799	-0.140915	-0.020988	0.097247	-0.775908	0.623305	-0.104118	0.614905	0.781697	71.801102	59.433105	641.257385	
-0.992247	-0.090294	-0.085390	0.022916	-0.808254	0.588387	-0.122145	0.581869	0.804058	82.917542	59.626583	632.534424	
-0.987615	0.011273	-0.156488	-0.089407	-0.860059	0.502299	-0.128927	0.510070	0.850416	92.393547	58.543137	625.147766	
-0.970875	0.058028	-0.232451	-0.159552	-0.880378	0.446627	-0.178728	0.470708	0.863997	96.735252	57.256107	617.047729	
-0.940928	0.159487	-0.298692	-0.273740	-0.877495	0.393786	-0.199297	0.452289	0.869319	99.591599	53.716068	606.480896	
-0.895684	0.250028	-0.367743	-0.379594	-0.860649	0.339397	-0.231639	0.443586	0.865780	101.047852	51.216976	602.029236	
-0.853205	0.283100	-0.438058	-0.419164	-0.871982	0.252877	-0.310390	0.399375	0.862646	102.203682	45.587467	598.399597	
-0.806263	0.312782	-0.502102	-0.460774	-0.864349	0.201459	-0.370978	0.393785	0.841017	100.639664	38.540489	590.798279	
-0.725011	0.333714	-0.602489	-0.490633	-0.864170	0.111750	-0.483360	0.376622	0.790266	97.384567	29.537018	591.372864	
-0.647796	0.386123	-0.656711	-0.561632	-0.824484	0.069240	-0.514712	0.413684	0.750957	94.221634	20.317554	587.656250	
-0.526099	0.390556	-0.755437	-0.623169	-0.781513	0.029948	-0.578687	0.486521	0.654537	86.012619	14.800488	582.754944	
-0.405582	0.379992	-0.831330	-0.683372	-0.730069	-0.000309	-0.607046	0.567982	0.555780	76.292770	8.946810	580.447205	
-0.348336	0.364154	-0.863744	-0.669850	-0.741284	-0.042385	-0.655714	0.563815	0.502146	64.737358	1.697251	580.164490	
-0.294618	0.345892	-0.890819	-0.644154	-0.760461	-0.082237	-0.705878	0.549596	0.446855	50.706966	-5.786034	578.125305	
-0.217062	0.321194	-0.921802	-0.659509	-0.744453	-0.104100	-0.719674	0.585341	0.373424	34.574154	-19.309765	577.548279	
-0.127086	0.202784	-0.970942	-0.630920	-0.771853	-0.078624	-0.765368	0.602595	0.226033	27.328409	-27.511341	578.030945	
-0.048276	0.084441	-0.995259	-0.593953	-0.803536	-0.039365	-0.803049	0.589236	0.088946	9.951862	-32.663193	568.325500	
0.013621	-0.022401	-0.999657	-0.618766	-0.785521	0.009171	-0.785457	0.618428	-0.024560	-0.507441	-44.623928	580.152832	
0.040297	-0.088550	-0.995257	-0.611534	-0.789907	0.045518	-0.790191	0.606799	-0.085982	-21.291574	-61.223568	583.525879	
0.074210	-0.210253	-0.974827	-0.619781	-0.775532	0.120086	-0.781257	0.595268	-0.187863	-41.904190	-69.387810	586.200745	
0.062707	-0.272917	-0.959993	-0.659901	-0.732951	0.165265	-0.748731	0.623136	-0.226059	-63.283012	-84.517754	585.476868	
0.050961	-0.400115	-0.915048	-0.697655	-0.669874	0.254056	-0.714618	0.625440	-0.313279	-84.347092	-98.840378	587.107666	
0.020069	-0.521021	-0.853309	-0.711924	-0.606684	0.353691	-0.701969	0.600392	-0.383103	-94.445816	-106.371101	587.625366	
-0.024305	-0.636221	-0.771125	-0.694917	-0.543765	0.470541	-0.718679	0.547303	-0.428905	-103.864853	-113.121078	589.490601	
-0.038029	-0.690465	-0.722366	-0.619270	-0.551055	0.559323	-0.784256	0.468609	-0.406628	-120.530899	-116.697716	587.179382	
-0.090066	-0.780170	-0.619050	-0.555786	-0.476412	0.681273	-0.826431	0.405418	-0.390699	-126.504875	-126.318443	586.293640	
-0.142298	-0.812368	-0.565517	-0.521684	-0.423984	0.740326	-0.841187	0.400367	-0.363468	-139.094604	-136.155136	584.842834	
-0.232709	-0.807907	-0.541418	-0.503197	-0.376371	0.777906	-0.832249	0.453465	-0.318951	-142.687851	-146.054016	575.755371	
-0.364851	-0.851867	-0.375774	-0.502580	-0.159556	0.849679	-0.783771	0.498863	-0.369917	-170.723007	-171.658997	614.528015	
-0.364851	-0.851867	-0.375774	-0.502580	-0.159556	0.849679	-0.783771	0.498863	-0.369917	-170.723007	-171.658997	614.528015	
-0.364851	-0.851867	-0.375774	-0.502580	-0.159556	0.849679	-0.783771	0.498863	-0.369917	-170.723007	-171.658997	614.528015	
-0.364851	-0.851867	-0.375774	-0.502580	-0.159556	0.849679	-0.783771	0.498863	-0.369917	-170.723007	-171.658997	614.528015	
-0.364851	-0.851867	-0.375774	-0.502580	-0.159556	0.849679	-0.783771	0.498863	-0.369917	-170.723007	-171.658997	614.528015	
-0.642311	-0.707800	0.294034	0.061147	0.335088	0.940201	-0.764001	0.621881	-0.171951	-204.393097	-199.588577	654.559021	
-0.668905	-0.616282	0.415647	0.233887	0.356269	0.904638	-0.705594	0.702332	-0.094170	-204.669205	-205.551422	657.551697	
-0.660419	-0.517350	0.544239	0.388851	0.384406	0.837274	-0.642372	0.764579	-0.052697	-203.327606	-209.619263	670.539978	
-0.616022	-0.432104	0.658638	0.534513	0.384886	0.752435	-0.578630	0.815567	-0.006133	-202.986847	-212.600372	683.137817	
-0.612900	-0.352266	0.707292	0.638039	0.307392	0.705985	-0.466111	0.883979	0.036359	-200.662292	-214.464966	693.367188	
-0.567669	-0.219851	0.793359	0.761797	0.225075	0.607458	-0.312114	0.949214	0.039714	-196.093140	-213.834991	704.067871	
-0.458720	-0.122499	0.880097	0.854232	0.211924	0.474736	-0.244668	0.969579	0.007430	-191.738922	-214.695419	719.748474	
-0.410035	-0.056026	0.910348	0.894757	0.168842	0.413403	-0.176866	0.984050	-0.019101	-187.526138	-212.586151	731.054260	
-0.281183	0.031217	0.959146	0.953295	0.123957	0.275433	-0.110295	0.991797	-0.064614	-172.878876	-210.482712	733.687256	
-0.145560	0.106928	0.983554	0.985452	0.103825	0.134553	-0.087730	0.988831	-0.120485	-158.239136	-207.520828	746.494934	
-0.009316	0.181417	0.983362	0.997145	0.075385	-0.004462	-0.074940	0.980513	-0.181601	-143.941223	-206.131378	757.661255	
0.138943	0.258018	0.956097	0.983122	0.080100	-0.164487	-0.119024	0.962814	-0.242534	-129.094345	-209.126434	764.026611	
0.207753	0.290320	0.934106	0.973073	0.036130	-0.227649	-0.099840	0.956248	-0.274996	-121.598701	-205.546799	772.004639	
0.324156	0.371312	0.870087	0.939098	-0.015371	-0.343307	-0.114100	0.928381	-0.353681	-117.257713	-199.833923	815.216919	
0.431566	0.470735	0.769519	0.883819	-0.049865	-0.465165	-0.180598	0.880865	-0.437564	-104.704475	-195.017212	849.955627	
0.555555	0.469209	0.686441	0.819713	-0.170667	-0.546758	-0.139391	0.866439	-0.479431	-96.208397	-186.676331	877.412720	
0.621117	0.566099	0.541983	0.724190	-0.150199	-0.673045	-0.299605	0.810539	-0.503254	-83.195992	-175.661301	876.318359	
0.630960	0.631822	0.450213	0.664071	-0.139800	-0.734484	-0.401122	0.762403	-0.507782	-65.801689	-168.644180	884.547668	
0.785486	-0.249371	0.566415	0.331265	-0.603663	-0.725159	0.522757	0.757235	-0.391560	-6.118460	-131.516998	882.953979	
0.785486	-0.249371	0.566415	0.331265	-0.603663	-0.725159	0.522757	0.757235	-0.391560	-6.118460	-131.516998	882.953979	
0.785486	-0.249371	0.566415	0.331265	-0.603663	-0.725159	0.522757	0.757235	-0.391560	-6.118460	-131.516998	882.953979	
0.867296	-0.425738	0.257960	-0.051311	-0.591906	-0.804372	0.495141	0.684392	-0.535203	21.378708	-95.708313	901.292358	
0.875733	-0.466495	0.124392	-0.177159	-0.550173	-0.816042	0.449118	0.692597	-0.564448	29.000431	-80.557968	906.246643	
0.844662	-0.532398	0.055652	-0.267367	-0.509667	-0.817774	0.463746	0.675863	-0.572842	35.880909	-65.749466	916.781799	
0.806392	-0.591311	-0.009151	-0.353490	-0.469545	-0.809057	0.474108	0.655651	-0.587659	42.329098	-51.649944	932.466858	
0.765387	-0.638085	-0.083842	-0.438817	-0.422133	-0.793248	0.470768	0.643934	-0.603098	52.784302	-44.819386	951.996460	
0.725945	-0.651919	-0.219099	-0.539681	-0.342497	-0.769051	0.426320	0.676533	-0.600462	61.097382	-31.058292	957.839478	
0.689762	-0.665469	-0.285269	-0.601125	-0.306730	-0.737947	0.403581	0.680490	-0.611600	64.086067	-17.725052	965.272339	
0.632550	-0.688389	-0.354967	-0.657530	-0.235085	-0.715814	0.409312	0.686189	-0.601339	65.814529	-3.040693	972.215515	
0.591404	-0.689485	-0.418152	-0.700678	-0.182735	-0.689679	0.399113	0.700869	-0.591177	67.812752	9.714792	985.340149	
0.550874	-0.684806	-0.477051	-0.742143	-0.140460	-0.655358	0.381788	0.715060	-0.585600	67.398102	21.794392	990.477112	
0.510193	-0.671167	-0.537808	-0.776594	-0.090779	-0.623427	0.369603	0.735727	-0.567538	65.546410	27.552208	999.589294	
0.465041	-0.658957	-0.591195	-0.807930	-0.042896	-0.587715	0.361920	0.750956	-0.552339	62.440964	38.600567	1012.257263	
0.398632	-0.599470	-0.694066	-0.852761	0.036204	-0.521046	0.337480	0.799578	-0.496772	55.162899	50.153297	1017.644226	
0.359779	-0.566174	-0.741623	-0.874674	0.072047	-0.479327	0.324815	0.821131	-0.469296	50.061993	61.007095	1025.338379	
0.316171	-0.530066	-0.786807	-0.890291	0.120740	-0.439096	0.327749	0.839316	-0.433738	39.140579	69.535049	1030.427002	
0.253544	-0.509473	-0.822285	-0.897198	0.193907	-0.396783	0.361598	0.838354	-0.407933	25.033298	77.602844	1036.777832	
0.199023	-0.468259	-0.860885	-0.901584	0.256822	-0.348124	0.384107	0.845444	-0.371060	16.935402	85.679550	1040.733276	
0.158706	-0.413598	-0.896520	-0.903516	0.305275	-0.300778	0.398087	0.857755	-0.325243	1.968107	89.009659	1045.184692	
0.097788	-0.323319	-0.941223	-0.898077	0.378853	-0.223445	0.428831	0.867141	-0.253318	-16.538214	92.893272	1058.908447	
0.068068	-0.273376	-0.959495	-0.889866	0.418222	-0.182286	0.451116	0.866230	-0.214800	-34.709141	94.206543	1058.592285	
0.036500	-0.152469	-0.987634	-0.887806	0.448753	-0.102088	0.458770	0.880552	-0.118982	-45.137520	96.375366	1065.165039	
0.017281	-0.087221	-0.996038	-0.874398	0.481807	-0.057361	0.484903	0.871925	-0.067939	-55.274231	97.758247	1068.120239	
-0.005603	0.017709	-0.999827	-0.859096	0.511627	0.013876	0.511785	0.859025	0.012348	-65.780609	98.750053	1074.668945	
-0.018797	0.153716	-0.987936	-0.848552	0.520132	0.097074	0.528780	0.840139	0.120659	-87.218338	98.158295	1077.084473	
-0.013215	0.225291	-0.974201	-0.821675	0.552753	0.138975	0.569804	0.802313	0.177811	-98.042816	96.397545	1076.441650	
-0.005308	0.355522	-0.934652	-0.805476	0.552375	0.214687	0.592605	0.753979	0.283433	-110.048752	94.926125	1085.693115	
0.002073	0.405419	-0.914128	-0.781049	0.571501	0.251692	0.624467	0.713457	0.317837	-118.857590	89.610649	1080.229370	
0.022642	0.460399	-0.887422	-0.743499	0.601171	0.292921	0.668354	0.653165	0.355918	-127.568466	82.943184	1074.164185	
0.062852	0.507162	-0.859555	-0.700243	0.636092	0.324109	0.711133	0.581526	0.395117	-134.790085	76.513489	1069.993286	
0.098356	0.546675	-0.831547	-0.665995	0.657049	0.353182	0.739444	0.519068	0.428708	-142.356064	68.399086	1067.785156	
0.133652	0.589001	-0.797002	-0.638511	0.666229	0.385284	0.757920	0.457401	0.465126	-149.782959	64.691483	1065.261719	
0.175752	0.629395	-0.756948	-0.609422	0.673428	0.418450	0.773122	0.387757	0.501924	-156.069702	54.735413	1063.399780	
0.204053	0.671048	-0.712780	-0.596372	0.662610	0.453088	0.776340	0.332628	0.535401	-166.718292	43.985844	1061.783691	
0.267443	0.743992	-0.612331	-0.588612	0.629273	0.507494	0.762896	0.224700	0.606217	-177.092453	32.750072	1065.055908	
0.311494	0.802766	-0.508464	-0.581708	0.584200	0.565974	0.751390	0.119480	0.648950	-177.950058	27.250174	1055.893066	
0.325963	0.850491	-0.412809	-0.603393	0.523316	0.601712	0.727782	0.052951	0.683761	-186.558365	20.683514	1060.601318	
0.357620	0.891098	-0.279375	-0.603151	0.448790	0.659392	0.712964	-0.067306	0.697962	-188.102478	14.165455	1044.575806	
0.399662	0.903084	-0.157189	-0.615656	0.391496	0.683885	0.679145	-0.176548	0.712455	-185.835831	7.103825	1036.945312	
0.465356	0.884161	-0.041256	-0.621983	0.359816	0.695464	0.629747	-0.297978	0.717375	-180.414490	0.615068	1018.013855	
0.497179	0.865005	0.067663	-0.638434	0.311912	0.703642	0.587551	-0.393034	0.707325	-176.474487	-12.830336	1007.645264	
0.512430	0.849788	0.123590	-0.643693	0.284850	0.710296	0.568398	-0.443531	0.692967	-173.353104	-20.002399	1000.677795	
0.517484	0.824461	0.229072	-0.675633	0.229401	0.700640	0.525101	-0.517338	0.675743	-164.315262	-34.846581	990.772705	
0.525335	0.799265	0.291888	-0.687947	0.197083	0.698490	0.500753	-0.567744	0.653385	-153.488541	-42.293999	974.697510	
0.545534	0.762720	0.347347	-0.703822	0.191928	0.683958	0.455004	-0.617592	0.641522	-142.268311	-48.818176	963.923279	
0.553191	0.727078	0.406617	-0.725932	0.181287	0.663445	0.408662	-0.662187	0.628094	-135.397903	-63.747540	959.855713	
