0.000000	0.000000	0.000000	0.000000	0.000000	0.000000	0.000000	0.000000	0.000000	0.000000	0.000000	0.000000	
0.973714	-0.127539	0.188717	0.130003	0.991513	-0.000686	-0.187028	0.025201	0.982031	28.008499	7.743220	549.299988	
0.973714	-0.127539	0.188717	0.130003	0.991513	-0.000686	-0.187028	0.025201	0.982031	28.008499	7.743220	549.299988	
0.973714	-0.127539	0.188717	0.130003	0.991513	-0.000686	-0.187028	0.025201	0.982031	28.008499	7.743220	549.299988	
0.973714	-0.127539	0.188717	0.130003	0.991513	-0.000686	-0.187028	0.025201	0.982031	28.008499	7.743220	549.299988	
0.973714	-0.127539	0.188717	0.130003	0.991513	-0.000686	-0.187028	0.025201	0.982031	28.008499	7.743220	549.299988	
0.724605	-0.373043	0.579471	0.462754	0.886451	-0.007988	-0.510693	0.273941	0.814954	76.087029	29.075222	547.867737	
0.721449	-0.358418	0.592492	0.505282	0.857542	-0.096504	-0.473499	0.368999	0.799775	83.419846	30.141859	554.932800	
0.729696	-0.360764	0.580855	0.543093	0.821915	-0.171774	-0.415444	0.440802	0.795676	88.754646	31.275530	556.715820	
0.740301	-0.345384	0.576770	0.551289	0.802896	-0.226802	-0.384753	0.485869	0.784791	98.756523	30.796677	563.210327	
0.746140	-0.343340	0.570432	0.591717	0.734714	-0.331761	-0.305199	0.585076	0.751359	102.422966	29.332899	570.913696	
0.744332	-0.310916	0.591016	0.615528	0.662684	-0.426585	-0.259026	0.681309	0.684635	105.691208	26.881859	576.170898	
0.751666	-0.297620	0.588574	0.631280	0.583099	-0.511353	-0.191009	0.755923	0.626177	108.176300	25.344555	587.441650	
0.742522	-0.212751	0.635135	0.633217	0.532119	-0.562036	-0.218394	0.819504	0.529829	109.135277	20.749878	597.147034	
0.745349	-0.169281	0.644824	0.645408	0.425572	-0.634301	-0.167045	0.888950	0.426455	109.162689	15.216436	599.397644	
0.733386	-0.121625	0.668842	0.660192	0.362088	-0.658057	-0.162144	0.924175	0.345847	107.273674	8.516590	603.445312	
0.706522	-0.061844	0.704982	0.687830	0.294353	-0.663511	-0.166480	0.953694	0.250506	102.909386	4.979969	609.164246	
0.726815	0.002507	0.686828	0.675660	0.177026	-0.715643	-0.123381	0.984203	0.126972	99.147331	-3.482409	612.561096	
0.723776	0.061569	0.687282	0.685255	0.052896	-0.726380	-0.081078	0.996700	-0.003906	94.606148	-13.546148	615.176331	
0.738620	0.075243	0.669909	0.672304	-0.009275	-0.740218	-0.049483	0.997122	-0.057437	84.951797	-23.395220	630.276794	
0.797754	0.040670	0.601609	0.602185	-0.002444	-0.798353	-0.030999	0.999170	-0.026440	73.288651	-25.632267	628.596497	
0.800390	-0.001356	0.599477	0.599399	-0.014560	-0.800319	0.009813	0.999893	-0.010841	62.852886	-30.373823	632.909790	
0.837291	-0.013270	0.546596	0.546037	-0.031037	-0.837187	0.028073	0.999430	-0.018741	53.353363	-40.367210	642.309753	
0.878873	-0.027756	0.476246	0.475233	-0.036252	-0.879114	0.041665	0.998957	-0.018670	42.174854	-45.604118	656.498047	
0.935676	-0.054842	0.348570	0.345292	-0.061186	-0.936499	0.072686	0.996619	-0.038314	32.595737	-58.433651	682.590881	
0.962059	-0.211699	0.172121	0.166304	-0.045127	-0.985041	0.216299	0.976293	-0.008209	18.169415	-72.019783	723.597961	
0.937588	-0.341589	0.065154	0.049320	-0.054850	-0.997276	0.344232	0.938248	-0.034580	1.305861	-89.176605	776.334290	
0.307080	0.753430	0.581416	0.785245	-0.545752	0.292480	0.537673	0.366739	-0.759217	5.856120	-104.620003	741.161987	
0.307080	0.753430	0.581416	0.785245	-0.545752	0.292480	0.537673	0.366739	-0.759217	5.856120	-104.620003	741.161987	
0.307080	0.753430	0.581416	0.785245	-0.545752	0.292480	0.537673	0.366739	-0.759217	5.856120	-104.620003	741.161987	
0.530171	0.777137	0.339085	0.607850	-0.627174	0.487004	0.591133	-0.052082	-0.804891	-22.501898	-138.138275	743.917297	
0.587296	0.731314	0.346789	0.528066	-0.670931	0.520576	0.613375	-0.122604	-0.780217	-31.477955	-144.928513	764.630188	
0.583970	0.719241	0.376393	0.504626	-0.684829	0.525702	0.635870	-0.117056	-0.762867	-40.156837	-157.181915	772.215698	
0.618560	0.656069	0.432385	0.443141	-0.745710	0.497538	0.648852	-0.116150	-0.751997	-49.513550	-169.844681	779.935303	
0.640281	0.631363	0.437516	0.407419	-0.761993	0.503366	0.651190	-0.144043	-0.745119	-61.971825	-181.169678	832.075745	
0.645805	0.583576	0.492315	0.343808	-0.798014	0.494945	0.681712	-0.150376	-0.716000	-79.280769	-196.884186	865.625427	
0.841640	0.503426	-0.195458	0.486967	-0.551012	0.677679	0.233462	-0.665544	-0.708906	-83.677696	-205.559006	833.341980	
0.841640	0.503426	-0.195458	0.486967	-0.551012	0.677679	0.233462	-0.665544	-0.708906	-83.677696	-205.559006	833.341980	
0.841640	0.503426	-0.195458	0.486967	-0.551012	0.677679	0.233462	-0.665544	-0.708906	-83.677696	-205.559006	833.341980	
0.883100	0.281933	-0.375030	0.468120	-0.475661	0.744721	0.031574	-0.833223	-0.552035	-108.797829	-219.922577	856.904419	
0.902773	0.183368	-0.389072	0.427547	-0.481319	0.765202	-0.046955	-0.857151	-0.512920	-111.065453	-227.720840	871.192871	
0.900944	0.124596	-0.415662	0.423872	-0.457778	0.781518	-0.092907	-0.880292	-0.465246	-112.505241	-231.167007	875.216675	
0.889025	0.072220	-0.452126	0.437837	-0.422915	0.793373	-0.133914	-0.903286	-0.407603	-112.194565	-231.158295	876.436584	
0.857837	0.026818	-0.513221	0.477118	-0.412671	0.775926	-0.190983	-0.910485	-0.366800	-111.662514	-236.812531	894.044739	
0.833652	-0.017368	-0.552016	0.505666	-0.377929	0.775545	-0.222093	-0.925671	-0.306279	-109.655746	-238.899673	891.975220	
0.801832	-0.051633	-0.595314	0.540700	-0.361418	0.759619	-0.254379	-0.930973	-0.261879	-106.433197	-239.915695	898.092163	
0.771558	-0.090661	-0.629665	0.553007	-0.393672	0.734306	-0.314455	-0.914769	-0.253605	-102.853348	-242.283386	909.338135	
0.746528	-0.142152	-0.649991	0.546211	-0.426904	0.720698	-0.379933	-0.893054	-0.241051	-93.548386	-241.702225	920.725464	
0.522662	-0.202933	-0.828035	0.681231	-0.484557	0.548752	-0.512590	-0.850895	-0.115015	-93.022003	-252.479004	968.301025	
0.522662	-0.202933	-0.828035	0.681231	-0.484557	0.548752	-0.512590	-0.850895	-0.115015	-93.022003	-252.479004	968.301025	
0.522662	-0.202933	-0.828035	0.681231	-0.484557	0.548752	-0.512590	-0.850895	-0.115015	-93.022003	-252.479004	968.301025	
0.522662	-0.202933	-0.828035	0.681231	-0.484557	0.548752	-0.512590	-0.850895	-0.115015	-93.022003	-252.479004	968.301025	
0.301863	-0.231181	-0.924897	0.750893	-0.540098	0.380071	-0.587400	-0.809228	0.010557	-48.424522	-228.269073	969.906616	
0.242669	-0.196903	-0.949917	0.791077	-0.526613	0.311250	-0.561524	-0.826987	0.027973	-38.579056	-217.764862	962.209412	
0.176755	-0.198305	-0.964071	0.736359	-0.623293	0.263214	-0.653095	-0.756427	0.035853	-31.083700	-219.382004	1007.559998	
0.176755	-0.198305	-0.964071	0.736359	-0.623293	0.263214	-0.653095	-0.756427	0.035853	-31.083700	-219.382004	1007.559998	
0.176755	-0.198305	-0.964071	0.736359	-0.623293	0.263214	-0.653095	-0.756427	0.035853	-31.083700	-219.382004	1007.559998	
0.040020	-0.067704	-0.996903	0.789414	-0.609494	0.073084	-0.612554	-0.789894	0.029055	7.699675	-182.157532	986.698792	
0.005361	0.001953	-0.999984	0.750010	-0.661421	0.002729	-0.661404	-0.750012	-0.005010	16.470253	-168.620895	979.403381	
-0.000414	0.058526	-0.998286	0.741200	-0.670115	-0.039594	-0.671283	-0.739946	-0.043102	25.431953	-155.873367	979.187683	
-0.025843	0.139531	-0.989880	0.639835	-0.758505	-0.123621	-0.768078	-0.636555	-0.069675	44.483299	-149.996002	1024.770020	
-0.025843	0.139531	-0.989880	0.639835	-0.758505	-0.123621	-0.768078	-0.636555	-0.069675	44.483299	-149.996002	1024.770020	
-0.025843	0.139531	-0.989880	0.639835	-0.758505	-0.123621	-0.768078	-0.636555	-0.069675	44.483299	-149.996002	1024.770020	
-0.025843	0.139531	-0.989880	0.639835	-0.758505	-0.123621	-0.768078	-0.636555	-0.069675	44.483299	-149.996002	1024.770020	
0.196729	0.332783	-0.922255	0.526012	-0.829629	-0.187154	-0.827411	-0.448298	-0.338260	88.563850	-104.000610	1000.035645	
0.152968	0.368651	-0.916896	0.585104	-0.781498	-0.216597	-0.796401	-0.503347	-0.335243	99.742889	-96.028595	998.171448	
0.125699	0.354489	-0.926573	0.565757	-0.792833	-0.226572	-0.814935	-0.495736	-0.300213	110.365234	-80.578148	1001.221741	
0.130207	0.347141	-0.928731	0.534405	-0.813567	-0.229172	-0.835139	-0.466478	-0.291446	114.603188	-65.497971	1001.905273	
0.144924	0.360214	-0.921544	0.513793	-0.823358	-0.241034	-0.845585	-0.438551	-0.304400	117.517212	-50.892986	1000.255920	
0.245576	0.405266	-0.880598	0.258594	-0.902885	-0.343407	-0.934249	-0.143385	-0.326526	118.285004	-43.290951	964.475769	
0.211475	0.356983	-0.909859	0.222022	-0.924122	-0.310975	-0.951832	-0.136245	-0.274687	119.852524	-29.304649	958.722961	
0.203633	0.343954	-0.916641	0.190371	-0.932298	-0.307538	-0.960361	-0.111877	-0.255325	119.644577	-15.503437	952.508667	
0.179560	0.291626	-0.939529	0.126095	-0.953995	-0.272017	-0.975632	-0.069626	-0.208072	118.643341	-2.223885	963.300537	
0.153187	0.257483	-0.954064	0.107057	-0.964100	-0.243002	-0.982381	-0.064914	-0.175253	114.635094	3.346644	957.405884	
0.147547	0.172415	-0.973912	0.078797	-0.983608	-0.162194	-0.985911	-0.052811	-0.158714	112.455994	9.092192	963.888489	
0.144617	0.136246	-0.980063	0.056021	-0.990014	-0.129363	-0.987900	-0.036196	-0.150805	104.776520	20.844360	958.509155	
0.163854	0.102612	-0.981134	0.036972	-0.994515	-0.097836	-0.985791	-0.020244	-0.166750	93.576149	25.014164	943.778625	
0.150096	-0.001514	-0.988671	0.015928	-0.999865	0.003950	-0.988543	-0.016341	-0.150051	87.499580	29.925764	939.090698	
0.190725	-0.043016	-0.980701	0.003655	-0.999001	0.044530	-0.981637	-0.012077	-0.190378	74.054916	37.742058	928.603027	
0.200467	-0.097866	-0.974801	0.037771	-0.993486	0.107511	-0.978972	-0.058371	-0.195465	65.481956	43.708538	915.599609	
0.244063	-0.152878	-0.957634	0.025316	-0.986155	0.163883	-0.969429	-0.064241	-0.236814	49.800285	46.568344	910.747803	
0.318556	-0.206911	-0.925047	0.184967	-0.943557	0.274748	-0.929682	-0.258625	-0.262304	32.794712	51.601585	911.440063	
0.355521	-0.280141	-0.891699	0.345094	-0.847276	0.403775	-0.868628	-0.451270	-0.204549	15.091177	54.053505	893.785400	
0.348154	-0.386138	-0.854217	0.380862	-0.774367	0.505272	-0.856582	-0.501251	-0.122534	6.502779	55.015255	871.148804	
0.352480	-0.492063	-0.796011	0.341441	-0.724343	0.598954	-0.871307	-0.482909	-0.087306	-12.061621	55.567940	866.154297	
0.462577	-0.520405	-0.717775	0.392537	-0.605704	0.692126	-0.794945	-0.601914	-0.075906	-30.776285	54.814850	852.761047	
0.519438	-0.597603	-0.610781	0.292994	-0.546886	0.784265	-0.802706	-0.586332	-0.108979	-50.428711	53.688580	860.748718	
0.644799	-0.562441	-0.517585	0.315587	-0.420843	0.850469	-0.696160	-0.711724	-0.093860	-66.775940	49.250687	840.200806	
0.713502	-0.559967	-0.421131	0.246367	-0.362163	0.898968	-0.655910	-0.745167	-0.120447	-74.567757	43.982765	827.635132	
0.773525	-0.569257	-0.278576	0.125636	-0.293100	0.947792	-0.621187	-0.768140	-0.155200	-84.096207	38.451588	818.155640	
0.829501	-0.502748	-0.243253	0.151869	-0.216091	0.964491	-0.537459	-0.836988	-0.102896	-98.527687	34.177120	794.151367	
0.831137	-0.498794	-0.245796	0.180969	-0.175333	0.967735	-0.525796	-0.848801	-0.055459	-115.046051	30.712872	786.360840	
0.802274	-0.541403	-0.251471	0.201491	-0.150941	0.967791	-0.561922	-0.827103	-0.012008	-129.704163	25.415997	778.176514	
0.754313	-0.606848	-0.250491	0.205855	-0.143677	0.967979	-0.623405	-0.781723	0.016547	-141.030197	20.875860	761.781555	
0.556532	-0.796435	-0.236563	0.185618	-0.158346	0.969781	-0.809826	-0.583624	0.059709	-150.007080	14.774460	764.904663	
0.556736	-0.780794	-0.283555	0.239691	-0.175836	0.954794	-0.795356	-0.599534	0.089256	-157.453400	8.000669	753.816345	
0.573609	-0.770021	-0.279355	0.220786	-0.183077	0.957987	-0.788812	-0.611188	0.064996	-161.224579	1.155812	743.161987	
0.667619	-0.667090	-0.330568	0.247191	-0.220208	0.943614	-0.702268	-0.711687	0.017884	-165.413254	-12.264254	729.552429	
0.708238	-0.612065	-0.351817	0.240386	-0.259486	0.935352	-0.663787	-0.747023	-0.036646	-168.412048	-25.635418	722.337952	
0.751628	-0.547102	-0.368420	0.228224	-0.308341	0.923495	-0.618844	-0.778206	-0.106895	-169.103455	-33.452435	719.750732	
0.804204	-0.455798	-0.381449	0.255018	-0.315091	0.914159	-0.536862	-0.832446	-0.137160	-166.907318	-39.992523	714.227051	
0.837490	-0.341650	-0.426479	0.279827	-0.402227	0.871730	-0.469368	-0.849405	-0.241258	-166.290451	-46.802437	710.482178	
0.878232	-0.211077	-0.429132	0.302788	-0.449144	0.840589	-0.370171	-0.868168	-0.330541	-161.060089	-62.002731	702.967651	
0.902147	-0.091383	-0.421639	0.324428	-0.500526	0.802634	-0.284388	-0.860884	-0.421901	-158.836594	-69.852264	688.374207	
0.912602	0.024461	-0.408116	0.349574	-0.564347	0.747872	-0.212025	-0.825175	-0.523575	-155.075211	-85.424164	682.729187	
0.907377	0.039313	-0.418474	0.339459	-0.655649	0.674458	-0.247857	-0.754042	-0.608266	-143.226105	-94.283455	673.781555	
0.918891	0.065347	-0.389060	0.332231	-0.659995	0.673818	-0.212746	-0.748422	-0.628175	-128.356049	-107.813896	659.870667	
0.913502	0.136807	-0.383141	0.361211	-0.706056	0.609108	-0.187189	-0.694815	-0.694401	-114.907700	-115.685501	653.016968	
0.893723	0.232474	-0.383686	0.434120	-0.663838	0.608983	-0.113133	-0.710827	-0.694209	-106.480804	-123.078285	645.853577	
0.872899	0.258448	-0.413825	0.476981	-0.630473	0.612367	-0.102641	-0.731920	-0.673615	-88.102287	-128.368439	628.079102	
0.858561	0.304216	-0.412705	0.501144	-0.667950	0.550180	-0.108293	-0.679186	-0.725932	-80.769371	-135.964355	622.652466	
0.804635	0.370734	-0.463809	0.592772	-0.546798	0.591298	-0.034396	-0.750711	-0.659734	-71.824791	-142.856689	616.852112	
0.792475	0.363210	-0.489961	0.608739	-0.421414	0.672197	0.037672	-0.830956	-0.555060	-61.908424	-152.320007	598.721436	
0.797039	0.394591	-0.457193	0.597621	-0.406220	0.691256	0.087042	-0.824186	-0.559590	-53.610130	-156.871719	595.440125	
0.778822	0.438344	-0.448655	0.602010	-0.321534	0.730890	0.176123	-0.839327	-0.514305	-35.181519	-165.228531	588.301575	
0.759806	0.541964	-0.359125	0.584418	-0.327310	0.742512	0.284869	-0.774043	-0.565426	-25.796036	-172.219101	593.345459	
0.693607	0.599804	-0.398930	0.626688	-0.229361	0.744753	0.355206	-0.766569	-0.534976	-7.322357	-178.411438	582.644165	
0.660820	0.592814	-0.460313	0.624151	-0.093434	0.775698	0.416835	-0.799900	-0.431748	10.639613	-182.548584	572.638123	
0.587293	0.587913	-0.556278	0.674200	0.024921	0.738129	0.447819	-0.808539	-0.381735	18.887188	-188.627853	568.681335	
0.511355	0.604797	-0.610521	0.705682	0.109920	0.699951	0.490437	-0.788757	-0.370586	27.236910	-192.790436	571.216614	
0.489783	0.605947	-0.626849	0.674133	0.192721	0.713025	0.552862	-0.771806	-0.314097	44.159180	-195.220367	571.103760	
0.489606	0.613678	-0.619422	0.612433	0.263630	0.745270	0.620654	-0.744242	-0.246761	52.123447	-196.269806	568.314514	
0.410064	0.719462	-0.560555	0.571591	0.276212	0.772653	0.710726	-0.637245	-0.297973	65.365623	-199.570206	576.205139	
0.282187	0.856920	-0.431344	0.484682	0.260673	0.834945	0.827921	-0.444675	-0.341776	71.086884	-197.865280	572.005188	
0.322680	0.849107	-0.418202	0.437432	0.258038	0.861435	0.839362	-0.460903	-0.288163	74.204376	-193.648621	565.073303	
0.321278	0.843140	-0.431154	0.433746	0.273706	0.858458	0.841810	-0.462816	-0.277773	78.447754	-188.433914	563.133484	
0.443607	0.757274	-0.479321	0.416645	0.299259	0.858401	0.793485	-0.580499	-0.182760	78.844704	-186.947464	565.841248	
0.485928	0.736623	-0.470382	0.474247	0.229842	0.849861	0.734140	-0.636049	-0.237654	79.175728	-181.575790	569.180237	
0.556091	0.661147	-0.503634	0.506820	0.210507	0.835956	0.658707	-0.720119	-0.218021	78.450462	-177.353714	569.756897	
0.588228	0.628000	-0.509512	0.556499	0.142800	0.818485	0.586767	-0.764999	-0.265482	74.772179	-168.954453	575.667419	
0.666651	0.481854	-0.568677	0.622929	0.058790	0.780067	0.409311	-0.874277	-0.260968	67.191750	-161.116760	570.986023	
0.729131	0.408619	-0.548997	0.619106	-0.051940	0.783589	0.291675	-0.911226	-0.290849	62.552986	-153.464417	566.197083	
0.773093	0.366844	-0.517447	0.596759	-0.144205	0.789357	0.214953	-0.919037	-0.330401	58.196846	-147.953461	570.722778	
0.811482	0.340100	-0.475214	0.576084	-0.329060	0.748230	0.098099	-0.880937	-0.462953	53.716148	-136.429230	577.176514	
0.847923	0.278378	-0.451145	0.527671	-0.524896	0.667869	-0.050884	-0.804356	-0.591964	42.344612	-131.111801	588.859253	
0.885984	0.257192	-0.385853	0.453916	-0.651161	0.608236	-0.094819	-0.714031	-0.693663	28.587303	-125.497124	596.361816	
0.922074	0.206809	-0.327120	0.356434	-0.783097	0.509622	-0.150772	-0.586505	-0.795789	20.608368	-118.088593	598.261902	
0.946282	0.083424	-0.312392	0.240574	-0.827179	0.507837	-0.216038	-0.555710	-0.802817	3.167248	-110.956650	604.689087	
0.967523	0.039377	-0.249694	0.164237	-0.848817	0.502529	-0.192157	-0.527217	-0.827719	-15.060551	-96.223938	608.283508	
0.971108	-0.074890	-0.226581	0.056968	-0.849279	0.524862	-0.231737	-0.522605	-0.820477	-33.969887	-89.119797	615.478516	
0.939677	-0.206785	-0.272481	-0.052696	-0.874588	0.481995	-0.337977	-0.438560	-0.832729	-44.350273	-74.880615	625.795837	
0.890498	-0.334615	-0.308295	-0.174201	-0.876704	0.448378	-0.420317	-0.345574	-0.838995	-54.635632	-67.863594	632.449707	
0.853005	-0.388775	-0.348190	-0.259152	-0.894614	0.364013	-0.453014	-0.220270	-0.863864	-74.707726	-53.546783	641.975952	
0.818071	-0.469019	-0.332838	-0.296684	-0.839942	0.454395	-0.492684	-0.272979	-0.826284	-94.191200	-46.191494	643.169495	
0.782938	-0.546894	-0.296504	-0.342134	-0.776602	0.528994	-0.519569	-0.312724	-0.795143	-113.567123	-39.882187	655.789978	
0.737649	-0.597681	-0.314085	-0.409119	-0.765723	0.496275	-0.537116	-0.237578	-0.809360	-131.013763	-33.169975	663.384888	
0.727944	-0.625956	-0.279778	-0.467539	-0.751650	0.465219	-0.501501	-0.207846	-0.839820	-140.022919	-20.733198	671.881287	
0.716575	-0.663468	-0.215243	-0.525335	-0.716356	0.459191	-0.458848	-0.215969	-0.861868	-146.105286	-7.991833	668.093323	
0.693222	-0.698933	-0.175883	-0.567093	-0.679572	0.465389	-0.444800	-0.222875	-0.867456	-151.066269	-2.870983	668.924805	
0.607965	-0.756578	-0.240761	-0.668777	-0.651429	0.358295	-0.427917	-0.056815	-0.902031	-162.982071	3.559574	679.153259	
0.613103	-0.742195	-0.270649	-0.683685	-0.670137	0.288947	-0.395826	0.007885	-0.918293	-176.429535	9.084019	700.082214	
0.592329	-0.737895	-0.323507	-0.715026	-0.666487	0.211023	-0.371326	0.106322	-0.922396	-183.299377	17.706964	713.208618	
0.589510	-0.707385	-0.389980	-0.739789	-0.666660	0.090961	-0.324329	0.234881	-0.916321	-189.499786	21.934275	724.006653	
0.607025	-0.655958	-0.448598	-0.736741	-0.676123	-0.008274	-0.297880	0.335523	-0.893697	-192.782990	28.681164	742.229919	
0.626590	-0.623318	-0.467824	-0.736722	-0.669533	-0.094673	-0.254212	0.403978	-0.878738	-194.017319	35.287678	745.749390	
0.671218	-0.588831	-0.450271	-0.713498	-0.677906	-0.177096	-0.200962	0.440137	-0.875155	-194.882004	36.967106	761.675049	
0.710468	-0.541846	-0.449041	-0.678940	-0.695630	-0.234813	-0.185134	0.471699	-0.862106	-195.948547	38.130409	774.579834	
0.745573	-0.506099	-0.433571	-0.646105	-0.708368	-0.284185	-0.163302	0.492012	-0.855136	-191.727295	39.624756	788.891296	
0.784077	-0.464994	-0.411101	-0.604900	-0.720830	-0.338376	-0.138991	0.513987	-0.846464	-186.901260	40.997658	796.475769	
0.826568	-0.427958	-0.365564	-0.549505	-0.754124	-0.359638	-0.121771	0.498144	-0.858502	-180.484375	42.011295	810.872009	
0.857878	-0.368464	-0.358160	-0.499618	-0.761027	-0.413786	-0.120105	0.533921	-0.836962	-175.339920	41.533020	825.169067	
0.866237	-0.316006	-0.387005	-0.475926	-0.757642	-0.446622	-0.152077	0.571066	-0.806696	-164.639771	39.033676	832.355469	
0.882227	-0.281664	-0.377279	-0.432608	-0.801177	-0.413479	-0.185805	0.527996	-0.828673	-159.811844	36.713234	854.905518	
0.884342	-0.219131	-0.412214	-0.372952	-0.862721	-0.341493	-0.280794	0.455733	-0.844669	-145.712708	35.917290	874.940369	
0.893540	-0.135742	-0.427971	-0.280079	-0.913519	-0.295019	-0.350914	0.383478	-0.854288	-137.026703	30.948339	890.621582	
0.878026	-0.112955	-0.465093	-0.231110	-0.951012	-0.205336	-0.419115	0.287778	-0.861121	-119.898186	24.796415	898.461182	
0.857821	-0.097389	-0.504636	-0.196566	-0.969399	-0.147058	-0.474872	0.225344	-0.850717	-102.112778	17.802059	908.835388	
0.825996	-0.092338	-0.556062	-0.184204	-0.976547	-0.111463	-0.532728	0.194497	-0.823635	-83.124916	14.363948	913.660706	
0.793990	-0.072931	-0.603540	-0.209639	-0.964729	-0.159216	-0.570640	0.252942	-0.781276	-66.160423	4.613487	948.402893	
0.753276	-0.070409	-0.653925	-0.222506	-0.962909	-0.152635	-0.618922	0.260478	-0.741005	-45.500645	-0.662695	951.630981	
0.728983	-0.025346	-0.684063	-0.138298	-0.984160	-0.110915	-0.670415	0.175461	-0.720943	-31.580854	-5.129509	935.853149	
0.720420	-0.031387	-0.692828	-0.109103	-0.991665	-0.068524	-0.684901	0.124957	-0.717842	-20.863052	-15.944336	935.079651	
0.698573	-0.048222	-0.713913	-0.151530	-0.985067	-0.081737	-0.699309	0.165278	-0.695450	-1.655177	-21.004498	945.216309	
0.691925	-0.082387	-0.717254	-0.240493	-0.963031	-0.121384	-0.680736	0.256483	-0.686161	17.191175	-27.606659	959.244019	
0.673126	-0.174377	-0.718676	-0.430859	-0.882304	-0.189472	-0.601050	0.437186	-0.669035	26.184498	-35.007881	961.670105	
0.682622	-0.197450	-0.703592	-0.488177	-0.839668	-0.237991	-0.543792	0.505935	-0.669568	34.354740	-48.419945	963.829529	
0.668962	-0.196691	-0.716801	-0.583844	-0.735871	-0.342957	-0.460016	0.647925	-0.607108	49.217720	-61.879684	957.355896	
0.328814	-0.323894	-0.887116	-0.251063	-0.935526	0.248511	-0.910411	0.141008	-0.388932	65.234001	-69.544197	1006.719971	
0.328814	-0.323894	-0.887116	-0.251063	-0.935526	0.248511	-0.910411	0.141008	-0.388932	65.234001	-69.544197	1006.719971	
0.328814	-0.323894	-0.887116	-0.251063	-0.935526	0.248511	-0.910411	0.141008	-0.388932	65.234001	-69.544197	1006.719971	
0.328814	-0.323894	-0.887116	-0.251063	-0.935526	0.248511	-0.910411	0.141008	-0.388932	65.234001	-69.544197	1006.719971	
0.000000	0.000000	0.000000	0.000000	0.000000	0.000000	0.000000	0.000000	0.000000	0.000000	0.000000	0.000000	
0.133876	-0.689890	-0.711427	-0.437415	-0.685311	0.582252	-0.889239	0.233239	-0.393515	99.333603	-120.739998	1021.030029	
0.133876	-0.689890	-0.711427	-0.437415	-0.685311	0.582252	-0.889239	0.233239	-0.393515	99.333603	-120.739998	1021.030029	
0.133876	-0.689890	-0.711427	-0.437415	-0.685311	0.582252	-0.889239	0.233239	-0.393515	99.333603	-120.739998	1021.030029	
0.133876	-0.689890	-0.711427	-0.437415	-0.685311	0.582252	-0.889239	0.233239	-0.393515	99.333603	-120.739998	1021.030029	
0.133876	-0.689890	-0.711427	-0.437415	-0.685311	0.582252	-0.889239	0.233239	-0.393515	99.333603	-120.739998	1021.030029	
-0.251372	-0.828162	-0.500960	-0.231046	-0.451274	0.861957	-0.939910	0.332416	-0.077906	90.225578	-174.411606	1009.782654	
-0.393847	-0.804180	-0.445175	-0.287722	-0.352122	0.890632	-0.872984	0.478859	-0.092698	84.837273	-177.697479	997.760071	
-0.462942	-0.771713	-0.436055	-0.234658	-0.367693	0.899854	-0.854764	0.518904	-0.010868	74.569901	-182.547195	996.757874	
-0.549550	-0.704738	-0.448710	-0.251037	-0.372971	0.893237	-0.796854	0.603521	0.028051	61.438293	-185.114777	983.604126	
-0.640079	-0.717663	-0.274332	0.023821	-0.375425	0.926546	-0.767939	0.586528	0.257398	56.961700	-197.341003	1026.530029	
-0.640079	-0.717663	-0.274332	0.023821	-0.375425	0.926546	-0.767939	0.586528	0.257398	56.961700	-197.341003	1026.530029	
-0.640079	-0.717663	-0.274332	0.023821	-0.375425	0.926546	-0.767939	0.586528	0.257398	56.961700	-197.341003	1026.530029	
-0.640079	-0.717663	-0.274332	0.023821	-0.375425	0.926546	-0.767939	0.586528	0.257398	56.961700	-197.341003	1026.530029	
-0.949764	-0.306836	0.061642	0.231112	-0.554810	0.799233	-0.211034	0.773329	0.597852	11.782612	-208.727585	985.261658	
-0.968476	-0.234979	0.082700	0.210830	-0.596347	0.774546	-0.132684	0.767564	0.627088	2.155405	-206.705063	966.051208	
-0.976703	-0.177444	0.120688	0.208164	-0.646725	0.733767	-0.052150	0.741795	0.668596	-16.800001	-205.788422	956.456055	
-0.987875	-0.122528	0.095343	0.154302	-0.707002	0.690173	-0.017158	0.696516	0.717336	-26.453672	-207.275284	962.803040	
-0.989659	-0.068249	0.126167	0.134340	-0.749339	0.648417	0.050288	0.658660	0.750758	-45.541546	-206.875717	957.559448	
-0.987977	0.045349	0.147801	0.041703	-0.842402	0.537233	0.148871	0.536937	0.830383	-55.326260	-207.007919	956.777771	
-0.968294	0.144224	0.203978	-0.034264	-0.885474	0.463425	0.247454	0.441742	0.862340	-66.561928	-206.086563	961.937866	
-0.951393	0.230885	0.203821	-0.134092	-0.906320	0.400754	0.277255	0.353944	0.893226	-77.171814	-206.391907	960.010071	
-0.953808	0.199976	0.224187	-0.032353	-0.810289	0.585136	0.298669	0.550854	0.779331	-93.078659	-199.614487	949.120483	
-0.945201	0.187004	0.267628	0.015850	-0.792466	0.609710	0.326104	0.580540	0.746076	-102.506569	-195.580368	938.112366	
-0.922965	0.237496	0.302873	-0.019219	-0.814375	0.580019	0.384405	0.529516	0.756205	-110.833778	-190.435440	928.523926	
-0.904640	0.238048	0.353495	0.014677	-0.811564	0.584079	0.425923	0.533570	0.730680	-123.263260	-179.805267	918.122437	
-0.925547	0.201881	0.320325	0.085443	-0.712818	0.696125	0.368868	0.671665	0.642497	-132.272400	-171.021637	928.181396	
-0.926537	0.044199	0.373599	0.310322	-0.471605	0.825402	0.212673	0.880701	0.423244	-139.324326	-157.506454	913.007019	
-0.923025	0.172356	0.343975	0.213546	-0.514182	0.830672	0.320037	0.840184	0.437797	-141.976135	-152.259857	907.466125	
-0.910445	0.084090	0.404993	0.354162	-0.347330	0.868292	0.213680	0.933965	0.286444	-142.721786	-139.610855	900.802917	
-0.916994	-0.088604	0.388936	0.398509	-0.160285	0.903050	-0.017674	0.983086	0.182290	-136.424683	-118.576721	846.571045	
-0.049364	0.179448	0.982528	-0.928754	0.353612	-0.111245	-0.367396	-0.918018	0.149208	-146.973007	-109.889000	877.226990	
-0.049364	0.179448	0.982528	-0.928754	0.353612	-0.111245	-0.367396	-0.918018	0.149208	-146.973007	-109.889000	877.226990	
-0.049364	0.179448	0.982528	-0.928754	0.353612	-0.111245	-0.367396	-0.918018	0.149208	-146.973007	-109.889000	877.226990	
-0.049364	0.179448	0.982528	-0.928754	0.353612	-0.111245	-0.367396	-0.918018	0.149208	-146.973007	-109.889000	877.226990	
0.000000	0.000000	0.000000	0.000000	0.000000	0.000000	0.000000	0.000000	0.000000	0.000000	0.000000	0.000000	
-0.034321	-0.222347	0.974363	-0.364250	0.910662	0.194980	-0.930669	-0.348220	-0.112245	-119.956001	-64.141602	816.544006	
-0.034321	-0.222347	0.974363	-0.364250	0.910662	0.194980	-0.930669	-0.348220	-0.112245	-119.956001	-64.141602	816.544006	
-0.034321	-0.222347	0.974363	-0.364250	0.910662	0.194980	-0.930669	-0.348220	-0.112245	-119.956001	-64.141602	816.544006	
-0.034321	-0.222347	0.974363	-0.364250	0.910662	0.194980	-0.930669	-0.348220	-0.112245	-119.956001	-64.141602	816.544006	
-0.130507	-0.461202	0.877644	-0.003196	0.885407	0.464806	-0.991443	0.057856	-0.117026	-79.296097	-12.587143	751.705017	
-0.205841	-0.502723	0.839582	0.123446	0.837762	0.531899	-0.970769	0.213129	-0.110386	-71.326340	-6.965679	758.852234	
-0.359449	-0.496082	0.790378	0.394593	0.686736	0.610484	-0.845632	0.531315	-0.051096	-62.612686	0.975849	748.764160	
-0.423643	-0.512183	0.747124	0.480583	0.572058	0.664673	-0.767833	0.640639	0.003799	-52.217712	8.122830	726.547607	
-0.494070	-0.515710	0.699955	0.513609	0.476460	0.713577	-0.701500	0.712060	0.029469	-33.120323	20.243715	706.666565	
-0.578860	-0.546543	0.605154	0.532845	0.308239	0.788077	-0.617250	0.778640	0.112796	-23.384916	30.292778	700.694641	
-0.635427	-0.573614	0.516912	0.552970	0.129201	0.823123	-0.538940	0.808872	0.235094	-13.399916	35.006107	693.627502	
-0.705526	-0.514833	0.487011	0.590760	-0.047661	0.805438	-0.391455	0.855965	0.337769	-2.728977	43.150688	686.011902	
-0.722403	-0.487948	0.489941	0.619979	-0.143299	0.771421	-0.306205	0.861030	0.406037	7.322124	46.541145	669.999817	
-0.793522	-0.414652	0.445408	0.584179	-0.314013	0.748419	-0.170469	0.854085	0.491406	17.273989	50.237503	660.159241	
-0.884997	-0.343677	0.314114	0.454649	-0.492439	0.742157	-0.100380	0.799619	0.592059	35.156517	53.531502	651.541077	
-0.935874	-0.300812	0.183443	0.337682	-0.617206	0.710652	-0.100550	0.727028	0.679206	50.881157	55.974525	643.618713	
-0.970683	-0.200235	0.132972	0.238244	-0.728123	0.642710	-0.031872	0.655548	0.754481	58.281033	57.792511	639.897034	
-0.983704	-0.136882	0.116574	0.179793	-0.751488	0.634775	0.000715	0.645391	0.763852	71.678452	58.860603	636.078735	
-0.990855	-0.089951	0.100579	0.131982	-0.801163	0.583710	0.028075	0.591647	0.805708	82.832855	59.081879	627.963745	
-0.989793	0.018279	0.141339	0.061015	-0.841901	0.536171	0.128795	0.539323	0.832192	92.020203	58.018219	620.968262	
-0.985745	0.054850	0.159053	0.027663	-0.879661	0.474795	0.165956	0.472428	0.865604	96.012215	56.982506	612.856018	
-0.968824	0.155608	0.192786	-0.052902	-0.890132	0.452619	0.242037	0.428311	0.870613	98.753212	53.572853	602.827576	
-0.931227	0.254166	0.261180	-0.086715	-0.850612	0.518591	0.353972	0.460279	0.814154	99.856346	50.947014	597.625061	
-0.898024	0.292933	0.328242	-0.078192	-0.840488	0.536156	0.432943	0.455816	0.777684	100.710777	44.499214	593.086670	
-0.853367	0.325928	0.406860	-0.069905	-0.844952	0.530252	0.516602	0.424059	0.743839	99.063004	37.710857	586.416687	
-0.829145	0.333473	0.448680	-0.058083	-0.849644	0.524147	0.556008	0.408534	0.723848	95.461868	28.869184	584.184204	
-0.795752	0.382950	0.469177	-0.033107	-0.801050	0.597679	0.604716	0.460073	0.650117	91.952965	19.535641	576.599365	
-0.787729	0.396792	0.471209	-0.016502	-0.778240	0.627748	0.615800	0.486721	0.619591	83.989899	13.953574	573.013184	
-0.786925	0.384521	0.482589	0.030940	-0.756520	0.653236	0.616273	0.528980	0.583428	74.018639	7.743826	570.875671	
-0.795946	0.361195	0.485806	0.057116	-0.754111	0.654257	0.602666	0.548502	0.579603	62.313919	0.810409	565.632202	
-0.804236	0.336971	0.489544	0.055003	-0.777982	0.625872	0.591758	0.530277	0.607148	48.772530	-6.247269	564.306213	
-0.834260	0.314130	0.453135	0.048254	-0.777084	0.627542	0.549255	0.545401	0.633133	33.396057	-19.265215	561.994080	
-0.883008	0.223995	0.412460	0.072577	-0.803044	0.591482	0.463713	0.552220	0.692837	25.338682	-26.886055	560.713867	
-0.913414	0.117113	0.389818	0.144447	-0.802110	0.579441	0.380538	0.585579	0.715743	8.091852	-34.726105	557.211121	
-0.935491	0.001372	0.353346	0.207138	-0.808020	0.551539	0.286268	0.589153	0.755612	-0.947602	-42.836342	554.966003	
-0.968312	-0.062075	0.241905	0.183878	-0.832657	0.522369	0.168999	0.550298	0.817686	-20.645565	-57.330624	557.394043	
-0.961325	-0.178256	0.209949	0.273338	-0.710964	0.647931	0.033768	0.680261	0.732192	-36.334358	-62.563908	525.191650	
0.073499	-0.272293	-0.959403	-0.621062	-0.765193	0.169594	-0.780308	0.583384	-0.225352	-61.751598	-82.858101	575.432007	
0.073499	-0.272293	-0.959403	-0.621062	-0.765193	0.169594	-0.780308	0.583384	-0.225352	-61.751598	-82.858101	575.432007	
0.073499	-0.272293	-0.959403	-0.621062	-0.765193	0.169594	-0.780308	0.583384	-0.225352	-61.751598	-82.858101	575.432007	
-0.057659	-0.628318	-0.775817	-0.686095	-0.539578	0.487984	-0.725223	0.560421	-0.399975	-102.408157	-111.025650	577.355713	
-0.062072	-0.677030	-0.733333	-0.679672	-0.509382	0.527804	-0.730885	0.531188	-0.428540	-121.610649	-118.484818	581.538574	
-0.140613	-0.745179	-0.651872	-0.684761	-0.402341	0.607639	-0.715074	0.531818	-0.453695	-130.022339	-131.092484	583.025818	
-0.198797	-0.776942	-0.597362	-0.690203	-0.321738	0.648155	-0.695772	0.541152	-0.472288	-146.056656	-144.043686	589.035461	
-0.272177	-0.785906	-0.555222	-0.677506	-0.253222	0.690554	-0.683304	0.564120	-0.463535	-152.647949	-155.654373	589.181213	
-0.320278	-0.821345	-0.472032	-0.655745	-0.167390	0.736193	-0.683681	0.545319	-0.484982	-165.761505	-166.511749	595.709595	
-0.389456	-0.826170	-0.407146	-0.686033	-0.034750	0.726741	-0.614558	0.562349	-0.553246	-171.554657	-171.785599	601.885376	
-0.432833	-0.821206	-0.371856	-0.704319	0.050596	0.708078	-0.562663	0.568385	-0.600291	-180.397766	-180.187119	605.940857	
-0.475064	-0.809991	-0.343845	-0.741617	0.158230	0.651895	-0.473622	0.564693	-0.675873	-188.956696	-185.163376	615.714905	
-0.523491	-0.775434	-0.353073	-0.771244	0.255130	0.583174	-0.362133	0.577591	-0.731607	-194.433655	-188.690033	619.327026	
-0.604438	-0.694389	-0.390486	-0.746198	0.321817	0.582772	-0.279004	0.643629	-0.712670	-197.392426	-191.199432	630.713684	
-0.664767	-0.600810	-0.443974	-0.720371	0.358131	0.593977	-0.197866	0.714682	-0.670880	-197.877304	-196.955322	635.719788	
-0.748677	-0.500812	-0.434362	-0.645232	0.400078	0.650857	-0.152177	0.767545	-0.622670	-197.742584	-201.260361	651.450745	
-0.805262	-0.424139	-0.414318	-0.575914	0.393362	0.716653	-0.140982	0.815704	-0.561027	-195.299576	-202.104446	657.711243	
-0.838118	-0.344857	-0.422649	-0.527780	0.316833	0.788078	-0.137864	0.883567	-0.447552	-192.126831	-203.382660	665.787537	
-0.868446	-0.249167	-0.428623	-0.485682	0.253933	0.836440	-0.099571	0.934577	-0.341543	-184.177643	-202.645111	670.568481	
-0.856903	-0.161187	-0.489628	-0.513681	0.187794	0.837178	-0.042992	0.968893	-0.243720	-179.169556	-200.953598	684.171692	
-0.827493	-0.124568	-0.547483	-0.560649	0.130455	0.817713	-0.030438	0.983598	-0.177789	-172.331833	-196.855896	688.969666	
-0.824416	-0.068177	-0.561864	-0.565613	0.063257	0.822242	-0.020516	0.995666	-0.090712	-159.317566	-194.904388	702.387024	
-0.818378	-0.025798	-0.574102	-0.574399	0.005434	0.818558	-0.017997	0.999653	-0.019265	-143.589661	-190.196701	715.691101	
-0.825902	0.011378	-0.563699	-0.563474	-0.051346	0.824537	-0.019562	0.998617	0.048818	-127.058792	-187.232758	724.572693	
-0.852749	0.036614	-0.521037	-0.519286	-0.166821	0.838161	-0.056231	0.985308	0.161270	-110.767326	-184.628494	740.623718	
-0.837336	0.035324	-0.545547	-0.535550	-0.253422	0.805584	-0.109797	0.966711	0.231118	-102.114883	-179.019882	759.947021	
0.337870	0.000844	0.941193	0.879288	-0.356961	-0.315327	0.335703	0.934119	-0.121348	-96.626701	-177.811996	812.187012	
0.337870	0.000844	0.941193	0.879288	-0.356961	-0.315327	0.335703	0.934119	-0.121348	-96.626701	-177.811996	812.187012	
0.574796	-0.071757	0.815145	0.700245	-0.472288	-0.535351	0.423398	0.878519	-0.221222	-64.303154	-157.315308	826.178894	
0.676892	-0.132379	0.724081	0.564238	-0.538410	-0.625900	0.472708	0.832220	-0.289752	-46.111301	-150.554993	857.086975	
0.676892	-0.132379	0.724081	0.564238	-0.538410	-0.625900	0.472708	0.832220	-0.289752	-46.111301	-150.554993	857.086975	
0.000000	0.000000	0.000000	0.000000	0.000000	0.000000	0.000000	0.000000	0.000000	0.000000	0.000000	0.000000	
0.841564	-0.302417	0.447565	0.190477	-0.609208	-0.769795	0.505459	0.733082	-0.455084	3.877510	-118.042999	889.822021	
0.841564	-0.302417	0.447565	0.190477	-0.609208	-0.769795	0.505459	0.733082	-0.455084	3.877510	-118.042999	889.822021	
0.841564	-0.302417	0.447565	0.190477	-0.609208	-0.769795	0.505459	0.733082	-0.455084	3.877510	-118.042999	889.822021	
0.882644	-0.455358	0.116575	-0.164568	-0.531682	-0.830802	0.440294	0.714117	-0.544222	28.739735	-80.191887	889.430908	
0.853754	-0.507527	0.116274	-0.181506	-0.499407	-0.847142	0.488016	0.702146	-0.518490	35.101643	-65.521011	897.246887	
0.822970	-0.564852	0.060525	-0.254099	-0.461302	-0.850079	0.508089	0.684210	-0.523165	41.227783	-51.346478	913.026428	
0.804488	-0.593959	0.003345	-0.294279	-0.403466	-0.866381	0.515945	0.696008	-0.499373	50.385540	-44.074821	915.552307	
0.790891	-0.610349	-0.044345	-0.311852	-0.339628	-0.887356	0.526536	0.715630	-0.458947	58.468708	-30.641821	923.807373	
0.763683	-0.641976	-0.068236	-0.341387	-0.311863	-0.886677	0.547946	0.700434	-0.457326	61.327206	-17.504269	934.226318	
0.623317	-0.699273	-0.349989	-0.669788	-0.246452	-0.700461	0.403558	0.671028	-0.621983	65.703003	-4.065620	981.427979	
0.623317	-0.699273	-0.349989	-0.669788	-0.246452	-0.700461	0.403558	0.671028	-0.621983	65.703003	-4.065620	981.427979	
0.623317	-0.699273	-0.349989	-0.669788	-0.246452	-0.700461	0.403558	0.671028	-0.621983	65.703003	-4.065620	981.427979	
0.623317	-0.699273	-0.349989	-0.669788	-0.246452	-0.700461	0.403558	0.671028	-0.621983	65.703003	-4.065620	981.427979	
0.456297	-0.626699	-0.631697	-0.828514	-0.040265	-0.558518	0.324588	0.778221	-0.537601	59.540821	37.444614	989.155945	
0.432906	-0.600810	-0.672026	-0.824318	0.037861	-0.564859	0.364817	0.798495	-0.478868	52.421864	48.404865	995.030762	
0.444821	-0.563940	-0.695777	-0.808290	0.081823	-0.583071	0.385748	0.821752	-0.419430	46.882938	58.145359	992.159790	
0.301048	-0.548850	-0.779829	-0.897219	0.114019	-0.426613	0.323061	0.828108	-0.458113	38.029999	69.104202	1038.890015	
0.301048	-0.548850	-0.779829	-0.897219	0.114019	-0.426613	0.323061	0.828108	-0.458113	38.029999	69.104202	1038.890015	
0.301048	-0.548850	-0.779829	-0.897219	0.114019	-0.426613	0.323061	0.828108	-0.458113	38.029999	69.104202	1038.890015	
0.301048	-0.548850	-0.779829	-0.897219	0.114019	-0.426613	0.323061	0.828108	-0.458113	38.029999	69.104202	1038.890015	
0.000000	0.000000	0.000000	0.000000	0.000000	0.000000	0.000000	0.000000	0.000000	0.000000	0.000000	0.000000	
0.063949	-0.270275	-0.960657	-0.886414	0.426843	-0.179097	0.458455	0.862992	-0.212280	-35.323799	93.615799	1062.819946	
0.063949	-0.270275	-0.960657	-0.886414	0.426843	-0.179097	0.458455	0.862992	-0.212280	-35.323799	93.615799	1062.819946	
0.063949	-0.270275	-0.960657	-0.886414	0.426843	-0.179097	0.458455	0.862992	-0.212280	-35.323799	93.615799	1062.819946	
0.063949	-0.270275	-0.960657	-0.886414	0.426843	-0.179097	0.458455	0.862992	-0.212280	-35.323799	93.615799	1062.819946	
0.000000	0.000000	0.000000	0.000000	0.000000	0.000000	0.000000	0.000000	0.000000	0.000000	0.000000	0.000000	
-0.008853	0.233502	-0.972316	-0.799463	0.582415	0.147147	0.600650	0.778633	0.181520	-96.582298	94.702698	1075.579956	
-0.008853	0.233502	-0.972316	-0.799463	0.582415	0.147147	0.600650	0.778633	0.181520	-96.582298	94.702698	1075.579956	
-0.008853	0.233502	-0.972316	-0.799463	0.582415	0.147147	0.600650	0.778633	0.181520	-96.582298	94.702698	1075.579956	
-0.008853	0.233502	-0.972316	-0.799463	0.582415	0.147147	0.600650	0.778633	0.181520	-96.582298	94.702698	1075.579956	
-0.008853	0.233502	-0.972316	-0.799463	0.582415	0.147147	0.600650	0.778633	0.181520	-96.582298	94.702698	1075.579956	
0.132345	0.603377	-0.786398	-0.613715	0.672891	0.413003	0.778356	0.427966	0.459355	-138.363281	66.730812	1047.940308	
0.157698	0.595210	-0.787944	-0.651312	0.662455	0.370062	0.742242	0.454840	0.492135	-144.323990	63.046249	1040.880005	
0.165351	0.603444	-0.780073	-0.668845	0.649887	0.360961	0.724779	0.462063	0.511070	-149.446930	53.386662	1033.863037	
0.196667	0.667697	-0.717985	-0.611244	0.656060	0.442680	0.766618	0.351804	0.537151	-164.225693	43.085434	1051.276245	
0.285196	0.755568	-0.589729	-0.554401	0.631951	0.541551	0.781859	0.172498	0.599117	-171.042908	31.362434	1035.199707	
0.282013	0.800748	-0.528461	-0.573321	0.582308	0.576386	0.769267	0.140429	0.623304	-173.424332	25.838352	1027.850952	
0.257198	0.829002	-0.496594	-0.605779	0.538691	0.585529	0.752915	0.150230	0.640741	-177.469498	18.840242	1016.540588	
0.253885	0.864776	-0.433250	-0.622752	0.488880	0.610882	0.740083	0.114714	0.662659	-177.261322	12.583799	996.129089	
0.215705	0.884639	-0.413383	-0.649157	0.446166	0.616061	0.729429	0.135463	0.670509	-185.457779	4.979040	1026.309814	
0.175127	0.902973	-0.392392	-0.676883	0.399844	0.618025	0.714955	0.157370	0.681229	-194.265259	-2.460563	1057.618164	
0.501213	0.862047	0.075235	-0.641535	0.311836	0.700850	0.580705	-0.399541	0.709330	-177.179993	-13.052900	1015.280029	
0.501213	0.862047	0.075235	-0.641535	0.311836	0.700850	0.580705	-0.399541	0.709330	-177.179993	-13.052900	1015.280029	
0.501213	0.862047	0.075235	-0.641535	0.311836	0.700850	0.580705	-0.399541	0.709330	-177.179993	-13.052900	1015.280029	
0.501213	0.862047	0.075235	-0.641535	0.311836	0.700850	0.580705	-0.399541	0.709330	-177.179993	-13.052900	1015.280029	
0.000000	0.000000	0.000000	0.000000	0.000000	0.000000	0.000000	0.000000	0.000000	0.000000	0.000000	0.000000	
0.544179	0.731028	0.411664	-0.712137	0.143073	0.687307	0.443542	-0.667179	0.598450	-135.542007	-64.367203	964.293030	
0.544179	0.731028	0.411664	-0.712137	0.143073	0.687307	0.443542	-0.667179	0.598450	-135.542007	-64.367203	964.293030	
