0.997230	-0.041753	0.061562	0.042861	0.998940	-0.016786	-0.060796	0.019378	0.997962	18.894476	3.477884	545.330627	
0.973816	-0.124841	0.189995	0.132711	0.990723	-0.029230	-0.184583	0.053679	0.981350	27.847448	6.776378	543.852966	
0.954178	-0.165520	0.249295	0.180452	0.982844	-0.038120	-0.238708	0.081359	0.967678	36.364914	14.639706	543.446472	
0.907890	-0.200826	0.367973	0.225600	0.973896	-0.025102	-0.353326	0.105804	0.929498	44.765053	17.834602	544.253845	
0.834870	-0.265512	0.482177	0.312435	0.949769	-0.017975	-0.453184	0.165655	0.875889	52.840759	23.927330	547.332886	
0.777168	-0.327286	0.537488	0.399222	0.916655	-0.019079	-0.486447	0.229405	0.843056	69.793640	25.749697	550.077820	
0.679651	-0.362971	0.637437	0.483110	0.875401	-0.016630	-0.551977	0.319255	0.770323	76.858566	29.402504	551.836914	
0.590003	-0.352096	0.726584	0.531391	0.846863	-0.021120	-0.607881	0.398561	0.686754	83.939270	30.634787	557.075134	
0.535917	-0.354577	0.766203	0.574673	0.818048	-0.023383	-0.618501	0.452848	0.642173	89.321198	31.486904	559.077881	
0.440270	-0.321754	0.838234	0.622234	0.782382	-0.026504	-0.647291	0.533247	0.544667	99.184082	31.309851	565.774841	
0.369676	-0.327838	0.869403	0.696036	0.717558	-0.025379	-0.615527	0.614517	0.493451	103.135826	29.995729	575.449951	
0.265018	-0.284491	0.921320	0.771136	0.636164	-0.025378	-0.578891	0.717188	0.387977	105.849533	27.297005	577.634155	
0.202811	-0.266480	0.942261	0.834487	0.550508	-0.023925	-0.512347	0.791156	0.334024	108.282326	25.740776	588.818970	
0.124881	-0.182845	0.975178	0.866216	0.499369	-0.017296	-0.483812	0.846875	0.220745	109.546219	20.945225	598.851746	
0.079607	-0.143637	0.986423	0.914460	0.404402	-0.014912	-0.396770	0.903231	0.163544	109.675949	15.215208	602.131897	
0.048699	-0.096897	0.994102	0.940487	0.339583	-0.012973	-0.336323	0.935571	0.107668	107.883469	8.463940	606.293274	
0.019829	-0.046561	0.998719	0.960151	0.279418	-0.006037	-0.278779	0.959039	0.050246	103.670372	4.914801	613.123779	
-0.000097	0.007808	0.999969	0.985499	0.169679	-0.001229	-0.169683	0.985468	-0.007711	100.615784	-3.667047	621.893433	
-0.012006	0.071235	0.997387	0.998882	0.046473	0.008705	-0.045731	0.996376	-0.071713	96.389114	-13.891079	626.899536	
-0.011636	0.128531	0.991637	0.997838	-0.062669	0.019831	0.064694	0.989723	-0.127524	86.622849	-25.114092	633.016479	
-0.003531	0.237490	0.971383	0.981696	-0.184152	0.048591	0.190422	0.953774	-0.232493	80.646141	-31.093864	643.780579	
0.010632	0.342804	0.939346	0.967374	-0.241328	0.077120	0.253128	0.907879	-0.334186	74.453110	-37.409637	654.516479	
0.031271	0.389186	0.920628	0.950337	-0.296925	0.093242	0.309647	0.871991	-0.379144	67.468254	-49.644062	669.553162	
0.061023	0.484736	0.872529	0.929815	-0.345461	0.126892	0.362934	0.803547	-0.471796	59.278564	-56.427212	680.049744	
0.098387	0.569088	0.816368	0.906157	-0.390319	0.162883	0.411340	0.723732	-0.554086	51.567287	-69.522156	697.353333	
0.183825	0.638326	0.747494	0.852922	-0.481583	0.201498	0.488603	0.600514	-0.632970	33.037239	-82.990395	707.871216	
0.241756	0.702398	0.669470	0.815437	-0.521023	0.252183	0.525943	0.484944	-0.698723	14.690358	-96.782173	720.414368	
0.305288	0.752491	0.583570	0.785166	-0.545661	0.292860	0.538808	0.368793	-0.757415	5.771157	-103.434898	732.602844	
0.355893	0.761777	0.541326	0.742242	-0.582367	0.331548	0.567818	0.283800	-0.772684	-3.155645	-110.882118	739.679993	
0.461080	0.765274	0.449176	0.671694	-0.631779	0.386886	0.579855	0.123324	-0.805332	-13.067076	-125.010124	746.200256	
0.528388	0.772543	0.352110	0.633407	-0.634869	0.442419	0.565333	-0.010739	-0.824793	-22.920303	-139.739395	753.452332	
0.626779	0.736107	0.255525	0.570804	-0.656986	0.492495	0.530406	-0.162830	-0.831959	-31.500793	-146.306671	771.255493	
0.677369	0.717521	0.162277	0.553082	-0.642172	0.530768	0.485048	-0.269773	-0.831836	-39.596043	-159.774612	780.427490	
0.760852	0.646382	0.057397	0.504689	-0.645016	0.573796	0.407914	-0.407606	-0.816984	-48.169449	-172.971329	786.260376	
0.792608	0.608454	-0.039458	0.502567	-0.615287	0.607328	0.345254	-0.501202	-0.793470	-56.116505	-178.994415	803.604980	
0.822778	0.560174	-0.096134	0.479188	-0.592733	0.647337	0.305641	-0.578680	-0.756116	-69.947182	-191.266144	816.134216	
0.839871	0.509790	-0.186364	0.488525	-0.560317	0.668870	0.236561	-0.652807	-0.719639	-82.940041	-202.432022	822.295471	
0.857008	0.450682	-0.249845	0.480246	-0.522766	0.704328	0.186818	-0.723602	-0.664453	-93.822655	-212.850693	832.381653	
0.870280	0.397828	-0.290422	0.474538	-0.519174	0.710824	0.132007	-0.756432	-0.640612	-103.047661	-217.949509	850.050781	
0.878255	0.288506	-0.381355	0.478040	-0.509552	0.715426	0.012085	-0.810629	-0.585434	-110.186218	-222.432556	867.733032	
0.885964	0.184218	-0.425597	0.456921	-0.503719	0.733137	-0.079325	-0.843996	-0.530450	-112.659920	-230.432861	883.145752	
0.851888	0.128160	-0.507801	0.502034	-0.475977	0.722085	-0.149159	-0.870068	-0.469821	-114.208107	-234.717865	890.299744	
0.834676	0.079050	-0.545039	0.518616	-0.445874	0.729543	-0.185349	-0.891597	-0.413157	-114.878593	-237.022858	898.906433	
0.783286	0.029061	-0.620983	0.573658	-0.418691	0.703998	-0.239542	-0.907662	-0.344626	-113.897415	-242.370880	914.674744	
0.725805	-0.015427	-0.687727	0.626810	-0.397043	0.670422	-0.283401	-0.917669	-0.278506	-112.527023	-246.677719	920.224060	
0.688961	-0.056605	-0.722585	0.653985	-0.381247	0.653417	-0.312471	-0.922737	-0.225646	-109.760414	-248.511963	929.531311	
0.621740	-0.085665	-0.778525	0.693986	-0.400530	0.598297	-0.363076	-0.912269	-0.189575	-106.156448	-250.372894	938.988525	
0.576521	-0.148028	-0.803561	0.695864	-0.426495	0.577819	-0.428249	-0.892293	-0.142876	-96.490120	-249.376480	950.623474	
0.526036	-0.197622	-0.827183	0.681828	-0.483348	0.549076	-0.508328	-0.852829	-0.119514	-91.482567	-248.370193	953.770691	
0.484706	-0.213149	-0.848308	0.705448	-0.478114	0.523211	-0.517111	-0.852040	-0.081380	-79.290413	-245.723434	958.882996	
0.422290	-0.250024	-0.871297	0.704000	-0.515037	0.488999	-0.571013	-0.819892	-0.041478	-72.844276	-242.686966	966.380798	
0.361170	-0.276746	-0.890487	0.695836	-0.555738	0.454935	-0.620780	-0.783942	-0.008147	-57.792423	-237.534470	977.336121	
0.285315	-0.248207	-0.925736	0.713145	-0.590327	0.378071	-0.640328	-0.768053	0.008578	-49.264797	-231.873947	985.538452	
0.216840	-0.210537	-0.953233	0.741820	-0.599205	0.301091	-0.634574	-0.772416	0.026248	-40.240757	-224.836502	992.446289	
0.182111	-0.193989	-0.963952	0.737661	-0.621255	0.264383	-0.650148	-0.759216	0.029960	-30.833794	-216.565430	995.583679	
0.113451	-0.151850	-0.981870	0.717271	-0.671316	0.186699	-0.687496	-0.725448	0.032756	-21.104879	-207.644165	997.932373	
0.080692	-0.126196	-0.988718	0.733633	-0.663978	0.144621	-0.674738	-0.737025	0.039004	-11.254072	-197.227661	1003.109619	
0.036000	-0.067182	-0.997091	0.747521	-0.660381	0.071484	-0.663262	-0.747919	0.026446	7.651374	-185.827255	1005.809082	
0.006411	0.000481	-0.999979	0.692521	-0.721386	0.004092	-0.721369	-0.692532	-0.004958	16.575161	-174.400269	1010.611084	
-0.012741	0.071362	-0.997369	0.658170	-0.750305	-0.062093	-0.752762	-0.657228	-0.037409	26.111549	-161.576904	1012.859253	
-0.024223	0.144218	-0.989249	0.638541	-0.759152	-0.126309	-0.769207	-0.634735	-0.073700	43.810478	-148.087875	1013.167603	
-0.009549	0.217234	-0.976072	0.603417	-0.777109	-0.178857	-0.797369	-0.590686	-0.123662	52.645802	-134.757385	1017.549744	
0.005259	0.284333	-0.958711	0.595472	-0.771101	-0.225426	-0.803359	-0.569700	-0.173368	68.882278	-120.026428	1013.428345	
0.046482	0.316095	-0.947588	0.563756	-0.791405	-0.236342	-0.824632	-0.523223	-0.214986	75.879051	-112.464584	1011.195740	
0.087674	0.337215	-0.937336	0.540237	-0.806660	-0.239672	-0.836933	-0.485370	-0.252899	89.207718	-104.751808	1009.636414	
0.132710	0.390517	-0.910979	0.560858	-0.787393	-0.255834	-0.817207	-0.476978	-0.323520	100.739685	-96.589096	1005.576050	
0.187133	0.394659	-0.899569	0.499209	-0.826891	-0.258926	-0.846033	-0.400619	-0.351755	110.839363	-81.291992	1004.191528	
0.246669	0.391817	-0.886359	0.432132	-0.863128	-0.261288	-0.867419	-0.318572	-0.382223	115.114006	-66.176720	1004.139038	
0.321189	0.401284	-0.857793	0.404652	-0.877088	-0.258794	-0.856210	-0.263985	-0.444091	118.837105	-51.697025	1006.004211	
0.406612	0.391001	-0.825702	0.380219	-0.894224	-0.236213	-0.830724	-0.217900	-0.512267	122.931870	-44.558090	1001.071899	
0.472297	0.350975	-0.808550	0.346997	-0.917269	-0.195477	-0.810265	-0.188241	-0.555010	124.081024	-29.642029	993.470764	
0.516054	0.333496	-0.788967	0.329506	-0.927504	-0.176530	-0.790642	-0.168870	-0.588530	124.291359	-15.456261	989.479919	
0.589486	0.284428	-0.756048	0.261411	-0.952764	-0.154614	-0.764311	-0.106496	-0.635992	121.516068	-1.909669	986.358032	
0.625293	0.256774	-0.736937	0.242399	-0.961515	-0.129349	-0.741790	-0.097751	-0.663469	117.149376	3.818727	977.427856	
0.672062	0.178681	-0.718614	0.153337	-0.982997	-0.101016	-0.724445	-0.042300	-0.688033	113.619766	9.370784	973.834778	
0.706379	0.136497	-0.694549	0.119208	-0.990156	-0.073354	-0.697724	-0.030979	-0.715696	105.416695	20.708801	963.283936	
0.747997	0.096954	-0.656583	0.093469	-0.994801	-0.040415	-0.657088	-0.031139	-0.753170	94.556236	25.333830	952.914429	
0.785906	-0.000399	-0.618347	0.027364	-0.998997	0.035423	-0.617741	-0.044759	-0.785106	88.080444	30.612612	944.666931	
0.813603	-0.052435	-0.579052	-0.006559	-0.996689	0.081037	-0.581384	-0.062133	-0.811252	74.425652	38.672142	938.010254	
0.820764	-0.109810	-0.560615	-0.021444	-0.986582	0.161850	-0.570865	-0.120818	-0.812105	66.731956	45.379986	936.955444	
0.837671	-0.169176	-0.519315	-0.045820	-0.969235	0.241834	-0.544251	-0.178782	-0.819650	50.894402	47.582661	930.210388	
0.836879	-0.225190	-0.498924	-0.061314	-0.944287	0.323359	-0.543944	-0.240021	-0.804061	32.628925	51.605404	914.353333	
0.820171	-0.341389	-0.459102	-0.168008	-0.910795	0.377128	-0.546894	-0.232176	-0.804363	14.793955	54.267452	906.556641	
0.783461	-0.456072	-0.422124	-0.241247	-0.849201	0.469742	-0.572704	-0.266188	-0.775341	5.852215	55.042564	891.544312	
0.728129	-0.565114	-0.387912	-0.337033	-0.787964	0.515288	-0.596856	-0.244457	-0.764200	-13.039164	55.028896	881.377747	
0.652251	-0.661409	-0.370280	-0.377234	-0.706942	0.598270	-0.657467	-0.250540	-0.710609	-32.944424	54.211441	875.954651	
0.564706	-0.745972	-0.353034	-0.396720	-0.620467	0.676486	-0.723686	-0.241959	-0.646323	-52.773067	53.095119	871.289429	
0.466797	-0.825814	-0.316436	-0.408344	-0.518652	0.751170	-0.784446	-0.221429	-0.579321	-71.516914	49.534142	866.229553	
0.414168	-0.865144	-0.282827	-0.410383	-0.454847	0.790380	-0.812435	-0.211282	-0.543423	-80.567329	44.534828	861.544800	
0.364932	-0.898018	-0.245739	-0.358049	-0.379008	0.853320	-0.859433	-0.223416	-0.459846	-89.307625	38.768410	844.362549	
0.294314	-0.934156	-0.201818	-0.347120	-0.301235	0.888125	-0.890442	-0.191331	-0.412922	-105.412422	34.601120	821.843506	
0.146900	-0.970046	-0.193469	-0.285278	-0.228828	0.930728	-0.947120	-0.081531	-0.310347	-121.188278	30.923985	810.752747	
0.010782	-0.983149	-0.182484	-0.202575	-0.180857	0.962421	-0.979207	0.026591	-0.201111	-135.082733	25.868797	801.007568	
-0.071190	-0.982888	-0.169889	-0.103612	-0.162113	0.981317	-0.992066	0.087463	-0.090297	-147.287155	20.981771	783.151245	
-0.214917	-0.966081	-0.143167	-0.009346	-0.144551	0.989453	-0.976587	0.213989	0.022039	-152.613419	14.657551	771.696594	
-0.290108	-0.948482	-0.127349	0.095101	-0.160987	0.982364	-0.952256	0.272881	0.136907	-160.846741	8.009095	764.087708	
-0.350762	-0.929445	-0.114443	0.138709	-0.172425	0.975207	-0.926135	0.326192	0.189403	-164.848877	0.877934	754.604614	
-0.471520	-0.875684	-0.104138	0.219017	-0.230678	0.948061	-0.854224	0.424222	0.300560	-168.972458	-12.957626	737.439148	
-0.527441	-0.844459	-0.093242	0.299916	-0.287753	0.909532	-0.794894	0.451760	0.405040	-171.057861	-26.439854	725.909851	
-0.635802	-0.768322	-0.073724	0.309403	-0.341208	0.887607	-0.707124	0.541532	0.454663	-171.260284	-34.460865	722.123474	
-0.685920	-0.724816	-0.064443	0.330589	-0.389290	0.859746	-0.648246	0.568414	0.506639	-170.514938	-41.787476	719.383423	
-0.778507	-0.625818	-0.047718	0.349244	-0.495115	0.795543	-0.521492	0.602671	0.604015	-169.527847	-49.325855	715.367859	
-0.857430	-0.513229	-0.037527	0.308604	-0.571187	0.760597	-0.411796	0.640579	0.648139	-163.268417	-64.741379	702.587524	
-0.919648	-0.391510	-0.031068	0.250948	-0.646634	0.720339	-0.302111	0.654663	0.692926	-159.592667	-72.822655	685.977417	
-0.965213	-0.260767	-0.019072	0.190278	-0.750584	0.632786	-0.179326	0.607144	0.774092	-154.968765	-88.164482	679.474670	
-0.980811	-0.194472	-0.013778	0.157104	-0.830235	0.534815	-0.115447	0.522388	0.844857	-142.645157	-96.219635	669.045654	
-0.991737	-0.128264	-0.001974	0.114890	-0.894957	0.431105	-0.057063	0.427316	0.902300	-129.835281	-111.283081	665.241577	
-0.999942	0.008759	0.006134	-0.006405	-0.949951	0.312334	0.008562	0.312276	0.949953	-115.132301	-118.216621	655.530640	
-0.989189	0.146334	0.009570	-0.141556	-0.969861	0.198319	0.038301	0.194820	0.980091	-106.805290	-125.258942	651.129211	
-0.977253	0.211442	0.016366	-0.207070	-0.968014	0.141670	0.045796	0.135059	0.989779	-89.056259	-131.551559	637.456238	
-0.960088	0.278450	0.026397	-0.275717	-0.958065	0.078043	0.047020	0.067650	0.996600	-80.498062	-137.930023	625.876831	
-0.912459	0.408179	0.028434	-0.407928	-0.912901	0.014355	0.031815	0.001499	0.999493	-71.555267	-143.832336	617.399719	
-0.881902	0.470316	0.032446	-0.470783	-0.874984	-0.112979	-0.024747	-0.114912	0.993068	-61.984219	-154.771439	605.398376	
-0.846660	0.532054	-0.009261	-0.519807	-0.830647	-0.199557	-0.113869	-0.164143	0.979842	-53.117195	-158.543625	596.772644	
-0.763970	0.645205	0.007771	-0.619979	-0.730656	-0.285946	-0.178817	-0.223272	0.958214	-33.376453	-168.951218	592.809937	
-0.665308	0.746484	0.011223	-0.681529	-0.601143	-0.417304	-0.304765	-0.285284	0.908698	-23.502903	-173.105087	590.102722	
-0.555989	0.831062	0.014587	-0.711196	-0.466568	-0.525844	-0.430204	-0.302737	0.850456	-4.425464	-179.388458	581.034668	
-0.438736	0.898311	0.023412	-0.733108	-0.342740	-0.587434	-0.519675	-0.274892	0.808933	13.768401	-185.719666	578.628540	
-0.308731	0.950963	0.018812	-0.736093	-0.226353	-0.637910	-0.602371	-0.210789	0.769881	22.778353	-191.033020	573.552979	
-0.174013	0.984691	0.010147	-0.674625	-0.111699	-0.729660	-0.717357	-0.133814	0.683735	30.547476	-193.037949	572.147156	
-0.034715	0.999389	0.003775	-0.582139	-0.017150	-0.812907	-0.812347	-0.030417	0.582381	45.232140	-194.247101	570.062866	
0.106756	0.994265	-0.006168	-0.471819	0.045198	-0.880536	-0.875208	0.096914	0.473940	52.147381	-194.210480	565.027100	
0.175375	0.984434	-0.011451	-0.412618	0.062938	-0.908727	-0.893862	0.164094	0.417235	63.707809	-194.068283	562.897339	
0.244644	0.969311	-0.024139	-0.352591	0.065745	-0.933465	-0.903232	0.236879	0.357856	68.864349	-193.213684	560.712219	
0.309988	0.950079	-0.035420	-0.232344	0.039578	-0.971828	-0.921913	0.309486	0.233015	73.361801	-191.061539	559.133667	
0.373002	0.926838	-0.042872	-0.171438	0.023437	-0.984916	-0.911854	0.374727	0.167639	78.213211	-186.485367	558.976624	
0.494035	0.867996	-0.050101	-0.057672	-0.024781	-0.998028	-0.867527	0.495951	0.037817	79.685051	-183.982010	559.463135	
0.553243	0.830255	-0.067783	0.041744	-0.108899	-0.993176	-0.831973	0.546639	-0.094905	80.194473	-177.832550	559.398682	
0.610101	0.788567	-0.077044	0.081548	-0.159216	-0.983870	-0.788115	0.593979	-0.161443	80.320572	-174.246185	560.403564	
0.659975	0.744819	-0.098356	0.107249	-0.222978	-0.968906	-0.743592	0.628907	-0.227041	76.586349	-165.456985	563.218811	
0.756797	0.644701	-0.107774	0.156983	-0.339321	-0.927480	-0.634518	0.684996	-0.358004	70.534233	-160.436935	565.171326	
0.798740	0.590014	-0.117877	0.205269	-0.451378	-0.868403	-0.565578	0.669432	-0.481646	66.448143	-155.166885	565.271057	
0.835038	0.531568	-0.141932	0.193053	-0.524647	-0.829142	-0.515211	0.664965	-0.540721	61.523418	-149.651169	567.256775	
0.866282	0.470822	-0.166971	0.202597	-0.636637	-0.744075	-0.456627	0.610752	-0.646895	55.703613	-137.612000	569.313843	
0.919844	0.346057	-0.184746	0.149749	-0.745041	-0.649991	-0.362577	0.570225	-0.737143	42.787170	-131.081741	574.321472	
0.939587	0.279314	-0.197886	0.109036	-0.792186	-0.600458	-0.324479	0.542606	-0.774784	28.458460	-124.384338	579.129822	
0.954126	0.213010	-0.210404	0.084983	-0.866505	-0.491879	-0.287091	0.451434	-0.844859	20.306934	-117.289909	586.813965	
0.967400	0.076974	-0.241270	-0.034197	-0.904255	-0.425618	-0.250931	0.419994	-0.872146	2.621662	-110.431686	596.399597	
0.961908	0.009309	-0.273214	-0.092602	-0.929234	-0.357696	-0.257209	0.369371	-0.892977	-15.405754	-96.304352	603.324402	
0.948787	-0.123170	-0.290917	-0.195312	-0.952483	-0.233723	-0.248305	0.278573	-0.927762	-34.614174	-88.942131	610.950439	
0.911576	-0.251813	-0.324994	-0.298352	-0.949040	-0.101511	-0.282869	0.189499	-0.940253	-44.493843	-74.187462	619.105835	
0.856059	-0.369415	-0.361518	-0.385286	-0.922304	0.030110	-0.344552	0.113513	-0.931879	-54.360554	-66.652199	627.623901	
0.814596	-0.422345	-0.397566	-0.393227	-0.905981	0.156743	-0.426386	0.028653	-0.904087	-74.427490	-52.374371	641.239075	
0.734649	-0.522105	-0.433241	-0.478589	-0.851427	0.214524	-0.480877	0.049745	-0.875376	-94.182076	-45.072861	645.626770	
0.642662	-0.606997	-0.467483	-0.551111	-0.790120	0.268296	-0.532222	0.085212	-0.842305	-113.155205	-38.761436	659.225281	
0.586270	-0.634488	-0.503699	-0.514306	-0.771897	0.373713	-0.625920	0.039960	-0.778862	-131.859909	-32.692005	674.559265	
0.524348	-0.659572	-0.538539	-0.470561	-0.751559	0.462308	-0.709669	0.011007	-0.704448	-140.611099	-20.153122	679.939453	
0.417703	-0.703668	-0.574783	-0.508678	-0.705287	0.493776	-0.752841	0.086129	-0.652542	-148.674332	-7.280836	685.062683	
0.314854	-0.741913	-0.591973	-0.543755	-0.652191	0.528181	-0.777945	0.155589	-0.608764	-155.990921	-2.141433	695.849792	
0.202510	-0.763537	-0.613189	-0.515193	-0.615571	0.596361	-0.832806	0.195143	-0.518028	-169.207169	2.641052	701.448120	
0.147393	-0.745160	-0.650393	-0.432311	-0.639970	0.635252	-0.889597	0.187541	-0.416468	-180.610565	8.113409	713.158875	
0.039148	-0.722791	-0.689956	-0.448865	-0.629617	0.634115	-0.892742	0.284874	-0.349083	-185.626312	16.995852	720.361694	
-0.061568	-0.683186	-0.727643	-0.409668	-0.647489	0.642596	-0.910154	0.337657	-0.240014	-190.451828	21.423599	726.344910	
-0.107962	-0.636720	-0.763499	-0.396544	-0.676666	0.620382	-0.911645	0.369740	-0.179432	-193.070038	28.399582	743.292786	
-0.146363	-0.607688	-0.780571	-0.381944	-0.693164	0.611261	-0.912522	0.387602	-0.130649	-195.048981	35.180813	750.219849	
-0.187157	-0.574300	-0.796963	-0.311021	-0.734916	0.602630	-0.931793	0.360660	-0.041073	-195.586227	37.248634	765.671936	
-0.256480	-0.522424	-0.813197	-0.292358	-0.759996	0.580457	-0.921273	0.386621	0.042190	-196.077240	38.944408	777.798218	
-0.282405	-0.483028	-0.828812	-0.287474	-0.781659	0.553503	-0.915208	0.394575	0.081887	-192.440033	40.512833	794.273376	
-0.298355	-0.444476	-0.844644	-0.289186	-0.801254	0.523795	-0.909591	0.400537	0.110523	-187.132751	42.161381	800.627319	
-0.313101	-0.402909	-0.860018	-0.289485	-0.821967	0.490476	-0.904525	0.402532	0.140723	-180.563278	42.766323	813.658142	
-0.304268	-0.339515	-0.890028	-0.300101	-0.852584	0.427828	-0.904079	0.397274	0.157527	-176.536667	42.382282	832.714172	
-0.284878	-0.277706	-0.917455	-0.319709	-0.874780	0.364063	-0.903676	0.397033	0.160422	-165.054428	40.617493	837.449890	
-0.278509	-0.238816	-0.930268	-0.262017	-0.912956	0.312818	-0.924001	0.330870	0.191695	-158.606781	37.913624	850.915466	
-0.281967	-0.181605	-0.942079	-0.270921	-0.926887	0.259765	-0.920378	0.328475	0.212153	-144.339096	35.834370	868.122620	
-0.249544	-0.113646	-0.961671	-0.345286	-0.917369	0.198010	-0.904712	0.381465	0.189685	-136.333694	31.019417	885.992371	
-0.229882	-0.085255	-0.969477	-0.285356	-0.946466	0.150896	-0.930444	0.311335	0.193249	-118.879791	24.537352	895.887085	
-0.209629	-0.058394	-0.976035	-0.223877	-0.968828	0.106048	-0.951805	0.240744	0.190024	-100.687889	17.621899	907.336121	
-0.174322	-0.035899	-0.984034	-0.221312	-0.972337	0.074679	-0.959496	0.230797	0.161557	-81.397636	14.015585	912.639465	
-0.109088	-0.006334	-0.994011	-0.225729	-0.973696	0.030978	-0.968063	0.227757	0.104791	-61.973858	4.482461	929.897827	
-0.046494	0.004516	-0.998908	-0.218998	-0.975706	0.005783	-0.974616	0.219029	0.046355	-41.881161	-0.754575	935.680176	
0.018679	0.001729	-0.999824	-0.214166	-0.976779	-0.005690	-0.976618	0.214236	-0.017874	-31.400368	-5.490444	940.473999	
0.053008	-0.007989	-0.998562	-0.209023	-0.977903	-0.003272	-0.976472	0.208897	-0.053506	-20.946497	-16.571449	955.081360	
0.139927	-0.043394	-0.989210	-0.275298	-0.961352	0.003231	-0.951120	0.271877	-0.146465	-1.122477	-21.872858	968.219849	
0.213580	-0.098748	-0.971922	-0.340939	-0.939858	0.020569	-0.915501	0.326974	-0.234401	18.233894	-28.644983	975.780090	
0.275207	-0.173879	-0.945530	-0.419016	-0.906870	0.044811	-0.865266	0.383861	-0.322434	27.110744	-35.785393	979.046692	
0.295386	-0.212958	-0.931341	-0.364317	-0.926285	0.096255	-0.883187	0.310872	-0.351195	35.402168	-49.074455	979.707214	
0.338694	-0.277305	-0.899104	-0.308963	-0.935371	0.172105	-0.888722	0.219500	-0.402481	51.197174	-62.385612	985.283630	
0.340375	-0.324791	-0.882415	-0.257761	-0.934728	0.244620	-0.904269	0.144190	-0.401876	65.036888	-69.065407	997.892151	
0.311908	-0.394064	-0.864538	-0.322766	-0.899763	0.293674	-0.893607	0.187445	-0.407833	77.714706	-83.667953	999.363647	
0.288994	-0.492331	-0.821031	-0.391606	-0.843383	0.367895	-0.873570	0.215203	-0.436532	87.705482	-91.098419	1004.906494	
0.237939	-0.558322	-0.794771	-0.390432	-0.804229	0.448080	-0.889352	0.203689	-0.409343	92.734100	-105.289886	1005.437866	
0.171090	-0.616611	-0.768452	-0.432643	-0.747749	0.503676	-0.885182	0.246292	-0.394703	95.766312	-112.594940	1007.721619	
0.140562	-0.690668	-0.709379	-0.437059	-0.686185	0.581487	-0.888381	0.228307	-0.398313	98.710121	-119.724159	1011.342041	
0.100700	-0.728575	-0.677522	-0.424105	-0.647448	0.633202	-0.899996	0.223578	-0.374189	100.577904	-133.549850	1017.102539	
-0.000107	-0.762912	-0.646500	-0.454127	-0.575953	0.679740	-0.890936	0.293667	-0.346396	100.838409	-147.050461	1020.169495	
-0.105397	-0.784268	-0.611402	-0.456755	-0.507954	0.730313	-0.883326	0.356235	-0.304680	100.373726	-153.469467	1023.007019	
-0.162053	-0.802004	-0.574913	-0.371118	-0.490306	0.788588	-0.914335	0.341155	-0.218181	98.524544	-165.659805	1022.640259	
-0.218865	-0.815003	-0.536531	-0.331892	-0.454897	0.826387	-0.917575	0.358939	-0.170930	91.638885	-176.911835	1022.740723	
-0.335807	-0.824296	-0.455814	-0.306595	-0.361908	0.880353	-0.890635	0.435380	-0.131192	86.675484	-182.369537	1021.594360	
-0.393761	-0.820076	-0.415241	-0.200130	-0.364416	0.909477	-0.897161	0.441219	-0.020627	76.229042	-187.528976	1022.971008	
-0.506563	-0.777648	-0.372363	-0.102918	-0.374250	0.921599	-0.856037	0.505171	0.109549	63.623234	-192.266037	1021.392456	
-0.633269	-0.722289	-0.277967	0.025282	-0.378278	0.925346	-0.773517	0.578966	0.257815	56.481945	-196.605652	1021.431030	
-0.741870	-0.645324	-0.182161	0.084878	-0.359854	0.929139	-0.665149	0.673839	0.321740	48.573029	-202.500031	1017.044373	
-0.827231	-0.555846	-0.081984	0.155037	-0.366072	0.917580	-0.540047	0.746340	0.389004	40.083122	-206.036514	1016.175415	
-0.894050	-0.447736	0.014256	0.239011	-0.449867	0.860518	-0.378874	0.772754	0.509219	31.004147	-210.682800	1014.029785	
-0.942199	-0.329295	0.061840	0.250409	-0.569452	0.782955	-0.222610	0.753184	0.618997	11.797821	-213.213150	1005.228027	
-0.958986	-0.258447	0.116398	0.257366	-0.621869	0.739621	-0.118771	0.739243	0.662881	2.171660	-212.949448	995.709778	
-0.966678	-0.202632	0.156438	0.252748	-0.658506	0.708863	-0.040625	0.724781	0.687779	-16.879097	-212.929611	984.317017	
-0.973394	-0.158552	0.165421	0.228851	-0.636854	0.736235	-0.011384	0.754503	0.656196	-25.588982	-209.585114	954.352844	
-0.969920	-0.146608	0.194319	0.242746	-0.641891	0.727357	0.018093	0.752648	0.658173	-42.703648	-210.065735	945.080017	
-0.938701	0.000759	0.344731	0.193990	-0.825474	0.530055	0.284967	0.564437	0.774727	-53.875481	-210.237793	960.399292	
-0.851381	0.145192	0.504053	0.074567	-0.917669	0.390283	0.519218	0.369865	0.770461	-66.516495	-207.532639	968.874695	
-0.793116	0.247066	0.556710	-0.108183	-0.956640	0.270432	0.599384	0.154257	0.785456	-76.826248	-205.876541	959.276733	
-0.727871	0.331231	0.600408	-0.291285	-0.942022	0.166569	0.620769	-0.053649	0.782154	-93.651573	-199.717255	955.323975	
-0.678321	0.361786	0.639524	-0.384241	-0.916541	0.110947	0.626288	-0.170473	0.760723	-102.240616	-196.343246	941.692810	
-0.609298	0.419564	0.672846	-0.515205	-0.854498	0.066292	0.602758	-0.306262	0.736806	-109.396988	-191.332535	929.166809	
-0.478398	0.433242	0.763830	-0.691323	-0.722166	-0.023374	0.541485	-0.539235	0.644993	-123.922165	-183.813583	932.809143	
-0.391038	0.459761	0.797314	-0.811502	-0.580941	-0.063003	0.434225	-0.671659	0.600267	-129.614471	-172.652267	924.341003	
-0.299684	0.461211	0.835149	-0.916668	-0.381802	-0.118084	0.264400	-0.800942	0.537198	-134.237366	-161.818268	911.185791	
-0.247439	0.437154	0.864679	-0.962147	-0.216057	-0.166098	0.114209	-0.873048	0.474069	-141.810196	-149.831329	902.398743	
-0.180122	0.361726	0.914718	-0.982850	-0.028842	-0.182131	-0.039500	-0.931837	0.360718	-144.041473	-136.822037	896.333496	
-0.101003	0.289471	0.951843	-0.975489	0.159179	-0.151919	-0.195490	-0.943857	0.266300	-146.052734	-122.931839	885.701477	
-0.050321	0.181234	0.982151	-0.928323	0.354207	-0.112922	-0.368350	-0.917436	0.150421	-145.750092	-109.246193	868.432739	
-0.026435	0.123725	0.991964	-0.879181	0.469381	-0.081973	-0.475751	-0.874283	0.096370	-144.523300	-101.985748	865.916199	
-0.012034	0.065834	0.997758	-0.819260	0.571443	-0.047585	-0.573294	-0.817995	0.047059	-140.056946	-94.641136	854.988647	
0.004445	-0.051702	0.998652	-0.703564	0.709512	0.039866	-0.710617	-0.702792	-0.033221	-133.785690	-79.884903	837.479248	
-0.009069	-0.109582	0.993936	-0.520252	0.849372	0.088898	-0.853963	-0.516291	-0.064711	-129.476273	-71.766327	825.903809	
-0.034873	-0.225293	0.973666	-0.370025	0.907930	0.196830	-0.928366	-0.353417	-0.115025	-119.133072	-63.706760	808.890686	
-0.063778	-0.279027	0.958162	-0.272740	0.928438	0.252217	-0.959970	-0.245244	-0.135315	-113.007240	-55.627407	803.031555	
-0.104531	-0.383312	0.917684	-0.175834	0.915325	0.362298	-0.978853	-0.123489	-0.163078	-106.372864	-41.260689	799.284912	
-0.137215	-0.427845	0.893376	-0.081293	0.903727	0.420317	-0.987199	-0.014952	-0.158785	-98.731583	-27.197279	789.144592	
-0.165386	-0.472678	0.865576	0.090085	0.866752	0.490533	-0.982105	0.159103	-0.100766	-82.133499	-12.604031	774.107849	
-0.255473	-0.493154	0.831584	0.288418	0.782087	0.552406	-0.922793	0.380969	-0.057566	-73.208801	-5.809888	768.458252	
-0.319984	-0.516158	0.794475	0.366923	0.705607	0.606205	-0.873485	0.485487	-0.036391	-63.868763	1.557801	757.018738	
-0.373692	-0.537088	0.756234	0.481731	0.584340	0.653053	-0.792646	0.608342	0.040370	-53.134060	8.556302	737.505676	
-0.438436	-0.548752	0.711789	0.515183	0.495494	0.699334	-0.736450	0.673316	0.065467	-33.771687	20.495495	723.340027	
-0.524930	-0.586089	0.617209	0.551995	0.317555	0.771010	-0.647880	0.745423	0.156826	-23.816593	30.848110	718.712769	
-0.610966	-0.603957	0.511816	0.558993	0.128677	0.819125	-0.560577	0.786559	0.258992	-13.915357	35.417065	707.604065	
-0.699077	-0.551169	0.455526	0.577105	-0.058769	0.814551	-0.422185	0.832320	0.359167	-3.139483	43.768028	702.244507	
-0.752781	-0.523091	0.399621	0.551064	-0.168707	0.817229	-0.360067	0.835411	0.415257	7.460459	47.210415	684.562866	
-0.828083	-0.445745	0.339985	0.507531	-0.338519	0.792347	-0.238095	0.828682	0.506552	17.449730	50.778965	674.415100	
-0.906629	-0.359632	0.220655	0.389842	-0.513974	0.764101	-0.161386	0.778777	0.606184	35.380653	53.859650	658.016968	
-0.944425	-0.315822	0.091203	0.283404	-0.641678	0.712691	-0.166563	0.698930	0.695522	51.523540	56.493221	649.393433	
-0.977296	-0.210327	0.025567	0.177515	-0.746950	0.640744	-0.115670	0.630735	0.767328	58.541355	58.168663	644.813721	
-0.986989	-0.155875	-0.039436	0.100733	-0.790635	0.603944	-0.125321	0.592113	0.796049	72.189896	59.542110	640.799683	
-0.989396	-0.100380	-0.104970	0.024341	-0.827114	0.561505	-0.143188	0.552995	0.820787	83.235886	59.562565	631.752380	
-0.985088	0.007071	-0.171899	-0.088240	-0.878496	0.469528	-0.147695	0.477695	0.866021	92.684471	58.619389	624.609924	
-0.970375	0.060653	-0.233865	-0.157378	-0.893130	0.421366	-0.183317	0.445687	0.876216	96.637512	57.204197	615.999695	
-0.940671	0.165291	-0.296337	-0.274402	-0.884291	0.377799	-0.199604	0.436699	0.877183	98.878532	53.395317	603.623047	
-0.896096	0.259251	-0.360276	-0.381781	-0.864204	0.327711	-0.226395	0.431206	0.873387	100.167709	50.884415	599.665894	
-0.856378	0.299659	-0.420499	-0.424311	-0.872469	0.242396	-0.294239	0.386004	0.874312	100.760353	45.018326	594.957092	
-0.811575	0.333648	-0.479605	-0.467074	-0.863664	0.189543	-0.350979	0.377839	0.856767	99.761536	37.863438	590.640381	
-0.728895	0.345049	-0.591311	-0.491030	-0.865346	0.100325	-0.477074	0.363477	0.800177	96.408669	28.955318	589.028137	
-0.655121	0.397596	-0.642442	-0.561077	-0.825493	0.061268	-0.505973	0.400596	0.763880	93.403442	19.864021	585.891602	
-0.537084	0.408701	-0.737904	-0.624676	-0.780564	0.022343	-0.566852	0.472950	0.674534	85.647400	13.913117	583.672363	
-0.414671	0.389368	-0.822458	-0.675474	-0.737334	-0.008504	-0.609740	0.552022	0.568760	75.504852	7.641103	580.413452	
-0.353942	0.368925	-0.859428	-0.655954	-0.752932	-0.053063	-0.666670	0.544963	0.508492	63.731121	0.705187	577.922852	
-0.295906	0.341535	-0.892071	-0.632124	-0.770170	-0.085183	-0.716142	0.538693	0.443791	49.796230	-6.568076	574.650024	
-0.224370	0.319288	-0.920712	-0.644178	-0.757534	-0.105718	-0.731227	0.569382	0.375647	34.060394	-19.692230	572.984985	
-0.137922	0.220874	-0.965499	-0.612752	-0.784898	-0.092024	-0.778146	0.578919	0.243597	25.800257	-27.439838	571.086670	
-0.063015	0.109418	-0.991995	-0.612556	-0.788961	-0.048109	-0.787911	0.604621	0.116742	8.279655	-35.516788	570.515808	
0.000959	-0.009896	-0.999949	-0.586263	-0.810086	0.007457	-0.810120	0.586226	-0.006577	-0.939575	-43.782612	569.740356	
0.032148	-0.072382	-0.996857	-0.556711	-0.829628	0.042288	-0.830083	0.553602	-0.066966	-20.920578	-58.547447	569.549988	
0.070268	-0.197105	-0.977859	-0.574516	-0.809371	0.121861	-0.815472	0.553233	-0.170112	-40.584991	-66.758545	569.438660	
0.079139	-0.272067	-0.959017	-0.619547	-0.767099	0.166497	-0.780960	0.580980	-0.229265	-61.077553	-82.351028	571.522522	
0.071874	-0.398180	-0.914485	-0.662654	-0.704324	0.254593	-0.745468	0.587689	-0.314478	-81.420441	-97.068588	573.251770	
0.036159	-0.531852	-0.846063	-0.682894	-0.631266	0.367642	-0.729622	0.564478	-0.386023	-92.886909	-104.508476	579.098755	
-0.015527	-0.644761	-0.764224	-0.682677	-0.551608	0.479251	-0.730555	0.529160	-0.431598	-103.500298	-112.255074	584.345398	
-0.049298	-0.694761	-0.717547	-0.656001	-0.519215	0.547796	-0.753149	0.497717	-0.430166	-122.638817	-119.692101	587.719482	
-0.132015	-0.777452	-0.614929	-0.636718	-0.408948	0.653722	-0.759712	0.477838	-0.441030	-132.131042	-133.487946	594.080872	
-0.216090	-0.799731	-0.560117	-0.638518	-0.318247	0.700725	-0.738647	0.509065	-0.441872	-147.891800	-146.154648	597.426880	
-0.301147	-0.811513	-0.500753	-0.594100	-0.251092	0.764198	-0.745892	0.527634	-0.406503	-155.600372	-158.616226	600.533569	
-0.365785	-0.851248	-0.376265	-0.504824	-0.158175	0.848607	-0.781891	0.500356	-0.371870	-169.642899	-170.309540	609.445374	
-0.460972	-0.853066	-0.244502	-0.432004	-0.024952	0.901526	-0.775162	0.521204	-0.357025	-176.002213	-175.917847	616.296204	
-0.515007	-0.850430	-0.107402	-0.315934	0.071843	0.946056	-0.796840	0.521157	-0.305679	-185.446396	-185.183350	622.296875	
-0.555325	-0.831076	0.030438	-0.213231	0.177664	0.960711	-0.803832	0.527017	-0.275871	-192.917938	-189.521545	628.820679	
-0.590676	-0.789765	0.165447	-0.103135	0.277247	0.955245	-0.800290	0.547177	-0.245214	-197.701111	-192.942932	630.226074	
-0.634663	-0.710323	0.304376	0.060355	0.347101	0.935881	-0.770428	0.612340	-0.177419	-201.844589	-196.048737	644.359375	
-0.658426	-0.616180	0.432202	0.227264	0.384671	0.894636	-0.717514	0.687276	-0.113241	-202.319565	-201.698227	648.553589	
-0.658488	-0.511521	0.552034	0.371797	0.416645	0.829560	-0.654340	0.751500	-0.084174	-201.341232	-205.364456	662.114990	
-0.610019	-0.432507	0.663939	0.517318	0.417308	0.747149	-0.600215	0.799243	-0.030822	-200.219589	-207.214996	672.444702	
-0.604140	-0.351913	0.714963	0.625399	0.346644	0.699077	-0.493853	0.869479	0.010665	-197.584351	-209.276382	682.423401	
-0.536346	-0.253054	0.805169	0.757317	0.276824	0.591469	-0.372564	0.927001	0.043168	-189.464951	-208.457001	687.009827	
-0.444271	-0.164980	0.880570	0.855936	0.212098	0.471577	-0.264568	0.963221	0.046982	-184.802383	-207.223709	703.204468	
-0.390072	-0.128982	0.911705	0.899433	0.158613	0.407258	-0.197137	0.978879	0.054139	-179.208496	-204.640564	714.042725	
-0.264529	-0.082057	0.960879	0.959377	0.078945	0.270854	-0.098081	0.993495	0.057839	-165.349655	-201.901001	726.097229	
-0.132960	-0.037532	0.990409	0.990814	0.019827	0.133763	-0.024656	0.999098	0.034549	-150.106613	-198.371841	745.151367	
0.001214	-0.002980	0.999993	0.998973	-0.045280	-0.001350	0.045285	0.998969	0.002921	-132.947662	-195.445145	755.181763	
0.121745	0.033178	0.992005	0.979514	-0.165534	-0.114677	0.160408	0.985645	-0.052653	-116.198608	-191.308975	767.214661	
0.207025	0.008929	0.978293	0.941375	-0.274075	-0.196712	0.266371	0.961666	-0.065148	-105.599861	-184.664200	784.205261	
0.339248	-0.003365	0.940688	0.879358	-0.354051	-0.318397	0.334125	0.935219	-0.117153	-95.250084	-175.501953	802.247620	
0.462889	-0.041020	0.885464	0.787798	-0.438872	-0.432163	0.406335	0.897612	-0.170835	-76.011467	-165.338486	819.948914	
0.576617	-0.070391	0.813974	0.695045	-0.481410	-0.533999	0.429446	0.873664	-0.228666	-65.261208	-159.991013	840.510925	
0.674366	-0.135458	0.725864	0.566219	-0.536101	-0.626091	0.473948	0.833214	-0.284831	-45.639973	-149.456726	850.821777	
0.717511	-0.173962	0.674471	0.475910	-0.584615	-0.657064	0.508612	0.792440	-0.336679	-25.263592	-143.720200	865.522400	
0.785529	-0.254480	0.564075	0.325840	-0.604840	-0.726632	0.526091	0.754591	-0.392201	-5.955155	-130.483887	876.631775	
0.841565	-0.305765	0.445278	0.186992	-0.608466	-0.771233	0.506755	0.732308	-0.454890	3.907646	-117.022125	882.540527	
0.855047	-0.349174	0.383367	0.094373	-0.622175	-0.777167	0.509891	0.700695	-0.499038	13.303860	-110.673164	890.440247	
0.868826	-0.426018	0.252286	-0.057277	-0.592611	-0.803447	0.491793	0.683608	-0.539278	21.552338	-96.531174	901.557129	
0.874025	-0.470815	0.120048	-0.184582	-0.550292	-0.814312	0.449455	0.689572	-0.567874	29.483936	-82.095123	908.620850	
0.842188	-0.536765	0.050990	-0.279876	-0.516033	-0.809552	0.460855	0.667526	-0.584826	36.276352	-67.846832	926.005249	
0.803965	-0.594479	-0.015252	-0.366606	-0.475273	-0.799820	0.468230	0.648620	-0.600044	42.747643	-53.648300	945.228149	
0.759160	-0.645260	-0.085518	-0.453261	-0.429771	-0.780928	0.467151	0.631613	-0.618737	52.676598	-46.568874	958.173889	
0.720650	-0.656818	-0.221928	-0.554130	-0.353309	-0.753730	0.416656	0.666155	-0.618576	60.790558	-32.473370	963.092590	
0.687892	-0.666005	-0.288512	-0.609509	-0.314240	-0.727838	0.394085	0.676527	-0.622101	63.778477	-18.617825	969.343811	
0.627239	-0.692641	-0.356113	-0.666586	-0.240968	-0.705404	0.402783	0.679839	-0.612851	65.316391	-4.077868	973.975403	
0.585175	-0.697082	-0.414300	-0.709448	-0.192646	-0.677915	0.392752	0.690625	-0.607276	67.353310	9.016158	987.966370	
0.542319	-0.693564	-0.474190	-0.754831	-0.154371	-0.637492	0.368944	0.703659	-0.607243	66.690857	21.400976	993.483276	
0.495607	-0.681615	-0.538304	-0.789713	-0.095639	-0.605973	0.361561	0.725432	-0.585681	64.576981	27.106688	1000.349487	
0.454088	-0.666816	-0.590896	-0.818259	-0.049727	-0.572693	0.352499	0.743560	-0.568210	61.594696	38.083637	1014.032593	
0.387586	-0.604438	-0.696009	-0.859957	0.034879	-0.509172	0.332041	0.795887	-0.506274	53.345810	49.130856	1012.573975	
0.349529	-0.558102	-0.752561	-0.882060	0.074816	-0.465157	0.315912	0.826391	-0.466130	47.703819	59.220459	1016.369263	
0.297862	-0.536578	-0.789531	-0.900718	0.115983	-0.418631	0.316203	0.835841	-0.448759	36.814964	67.715942	1018.984741	
0.244270	-0.500737	-0.830417	-0.907327	0.184162	-0.377941	0.342183	0.845781	-0.409348	24.394974	76.693085	1033.536377	
0.194292	-0.460283	-0.866249	-0.906527	0.253136	-0.337829	0.374779	0.850917	-0.368078	16.038136	83.341347	1029.977905	
0.140254	-0.430173	-0.891783	-0.901215	0.317548	-0.294912	0.410050	0.845052	-0.343142	0.582233	87.159431	1041.199951	
0.074029	-0.332623	-0.940148	-0.895403	0.392886	-0.209506	0.439060	0.857322	-0.268748	-16.572231	89.586479	1041.480591	
0.057096	-0.269485	-0.961309	-0.888030	0.426300	-0.172248	0.456226	0.863507	-0.214972	-34.985546	92.481918	1050.484497	
0.032765	-0.146146	-0.988719	-0.882732	0.459710	-0.097203	0.468732	0.875960	-0.113947	-44.946831	94.024628	1054.377075	
0.010996	-0.086656	-0.996176	-0.862973	0.502436	-0.053231	0.505130	0.860260	-0.069258	-54.886303	94.906731	1055.304077	
-0.004965	0.047576	-0.998854	-0.834473	0.550211	0.030356	0.551026	0.833669	0.036968	-65.583160	95.436996	1059.786377	
-0.020575	0.170113	-0.985208	-0.808549	0.576784	0.116479	0.588069	0.798987	0.125676	-86.316879	95.602898	1072.665771	
-0.021221	0.226679	-0.973737	-0.786155	0.597930	0.156328	0.617665	0.768827	0.165514	-97.527351	95.512718	1083.336182	
0.000697	0.353374	-0.935480	-0.764915	0.602760	0.227121	0.644131	0.715406	0.270719	-106.327126	91.663567	1074.762939	
0.014770	0.415220	-0.909600	-0.756031	0.599981	0.261608	0.654369	0.683823	0.322779	-114.604614	86.511848	1063.405762	
0.038842	0.468358	-0.882683	-0.726273	0.619939	0.296986	0.686307	0.629536	0.364233	-123.908760	81.917717	1066.398193	
0.075840	0.522412	-0.849313	-0.694528	0.638838	0.330931	0.715457	0.564775	0.411277	-132.479599	75.907707	1066.179688	
0.111525	0.567011	-0.816124	-0.667465	0.651172	0.361198	0.736242	0.504453	0.451080	-139.736450	67.829338	1059.325562	
0.153653	0.609584	-0.777687	-0.636500	0.663060	0.393977	0.755816	0.434464	0.489879	-146.943649	64.181496	1055.972046	
0.200223	0.648482	-0.734425	-0.603898	0.671960	0.428690	0.771504	0.357686	0.526156	-152.994232	54.462749	1052.977661	
0.230995	0.687214	-0.688750	-0.593164	0.660594	0.460184	0.771231	0.302243	0.560223	-163.609955	43.804901	1049.788818	
0.275683	0.749684	-0.601641	-0.586526	0.627068	0.512612	0.761568	0.211561	0.612579	-171.437531	32.469589	1042.022583	
0.315530	0.805505	-0.501601	-0.581358	0.581877	0.568718	0.749976	0.112163	0.651884	-175.643997	27.421064	1046.059937	
0.343193	0.846841	-0.406299	-0.594479	0.530742	0.604075	0.727196	0.034223	0.685574	-179.764648	20.900148	1037.514282	
0.386895	0.878421	-0.280516	-0.592743	0.469940	0.654072	0.706376	-0.086783	0.702494	-183.420700	14.289849	1033.914673	
0.414146	0.894968	-0.165881	-0.609330	0.407983	0.679901	0.676166	-0.180502	0.714293	-182.478073	7.237087	1029.996948	
0.459258	0.887102	-0.046176	-0.617717	0.356285	0.701060	0.638363	-0.293444	0.711604	-180.495514	0.918427	1020.433716	
0.493481	0.866653	0.073404	-0.639122	0.304087	0.706436	0.589913	-0.395527	0.703958	-176.323013	-12.704772	1009.115417	
0.512398	0.848053	0.135112	-0.642322	0.274057	0.715761	0.569973	-0.453540	0.685148	-173.061096	-20.044472	1000.783936	
0.515663	0.820609	0.246356	-0.670182	0.207174	0.712695	0.533804	-0.532615	0.656788	-164.002258	-34.748459	988.642517	
0.523636	0.796266	0.302927	-0.679936	0.176360	0.711747	0.513314	-0.578668	0.633757	-153.955933	-42.450905	974.962524	
0.539641	0.762218	0.357506	-0.693786	0.162063	0.701709	0.476915	-0.626705	0.616271	-141.745392	-49.307899	961.406250	
0.536900	0.736414	0.411621	-0.710543	0.131672	0.691225	0.454827	-0.663594	0.593947	-134.724243	-63.930443	957.076172	
