0.995341	-0.043992	0.085791	0.045450	0.998852	-0.015118	-0.085027	0.018947	0.996199	18.333929	4.501044	546.358459	
0.976341	-0.132499	0.170883	0.137067	0.990445	-0.015161	-0.167242	0.038225	0.985175	27.563583	7.730106	540.895325	
0.962108	-0.188251	0.197254	0.194392	0.980850	-0.012064	-0.191205	0.049952	0.980278	35.039242	13.816266	528.202087	
0.922157	-0.235120	0.307157	0.244593	0.969594	0.007871	-0.299668	0.067870	0.951627	38.328651	13.224005	505.661560	
0.835265	-0.265380	0.481566	0.308864	0.951035	-0.011623	-0.454902	0.158447	0.876333	53.260601	24.480900	552.442017	
0.835265	-0.265380	0.481566	0.308864	0.951035	-0.011623	-0.454902	0.158447	0.876333	53.260601	24.480900	552.442017	
0.835265	-0.265380	0.481566	0.308864	0.951035	-0.011623	-0.454902	0.158447	0.876333	53.260601	24.480900	552.442017	
0.835265	-0.265380	0.481566	0.308864	0.951035	-0.011623	-0.454902	0.158447	0.876333	53.260601	24.480900	552.442017	
0.835265	-0.265380	0.481566	0.308864	0.951035	-0.011623	-0.454902	0.158447	0.876333	53.260601	24.480900	552.442017	
0.437362	-0.323413	0.839117	0.629347	0.776594	-0.028711	-0.642368	0.540653	0.543192	99.584496	31.286613	568.615356	
0.370888	-0.331012	0.867682	0.700840	0.712783	-0.027652	-0.609316	0.618361	0.496350	103.464211	30.185955	577.988708	
0.264944	-0.284948	0.921199	0.775005	0.631352	-0.027606	-0.573735	0.721248	0.388110	106.273117	27.531872	581.190918	
0.200181	-0.259283	0.944827	0.841624	0.539212	-0.030342	-0.501595	0.801263	0.326159	108.546257	25.815125	591.898132	
0.123129	-0.180943	0.975755	0.874660	0.484300	-0.020564	-0.468838	0.855986	0.217896	109.795250	20.974648	600.903687	
0.078854	-0.140834	0.986887	0.918103	0.395984	-0.016849	-0.388419	0.907393	0.160526	110.014603	15.074613	603.871155	
0.049889	-0.098519	0.993883	0.941468	0.336817	-0.013871	-0.333391	0.936401	0.109557	108.372871	8.266663	608.710327	
0.024231	-0.054844	0.998200	0.958640	0.284518	-0.007639	-0.283588	0.957100	0.059471	104.378716	4.696316	616.112427	
-0.008322	0.014096	0.999865	0.982564	0.185844	0.005558	-0.185741	0.982478	-0.015396	100.740349	-3.737450	623.181396	
-0.026273	0.067681	0.997360	0.997240	0.071081	0.021446	-0.069442	0.995171	-0.069361	96.156906	-13.974146	626.176208	
-0.036973	0.143106	0.989016	0.999316	0.006632	0.036398	-0.001350	0.989685	-0.143252	86.635948	-25.488756	632.277893	
-0.029461	0.280208	0.959487	0.994734	-0.086056	0.055675	0.098171	0.956074	-0.276196	80.640411	-32.002167	639.936401	
0.015128	0.339650	0.940429	0.961324	-0.263623	0.079747	0.275006	0.902851	-0.330502	74.725266	-37.002277	655.010315	
0.021688	0.412695	0.910610	0.950865	-0.289884	0.108731	0.308845	0.863510	-0.398703	67.820160	-49.413483	672.249512	
0.059018	0.479915	0.875327	0.929979	-0.345150	0.126531	0.362844	0.806568	-0.466681	59.536175	-56.057514	679.062012	
0.102227	0.564899	0.818803	0.902392	-0.399044	0.162640	0.418615	0.722255	-0.550553	51.797707	-69.484459	699.659729	
0.189620	0.642414	0.742528	0.846329	-0.490331	0.208093	0.497767	0.588964	-0.636669	32.870495	-83.313583	713.846008	
0.230227	0.714029	0.661178	0.821470	-0.506850	0.261323	0.521712	0.482974	-0.703244	14.338751	-97.760300	725.899475	
0.273210	0.766577	0.581132	0.794644	-0.520310	0.312757	0.542123	0.376345	-0.751310	5.422965	-104.926224	739.552246	
0.341872	0.766935	0.543077	0.744322	-0.573769	0.341721	0.573680	0.287399	-0.767002	-3.570228	-112.701401	748.310974	
0.445565	0.772866	0.451828	0.671474	-0.622308	0.402311	0.592110	0.124135	-0.796238	-13.539480	-126.563118	751.712097	
0.528800	0.782550	0.328609	0.651454	-0.622397	0.433854	0.544039	-0.015349	-0.838919	-21.781422	-138.912140	751.062744	
0.645721	0.734756	0.207792	0.604141	-0.658037	0.449444	0.466968	-0.164680	-0.868804	-29.660645	-145.467148	773.572083	
0.679704	0.711782	0.177109	0.593758	-0.675707	0.436887	0.430643	-0.191795	-0.881907	-39.643326	-157.358093	782.930359	
0.762903	0.640908	0.084943	0.522211	-0.688339	0.503470	0.381149	-0.339741	-0.859826	-48.920765	-172.201935	790.811523	
0.797474	0.602913	-0.023030	0.534701	-0.688536	0.489910	0.279517	-0.403005	-0.871468	-56.973656	-176.884048	815.116455	
0.813228	0.581575	0.020727	0.517046	-0.738422	0.432892	0.267066	-0.341324	-0.901206	-74.698631	-186.573029	830.374634	
0.839796	0.542101	0.029475	0.481550	-0.768864	0.420662	0.250704	-0.339077	-0.906738	-92.932556	-197.323624	843.866821	
0.855035	0.517125	0.038696	0.457781	-0.787755	0.412161	0.243623	-0.334698	-0.910287	-106.444366	-206.412018	857.090393	
0.863184	0.504340	0.023565	0.449523	-0.788936	0.418936	0.229878	-0.351026	-0.907708	-117.549156	-211.579254	876.557556	
0.879789	0.475185	0.013046	0.426719	-0.801554	0.418832	0.209481	-0.362917	-0.907969	-129.607651	-217.395172	898.766785	
0.898757	0.437947	0.020938	0.387658	-0.816048	0.428702	0.204836	-0.377183	-0.903202	-134.856110	-226.127014	921.860229	
0.853696	0.127297	-0.504973	0.500304	-0.469647	0.727412	-0.144562	-0.873629	-0.464623	-115.860001	-238.270996	901.768005	
0.853696	0.127297	-0.504973	0.500304	-0.469647	0.727412	-0.144562	-0.873629	-0.464623	-115.860001	-238.270996	901.768005	
0.853696	0.127297	-0.504973	0.500304	-0.469647	0.727412	-0.144562	-0.873629	-0.464623	-115.860001	-238.270996	901.768005	
0.853696	0.127297	-0.504973	0.500304	-0.469647	0.727412	-0.144562	-0.873629	-0.464623	-115.860001	-238.270996	901.768005	
0.853696	0.127297	-0.504973	0.500304	-0.469647	0.727412	-0.144562	-0.873629	-0.464623	-115.860001	-238.270996	901.768005	
0.615938	-0.095244	-0.782016	0.700709	-0.387431	0.599085	-0.360036	-0.916965	-0.171896	-105.972900	-249.693008	935.513611	
0.538144	-0.202758	-0.818101	0.728388	-0.376506	0.572445	-0.424088	-0.903953	-0.054928	-95.238441	-245.466919	934.185974	
0.477919	-0.260102	-0.839011	0.737670	-0.399727	0.544113	-0.476901	-0.878956	0.000832	-90.269829	-244.367447	935.366760	
0.440084	-0.257940	-0.860112	0.733732	-0.448884	0.510038	-0.517650	-0.855552	-0.008288	-78.961838	-243.742432	949.713928	
0.396947	-0.273603	-0.876113	0.713959	-0.507813	0.482064	-0.576796	-0.816864	-0.006234	-72.829529	-241.978882	962.805969	
0.342818	-0.275983	-0.897947	0.706012	-0.554867	0.440079	-0.619696	-0.784828	0.004629	-57.987980	-238.422867	979.307739	
0.278826	-0.244779	-0.928623	0.719311	-0.587436	0.370823	-0.636276	-0.771364	0.012279	-49.178314	-233.184128	989.531494	
0.214107	-0.203490	-0.955380	0.754772	-0.586392	0.294046	-0.620062	-0.784051	0.028038	-39.524101	-227.845612	1002.738403	
0.188511	-0.190183	-0.963481	0.740117	-0.617345	0.266667	-0.645515	-0.763358	0.024381	-30.043579	-218.630768	1002.724915	
0.126301	-0.188147	-0.973986	0.773421	-0.596153	0.215452	-0.621182	-0.780514	0.070222	-19.402592	-213.262634	1018.734802	
0.109398	-0.159481	-0.981121	0.799812	-0.571945	0.182150	-0.590197	-0.804640	0.064985	-9.224424	-203.260483	1028.742920	
0.046369	-0.111112	-0.992726	0.802446	-0.587722	0.103262	-0.594920	-0.801397	0.061910	9.269678	-189.841400	1026.050293	
0.007262	-0.152359	-0.988299	0.797729	-0.595065	0.097598	-0.602972	-0.789103	0.117220	21.374571	-175.975082	1028.122803	
-0.049915	-0.338814	-0.939529	0.821094	-0.549477	0.154530	-0.568606	-0.763728	0.305625	36.911079	-161.451294	1041.635864	
-0.163088	-0.388380	-0.906953	0.761740	-0.633783	0.134424	-0.627019	-0.668940	0.399208	59.793022	-148.623871	1068.508179	
-0.239622	-0.223541	-0.944781	0.631995	-0.774631	0.022990	-0.736995	-0.591588	0.326895	68.089684	-134.060532	1071.388550	
-0.273794	-0.046981	-0.960640	0.589507	-0.797392	-0.129020	-0.759945	-0.601630	0.246017	78.438004	-117.711334	1018.318481	
-0.249792	0.034864	-0.967672	0.583675	-0.791966	-0.179203	-0.772610	-0.609569	0.177477	81.679909	-110.148148	1000.088806	
-0.293898	0.048960	-0.954582	0.508330	-0.837741	-0.199473	-0.809459	-0.543868	0.221323	96.469833	-102.731018	1004.640015	
-0.206261	0.068308	-0.976110	0.577938	-0.796463	-0.177860	-0.789584	-0.600817	0.124802	102.784866	-95.317184	980.791870	
-0.171032	0.054219	-0.983773	0.590829	-0.793395	-0.146445	-0.788460	-0.606288	0.103662	110.575485	-82.314476	984.896240	
-0.081206	0.126121	-0.988686	0.626014	-0.765433	-0.149060	-0.775572	-0.631036	-0.016795	111.789970	-68.945694	977.030579	
0.256067	0.451030	-0.854987	0.547455	-0.796626	-0.256282	-0.796694	-0.402443	-0.450908	119.597931	-54.203194	1005.018982	
0.383806	0.414773	-0.825019	0.387332	-0.883359	-0.263913	-0.838252	-0.218266	-0.499694	122.054276	-44.273895	988.621033	
0.463745	0.361270	-0.808965	0.346037	-0.914418	-0.209995	-0.815596	-0.182549	-0.549070	123.755905	-29.529268	979.775635	
0.483790	0.316967	-0.815769	0.311686	-0.933397	-0.177827	-0.817801	-0.168233	-0.550363	123.778374	-15.913767	968.352417	
0.548707	0.256646	-0.795647	0.204018	-0.964046	-0.170268	-0.810738	-0.068900	-0.581339	120.890053	-2.589725	969.756836	
0.621346	0.240144	-0.745829	0.211315	-0.967963	-0.135622	-0.754503	-0.073337	-0.652187	117.397064	3.952775	980.117554	
0.677224	0.170841	-0.715668	0.141193	-0.984768	-0.101470	-0.722102	-0.032330	-0.691031	114.062958	9.539810	980.482117	
0.699085	0.135369	-0.702108	0.122910	-0.990051	-0.068506	-0.704395	-0.038405	-0.708768	105.689972	20.713173	967.461243	
0.751228	0.091946	-0.653608	0.087868	-0.995367	-0.039032	-0.654167	-0.028110	-0.755827	93.958199	25.487453	955.219910	
0.790873	0.001991	-0.611977	0.023026	-0.999384	0.026504	-0.611546	-0.035053	-0.790432	87.924294	30.597836	948.588013	
0.826404	-0.054411	-0.560442	-0.023251	-0.997769	0.062584	-0.562596	-0.038690	-0.825826	74.357628	38.756794	942.028687	
0.823806	-0.118207	-0.554410	-0.033192	-0.986397	0.160991	-0.565898	-0.114224	-0.816525	67.119003	45.376221	942.725647	
0.836055	-0.172654	-0.520771	-0.040495	-0.966024	0.255260	-0.547148	-0.192323	-0.814642	50.948490	48.107315	935.291260	
0.834954	-0.223630	-0.502834	-0.047628	-0.939647	0.338814	-0.548254	-0.258945	-0.795214	32.320683	51.889935	917.214539	
0.820284	-0.343739	-0.457140	-0.164333	-0.907199	0.387277	-0.547839	-0.242555	-0.800650	14.428097	54.807663	915.656616	
0.780022	-0.456812	-0.427654	-0.247064	-0.852727	0.460234	-0.574912	-0.253335	-0.778009	5.193717	54.935837	893.327698	
0.770395	-0.527436	-0.358193	-0.349153	-0.819098	0.455160	-0.533462	-0.225590	-0.815186	-13.456806	53.430023	864.505310	
0.749027	-0.618295	-0.238055	-0.486971	-0.757406	0.434965	-0.449240	-0.209875	-0.868411	-28.626312	49.547932	837.618652	
0.563577	-0.749078	-0.348227	-0.399108	-0.615998	0.679160	-0.723252	-0.243779	-0.646126	-53.261700	53.792000	879.119019	
0.563577	-0.749078	-0.348227	-0.399108	-0.615998	0.679160	-0.723252	-0.243779	-0.646126	-53.261700	53.792000	879.119019	
0.563577	-0.749078	-0.348227	-0.399108	-0.615998	0.679160	-0.723252	-0.243779	-0.646126	-53.261700	53.792000	879.119019	
0.563577	-0.749078	-0.348227	-0.399108	-0.615998	0.679160	-0.723252	-0.243779	-0.646126	-53.261700	53.792000	879.119019	
0.243885	-0.945112	-0.217451	-0.359673	-0.296378	0.884757	-0.900642	-0.137567	-0.412213	-105.506355	35.207947	824.517456	
0.129514	-0.970850	-0.201684	-0.299334	-0.232188	0.925465	-0.945318	-0.059489	-0.320681	-120.310745	30.878752	804.799561	
-0.006602	-0.984201	-0.176934	-0.228387	-0.170777	0.958475	-0.973548	0.046737	-0.223652	-134.395569	25.728966	796.253784	
-0.049608	-0.985663	-0.161270	-0.153146	-0.152052	0.976435	-0.986958	0.073138	-0.143408	-147.261215	21.636829	779.344666	
-0.103080	-0.987489	-0.119328	-0.141392	-0.104201	0.984454	-0.984572	0.118350	-0.128882	-152.455170	17.925024	762.497375	
-0.102543	-0.992474	-0.066929	-0.149865	-0.051102	0.987385	-0.983374	0.111281	-0.143498	-158.380768	12.676693	745.288452	
-0.108572	-0.993783	-0.024666	-0.172119	-0.005645	0.985059	-0.979075	0.111196	-0.170436	-161.348175	6.242219	730.501892	
-0.204989	-0.978018	0.038222	-0.192922	0.078660	0.978056	-0.959563	0.193117	-0.204806	-165.651566	-7.552896	717.902161	
-0.257440	-0.961880	0.092255	-0.191337	0.144326	0.970855	-0.947162	0.232286	-0.221199	-167.922729	-21.276464	709.970032	
-0.382961	-0.906948	0.175461	-0.213854	0.271825	0.938284	-0.898670	0.321804	-0.298053	-168.177979	-31.680981	710.792480	
-0.309568	-0.929605	0.200006	-0.245318	0.281298	0.927734	-0.918687	0.238132	-0.315130	-168.097382	-38.433487	706.523560	
-0.183092	-0.955758	0.230228	-0.305395	0.277896	0.910772	-0.934457	0.096446	-0.342765	-172.219650	-45.079578	709.954834	
-0.061252	-0.973671	0.219573	-0.358710	0.226763	0.905486	-0.931437	-0.023300	-0.363156	-173.731049	-61.597488	712.335754	
0.081131	-0.972287	0.219262	-0.450995	0.160367	0.878000	-0.888831	-0.170119	-0.425487	-171.929581	-68.552521	690.756714	
0.106555	-0.963954	0.243803	-0.548416	0.147553	0.823084	-0.829389	-0.221409	-0.512925	-161.833832	-79.374641	662.328430	
0.215580	-0.941829	0.257845	-0.689146	0.040331	0.723498	-0.691812	-0.333664	-0.640363	-153.174576	-87.438438	647.497131	
-0.992013	-0.126138	-0.000560	0.113799	-0.896866	0.427412	-0.054415	0.423934	0.904057	-130.957993	-112.489998	671.726990	
-0.992013	-0.126138	-0.000560	0.113799	-0.896866	0.427412	-0.054415	0.423934	0.904057	-130.957993	-112.489998	671.726990	
-0.992013	-0.126138	-0.000560	0.113799	-0.896866	0.427412	-0.054415	0.423934	0.904057	-130.957993	-112.489998	671.726990	
-0.980665	0.195515	0.008416	-0.192445	-0.971293	0.139839	0.035515	0.135516	0.990139	-89.287743	-132.031769	640.471313	
-0.967923	0.251197	-0.005005	-0.250775	-0.964696	0.080459	0.015383	0.079133	0.996746	-80.519997	-137.488937	625.019409	
-0.949148	0.307555	-0.067297	-0.310650	-0.949618	0.041510	-0.051140	0.060305	0.996869	-69.315277	-132.579651	586.876038	
-0.920656	0.383000	-0.075524	-0.381271	-0.923735	-0.036686	-0.083815	-0.004980	0.996469	-60.634956	-140.556259	571.311401	
-0.912238	0.355892	-0.202886	-0.358336	-0.933235	-0.025839	-0.198536	0.049130	0.978862	-50.801079	-141.121384	561.837646	
-0.925112	0.282689	-0.253486	-0.313836	-0.945065	0.091424	-0.213716	0.164130	0.963010	-32.771797	-146.762268	561.595947	
-0.917846	0.297944	-0.262279	-0.359169	-0.904691	0.229201	-0.168992	0.304573	0.937378	-21.760338	-158.306900	578.603577	
-0.909595	0.303758	-0.283494	-0.387219	-0.867128	0.313289	-0.150661	0.394740	0.906357	-1.578521	-171.061020	590.875366	
-0.916238	0.260329	-0.304530	-0.355607	-0.878557	0.318875	-0.184534	0.400458	0.897542	18.104647	-176.367340	599.795837	
-0.865242	0.320282	-0.385715	-0.429870	-0.869856	0.241998	-0.258009	0.375194	0.890315	23.944977	-167.007385	578.956909	
-0.823890	0.236863	-0.514881	-0.425085	-0.859123	0.284975	-0.374845	0.453656	0.808509	29.900524	-163.985779	565.252686	
-0.039889	0.999158	0.009558	-0.581462	-0.015432	-0.813427	-0.812595	-0.038004	0.581588	45.679001	-194.960007	572.968994	
-0.039889	0.999158	0.009558	-0.581462	-0.015432	-0.813427	-0.812595	-0.038004	0.581588	45.679001	-194.960007	572.968994	
-0.039889	0.999158	0.009558	-0.581462	-0.015432	-0.813427	-0.812595	-0.038004	0.581588	45.679001	-194.960007	572.968994	
-0.039889	0.999158	0.009558	-0.581462	-0.015432	-0.813427	-0.812595	-0.038004	0.581588	45.679001	-194.960007	572.968994	
-0.039889	0.999158	0.009558	-0.581462	-0.015432	-0.813427	-0.812595	-0.038004	0.581588	45.679001	-194.960007	572.968994	
-0.039889	0.999158	0.009558	-0.581462	-0.015432	-0.813427	-0.812595	-0.038004	0.581588	45.679001	-194.960007	572.968994	
-0.039889	0.999158	0.009558	-0.581462	-0.015432	-0.813427	-0.812595	-0.038004	0.581588	45.679001	-194.960007	572.968994	
-0.039889	0.999158	0.009558	-0.581462	-0.015432	-0.813427	-0.812595	-0.038004	0.581588	45.679001	-194.960007	572.968994	
-0.039889	0.999158	0.009558	-0.581462	-0.015432	-0.813427	-0.812595	-0.038004	0.581588	45.679001	-194.960007	572.968994	
-0.039889	0.999158	0.009558	-0.581462	-0.015432	-0.813427	-0.812595	-0.038004	0.581588	45.679001	-194.960007	572.968994	
-0.039889	0.999158	0.009558	-0.581462	-0.015432	-0.813427	-0.812595	-0.038004	0.581588	45.679001	-194.960007	572.968994	
-0.039889	0.999158	0.009558	-0.581462	-0.015432	-0.813427	-0.812595	-0.038004	0.581588	45.679001	-194.960007	572.968994	
-0.039889	0.999158	0.009558	-0.581462	-0.015432	-0.813427	-0.812595	-0.038004	0.581588	45.679001	-194.960007	572.968994	
0.868048	0.467628	-0.166785	0.199595	-0.636285	-0.745187	-0.454593	0.613569	-0.645662	55.736717	-137.653290	571.163574	
0.920623	0.345831	-0.181257	0.152145	-0.745267	-0.649175	-0.359591	0.570069	-0.738727	42.929207	-131.274460	576.106201	
0.937455	0.289785	-0.192880	0.114799	-0.780448	-0.614590	-0.328632	0.554009	-0.764903	28.426527	-123.725243	576.395752	
0.936379	0.289027	-0.199141	0.144629	-0.834693	-0.531385	-0.319807	0.468777	-0.823391	21.169325	-121.173172	597.641418	
0.960692	0.146228	-0.235981	0.030464	-0.900428	-0.433937	-0.275939	0.409692	-0.869489	3.697588	-113.910408	605.336121	
0.969527	0.034332	-0.242565	-0.056844	-0.931583	-0.359056	-0.238297	0.361904	-0.901244	-14.107951	-96.827759	600.899902	
0.922029	-0.029990	-0.385956	-0.140796	-0.954695	-0.262171	-0.360608	0.296071	-0.884480	-29.227226	-89.591499	611.663696	
0.902091	-0.180185	-0.392129	-0.243355	-0.962803	-0.117424	-0.356385	0.201354	-0.912385	-28.743551	-78.538269	616.416992	
0.889712	-0.231390	-0.393536	-0.287952	-0.953364	-0.090451	-0.354254	0.193796	-0.914849	-27.651567	-67.556526	592.564514	
0.814669	-0.425287	-0.394265	-0.396943	-0.904568	0.155541	-0.422789	0.029786	-0.905739	-74.946602	-52.914001	645.109985	
0.814669	-0.425287	-0.394265	-0.396943	-0.904568	0.155541	-0.422789	0.029786	-0.905739	-74.946602	-52.914001	645.109985	
0.814669	-0.425287	-0.394265	-0.396943	-0.904568	0.155541	-0.422789	0.029786	-0.905739	-74.946602	-52.914001	645.109985	
0.586014	-0.637667	-0.499968	-0.520009	-0.769150	0.371482	-0.621433	0.042294	-0.782325	-131.951584	-32.808765	675.190125	
0.526956	-0.656704	-0.539498	-0.466336	-0.754108	0.462442	-0.710527	0.007901	-0.703625	-140.586990	-20.169218	679.124573	
0.411562	-0.706093	-0.576237	-0.511266	-0.702283	0.495384	-0.754469	0.090729	-0.650034	-148.200882	-7.420621	684.556885	
0.285968	-0.731294	-0.619219	-0.524777	-0.660205	0.537344	-0.801768	0.171288	-0.572563	-156.158630	-2.396509	700.204468	
0.182008	-0.745504	-0.641168	-0.464287	-0.639951	0.612291	-0.866781	0.186245	-0.462604	-168.966415	2.797092	703.192261	
0.120004	-0.738236	-0.663782	-0.378853	-0.652068	0.656717	-0.917643	0.172667	-0.357933	-180.120773	8.328369	714.128845	
0.027590	-0.728916	-0.684047	-0.410106	-0.632320	0.657255	-0.911620	0.262398	-0.316378	-184.645645	16.825020	719.712646	
-0.100535	-0.665106	-0.739950	-0.376998	-0.662794	0.646975	-0.920742	0.344003	-0.184109	-189.849274	20.370913	729.213501	
-0.131605	-0.631107	-0.764450	-0.390053	-0.675985	0.625222	-0.911339	0.380459	-0.157202	-191.601318	27.651695	740.768372	
-0.152161	-0.620751	-0.769100	-0.384457	-0.679702	0.624658	-0.910516	0.390735	-0.135227	-192.674316	33.756386	743.863464	
-0.148587	-0.608384	-0.779609	-0.308711	-0.720425	0.621035	-0.939478	0.332952	-0.080768	-192.795410	34.965569	755.375793	
-0.264195	-0.532964	-0.803834	-0.274422	-0.757459	0.592409	-0.924605	0.377102	0.053860	-196.279434	35.894638	776.988342	
-0.293113	-0.497152	-0.816654	-0.251621	-0.783946	0.567552	-0.922373	0.371845	0.104691	-192.532974	36.934875	791.790894	
-0.327393	-0.438828	-0.836805	-0.294776	-0.793980	0.531698	-0.897731	0.420745	0.130588	-185.570236	41.219845	796.370117	
-0.367893	-0.374520	-0.851110	-0.311110	-0.812978	0.492217	-0.876280	0.445872	0.182572	-177.210663	42.836868	804.160828	
-0.307157	-0.327080	-0.893685	-0.275127	-0.868461	0.412408	-0.911022	0.372551	0.176766	-174.261993	41.686119	817.249756	
-0.321781	-0.201457	-0.925133	-0.305009	-0.902957	0.302716	-0.896341	0.379583	0.229108	-161.924683	39.405300	812.885498	
-0.275074	-0.240235	-0.930925	-0.255119	-0.915327	0.311594	-0.926957	0.323208	0.190494	-159.692993	38.255199	857.862000	
-0.275074	-0.240235	-0.930925	-0.255119	-0.915327	0.311594	-0.926957	0.323208	0.190494	-159.692993	38.255199	857.862000	
-0.275074	-0.240235	-0.930925	-0.255119	-0.915327	0.311594	-0.926957	0.323208	0.190494	-159.692993	38.255199	857.862000	
-0.243011	-0.079303	-0.966777	-0.247486	-0.958600	0.140842	-0.937922	0.273489	0.213324	-118.499397	23.823318	895.432129	
-0.276520	-0.036423	-0.960318	-0.113531	-0.991045	0.070280	-0.954279	0.128459	0.269909	-99.144501	15.078606	902.156250	
-0.197231	-0.021926	-0.980112	-0.154825	-0.986507	0.053226	-0.968055	0.162243	0.191175	-79.539841	12.300671	915.721375	
-0.176517	0.038196	-0.983557	-0.130593	-0.991321	-0.015060	-0.975596	0.125787	0.179973	-60.514252	0.961647	949.237183	
-0.096508	0.047961	-0.994177	-0.170017	-0.984953	-0.031012	-0.980704	0.166034	0.103210	-39.768814	-3.396269	963.317627	
0.067853	0.017625	-0.997540	-0.191174	-0.981087	-0.030337	-0.979208	0.192762	-0.063200	-30.059450	-6.870823	956.500916	
0.076318	0.001193	-0.997084	-0.234859	-0.971841	-0.019138	-0.969029	0.235634	-0.073889	-17.677732	-16.737604	975.039062	
0.056851	0.010815	-0.998325	-0.223888	-0.974336	-0.023304	-0.972955	0.224838	-0.052971	2.147589	-22.336422	966.491028	
0.154454	-0.044383	-0.987003	-0.239409	-0.970898	0.006195	-0.958555	0.235341	-0.160585	19.243517	-29.478714	967.925171	
0.239042	-0.163144	-0.957207	-0.403499	-0.913331	0.054901	-0.883203	0.373108	-0.284153	28.567284	-35.842422	986.532227	
0.281245	-0.224389	-0.933034	-0.384601	-0.917133	0.104635	-0.879195	0.329417	-0.344239	35.522697	-47.826462	977.717590	
0.321281	-0.270712	-0.907466	-0.293049	-0.939652	0.176563	-0.900500	0.209206	-0.381225	50.838058	-62.167137	983.941772	
0.327177	-0.317649	-0.889975	-0.242254	-0.938528	0.245921	-0.913383	0.135140	-0.384017	64.310745	-68.372124	993.097107	
0.304069	-0.389595	-0.869344	-0.308077	-0.903731	0.297251	-0.901460	0.177440	-0.394822	77.034950	-83.099304	993.575928	
0.285059	-0.494109	-0.821340	-0.395987	-0.841055	0.368538	-0.872889	0.220185	-0.435411	87.139023	-90.165459	1000.042603	
0.231586	-0.560306	-0.795252	-0.397719	-0.800567	0.448232	-0.887799	0.212482	-0.408245	91.668388	-104.177963	1000.001526	
0.154737	-0.614208	-0.773825	-0.465336	-0.736244	0.491331	-0.871503	0.284061	-0.399738	95.106918	-112.436165	1009.423462	
0.125174	-0.688377	-0.714471	-0.455634	-0.679587	0.574943	-0.881322	0.253569	-0.398715	98.438446	-119.921227	1011.219055	
0.073142	-0.705749	-0.704676	-0.487177	-0.641814	0.592228	-0.870235	0.299985	-0.390768	100.051071	-134.611450	1016.563965	
-0.000387	-0.735692	-0.677315	-0.504801	-0.584538	0.635210	-0.863235	0.342155	-0.371153	100.361679	-148.570007	1019.947205	
-0.098756	-0.778810	-0.619436	-0.469565	-0.512348	0.719033	-0.877357	0.361874	-0.315105	99.878235	-153.484985	1019.595398	
-0.159771	-0.796061	-0.583746	-0.361685	-0.503013	0.784960	-0.918507	0.336546	-0.207557	97.545990	-165.103195	1018.991272	
-0.241194	-0.787403	-0.567293	-0.322685	-0.486222	0.812074	-0.915259	0.378924	-0.136809	90.810173	-178.395493	1026.888550	
-0.389338	-0.781007	-0.488306	-0.291579	-0.398370	0.869646	-0.873726	0.480965	-0.072624	86.502075	-184.081284	1024.887573	
-0.411764	-0.812983	-0.411714	-0.187450	-0.366568	0.911313	-0.891803	0.452421	-0.001454	76.317741	-186.920609	1015.768433	
-0.513395	-0.785997	-0.344431	-0.098255	-0.344884	0.933489	-0.852509	0.513090	0.099834	64.391594	-190.456924	1003.143555	
-0.651531	-0.708221	-0.271900	0.028931	-0.381348	0.923979	-0.758070	0.594134	0.268951	57.081539	-196.495865	1018.389099	
-0.619770	-0.762973	-0.183730	0.118387	-0.322332	0.939196	-0.775802	0.560333	0.290098	47.363274	-202.318695	1009.125854	
-0.550143	-0.829256	-0.098364	0.241384	-0.270680	0.931916	-0.799422	0.488943	0.349083	37.347103	-208.694519	1014.251221	
-0.314198	-0.944201	-0.098805	0.391611	-0.223712	0.892522	-0.864823	0.241735	0.440051	22.186817	-213.663773	1009.350281	
-0.051590	-0.991945	-0.115676	0.402612	-0.126659	0.906567	-0.913916	0.000198	0.405905	-2.976363	-213.959641	1000.251526	
-0.017707	-0.999282	-0.033459	0.451557	-0.037849	0.891440	-0.892066	0.000676	0.451905	-16.163305	-223.085632	1030.327515	
-0.966220	-0.192613	0.171227	0.257080	-0.673633	0.692912	-0.018120	0.713525	0.700395	-17.657900	-215.533997	1000.650024	
-0.966220	-0.192613	0.171227	0.257080	-0.673633	0.692912	-0.018120	0.713525	0.700395	-17.657900	-215.533997	1000.650024	
-0.966220	-0.192613	0.171227	0.257080	-0.673633	0.692912	-0.018120	0.713525	0.700395	-17.657900	-215.533997	1000.650024	
-0.966220	-0.192613	0.171227	0.257080	-0.673633	0.692912	-0.018120	0.713525	0.700395	-17.657900	-215.533997	1000.650024	
-0.903569	0.084303	0.420066	0.038029	-0.960799	0.274626	0.426751	0.264119	0.864942	-64.830406	-202.012299	951.809448	
-0.788701	0.253060	0.560278	-0.112360	-0.955336	0.273327	0.604422	0.152620	0.781908	-77.584198	-207.570999	968.568970	
-0.788701	0.253060	0.560278	-0.112360	-0.955336	0.273327	0.604422	0.152620	0.781908	-77.584198	-207.570999	968.568970	
-0.788701	0.253060	0.560278	-0.112360	-0.955336	0.273327	0.604422	0.152620	0.781908	-77.584198	-207.570999	968.568970	
-0.788701	0.253060	0.560278	-0.112360	-0.955336	0.273327	0.604422	0.152620	0.781908	-77.584198	-207.570999	968.568970	
-0.459117	0.400897	0.792776	-0.676896	-0.735809	-0.019919	0.575346	-0.545772	0.609188	-123.439590	-180.869156	918.875549	
-0.380634	0.405889	0.830887	-0.777454	-0.626958	-0.049887	0.500682	-0.664965	0.554201	-128.840698	-168.931091	902.741150	
-0.312756	0.439992	0.841779	-0.906799	-0.402053	-0.126764	0.282664	-0.802970	0.524728	-133.874741	-160.249237	900.605713	
-0.249704	0.439633	0.862770	-0.962927	-0.206659	-0.173388	0.102073	-0.874080	0.474938	-141.313477	-148.271790	894.898865	
-0.182155	0.387793	0.903569	-0.982041	-0.025830	-0.186889	-0.049135	-0.921385	0.385534	-144.418594	-135.767319	892.449158	
-0.127560	0.269023	0.954650	-0.990574	0.013883	-0.136274	-0.049914	-0.963034	0.264716	-145.155869	-119.580978	877.286804	
-0.072378	0.211549	0.974684	-0.996695	-0.051460	-0.062844	0.036863	-0.976012	0.214574	-144.542969	-100.516533	847.962341	
-0.061223	0.181589	0.981467	-0.995152	-0.086931	-0.045993	0.076968	-0.979525	0.186031	-144.240646	-91.799744	849.341370	
-0.070915	0.235311	0.969330	-0.986592	-0.159749	-0.033398	0.146991	-0.958702	0.243484	-141.204147	-82.594574	837.882202	
-0.084949	0.322057	0.942902	-0.965789	-0.259323	0.001563	0.245019	-0.910511	0.333069	-139.056610	-68.138504	833.942505	
-0.159984	0.326404	0.931594	-0.926398	-0.375539	-0.027514	0.340869	-0.867428	0.362460	-137.983017	-60.455578	838.472717	
-0.246430	0.376551	0.893019	-0.790596	-0.611062	0.039494	0.560561	-0.696285	0.448284	-132.585922	-53.462585	844.384705	
-0.315336	0.355511	0.879873	-0.641846	-0.762837	0.078192	0.698997	-0.540085	0.468734	-128.266479	-46.297348	847.525574	
-0.106615	-0.382257	0.917885	-0.156065	0.918138	0.364235	-0.981976	-0.104417	-0.157544	-106.851997	-41.382599	806.556030	
-0.106615	-0.382257	0.917885	-0.156065	0.918138	0.364235	-0.981976	-0.104417	-0.157544	-106.851997	-41.382599	806.556030	
-0.106615	-0.382257	0.917885	-0.156065	0.918138	0.364235	-0.981976	-0.104417	-0.157544	-106.851997	-41.382599	806.556030	
-0.261633	-0.493212	0.829633	0.291044	0.779245	0.555042	-0.920240	0.386677	-0.060330	-72.623482	-5.755690	763.655762	
-0.311410	-0.519390	0.795776	0.363816	0.708448	0.604765	-0.877873	0.477845	-0.031655	-63.576855	1.303769	753.163757	
-0.384521	-0.523625	0.760238	0.438237	0.621287	0.649578	-0.812460	0.582940	-0.009425	-52.322437	8.392225	732.462708	
-0.536961	-0.429292	0.726211	0.366879	0.656337	0.659259	-0.759653	0.620427	-0.194929	-32.027435	20.331512	714.413696	
-0.674546	-0.330045	0.660347	0.324408	0.670980	0.666743	-0.663134	0.663970	-0.345538	-23.927086	28.839973	714.255249	
-0.775814	-0.262115	0.573941	0.256036	0.700591	0.666047	-0.576679	0.663678	-0.476418	-14.255030	32.131046	701.347717	
-0.830209	-0.143845	0.538574	0.294820	0.706663	0.643203	-0.473111	0.692774	-0.544270	-5.323819	35.724979	691.629333	
-0.878077	0.039332	0.476900	0.369095	0.689954	0.622683	-0.304547	0.722784	-0.620350	1.520709	35.463718	675.067749	
-0.888747	0.259617	0.377794	0.453730	0.615542	0.644390	-0.065253	0.744115	-0.664857	9.145525	37.220802	667.988892	
-0.906517	0.382239	0.179221	0.397889	0.631676	0.665335	0.141107	0.674447	-0.724714	25.781498	38.486023	664.972107	
-0.895647	0.444625	-0.011182	0.325295	0.672003	0.665280	0.303314	0.592217	-0.746512	41.722275	40.300934	668.661499	
-0.916636	0.384638	-0.108768	0.242097	0.750749	0.614628	0.318067	0.537057	-0.781283	52.543285	40.522579	669.440491	
-0.870984	0.417000	-0.259803	0.206135	0.790161	0.577196	0.445977	0.449173	-0.774176	66.278969	41.084568	660.900391	
-0.781816	0.495779	-0.378108	0.219427	0.786401	0.577430	0.583622	0.368477	-0.723610	75.129860	40.951096	646.612061	
-0.723898	0.513583	-0.460656	0.224248	0.806611	0.546894	0.652445	0.292594	-0.699074	85.816589	39.488914	643.504333	
-0.680473	0.545896	-0.488829	0.236713	0.795088	0.558393	0.693486	0.264259	-0.670258	93.715782	38.252792	645.596069	
-0.650862	0.522348	-0.550937	0.187092	0.813660	0.550414	0.735783	0.255167	-0.627308	101.216652	34.287079	642.397095	
-0.621940	0.437485	-0.649460	0.099949	0.866948	0.488275	0.776661	0.238765	-0.582916	107.151909	31.794851	637.702271	
-0.620626	0.339585	-0.706758	0.026291	0.909858	0.414086	0.783667	0.238410	-0.573610	113.980858	27.339878	644.789307	
-0.531840	0.331207	-0.779390	0.011182	0.923011	0.384610	0.846772	0.195835	-0.494598	112.213821	20.283344	634.067139	
-0.518622	0.182107	-0.835386	-0.101517	0.957027	0.271649	0.848956	0.225689	-0.477849	109.957481	12.408452	611.767456	
-0.438647	0.120690	-0.890519	-0.301708	0.913646	0.272439	0.846500	0.388181	-0.364356	114.189598	7.167025	630.915771	
-0.488209	0.110853	-0.865658	-0.357572	0.879416	0.314277	0.796112	0.462967	-0.389701	109.790680	4.772213	620.121948	
-0.597119	0.076022	-0.798543	-0.366661	0.859546	0.356005	0.713449	0.505371	-0.485378	99.099686	0.065797	590.149414	
-0.669454	0.106321	-0.735206	-0.338546	0.837283	0.429352	0.661225	0.536332	-0.524529	90.988541	-3.899070	585.572815	
-0.777803	-0.039640	-0.627257	-0.379399	0.825275	0.418303	0.501078	0.563338	-0.656941	83.429893	-8.176600	569.847534	
-0.222991	0.317170	-0.921780	-0.643100	-0.758493	-0.105411	-0.732597	0.569291	0.373109	34.240200	-19.659201	575.583008	
-0.222991	0.317170	-0.921780	-0.643100	-0.758493	-0.105411	-0.732597	0.569291	0.373109	34.240200	-19.659201	575.583008	
-0.222991	0.317170	-0.921780	-0.643100	-0.758493	-0.105411	-0.732597	0.569291	0.373109	34.240200	-19.659201	575.583008	
-0.222991	0.317170	-0.921780	-0.643100	-0.758493	-0.105411	-0.732597	0.569291	0.373109	34.240200	-19.659201	575.583008	
0.042756	-0.074275	-0.996320	-0.565479	-0.823925	0.037156	-0.823654	0.561810	-0.077229	-21.052437	-58.123730	565.350037	
0.101682	-0.186171	-0.977241	-0.607410	-0.789586	0.087220	-0.787854	0.584718	-0.193369	-39.954227	-67.315529	568.924561	
0.069865	-0.263615	-0.962094	-0.620194	-0.766880	0.165089	-0.781332	0.585152	-0.217070	-60.879951	-82.276260	568.118774	
0.074284	-0.383559	-0.920524	-0.675444	-0.698451	0.236520	-0.733661	0.604193	-0.310956	-80.584999	-96.406586	568.422607	
0.136561	-0.613130	-0.778089	-0.728204	-0.594640	0.340768	-0.671619	0.520072	-0.527687	-87.776108	-106.028015	574.546082	
0.136620	-0.662785	-0.736241	-0.759589	-0.547164	0.351621	-0.635894	0.511202	-0.578197	-90.179741	-110.665009	556.767761	
-0.052296	-0.693542	-0.718515	-0.654153	-0.519853	0.549397	-0.754552	0.498750	-0.426496	-123.413002	-120.443001	591.853027	
-0.052296	-0.693542	-0.718515	-0.654153	-0.519853	0.549397	-0.754552	0.498750	-0.426496	-123.413002	-120.443001	591.853027	
-0.052296	-0.693542	-0.718515	-0.654153	-0.519853	0.549397	-0.754552	0.498750	-0.426496	-123.413002	-120.443001	591.853027	
-0.302479	-0.814065	-0.495787	-0.592010	-0.247204	0.767082	-0.747015	0.525537	-0.407161	-155.650833	-159.111343	602.063599	
-0.361172	-0.847727	-0.388476	-0.492496	-0.180345	0.851425	-0.791835	0.498833	-0.352367	-168.663406	-170.532211	608.616028	
-0.452135	-0.856115	-0.250282	-0.436038	-0.032637	0.899337	-0.778104	0.515754	-0.358542	-175.384766	-176.244354	616.279358	
-0.605441	-0.782223	-0.146863	-0.351180	0.096965	0.931274	-0.714223	0.615406	-0.333407	-192.131897	-189.461502	638.468750	
-0.657099	-0.753798	-0.003197	-0.232733	0.198839	0.951997	-0.716977	0.626300	-0.306091	-199.499176	-193.773499	645.117981	
-0.609819	-0.775461	0.163651	-0.097017	0.277976	0.955676	-0.786581	0.566912	-0.244748	-201.205841	-195.917755	640.260620	
-0.630343	-0.713846	0.305109	0.066418	0.341990	0.937353	-0.773470	0.611118	-0.168159	-202.647690	-197.383926	647.599854	
-0.658259	-0.619704	0.427390	0.246730	0.358775	0.900225	-0.711210	0.698031	-0.083268	-203.026199	-203.056534	651.707764	
-0.653105	-0.516449	0.553836	0.383809	0.404715	0.829997	-0.652797	0.754643	-0.066104	-202.251419	-206.303024	666.241882	
-0.611512	-0.430749	0.663709	0.527736	0.402950	0.747747	-0.589533	0.807519	-0.019088	-200.201935	-207.533340	674.397827	
-0.601632	-0.384818	0.699968	0.644603	0.283611	0.709966	-0.471726	0.878339	0.077425	-195.951126	-207.243530	681.483398	
-0.557734	-0.264829	0.786639	0.773783	0.177017	0.608214	-0.300321	0.947909	0.106192	-188.594193	-206.798691	687.209351	
-0.448769	-0.184509	0.874394	0.856161	0.191650	0.479852	-0.256115	0.963964	0.071962	-184.772842	-206.999176	705.424377	
-0.404674	-0.126562	0.905661	0.893713	0.155032	0.421000	-0.193689	0.979769	0.050372	-179.063904	-204.147369	714.281982	
-0.320025	0.078155	0.944180	0.943144	0.120736	0.309680	-0.089793	0.989603	-0.112351	-169.960114	-204.017899	734.706787	
-0.142979	0.006277	0.989706	0.987696	0.064909	0.142276	-0.063348	0.997872	-0.015482	-152.228394	-199.838150	751.559387	
-0.013478	0.012331	0.999833	0.999501	-0.028415	0.013823	0.028581	0.999520	-0.011943	-135.051437	-196.733078	764.272156	
0.117570	0.140008	0.983146	0.992439	-0.051693	-0.111320	0.035236	0.988800	-0.145028	-121.217049	-197.332138	793.172058	
0.165238	0.219966	0.961411	0.969217	0.144188	-0.199570	-0.182523	0.964793	-0.189371	-112.127365	-192.670624	809.374084	
0.212853	0.388400	0.896571	0.927166	0.209254	-0.310768	-0.308312	0.897418	-0.315571	-101.918282	-183.078995	822.143677	
0.374707	0.353984	0.856907	0.919849	-0.026230	-0.391395	-0.116071	0.934884	-0.335441	-81.156952	-172.410522	837.116089	
0.547730	0.229299	0.804620	0.832281	-0.051122	-0.551992	-0.085438	0.972013	-0.218843	-68.686180	-166.063705	846.770935	
0.646050	0.297897	0.702764	0.753589	-0.102569	-0.649295	-0.121341	0.949072	-0.290757	-50.453491	-156.001160	856.126709	
0.657328	0.417989	0.627061	0.737125	-0.183555	-0.650350	-0.156739	0.889715	-0.428766	-31.959534	-150.030624	872.698303	
0.701724	0.544949	0.458926	0.702571	-0.422412	-0.572681	-0.118226	0.724292	-0.679282	-15.321270	-134.427261	881.641296	
0.793503	0.500859	0.345677	0.594934	-0.518884	-0.613852	-0.128087	0.692749	-0.709714	-5.576567	-119.494911	883.265198	
0.821714	0.495458	0.281615	0.555856	-0.587752	-0.587853	-0.125736	0.639585	-0.758368	3.532778	-111.602242	881.302795	
0.888945	0.413940	0.196036	0.438009	-0.643199	-0.628048	-0.133883	0.644166	-0.753078	11.938362	-97.291260	891.508545	
0.948866	0.301391	0.093899	0.287163	-0.700537	-0.653289	-0.131115	0.646848	-0.751264	20.369106	-81.911575	891.167542	
0.995041	0.084225	0.052900	0.098140	-0.745025	-0.659778	-0.016158	0.661698	-0.749597	28.396465	-65.866455	901.715820	
0.996028	-0.075204	-0.047677	-0.086691	-0.696782	-0.712025	0.020327	0.713330	-0.700534	34.250957	-52.660755	933.472534	
0.956437	-0.290817	-0.025555	-0.229323	-0.694251	-0.682222	0.180661	0.658363	-0.730699	46.551941	-43.453491	935.436157	
0.839377	-0.521782	-0.152280	-0.464523	-0.543138	-0.699442	0.282247	0.657833	-0.698279	57.903809	-29.769966	941.790344	
0.675129	-0.681871	-0.281519	-0.611220	-0.303371	-0.731010	0.413051	0.665596	-0.621588	64.410484	-17.833122	972.751526	
0.631559	-0.691520	-0.350619	-0.661289	-0.244360	-0.709214	0.404758	0.679771	-0.611623	65.945862	-3.752409	979.528931	
0.599236	-0.684863	-0.414584	-0.699969	-0.196879	-0.686499	0.388535	0.701571	-0.597361	67.801743	9.819441	995.498840	
0.560212	-0.678332	-0.475425	-0.739507	-0.150960	-0.656003	0.373217	0.719081	-0.586202	66.540680	21.755381	995.918213	
0.523013	-0.668726	-0.528454	-0.772716	-0.110381	-0.625080	0.359676	0.735270	-0.574467	64.227097	26.544106	1002.343994	
0.453065	-0.666684	-0.591832	-0.806321	-0.023298	-0.591018	0.380234	0.744977	-0.548117	61.127613	37.719215	1008.706299	
0.404503	-0.589621	-0.699088	-0.837632	0.067965	-0.541989	0.367082	0.804816	-0.466394	53.732670	49.530750	1014.351990	
0.345599	-0.566562	-0.748044	-0.866119	0.114172	-0.486622	0.361107	0.816072	-0.451253	48.117172	59.467415	1020.868958	
0.288477	-0.536708	-0.792922	-0.892356	0.149505	-0.425849	0.347103	0.830417	-0.435807	38.006519	68.218437	1024.795166	
0.186445	-0.535430	-0.823743	-0.846642	0.337804	-0.411199	0.498431	0.774083	-0.390337	24.085482	72.816055	1019.948730	
0.059133	-0.509707	-0.858314	-0.778480	0.514677	-0.359272	0.624877	0.689426	-0.366363	18.115963	78.650322	1029.191528	
0.028795	-0.487412	-0.872697	-0.773924	0.541676	-0.328068	0.632623	0.684848	-0.361623	2.681926	82.320747	1028.104492	
-0.006392	-0.380400	-0.924800	-0.747755	0.615859	-0.248154	0.663943	0.689938	-0.288383	-14.492414	84.759018	1037.209839	
0.013969	-0.263565	-0.964540	-0.767501	0.615464	-0.179293	0.640895	0.742791	-0.193690	-33.095646	87.960732	1039.101807	
-0.018359	-0.114774	-0.993222	-0.837175	0.544868	-0.047488	0.546626	0.830630	-0.106090	-43.615215	91.115555	1038.775146	
-0.042231	-0.126214	-0.991104	-0.848282	0.528626	-0.031173	0.527858	0.839420	-0.129390	-53.567799	93.080811	1043.796021	
-0.027133	0.013495	-0.999541	-0.786019	0.617490	0.029674	0.617606	0.786464	-0.006148	-64.237862	92.142090	1051.732300	
-0.018849	0.136747	-0.990427	-0.749635	0.653549	0.104501	0.661582	0.744429	0.090190	-84.583008	91.628922	1056.355713	
-0.007251	0.232207	-0.972640	-0.808007	0.571677	0.142505	0.589127	0.786934	0.183479	-95.531494	93.039726	1066.554932	
0.025153	0.378269	-0.925354	-0.780309	0.586037	0.218352	0.624887	0.716571	0.309907	-104.958122	90.019173	1066.204590	
0.027748	0.414414	-0.909666	-0.740652	0.619666	0.259707	0.671314	0.666541	0.324130	-113.598724	85.520966	1059.970459	
0.038483	0.458279	-0.887975	-0.693002	0.652447	0.306692	0.719906	0.603568	0.342696	-123.376617	80.672821	1062.311279	
0.038834	0.487135	-0.872463	-0.655355	0.671527	0.345774	0.754321	0.558346	0.345324	-131.406357	74.718155	1060.615356	
0.080728	0.541944	-0.836528	-0.638178	0.672788	0.374279	0.765644	0.503640	0.400169	-140.340668	67.478447	1064.097290	
0.163285	0.614739	-0.771644	-0.642603	0.659744	0.389614	0.748598	0.432243	0.502759	-147.710281	64.296722	1061.653442	
0.202085	0.655208	-0.727919	-0.602285	0.669233	0.435177	0.772277	0.350473	0.529863	-153.111313	54.611866	1056.546021	
0.253733	0.691902	-0.675938	-0.594609	0.662748	0.455197	0.762927	0.286421	0.579572	-164.160995	44.077084	1052.830811	
0.291037	0.755270	-0.587253	-0.579197	0.627649	0.520180	0.761464	0.188743	0.620119	-172.211792	32.153847	1045.356201	
0.349082	0.806533	-0.477125	-0.589656	0.584773	0.557087	0.728317	0.086871	0.679710	-174.528061	27.002100	1041.051636	
0.359649	0.850134	-0.384612	-0.595674	0.526454	0.606645	0.718209	0.010924	0.695741	-179.550919	20.682673	1040.103760	
0.375725	0.881623	-0.285608	-0.570698	0.462934	0.678230	0.730159	-0.091832	0.677076	-182.811508	14.118289	1033.960693	
0.402346	0.900699	-0.163891	-0.562543	0.384473	0.731933	0.722261	-0.202295	0.661372	-182.708618	7.939633	1033.851807	
0.451536	0.891414	-0.038704	-0.566424	0.319892	0.759495	0.689404	-0.321017	0.649361	-181.018875	2.370693	1026.655518	
0.495858	0.864002	0.087330	-0.591528	0.262424	0.762383	0.635781	-0.429693	0.641206	-176.515137	-11.554247	1014.179626	
0.517754	0.845586	0.130058	-0.641966	0.283505	0.712394	0.565516	-0.452338	0.689624	-172.580231	-19.854633	1000.047974	
0.523548	0.815064	0.248129	-0.672466	0.216489	0.707758	0.523149	-0.537405	0.661446	-163.538361	-35.149750	988.879456	
0.521757	0.800321	0.295390	-0.687402	0.189351	0.701159	0.505219	-0.568887	0.648939	-153.206451	-42.677647	975.264954	
0.541088	0.760303	0.359393	-0.691510	0.159050	0.704639	0.478577	-0.629796	0.611818	-141.808426	-49.635326	963.891174	
0.542487	0.735014	0.406769	-0.705005	0.135035	0.696228	0.456808	-0.664470	0.591444	-134.932190	-63.937977	958.284058	
