0.994443	-0.043886	0.095696	0.042969	0.999008	0.011629	-0.096111	-0.007452	0.995343	18.766487	3.973907	543.449951	
0.972240	-0.128711	0.195402	0.131128	0.991365	0.000571	-0.193788	0.025067	0.980723	27.752230	7.710837	545.735596	
0.941542	-0.166735	0.292742	0.172817	0.984940	0.005159	-0.289193	0.045733	0.956178	36.377045	15.684585	546.142151	
0.911861	-0.199798	0.358594	0.225739	0.973677	-0.031524	-0.342857	0.109695	0.932961	44.876080	18.328732	547.518127	
0.849549	-0.255314	0.461607	0.315113	0.947405	-0.055930	-0.423048	0.192974	0.885320	53.056938	24.376562	550.895386	
0.791833	-0.310992	0.525628	0.400735	0.914033	-0.062892	-0.460882	0.260438	0.848387	69.862724	26.003576	552.365967	
0.694420	-0.351046	0.628131	0.488137	0.871170	-0.052777	-0.528681	0.343263	0.776316	76.710640	29.529030	552.558533	
0.602104	-0.334817	0.724823	0.535987	0.842358	-0.056130	-0.591767	0.422291	0.686646	83.790367	30.770546	557.856079	
0.543274	-0.334648	0.769977	0.574712	0.816796	-0.050504	-0.612013	0.469953	0.636071	89.014381	31.415468	558.882263	
0.440544	-0.309856	0.842562	0.620972	0.782971	-0.036742	-0.648317	0.539394	0.537345	98.984802	31.145510	565.815552	
0.368303	-0.314186	0.875009	0.694487	0.718689	-0.034262	-0.618095	0.620301	0.482894	102.429924	29.602709	572.561523	
0.264620	-0.274122	0.924573	0.770757	0.636329	-0.031935	-0.579578	0.721070	0.379667	105.354897	26.862114	575.625488	
0.199544	-0.256444	0.945737	0.837802	0.545207	-0.028934	-0.508203	0.798114	0.323643	107.776711	25.114618	586.423889	
0.120405	-0.176392	0.976928	0.868560	0.495270	-0.017624	-0.480735	0.850643	0.212840	109.009270	20.440798	596.895020	
0.074022	-0.140226	0.987349	0.916518	0.399815	-0.011929	-0.393084	0.905806	0.158115	109.304352	14.890594	599.594666	
0.052046	-0.108790	0.992702	0.954406	0.298007	-0.017380	-0.293941	0.948344	0.119340	107.925835	9.219222	602.616638	
0.038788	-0.122628	0.991695	0.975005	0.221926	-0.010694	-0.218771	0.967322	0.128171	105.706329	6.427308	609.783508	
0.013860	-0.135788	0.990641	0.986880	0.161242	0.008294	-0.160860	0.977529	0.136242	104.485573	-3.628165	616.607849	
-0.007660	-0.112419	0.993632	0.998590	0.051348	0.013507	-0.052540	0.992333	0.111867	101.311447	-14.038960	620.941162	
0.006550	-0.016750	0.999839	0.998348	-0.056960	-0.007495	0.057077	0.998236	0.016349	90.548927	-25.217876	627.806091	
-0.003250	0.085661	0.996319	0.994700	-0.102114	0.012024	0.102768	0.991078	-0.084875	84.843254	-32.587013	639.856567	
-0.041033	0.208017	0.977264	0.986857	-0.144564	0.072207	0.156298	0.967383	-0.199351	76.794640	-38.153160	643.613342	
-0.077302	0.258192	0.962996	0.972901	-0.191580	0.129462	0.217917	0.946907	-0.236386	68.323036	-48.992622	651.773560	
-0.140563	0.233273	0.962199	0.969799	-0.163222	0.181244	0.199331	0.958615	-0.203285	60.553391	-54.630604	646.419495	
0.104698	0.577357	0.809751	0.906255	-0.390707	0.161400	0.409561	0.716943	-0.564139	51.838100	-70.394997	704.843994	
0.184008	0.635320	0.750006	0.855172	-0.479654	0.196499	0.484583	0.605227	-0.631568	33.015194	-83.282883	708.512024	
0.244939	0.693184	0.677864	0.826104	-0.515188	0.228327	0.507501	0.504060	-0.698832	14.691587	-97.019196	721.164856	
0.308525	0.741622	0.595659	0.803767	-0.538143	0.253695	0.508695	0.400499	-0.762121	5.883154	-103.666283	732.986633	
0.357718	0.750325	0.555923	0.764369	-0.577251	0.287264	0.536449	0.322170	-0.780018	-3.151570	-111.171661	739.162476	
0.460113	0.760500	0.458187	0.682429	-0.633047	0.365434	0.567967	0.144539	-0.810260	-13.009465	-124.746361	743.880005	
0.527640	0.771550	0.355398	0.640559	-0.636169	0.430086	0.557926	0.000722	-0.829890	-22.754097	-139.327438	751.681213	
0.619320	0.736636	0.271683	0.558513	-0.656542	0.506967	0.551822	-0.162236	-0.818029	-31.156395	-145.114380	765.800049	
0.673014	0.716894	0.181979	0.521861	-0.634616	0.570021	0.524132	-0.288664	-0.801223	-39.531658	-159.169250	778.521362	
0.763926	0.644354	0.035017	0.489190	-0.613650	0.619780	0.420845	-0.456336	-0.783994	-48.444290	-173.074387	787.766541	
0.796051	0.598773	-0.088171	0.495930	-0.561825	0.662122	0.346924	-0.570810	-0.744190	-56.403572	-179.000031	804.863525	
0.823941	0.551980	-0.128216	0.476908	-0.553231	0.683003	0.306071	-0.623902	-0.719073	-70.017235	-191.103867	815.761841	
0.840323	0.497711	-0.214807	0.490004	-0.527924	0.693681	0.231850	-0.688172	-0.687506	-82.617577	-201.701904	819.812012	
0.856087	0.452823	-0.249134	0.477046	-0.506850	0.718003	0.198854	-0.733522	-0.649925	-93.772781	-212.137817	830.240601	
0.866966	0.399760	-0.297594	0.478918	-0.503092	0.719399	0.137869	-0.766218	-0.627616	-102.647247	-217.361282	847.775269	
0.879100	0.296029	-0.373566	0.475540	-0.491548	0.729549	0.032342	-0.818992	-0.572892	-109.910362	-221.757874	864.265259	
0.885345	0.184441	-0.426786	0.458769	-0.495562	0.737529	-0.075469	-0.848764	-0.523359	-112.392555	-230.069427	881.107666	
0.857028	0.138575	-0.496287	0.500668	-0.451626	0.738488	-0.121800	-0.881380	-0.456436	-113.887955	-234.030258	887.011169	
0.844712	0.085142	-0.528405	0.508669	-0.434804	0.743102	-0.166485	-0.896491	-0.410594	-114.901237	-236.361267	896.950134	
0.796840	0.034527	-0.603203	0.563598	-0.402244	0.721496	-0.217724	-0.914881	-0.339984	-113.957237	-241.644501	911.667725	
0.733887	-0.013116	-0.679146	0.623637	-0.383275	0.681305	-0.269236	-0.923541	-0.273101	-112.407593	-245.609116	916.955688	
0.712455	-0.041869	-0.700468	0.638892	-0.374137	0.672188	-0.290216	-0.926428	-0.239806	-109.959137	-247.572418	926.144775	
0.629924	-0.085465	-0.771940	0.690148	-0.394272	0.606831	-0.356218	-0.915012	-0.189378	-105.610748	-248.429321	932.282593	
0.585977	-0.142004	-0.797789	0.694882	-0.418413	0.584867	-0.416859	-0.897088	-0.146505	-96.153725	-247.950470	945.336060	
0.529777	-0.188937	-0.826825	0.693004	-0.465595	0.550424	-0.488962	-0.864595	-0.115728	-91.131454	-247.467484	950.866272	
0.482592	-0.192408	-0.854450	0.720726	-0.467077	0.512242	-0.497654	-0.863029	-0.086734	-79.115486	-245.782928	958.576355	
0.394719	-0.225822	-0.890619	0.720426	-0.525538	0.452543	-0.570249	-0.820253	-0.044751	-72.648079	-243.870453	968.889465	
0.359305	-0.264167	-0.895051	0.689634	-0.571007	0.445371	-0.628733	-0.777282	-0.022987	-57.294117	-236.183731	970.114929	
0.319700	-0.246303	-0.914946	0.665261	-0.629244	0.401846	-0.674701	-0.737149	-0.037314	-48.574150	-229.393036	974.427124	
0.262987	-0.220053	-0.939369	0.718725	-0.604855	0.342905	-0.643640	-0.765329	-0.000911	-39.248428	-223.434784	986.389648	
0.180368	-0.208964	-0.961146	0.769705	-0.578403	0.270193	-0.612391	-0.788534	0.056515	-30.059673	-216.794037	995.525513	
0.117298	-0.180329	-0.976587	0.769690	-0.604900	0.204143	-0.627551	-0.775615	0.067843	-20.034569	-210.003967	1005.083191	
0.120086	-0.174638	-0.977282	0.787383	-0.582811	0.200898	-0.604656	-0.793621	0.067520	-9.791979	-202.743561	1022.502258	
0.177370	-0.156353	-0.971645	0.803430	-0.547184	0.234713	-0.568368	-0.822280	0.028565	10.271357	-199.704422	1059.726440	
0.247139	-0.085203	-0.965227	0.745816	-0.619217	0.245620	-0.618614	-0.780584	-0.089487	19.503170	-187.861450	1066.581543	
-0.017013	0.068260	-0.997522	0.657409	-0.750929	-0.062599	-0.753342	-0.656845	-0.032099	26.560699	-163.503998	1023.919983	
-0.025843	0.139531	-0.989880	0.639835	-0.758505	-0.123621	-0.768078	-0.636555	-0.069675	44.483299	-149.996002	1024.770020	
0.008533	0.183756	-0.982934	0.673567	-0.727574	-0.130170	-0.739077	-0.660962	-0.129980	55.335636	-142.353638	1057.183350	
0.099681	0.250937	-0.962857	0.646349	-0.752045	-0.129081	-0.756503	-0.609475	-0.237157	71.859146	-128.174316	1057.987549	
0.102733	0.297213	-0.949268	0.610737	-0.772107	-0.175647	-0.785141	-0.561708	-0.260840	78.367310	-118.446175	1044.531982	
0.117338	0.326402	-0.937919	0.571948	-0.794296	-0.204867	-0.811854	-0.512403	-0.279886	90.438133	-107.433113	1028.429077	
0.137288	0.377889	-0.915615	0.575758	-0.782618	-0.236669	-0.806012	-0.494681	-0.325017	101.134216	-97.520737	1013.393311	
0.181410	0.385678	-0.904623	0.512889	-0.821977	-0.247589	-0.839068	-0.419056	-0.346924	110.213348	-81.182007	1000.958801	
0.265598	0.383391	-0.884572	0.443992	-0.863079	-0.240763	-0.855762	-0.328797	-0.399455	114.726700	-66.148247	1006.716309	
0.344311	0.395740	-0.851375	0.405413	-0.880590	-0.245363	-0.846812	-0.260677	-0.463635	116.520035	-51.056316	992.046570	
0.409256	0.416261	-0.811933	0.338628	-0.895609	-0.288474	-0.847255	-0.156883	-0.507491	118.712570	-43.662350	968.044922	
0.473643	0.370172	-0.799146	0.315804	-0.918426	-0.238250	-0.822150	-0.139528	-0.551908	120.653397	-29.548084	965.808411	
0.508282	0.348533	-0.787511	0.295120	-0.929569	-0.220925	-0.809045	-0.120118	-0.575341	120.616791	-15.473419	961.678101	
0.595188	0.285079	-0.751319	0.246551	-0.954648	-0.166914	-0.764829	-0.085893	-0.638481	119.873238	-1.940307	975.923157	
0.620351	0.251723	-0.742832	0.222337	-0.964688	-0.141225	-0.752151	-0.077551	-0.654412	114.985352	4.014580	963.969360	
0.666046	0.167137	-0.726943	0.142791	-0.985119	-0.095667	-0.732116	-0.040083	-0.680000	111.464745	9.349052	960.098877	
0.702442	0.125162	-0.700649	0.115210	-0.991430	-0.061602	-0.702354	-0.037450	-0.710841	103.793015	20.475002	952.950134	
0.736443	0.087104	-0.670868	0.087738	-0.995599	-0.032953	-0.670786	-0.034592	-0.740843	93.101654	25.371796	943.448303	
0.774071	0.000138	-0.633098	0.007128	-0.999939	0.008497	-0.633058	-0.011091	-0.774024	86.234428	30.075106	929.138184	
0.802266	-0.051703	-0.594723	-0.037523	-0.998641	0.036200	-0.595786	-0.006726	-0.803115	73.194893	38.095127	926.793457	
0.785766	-0.091241	-0.611757	-0.062970	-0.995723	0.067626	-0.615311	-0.014616	-0.788149	64.746300	43.084885	910.034180	
0.794669	-0.137504	-0.591264	-0.096434	-0.990235	0.100680	-0.599334	-0.022989	-0.800169	48.978355	44.836529	897.696655	
0.834986	-0.229845	-0.499969	-0.060264	-0.941319	0.332095	-0.546961	-0.247164	-0.799840	32.887299	52.029900	924.633972	
0.830865	-0.347566	-0.434581	-0.170202	-0.902255	0.396192	-0.529805	-0.255215	-0.808809	14.503753	54.670963	905.352051	
0.785156	-0.466016	-0.407872	-0.240602	-0.836407	0.492478	-0.570650	-0.288537	-0.768834	5.691808	55.240219	886.449280	
0.747681	-0.567185	-0.345361	-0.335702	-0.771564	0.540363	-0.572954	-0.288081	-0.767290	-13.136806	55.545383	878.528564	
0.679792	-0.657677	-0.324569	-0.373844	-0.691475	0.618145	-0.630971	-0.298872	-0.715927	-32.943817	54.990543	878.153870	
0.577627	-0.746709	-0.329809	-0.397357	-0.610134	0.685452	-0.713060	-0.264884	-0.649140	-52.467983	53.614895	869.280762	
0.498681	-0.820610	-0.279137	-0.390953	-0.500362	0.772524	-0.773610	-0.276114	-0.570341	-71.172401	50.242363	867.648682	
0.423465	-0.864873	-0.269580	-0.422237	-0.451710	0.785922	-0.801494	-0.218984	-0.556465	-80.423615	45.186546	861.287537	
0.352940	-0.902825	-0.245642	-0.379466	-0.378096	0.844422	-0.855242	-0.204817	-0.476037	-89.029877	39.079399	841.104004	
0.294135	-0.938170	-0.182544	-0.365022	-0.286782	0.885728	-0.883314	-0.193891	-0.426806	-105.901215	35.469131	824.759033	
0.319595	-0.941231	-0.109291	-0.369452	-0.229990	0.900339	-0.872562	-0.247365	-0.421243	-120.813225	30.983625	792.914368	
0.466346	-0.884002	-0.032605	-0.276122	-0.180485	0.944024	-0.840404	-0.431239	-0.328261	-136.647354	26.191885	791.621826	
0.615508	-0.783712	-0.083346	-0.067488	-0.157774	0.985166	-0.785236	-0.600753	-0.150003	-150.215622	20.984270	784.174255	
0.714343	-0.691315	-0.108622	0.009556	-0.145570	0.989302	-0.699731	-0.707739	-0.097381	-157.302307	15.079766	777.220642	
0.777371	-0.621251	-0.098705	-0.023664	-0.185685	0.982324	-0.628598	-0.761294	-0.159048	-167.195190	9.421635	774.595825	
0.838698	-0.539534	-0.074092	-0.048402	-0.209359	0.976640	-0.542442	-0.815520	-0.201704	-173.822708	2.894562	771.424683	
0.951607	-0.307016	-0.013630	-0.083747	-0.301740	0.949705	-0.295687	-0.902604	-0.312850	-183.496857	-9.701050	766.034058	
0.979446	-0.195455	0.049837	-0.117001	-0.349254	0.929695	-0.164308	-0.916416	-0.364943	-185.673111	-22.753603	752.386108	
0.989214	-0.082412	0.121095	-0.143671	-0.384840	0.911733	-0.028536	-0.919297	-0.392529	-186.502319	-31.299862	748.709106	
0.985518	-0.044645	0.163587	-0.167235	-0.415415	0.894127	0.028038	-0.908536	-0.416865	-184.028152	-38.729656	740.289795	
0.969552	0.010830	0.244645	-0.213793	-0.449740	0.867194	0.119418	-0.893094	-0.433731	-178.223709	-45.695900	721.436035	
0.932998	0.114060	0.341328	-0.252171	-0.469467	0.846174	0.256757	-0.875552	-0.409248	-172.140656	-61.234718	706.268982	
0.868986	0.204114	0.450779	-0.306085	-0.494060	0.813767	0.388813	-0.845129	-0.366854	-166.319153	-68.858925	684.297729	
0.632978	0.347514	0.691790	-0.403195	-0.614852	0.677784	0.660888	-0.707948	-0.249071	-159.413040	-82.650970	665.650574	
0.605972	0.411431	0.680825	-0.399371	-0.582834	0.707677	0.687969	-0.700734	-0.188867	-147.923370	-90.799156	647.671753	
0.517886	0.433714	0.737351	-0.386828	-0.650054	0.654059	0.762992	-0.623957	-0.168881	-134.970535	-106.664772	642.318665	
0.536429	0.555881	0.635012	-0.231932	-0.626359	0.744232	0.811450	-0.546508	-0.207070	-124.691833	-119.616318	645.089661	
0.580876	0.675986	0.453460	-0.038177	-0.533844	0.844720	0.813096	-0.507990	-0.284290	-121.137299	-136.018066	666.696960	
0.606702	0.696896	0.382425	0.050047	-0.513612	0.856562	0.793352	-0.500539	-0.346486	-106.728767	-149.524857	677.216431	
-0.959323	0.281472	0.021736	-0.279313	-0.957511	0.071808	0.041024	0.062817	0.997182	-81.093002	-139.710007	631.809021	
-0.920092	0.385701	-0.068297	-0.390969	-0.893656	0.220274	0.023926	0.229375	0.973045	-79.112816	-157.989532	664.616394	
-0.884422	0.466671	-0.004017	-0.466545	-0.883904	0.032381	0.011561	0.030513	0.999468	-66.111000	-162.056122	632.689514	
-0.844620	0.529692	0.077740	-0.532326	-0.815471	-0.227237	-0.056971	-0.233311	0.970732	-52.453724	-161.520126	602.551636	
-0.832939	0.496196	0.244954	-0.553364	-0.746268	-0.369962	-0.000772	-0.443704	0.896173	-34.498459	-166.421280	599.308960	
-0.699452	0.710573	0.076506	-0.654759	-0.594220	-0.467112	-0.286455	-0.376815	0.880883	-24.004669	-171.310577	590.583313	
-0.767350	0.599804	0.226736	-0.560252	-0.455133	-0.692079	-0.311916	-0.658095	0.685287	-8.103863	-173.864594	584.824463	
-0.703544	0.609050	0.366175	-0.674253	-0.409285	-0.614711	-0.224519	-0.679370	0.698604	7.181257	-177.450363	572.744568	
-0.601058	0.653610	0.459917	-0.773070	-0.329523	-0.542013	-0.202712	-0.681329	0.703349	14.741504	-184.764191	571.447388	
-0.505031	0.697513	0.508349	-0.840712	-0.264273	-0.472613	-0.195310	-0.666059	0.719874	21.772663	-189.060104	574.520996	
-0.393592	0.689694	0.607789	-0.866332	-0.057131	-0.496191	-0.307495	-0.721844	0.619990	39.651611	-197.060165	584.086243	
-0.259010	0.528149	0.808686	-0.930436	0.088280	-0.355661	-0.259233	-0.844550	0.468543	44.267071	-188.080048	535.123901	
0.167789	0.985808	-0.005454	-0.406873	0.064210	-0.911225	-0.897943	0.155113	0.411872	64.383202	-195.147995	566.783020	
0.237371	0.970397	-0.044553	-0.363811	0.046279	-0.930322	-0.900720	0.237041	0.364026	69.024231	-193.379761	561.086609	
0.302142	0.951294	-0.061244	-0.250997	0.017411	-0.967831	-0.919626	0.307794	0.244033	73.148262	-190.151291	556.508118	
0.368966	0.926256	-0.076898	-0.203825	-0.000086	-0.979007	-0.906818	0.376895	0.188762	78.079781	-185.375153	555.845215	
0.488650	0.870136	-0.063913	-0.072159	-0.032699	-0.996857	-0.869491	0.491726	0.046809	79.447617	-183.124466	556.938660	
0.551141	0.831181	-0.073362	0.039741	-0.113969	-0.992689	-0.833466	0.544197	-0.095845	79.768707	-176.995529	556.793091	
0.611764	0.786791	-0.081877	0.081629	-0.165743	-0.982785	-0.786817	0.594549	-0.165621	79.934929	-173.178650	557.309631	
0.664734	0.739180	-0.108356	0.094664	-0.227210	-0.969234	-0.741058	0.634026	-0.221008	75.994705	-164.352997	560.268372	
0.762934	0.644994	-0.043765	0.111820	-0.198338	-0.973734	-0.636733	0.738001	-0.223442	68.759140	-162.757141	557.993225	
0.843716	0.536753	0.006257	0.052608	-0.071084	-0.996082	-0.534206	0.840740	-0.088212	65.253555	-163.040512	552.484436	
0.862474	0.506097	0.002056	0.018258	-0.027055	-0.999467	-0.505772	0.862053	-0.032575	59.886696	-160.513687	553.681519	
0.847542	0.530398	0.018719	0.023810	-0.002766	-0.999713	-0.530194	0.847745	-0.014973	50.638214	-148.979507	548.631775	
0.832181	0.553947	0.024858	0.020520	0.014034	-0.999691	-0.554125	0.832434	0.000312	34.616184	-142.321503	545.115784	
0.819061	0.573576	0.012276	0.005001	0.014259	-0.999886	-0.573686	0.819029	0.008810	19.225052	-135.222687	545.912598	
0.794041	0.607535	0.020003	0.010054	0.019775	-0.999754	-0.607782	0.794047	0.009594	9.497554	-127.578880	547.173035	
0.802555	0.596294	-0.018416	-0.020052	-0.003889	-0.999792	-0.596242	0.802757	0.008836	-8.304914	-121.412735	555.316711	
0.816042	0.568720	-0.103117	-0.109942	-0.022416	-0.993685	-0.567441	0.822226	0.044233	-27.794250	-113.547394	583.535706	
0.819714	0.545865	-0.173494	-0.159469	-0.073425	-0.984469	-0.550126	0.834650	0.026861	-49.063354	-106.033043	593.820129	
0.802955	0.543081	-0.245613	-0.215680	-0.119413	-0.969135	-0.555649	0.831146	0.021248	-60.827152	-88.881531	600.030701	
0.712021	0.626871	-0.316320	-0.234817	-0.211974	-0.948646	-0.661731	0.749733	-0.003730	-72.913353	-78.481758	612.961060	
0.487713	0.807956	-0.330670	-0.246204	-0.236102	-0.940021	-0.837568	0.539874	0.083772	-92.159401	-65.731956	641.271057	
0.528506	0.747357	-0.402664	-0.244768	-0.320027	-0.915244	-0.812878	0.582271	0.013793	-113.956039	-57.174992	646.499878	
0.573153	0.645536	-0.504757	-0.295593	-0.411629	-0.862083	-0.764279	0.643307	-0.045111	-136.659317	-49.409065	666.223999	
0.606172	0.517972	-0.603540	-0.440410	-0.413281	-0.797018	-0.662266	0.748934	-0.022400	-163.380478	-43.216072	707.937256	
0.523075	-0.658223	-0.541419	-0.466145	-0.752766	0.464815	-0.713514	0.009247	-0.700580	-141.649994	-20.374100	684.405029	
0.430049	-0.688408	-0.584082	-0.521711	-0.717500	0.461533	-0.736802	0.106240	-0.667710	-150.542145	-7.387654	690.578979	
0.314376	-0.734417	-0.601497	-0.549589	-0.657443	0.515481	-0.774029	0.168521	-0.610311	-156.006332	-2.068195	694.340698	
0.221959	-0.755467	-0.616444	-0.526689	-0.624940	0.576237	-0.820569	0.196773	-0.536607	-168.435760	2.642597	697.470764	
0.157329	-0.738491	-0.655650	-0.446636	-0.645348	0.619712	-0.880775	0.195338	-0.431369	-179.757904	8.141032	709.571716	
0.058588	-0.717485	-0.694105	-0.472063	-0.632561	0.614022	-0.879616	0.291687	-0.375759	-184.401184	16.901073	715.750793	
-0.052821	-0.678674	-0.732537	-0.437968	-0.643502	0.627766	-0.897438	0.353987	-0.263246	-188.939362	21.346058	721.080383	
-0.109365	-0.634905	-0.764810	-0.412445	-0.671078	0.616072	-0.904394	0.382818	-0.188471	-191.410660	28.429308	737.264038	
-0.137221	-0.602912	-0.785918	-0.403303	-0.690674	0.600263	-0.904720	0.399331	-0.148381	-192.680496	35.373962	742.548279	
-0.175662	-0.577735	-0.797098	-0.313855	-0.734571	0.601582	-0.933080	0.355847	-0.052289	-193.827850	36.997902	759.536926	
-0.252931	-0.528366	-0.810466	-0.286467	-0.759241	0.584372	-0.924102	0.379977	0.040676	-195.153625	38.682892	774.603699	
-0.282103	-0.487448	-0.826325	-0.298897	-0.773785	0.558496	-0.911635	0.404539	0.072591	-192.175018	40.279541	793.562134	
-0.325703	-0.460103	-0.825968	-0.269525	-0.792172	0.547559	-0.906242	0.400960	0.134003	-187.589508	42.067410	804.363953	
-0.308318	-0.406441	-0.860084	-0.290534	-0.820699	0.491979	-0.905832	0.401569	0.134951	-179.065491	42.650730	808.867249	
-0.306351	-0.341894	-0.888401	-0.300609	-0.850771	0.431073	-0.903208	0.399120	0.157858	-175.542801	42.356205	830.148438	
-0.283469	-0.282262	-0.916501	-0.307852	-0.878335	0.365725	-0.908225	0.385817	0.162086	-164.258652	40.853378	835.591125	
-0.288737	-0.247767	-0.924793	-0.256579	-0.910576	0.324067	-0.922388	0.330852	0.199345	-158.444489	38.077187	851.054993	
-0.302831	-0.193154	-0.933266	-0.254309	-0.927363	0.274453	-0.918488	0.320450	0.231713	-143.529404	35.600914	864.981995	
-0.262291	-0.121357	-0.957327	-0.328877	-0.921427	0.206913	-0.907218	0.369113	0.201771	-135.264648	31.036562	881.161926	
-0.251834	-0.098459	-0.962749	-0.277093	-0.945826	0.169210	-0.927254	0.309383	0.210909	-118.463753	24.650368	894.144897	
-0.244032	-0.076994	-0.966706	-0.197669	-0.971966	0.127312	-0.949408	0.222155	0.221972	-100.208435	17.259893	905.071228	
-0.222764	-0.054878	-0.973327	-0.209045	-0.972500	0.102675	-0.952196	0.226341	0.205166	-81.456215	13.976727	913.121704	
-0.190524	-0.029758	-0.981231	-0.208656	-0.975473	0.070098	-0.959252	0.218095	0.179642	-61.163380	4.328178	923.231689	
-0.161650	-0.035131	-0.986223	-0.205096	-0.976349	0.068396	-0.965301	0.213326	0.150622	-40.508301	-0.948828	924.816833	
-0.073105	-0.019954	-0.997125	-0.216516	-0.975636	0.035398	-0.973539	0.218480	0.067004	-30.384926	-5.206133	929.164917	
-0.075721	-0.040133	-0.996321	-0.224566	-0.972833	0.056254	-0.971513	0.227999	0.064652	-19.770180	-16.071283	942.574585	
-0.044737	-0.073258	-0.996309	-0.301037	-0.949960	0.083367	-0.952563	0.303655	0.020445	-0.106422	-21.130592	956.282959	
0.036222	-0.122356	-0.991825	-0.390096	-0.915469	0.098691	-0.920062	0.383331	-0.080891	18.927687	-27.105034	963.609436	
0.228968	-0.174030	-0.957751	-0.430676	-0.900465	0.060661	-0.872979	0.398590	-0.281129	26.806107	-34.695198	966.764771	
0.276354	-0.212247	-0.937326	-0.363362	-0.925986	0.102550	-0.889718	0.312248	-0.333023	35.141350	-47.981239	971.638245	
0.318467	-0.274591	-0.907292	-0.321041	-0.931805	0.169323	-0.891915	0.237354	-0.384904	50.817341	-61.520050	979.514526	
0.350739	-0.309850	-0.883728	-0.259904	-0.938812	0.226012	-0.899685	0.150413	-0.409809	64.144852	-68.467880	990.359009	
0.321662	-0.382131	-0.866319	-0.329150	-0.903010	0.276103	-0.887803	0.196337	-0.416243	77.042976	-83.176117	994.035889	
0.290872	-0.479717	-0.827807	-0.402159	-0.846374	0.349169	-0.868138	0.231347	-0.439109	86.782417	-90.138336	996.584839	
0.243353	-0.544849	-0.802445	-0.409212	-0.807755	0.424356	-0.879389	0.225101	-0.419529	92.131042	-104.408669	1001.871094	
0.167023	-0.605805	-0.777883	-0.452012	-0.748218	0.485649	-0.876236	0.270498	-0.398801	94.541245	-110.444595	994.877502	
0.132972	-0.684148	-0.717118	-0.446315	-0.687364	0.573004	-0.884942	0.243867	-0.396746	97.379623	-118.499985	1002.162292	
0.091662	-0.723819	-0.683873	-0.434173	-0.647099	0.626703	-0.896155	0.239474	-0.373578	99.303604	-132.023880	1007.056458	
-0.001859	-0.751499	-0.659730	-0.470357	-0.581540	0.663759	-0.882475	0.311542	-0.352393	100.366722	-146.057114	1016.465942	
-0.113035	-0.775763	-0.620817	-0.470576	-0.508504	0.721098	-0.875090	0.373650	-0.307577	99.502487	-151.331879	1011.240601	
-0.163109	-0.792848	-0.587185	-0.387669	-0.495782	0.777119	-0.907254	0.354388	-0.226497	97.724770	-163.338745	1014.686279	
-0.237637	-0.801650	-0.548530	-0.340516	-0.460120	0.819963	-0.909714	0.381636	-0.163634	90.586929	-174.818207	1013.141052	
-0.336666	-0.816871	-0.468377	-0.318268	-0.369424	0.873060	-0.886207	0.442997	-0.135612	86.054260	-179.857330	1011.179932	
-0.387825	-0.814077	-0.432285	-0.212197	-0.377540	0.901353	-0.896976	0.441296	-0.026325	75.413895	-184.676208	1010.662720	
-0.512712	-0.761669	-0.396214	-0.129418	-0.387651	0.912677	-0.848751	0.519216	0.100179	63.119717	-188.207184	1003.638367	
-0.640733	-0.699356	-0.316799	-0.039630	-0.381950	0.923334	-0.766741	0.604164	0.217011	56.159843	-192.840942	1005.864197	
-0.768175	-0.596831	-0.231735	0.009280	-0.372291	0.928070	-0.640174	0.710768	0.291523	47.849606	-197.870697	997.631042	
-0.859266	-0.498467	-0.114867	0.101092	-0.385603	0.917110	-0.501443	0.776427	0.381726	39.084217	-202.434326	1001.373535	
-0.853814	-0.520575	0.002259	0.304162	-0.495334	0.813714	-0.422480	0.695446	0.581261	29.169027	-218.110062	1051.351318	
-0.945336	-0.318582	0.069609	0.248306	-0.564861	0.786941	-0.211386	0.761208	0.613089	12.010900	-214.263000	1011.390015	
-0.959158	-0.255996	0.120341	0.258198	-0.618555	0.742108	-0.115539	0.742870	0.659389	2.237630	-215.102005	1006.260010	
-0.966220	-0.192613	0.171227	0.257080	-0.673633	0.692912	-0.018120	0.713525	0.700395	-17.657900	-215.533997	1000.650024	
-0.966421	-0.129205	0.222119	0.244479	-0.728479	0.639960	0.079123	0.672774	0.735605	-27.657499	-214.714996	997.322021	
-0.944183	-0.065471	0.322849	0.250459	-0.779286	0.574442	0.213982	0.623239	0.752186	-47.513802	-214.682999	994.314026	
-0.905608	0.052340	0.420873	0.160765	-0.875935	0.454855	0.392465	0.479582	0.784839	-57.248001	-213.037003	987.377014	
-0.967834	-0.250097	0.027349	0.162861	-0.539939	0.825798	-0.191763	0.803690	0.563302	-63.144581	-225.571228	999.122803	
-0.984454	-0.170604	-0.041775	0.094406	-0.714505	0.693231	-0.148116	0.678510	0.719503	-75.520767	-212.411118	968.248840	
-0.994667	-0.009224	-0.102731	-0.047109	-0.845412	0.532032	-0.091758	0.534035	0.840468	-97.194000	-200.621765	968.082703	
-0.977326	-0.061204	-0.202701	-0.072330	-0.803225	0.591268	-0.199002	0.592524	0.780585	-106.272118	-191.273956	935.082031	
-0.924492	0.032536	-0.379811	-0.255281	-0.792786	0.553463	-0.283102	0.608631	0.741230	-111.397636	-187.876801	921.171997	
-0.472770	0.439047	0.764020	-0.700381	-0.713384	-0.023443	0.534747	-0.546188	0.644767	-124.757004	-184.682999	938.528992	
-0.392429	0.453589	0.800161	-0.809520	-0.583330	-0.066347	0.436664	-0.673783	0.596106	-128.777023	-171.122696	917.002441	
-0.298086	0.467459	0.832242	-0.919904	-0.373415	-0.119743	0.254797	-0.801277	0.541327	-133.522247	-160.490921	904.817993	
-0.254448	0.442371	0.859980	-0.963555	-0.191886	-0.186389	0.082565	-0.876064	0.475073	-141.252213	-149.466385	898.898010	
-0.178868	0.478242	0.859820	-0.983668	-0.069079	-0.166209	-0.020092	-0.875507	0.482787	-145.323792	-133.973755	884.540222	
-0.123393	0.495704	0.859681	-0.987607	0.023326	-0.155205	-0.096988	-0.868179	0.486682	-149.997681	-117.251053	871.061584	
-0.113315	0.383133	0.916717	-0.961448	0.190390	-0.198416	-0.250553	-0.903859	0.346788	-151.503998	-104.901245	869.508484	
-0.098127	0.230053	0.968219	-0.939353	0.299853	-0.166448	-0.328614	-0.925832	0.186677	-148.230118	-99.049393	874.274902	
-0.026841	0.069501	0.997221	-0.832634	0.550478	-0.060777	-0.553172	-0.831952	0.043093	-140.049133	-94.255539	857.136047	
0.002821	-0.033346	0.999440	-0.713510	0.700186	0.025375	-0.700639	-0.713182	-0.021818	-133.760071	-79.906502	839.553589	
-0.010737	-0.102508	0.994675	-0.529277	0.844543	0.081322	-0.848381	-0.525585	-0.063323	-129.200333	-71.820946	826.624878	
-0.019367	-0.212522	0.976965	-0.385522	0.903171	0.188827	-0.922495	-0.372985	-0.099424	-118.680367	-63.940289	809.399048	
-0.055885	-0.271836	0.960720	-0.269057	0.930728	0.247698	-0.961501	-0.244646	-0.125153	-112.187988	-55.616840	802.319336	
-0.125356	-0.378706	0.916989	-0.163673	0.919509	0.357373	-0.978517	-0.105288	-0.177251	-104.922356	-41.204079	795.146240	
-0.176107	-0.411591	0.894192	-0.183859	0.906157	0.380889	-0.967048	-0.097328	-0.235256	-95.926498	-24.677238	769.968811	
-0.179956	-0.425981	0.886655	-0.311750	0.879603	0.359320	-0.932967	-0.211753	-0.291090	-79.598801	-8.224936	749.793030	
0.245990	-0.340394	0.907536	-0.518667	0.744748	0.419923	-0.818824	-0.574006	0.006649	-75.263931	-2.976520	765.185364	
0.455221	-0.326625	0.828306	-0.541252	0.637153	0.548710	-0.706980	-0.698106	0.113258	-68.554153	4.953819	770.848633	
0.513609	-0.340799	0.787441	-0.622670	0.483366	0.615336	-0.590328	-0.806358	0.036056	-59.328793	13.496350	765.207031	
0.540876	-0.384142	0.748257	-0.676325	0.330248	0.658424	-0.500038	-0.862190	-0.081182	-39.513016	27.555225	755.650696	
0.630344	-0.398369	0.666311	-0.712366	0.044314	0.700408	-0.308547	-0.916154	-0.255852	-29.955574	39.928707	755.363220	
0.695455	-0.445073	0.564139	-0.672087	-0.125109	0.729827	-0.254247	-0.886712	-0.386136	-19.286682	43.216866	739.671387	
0.722953	-0.439079	0.533432	-0.663477	-0.225861	0.713292	-0.192709	-0.869595	-0.454606	-7.195853	48.451164	729.017090	
0.770410	-0.416924	0.482332	-0.619106	-0.308582	0.722140	-0.152238	-0.854957	-0.495855	3.876756	51.248531	704.539368	
0.810027	-0.322571	0.489699	-0.583880	-0.366459	0.724425	-0.054224	-0.872729	-0.485185	14.132610	52.897129	680.981628	
0.800199	-0.272144	0.534435	-0.592309	-0.498410	0.633055	0.094086	-0.823119	-0.560021	30.409237	56.221684	652.179016	
0.812304	-0.177148	0.555681	-0.509936	-0.678129	0.529251	0.283068	-0.713273	-0.641182	42.221725	60.153263	621.796021	
0.854017	-0.105258	0.509486	-0.422317	-0.712169	0.560771	0.303814	-0.694072	-0.652658	47.979969	60.951698	606.708679	
0.901424	-0.086628	0.424184	-0.352776	-0.714935	0.603671	0.250968	-0.693804	-0.675020	59.999645	61.684406	602.004822	
0.931894	-0.060104	0.357717	-0.291413	-0.711278	0.639658	0.215990	-0.700336	-0.680352	68.900856	61.230946	591.010986	
0.944200	0.038789	0.327082	-0.200494	-0.720181	0.664185	0.261321	-0.692701	-0.672219	77.439697	59.759819	585.245728	
0.916482	0.129077	0.378684	-0.153468	-0.760693	0.630709	0.369472	-0.636148	-0.677353	84.270927	58.727730	588.750427	
0.847077	0.272859	0.456081	-0.066864	-0.796615	0.600778	0.527249	-0.539400	-0.656550	87.028809	53.675560	574.456238	
0.744710	0.373017	0.553413	-0.017369	-0.818107	0.574804	0.667162	-0.437674	-0.602774	88.591293	49.687370	565.923157	
0.703750	0.420021	0.572991	0.003356	-0.808477	0.588519	0.710440	-0.412247	-0.570376	88.182014	43.507389	555.847778	
0.671855	0.434670	0.599728	-0.012731	-0.802799	0.596114	0.740574	-0.408137	-0.533831	87.161720	36.617325	548.714294	
0.607632	0.438997	0.661865	-0.084425	-0.792929	0.603437	0.789719	-0.422545	-0.444748	84.396545	28.494822	548.568481	
0.550772	0.443646	0.706986	-0.210886	-0.745588	0.632160	0.807575	-0.497269	-0.317091	82.160278	20.621193	548.037781	
0.339017	0.289676	0.895074	-0.572131	-0.691776	0.440581	0.746817	-0.661463	-0.068792	78.544693	17.658573	563.164734	
0.098771	0.275657	0.956169	-0.706205	-0.657541	0.262514	0.701084	-0.701180	0.129724	71.805893	8.460305	576.358459	
-0.023685	0.264994	0.963960	-0.661406	-0.727195	0.183656	0.749654	-0.633219	0.192492	61.126171	0.652250	572.360474	
-0.083524	0.269369	0.959409	-0.623129	-0.765440	0.160661	0.777647	-0.584416	0.231784	47.853859	-7.417738	567.673218	
-0.087006	0.319881	0.943456	-0.660853	-0.727200	0.185615	0.745456	-0.607335	0.274665	33.244766	-21.471027	575.551880	
-0.051119	0.368688	0.928147	-0.660826	-0.709301	0.245360	0.748797	-0.600801	0.279897	28.176382	-32.693039	607.544067	
-0.067497	0.403746	0.912379	-0.531721	-0.788334	0.309519	0.844227	-0.464239	0.267890	13.336803	-42.274342	614.102661	
0.005032	-0.010122	-0.999936	-0.585285	-0.810811	0.005262	-0.810812	0.585221	-0.010004	-0.820478	-43.891602	572.424011	
0.031897	-0.073087	-0.996815	-0.560146	-0.827291	0.042734	-0.827780	0.556999	-0.067327	-21.044701	-58.705200	572.031982	
0.076296	-0.201475	-0.976518	-0.571984	-0.811044	0.122645	-0.816709	0.549195	-0.177120	-40.778900	-67.055496	573.033997	
0.141103	-0.738305	-0.659542	-0.544900	-0.614133	0.570898	-0.826544	0.278829	-0.488959	-37.192833	-75.938568	569.493225	
0.067918	-0.405494	-0.911571	-0.669190	-0.696186	0.259826	-0.739981	0.592367	-0.318636	-82.707298	-97.794403	578.718994	
0.036686	-0.531374	-0.846343	-0.682383	-0.632046	0.367250	-0.730074	0.564057	-0.385787	-93.528503	-105.179001	582.885986	
-0.017663	-0.643921	-0.764888	-0.685512	-0.549096	0.478087	-0.727847	0.532785	-0.431717	-104.060997	-112.958000	587.924011	
-0.032232	-0.724759	-0.688248	-0.644432	-0.511287	0.568590	-0.763982	0.461856	-0.450578	-129.253784	-124.881714	629.782715	
-0.157539	-0.783686	-0.600847	-0.616141	-0.397482	0.679985	-0.771720	0.477331	-0.420242	-133.180237	-134.380981	601.928101	
-0.209861	-0.778105	-0.592040	-0.650378	-0.341033	0.678753	-0.730046	0.527494	-0.434492	-146.663803	-145.073486	593.954529	
-0.304113	-0.800144	-0.516996	-0.596517	-0.263189	0.758221	-0.742753	0.538982	-0.397261	-154.596756	-157.731262	598.244202	
-0.366144	-0.849529	-0.379789	-0.503309	-0.162491	0.848692	-0.782700	0.501895	-0.368081	-168.416122	-169.449890	607.121094	
-0.463850	-0.849945	-0.249873	-0.435680	-0.026733	0.899705	-0.771379	0.526193	-0.357904	-174.553650	-174.850494	613.192993	
-0.517558	-0.848018	-0.114016	-0.313631	0.064039	0.947383	-0.796096	0.526085	-0.299109	-183.918808	-184.167145	619.289795	
-0.555969	-0.830753	0.027345	-0.209338	0.171782	0.962636	-0.804410	0.529473	-0.269414	-191.525177	-188.255081	625.720459	
-0.582377	-0.794478	0.172171	-0.093518	0.275864	0.956637	-0.807522	0.541023	-0.234954	-197.510910	-192.574707	630.500305	
-0.627526	-0.713547	0.311550	0.073197	0.344305	0.936000	-0.775147	0.610170	-0.163831	-200.710953	-195.209991	642.202026	
-0.651212	-0.620827	0.436460	0.242423	0.374814	0.894844	-0.719134	0.688542	-0.093581	-200.936050	-200.582565	646.073914	
-0.647605	-0.521321	0.555727	0.381446	0.409557	0.828711	-0.659626	0.748658	-0.066375	-200.533432	-204.702454	660.805603	
-0.602738	-0.440555	0.665296	0.526542	0.406876	0.746462	-0.599550	0.800228	-0.013269	-199.250153	-206.521759	670.728149	
-0.598623	-0.362075	0.714530	0.633145	0.332552	0.698954	-0.490692	0.870812	0.030172	-196.144592	-208.096542	679.249634	
-0.533593	-0.260691	0.804562	0.760287	0.268850	0.591341	-0.370464	0.927234	0.054743	-188.473831	-207.846313	685.305603	
-0.447670	-0.166198	0.878618	0.857900	0.197284	0.474432	-0.252187	0.966157	0.054262	-184.481781	-206.735153	702.221802	
-0.397175	-0.126798	0.908941	0.899996	0.140015	0.412799	-0.179608	0.981998	0.058507	-178.737411	-204.008789	712.270386	
-0.262698	-0.070761	0.962280	0.957898	0.100616	0.268900	-0.115849	0.992407	0.041350	-164.771729	-201.916779	722.848267	
-0.129952	-0.014456	0.991415	0.984588	0.116155	0.130750	-0.117048	0.993127	-0.000862	-149.041107	-199.390732	737.443054	
0.006263	0.064920	0.997871	0.995435	0.094636	-0.012404	-0.095240	0.993394	-0.064032	-133.567535	-197.701355	746.928406	
0.141811	0.161649	0.976606	0.989767	-0.007362	-0.142504	-0.015846	0.986822	-0.161040	-119.027313	-195.202209	762.776550	
0.229174	0.205841	0.951372	0.971675	-0.106303	-0.211065	0.057688	0.972795	-0.224373	-110.892853	-188.256409	776.937195	
0.347984	0.246704	0.904458	0.937367	-0.107841	-0.331230	0.015821	0.963073	-0.268780	-102.130829	-181.386841	796.226929	
0.451456	0.319458	0.833147	0.883191	-0.026951	-0.468240	-0.127129	0.947218	-0.294310	-85.144035	-175.173798	812.862732	
0.493939	0.410932	0.766263	0.830096	0.039421	-0.556226	-0.258779	0.910814	-0.321642	-76.531219	-171.547180	831.814819	
0.532730	0.485491	0.693178	0.777971	0.041458	-0.626932	-0.333108	0.873259	-0.355612	-59.217003	-160.378143	835.749451	
0.523213	0.531889	0.665839	0.769324	0.041302	-0.637523	-0.366593	0.845807	-0.387585	-40.421986	-154.860733	848.453125	
0.534582	0.600254	0.594909	0.731434	0.024013	-0.681490	-0.423353	0.799450	-0.426209	-23.287037	-141.005417	860.326355	
0.562187	0.654064	0.506109	0.671766	-0.004214	-0.740752	-0.482367	0.756429	-0.441746	-14.822822	-126.581627	864.022156	
0.546108	0.694361	0.468645	0.666055	-0.020604	-0.745618	-0.508072	0.719333	-0.473735	-6.237143	-119.510994	870.404480	
0.565443	0.741042	0.362120	0.608610	-0.078558	-0.789571	-0.556658	0.666849	-0.495425	0.667548	-104.224602	884.162292	
0.583407	0.769729	0.259141	0.539058	-0.128320	-0.832437	-0.607497	0.625343	-0.489791	7.841226	-87.822258	884.855286	
0.575901	0.793014	0.198664	0.508596	-0.157284	-0.846518	-0.640054	0.588551	-0.493903	14.089248	-72.477852	896.938660	
0.577182	0.807047	0.124648	0.469289	-0.202888	-0.859421	-0.668304	0.554539	-0.495841	19.418152	-56.999557	910.386902	
0.606651	0.793695	0.044982	0.412821	-0.266169	-0.871053	-0.679377	0.546996	-0.489125	29.055391	-48.554840	923.269165	
0.720113	-0.658095	-0.219884	-0.552450	-0.352067	-0.755545	0.419806	0.665552	-0.617092	61.192101	-32.365101	971.106995	
0.685330	-0.656100	-0.315999	-0.631009	-0.318402	-0.707424	0.363526	0.684217	-0.632215	62.679478	-17.889919	965.529785	
0.623878	-0.687281	-0.372050	-0.684202	-0.250262	-0.685009	0.377684	0.681919	-0.626372	64.485107	-3.659793	968.757080	
0.587760	-0.684960	-0.430545	-0.716498	-0.193555	-0.670199	0.375725	0.702401	-0.604535	65.985947	9.286596	979.761536	
0.546914	-0.687477	-0.477766	-0.749259	-0.147344	-0.645679	0.373494	0.711101	-0.595682	65.984505	21.644522	985.503357	
0.499857	-0.679085	-0.537575	-0.788445	-0.099888	-0.606942	0.358468	0.727232	-0.585350	63.692558	26.980326	991.919983	
0.463022	-0.661182	-0.590295	-0.815490	-0.056861	-0.575973	0.347258	0.748067	-0.565514	60.653313	37.974598	1005.655029	
0.392687	-0.608550	-0.689539	-0.857876	0.027817	-0.513104	0.331430	0.793028	-0.511136	53.092216	48.672466	1006.130493	
0.345105	-0.575600	-0.741341	-0.884618	0.064449	-0.461843	0.313615	0.815187	-0.486944	47.807037	59.253548	1015.291992	
0.313159	-0.531012	-0.787374	-0.896709	0.107746	-0.429309	0.312804	0.840486	-0.442420	37.269878	67.683022	1014.375061	
0.251501	-0.517741	-0.817735	-0.901613	0.181873	-0.392449	0.351912	0.835982	-0.421060	23.867813	75.769943	1023.367676	
0.194303	-0.484454	-0.852965	-0.904990	0.246959	-0.346419	0.378472	0.839235	-0.390440	16.275068	83.852882	1029.750244	
0.151125	-0.422777	-0.893543	-0.904520	0.305491	-0.297523	0.398755	0.853191	-0.336243	1.002488	86.611732	1033.249756	
0.090069	-0.318568	-0.943611	-0.895276	0.389178	-0.216844	0.436313	0.864323	-0.250152	-16.464687	89.245850	1035.138916	
0.121491	-0.235206	-0.964322	-0.916976	0.345332	-0.199756	0.379996	0.908528	-0.173723	-34.167854	91.618752	1030.711304	
0.029640	-0.134316	-0.990495	-0.888951	0.449554	-0.087564	0.457043	0.883097	-0.106075	-44.315514	92.524483	1039.042480	
0.006082	-0.074471	-0.997204	-0.855005	0.516767	-0.043807	0.518585	0.852881	-0.060530	-53.846233	92.864845	1037.318726	
-0.025167	0.026997	-0.999318	-0.835081	0.548956	0.035861	0.549551	0.835415	0.008729	-64.130951	93.581383	1046.355347	
-0.009081	0.159764	-0.987113	-0.827577	0.552892	0.097099	0.561280	0.817794	0.127197	-84.097939	93.233490	1045.881104	
-0.015366	0.228066	-0.973524	-0.804942	0.574765	0.147354	0.593154	0.785895	0.174749	-94.376221	92.286629	1050.818726	
0.004093	0.344845	-0.938650	-0.776655	0.592375	0.214242	0.629914	0.728130	0.270251	-104.507828	89.560593	1053.353882	
0.007426	0.402874	-0.915225	-0.760986	0.596040	0.256196	0.648727	0.694571	0.311008	-113.328262	85.510574	1052.089478	
0.045625	0.462759	-0.885309	-0.737208	0.613651	0.282767	0.674124	0.639756	0.369147	-122.913414	81.139030	1059.349731	
0.076303	0.513118	-0.854920	-0.709197	0.630625	0.315200	0.700869	0.582256	0.412021	-131.837372	75.497246	1060.692627	
0.110816	0.555283	-0.824245	-0.675193	0.650635	0.347547	0.729270	0.518011	0.447024	-139.340286	68.058472	1058.419922	
0.146889	0.594949	-0.790227	-0.650874	0.659708	0.375697	0.744841	0.459152	0.484141	-146.242935	63.595070	1049.146851	
0.185639	0.626379	-0.757091	-0.624817	0.669904	0.401039	0.758382	0.398596	0.515733	-152.415787	54.266792	1049.449097	
0.222875	0.671708	-0.706495	-0.598107	0.666510	0.445008	0.769802	0.323379	0.550302	-163.509460	43.764511	1046.971313	
0.270371	0.769146	-0.579063	-0.529859	0.621058	0.577527	0.803835	0.150676	0.575454	-167.726608	30.905100	1019.112244	
0.312820	0.807256	-0.500481	-0.547913	0.583785	0.599155	0.775845	0.086793	0.624926	-173.075485	26.321518	1031.157959	
0.328249	0.837008	-0.437801	-0.561582	0.545602	0.622049	0.759526	0.041674	0.649142	-175.157333	19.752625	1015.739380	
0.400311	0.875814	-0.269629	-0.580204	0.469983	0.665192	0.709307	-0.109843	0.696290	-181.052078	13.283491	1020.370972	
0.434940	0.888498	-0.146280	-0.601010	0.407414	0.687605	0.670534	-0.211151	0.711197	-180.520721	6.414858	1017.221130	
0.475182	0.879774	-0.014126	-0.617137	0.344685	0.707343	0.627173	-0.327399	0.706729	-178.905121	0.346231	1009.472168	
0.511967	0.852320	0.106965	-0.649182	0.302355	0.697957	0.562542	-0.426770	0.708106	-175.257446	-13.219389	1000.080017	
0.522175	0.839634	0.149497	-0.652483	0.280437	0.704003	0.549182	-0.465157	0.694283	-171.807617	-20.526976	991.628174	
0.525510	0.810380	0.259085	-0.668252	0.204681	0.715223	0.526574	-0.548991	0.649099	-162.420609	-35.200714	978.823242	
0.526892	0.787168	0.320550	-0.691264	0.177451	0.700475	0.494511	-0.590659	0.637638	-152.377563	-42.300030	965.197327	
0.547979	0.752625	0.365069	-0.692120	0.162846	0.703172	0.469776	-0.637995	0.610142	-139.907745	-48.965302	950.603088	
0.547320	0.731380	0.406848	-0.699662	0.133097	0.701968	0.459256	-0.668857	0.584564	-132.752777	-63.228516	943.255066	
