0.996645	-0.040676	0.071025	0.039776	0.999110	0.014036	-0.071533	-0.011163	0.997376	18.790125	3.949764	542.732239	
0.974536	-0.128984	0.183421	0.129716	0.991518	0.008055	-0.182905	0.015943	0.983001	27.673050	7.658545	543.908020	
0.956118	-0.172471	0.236836	0.176043	0.984363	0.006147	-0.234193	0.035816	0.971530	36.246891	15.662216	544.117615	
0.920832	-0.209761	0.328739	0.223119	0.974787	-0.002988	-0.319823	0.076099	0.944416	44.766655	18.296358	543.532166	
0.852621	-0.269310	0.447783	0.305851	0.952029	-0.009791	-0.423666	0.145303	0.894089	52.573326	24.213406	546.942871	
0.792953	-0.333101	0.510165	0.385748	0.922600	0.002821	-0.471618	0.194558	0.860072	69.503868	25.853874	549.407043	
0.698648	-0.373130	0.610463	0.481139	0.876518	-0.014894	-0.529524	0.304123	0.791905	76.386406	29.379494	550.880188	
0.605742	-0.360930	0.709088	0.531666	0.846635	-0.023236	-0.591952	0.391073	0.704737	83.551117	30.693472	557.013367	
0.544996	-0.357443	0.758429	0.575467	0.817334	-0.028318	-0.609768	0.451883	0.651141	88.903999	31.488167	558.618225	
0.455532	-0.325188	0.828700	0.622330	0.781960	-0.035244	-0.636549	0.531780	0.558583	99.389091	31.152136	567.712952	
0.375006	-0.323016	0.868926	0.700768	0.712397	-0.037605	-0.606873	0.623017	0.493513	102.665092	29.776663	573.950562	
0.265582	-0.282365	0.921812	0.771306	0.635872	-0.027443	-0.578405	0.718287	0.386666	105.912865	27.181757	577.969788	
0.196061	-0.259718	0.945573	0.836326	0.547751	-0.022959	-0.511975	0.795308	0.324602	107.795631	25.373089	586.773621	
0.124910	-0.176347	0.976371	0.866930	0.497988	-0.020964	-0.482524	0.849063	0.215084	109.049469	20.469633	597.076416	
0.077104	-0.148158	0.985954	0.914585	0.404249	-0.010776	-0.396974	0.902569	0.166672	109.896660	14.902451	603.168823	
0.040880	-0.096508	0.994493	0.941216	0.337752	-0.005914	-0.335321	0.936274	0.104642	107.660675	8.276779	605.302734	
0.014973	-0.085662	0.996212	0.954302	0.298628	0.011336	-0.298467	0.950517	0.086218	104.955139	4.392472	615.701294	
-0.005757	-0.052478	0.998606	0.977815	0.208810	0.016611	-0.209390	0.976547	0.050112	102.807678	-4.565037	625.212769	
-0.023022	0.049142	0.998527	0.997303	0.070749	0.019512	-0.069686	0.996283	-0.050639	97.203613	-14.492363	628.068726	
-0.028501	0.093467	0.995215	0.999225	-0.024381	0.030906	0.027153	0.995324	-0.092699	87.190445	-26.093609	632.076904	
-0.039045	0.205602	0.977857	0.996608	-0.062935	0.053026	0.072443	0.976610	-0.202448	79.311943	-33.108574	631.030640	
0.004147	0.337764	0.941222	0.967426	-0.239601	0.081721	0.253120	0.910223	-0.327756	74.335602	-37.554432	653.688354	
0.027099	0.391787	0.919657	0.949685	-0.297262	0.098655	0.312030	0.870711	-0.380131	67.379150	-49.812790	670.038757	
0.059155	0.481604	0.874391	0.932256	-0.339844	0.124113	0.356930	0.807814	-0.469082	58.874443	-56.501812	678.685547	
0.110153	0.575658	0.810238	0.910056	-0.386146	0.150626	0.399578	0.720770	-0.566417	50.994598	-69.601326	695.905334	
0.201718	0.637625	0.743468	0.856725	-0.482753	0.181580	0.474691	0.600319	-0.643650	32.451756	-83.192230	707.283081	
0.253687	0.694728	0.673050	0.825505	-0.518166	0.223706	0.504166	0.498855	-0.704955	14.507410	-97.130089	720.656799	
0.308912	0.751568	0.582854	0.791790	-0.542736	0.280189	0.526916	0.374944	-0.762743	5.759128	-103.849564	734.799561	
0.368658	0.767993	0.523715	0.737157	-0.584760	0.338607	0.566295	0.261230	-0.781709	-3.084239	-111.294182	740.979309	
0.466356	0.769847	0.435714	0.668711	-0.629252	0.396065	0.579082	0.106659	-0.808262	-13.039469	-124.831131	744.008667	
0.535327	0.775771	0.334071	0.640462	-0.630676	0.438242	0.550665	-0.020643	-0.834471	-22.789989	-139.727341	752.498718	
0.624829	0.736697	0.258586	0.595011	-0.663741	0.453222	0.505520	-0.129325	-0.853068	-31.161058	-145.963531	767.730164	
0.681950	0.715488	0.151723	0.570092	-0.649940	0.502567	0.458190	-0.256229	-0.851122	-39.185165	-159.642609	777.967896	
0.763638	0.643501	0.052561	0.510243	-0.651372	0.561576	0.395610	-0.402021	-0.825755	-47.782536	-173.445862	786.006348	
0.796630	0.600904	-0.065527	0.507239	-0.605593	0.613161	0.328767	-0.521700	-0.787237	-55.889851	-178.804321	802.205627	
0.821731	0.563923	-0.082148	0.473142	-0.594773	0.649910	0.317639	-0.572918	-0.755559	-69.330750	-190.926926	813.859619	
0.840593	0.509846	-0.182920	0.482821	-0.552179	0.679694	0.245534	-0.659663	-0.710322	-82.183067	-202.165344	820.562256	
0.858049	0.450847	-0.245943	0.477967	-0.525848	0.703586	0.187880	-0.721263	-0.666694	-93.415825	-212.459869	830.604004	
0.869087	0.384474	-0.311233	0.480857	-0.509065	0.713884	0.116031	-0.770085	-0.627300	-102.164253	-216.293869	844.122498	
0.876555	0.285087	-0.387782	0.481221	-0.504542	0.716844	0.008710	-0.814961	-0.579449	-109.835564	-221.958008	865.489746	
0.886314	0.182735	-0.425504	0.455876	-0.505779	0.732370	-0.081381	-0.843086	-0.531585	-112.208168	-229.946533	881.041687	
0.850487	0.121505	-0.511769	0.502681	-0.474212	0.722797	-0.154864	-0.871985	-0.464390	-113.768150	-233.991821	886.822449	
0.832768	0.079870	-0.547829	0.519175	-0.456264	0.722691	-0.192234	-0.886253	-0.421429	-115.022018	-237.050339	898.572021	
0.788774	0.030174	-0.613941	0.568111	-0.417148	0.709393	-0.234699	-0.908337	-0.346179	-113.779053	-242.136276	913.901855	
0.727443	-0.005405	-0.686147	0.626628	-0.402204	0.667511	-0.279579	-0.915534	-0.289194	-112.335548	-245.341217	914.964722	
0.694031	-0.047552	-0.718372	0.653530	-0.376982	0.656342	-0.302023	-0.924999	-0.230560	-109.341827	-247.089020	924.596741	
0.632476	-0.073145	-0.771118	0.696658	-0.381455	0.607587	-0.338588	-0.921489	-0.190304	-105.150475	-247.605804	929.339355	
0.604538	-0.125158	-0.786682	0.700807	-0.385924	0.599945	-0.378687	-0.914001	-0.145594	-95.132584	-245.683670	937.291565	
0.545617	-0.181269	-0.818195	0.697238	-0.443464	0.563206	-0.464931	-0.877770	-0.115575	-90.233490	-244.875610	941.489685	
0.491003	-0.205271	-0.846628	0.707387	-0.473267	0.524998	-0.508447	-0.856669	-0.087170	-78.214279	-244.066254	950.823425	
0.417700	-0.261115	-0.870256	0.624669	-0.613003	0.483754	-0.659784	-0.745685	-0.092942	-73.403397	-247.575363	980.925903	
0.350575	-0.291497	-0.890015	0.465781	-0.770190	0.435724	-0.812493	-0.567305	-0.134236	-58.404732	-245.120834	995.784241	
0.300302	-0.248870	-0.920806	0.461026	-0.807242	0.368533	-0.835029	-0.535185	-0.127681	-49.674362	-241.098145	1009.191345	
0.228311	-0.224347	-0.947387	0.599515	-0.734318	0.318370	-0.767109	-0.640659	-0.033154	-39.825623	-230.711990	1009.849548	
0.173517	-0.201444	-0.964009	0.744445	-0.614003	0.262303	-0.644742	-0.763165	0.043423	-29.865475	-215.942215	990.512695	
0.109258	-0.163008	-0.980557	0.744879	-0.639766	0.189354	-0.658192	-0.751084	0.051521	-19.677725	-205.531357	986.676758	
0.043263	-0.168442	-0.984762	0.789550	-0.598197	0.137009	-0.612159	-0.783445	0.107113	-9.609189	-196.516769	997.647522	
-0.280275	-0.298963	-0.912178	0.802005	-0.595103	-0.051379	-0.527478	-0.745970	0.406563	8.435537	-199.592026	1064.971436	
-0.494699	-0.337023	-0.801055	0.748321	-0.633892	-0.195438	-0.441914	-0.696129	0.565788	18.433182	-186.772659	1063.796387	
-0.545482	-0.292664	-0.785365	0.696299	-0.679803	-0.230293	-0.466493	-0.672469	0.574603	28.774927	-170.402710	1053.779419	
-0.025843	0.139531	-0.989880	0.639835	-0.758505	-0.123621	-0.768078	-0.636555	-0.069675	44.483299	-149.996002	1024.770020	
-0.025843	0.139531	-0.989880	0.639835	-0.758505	-0.123621	-0.768078	-0.636555	-0.069675	44.483299	-149.996002	1024.770020	
-0.025843	0.139531	-0.989880	0.639835	-0.758505	-0.123621	-0.768078	-0.636555	-0.069675	44.483299	-149.996002	1024.770020	
-0.025843	0.139531	-0.989880	0.639835	-0.758505	-0.123621	-0.768078	-0.636555	-0.069675	44.483299	-149.996002	1024.770020	
0.093781	0.332789	-0.938327	0.541419	-0.807981	-0.232448	-0.835506	-0.486228	-0.255951	88.857178	-104.328972	1004.339233	
0.124819	0.390821	-0.911965	0.536624	-0.799707	-0.269266	-0.834539	-0.455772	-0.309543	100.810440	-96.389618	1006.559814	
0.205322	0.403775	-0.891521	0.446758	-0.849150	-0.281694	-0.870776	-0.340456	-0.354739	111.498863	-81.526001	1006.660461	
0.275337	0.395170	-0.876374	0.374575	-0.883663	-0.280774	-0.885371	-0.250960	-0.391326	113.944725	-65.335732	993.898254	
0.391136	0.402045	-0.827873	0.363137	-0.893971	-0.262577	-0.845661	-0.197928	-0.495662	117.305756	-51.788136	993.845825	
0.447555	0.392378	-0.803576	0.354434	-0.902836	-0.243442	-0.821018	-0.175861	-0.543141	120.868965	-44.312183	986.062256	
0.549365	0.347172	-0.760046	0.326803	-0.926417	-0.186952	-0.769023	-0.145680	-0.622398	122.219833	-30.212797	979.841797	
0.584674	0.323979	-0.743771	0.302247	-0.937785	-0.170895	-0.752863	-0.124885	-0.646220	123.028000	-15.977844	982.459656	
0.638944	0.255464	-0.725596	0.287368	-0.954225	-0.082908	-0.713561	-0.155539	-0.683110	120.574852	-3.037470	981.827271	
0.683186	0.235450	-0.691246	0.237212	-0.966815	-0.094867	-0.690642	-0.099159	-0.716367	117.070023	3.251187	980.430847	
0.723929	0.143670	-0.674749	0.165659	-0.985659	-0.032136	-0.669689	-0.088514	-0.737348	112.830856	8.855588	972.767151	
0.720965	0.118009	-0.682849	0.124041	-0.991455	-0.040377	-0.681779	-0.055591	-0.729443	104.334305	20.335592	957.851746	
0.741836	0.083233	-0.665396	0.090740	-0.995600	-0.023374	-0.664413	-0.043038	-0.746125	93.528625	25.014284	949.063965	
0.764170	0.000005	-0.645015	0.025240	-0.999234	0.029895	-0.644520	-0.039125	-0.763586	87.508957	30.246481	941.673279	
0.803172	-0.057324	-0.592983	-0.021981	-0.997533	0.066661	-0.595341	-0.040506	-0.802451	74.211792	38.222504	939.016907	
0.808204	-0.108522	-0.578818	-0.038735	-0.990541	0.131630	-0.587627	-0.083963	-0.804764	66.424515	45.024525	934.893250	
0.825286	-0.169742	-0.538601	-0.049239	-0.971753	0.230804	-0.562563	-0.163959	-0.810333	50.295143	47.494316	924.465149	
0.837390	-0.224503	-0.498374	-0.070175	-0.948370	0.309305	-0.542082	-0.224035	-0.809911	32.014904	51.142185	912.590698	
0.819973	-0.349795	-0.453086	-0.174313	-0.906552	0.384421	-0.545214	-0.236235	-0.804323	14.652699	54.267071	897.518372	
0.780377	-0.464638	-0.418477	-0.250720	-0.845580	0.471312	-0.572844	-0.262880	-0.776365	5.941782	55.180496	889.130676	
0.729606	-0.567116	-0.382170	-0.334108	-0.783202	0.524374	-0.596696	-0.254900	-0.760907	-13.039161	55.243774	878.011292	
0.659635	-0.659407	-0.360646	-0.369004	-0.702169	0.608930	-0.654765	-0.268591	-0.706499	-32.641594	54.112312	870.823547	
0.564909	-0.749596	-0.344942	-0.406255	-0.616516	0.674437	-0.718216	-0.240860	-0.652803	-52.184139	53.212936	867.689026	
0.467745	-0.830280	-0.303067	-0.425629	-0.512103	0.746050	-0.774631	-0.219967	-0.592925	-70.975601	49.118538	861.158264	
0.384326	-0.877936	-0.285520	-0.450929	-0.448388	0.771759	-0.805578	-0.167858	-0.568214	-80.089745	44.140789	856.004700	
0.324157	-0.913534	-0.245717	-0.409817	-0.369711	0.833886	-0.852626	-0.169611	-0.494226	-89.112152	38.518970	841.177002	
0.244977	-0.949224	-0.197380	-0.388547	-0.282640	0.877010	-0.888266	-0.138156	-0.438058	-105.540306	34.911156	826.623230	
0.160616	-0.970796	-0.178206	-0.443694	-0.232294	0.865550	-0.881668	-0.059952	-0.468046	-119.437866	30.639305	802.447449	
0.214803	-0.968458	-0.126286	-0.513800	-0.222020	0.828685	-0.830583	-0.113118	-0.545284	-132.997040	25.462357	789.919373	
0.299292	-0.953085	-0.045300	-0.591188	-0.222494	0.775239	-0.748947	-0.205241	-0.630043	-145.403488	20.660259	771.162476	
0.336143	-0.941281	0.031557	-0.688406	-0.222696	0.690293	-0.642731	-0.253761	-0.722842	-152.226364	15.136541	767.391602	
0.372070	-0.919741	0.125060	-0.783230	-0.238790	0.574048	-0.498111	-0.311536	-0.809215	-161.896118	9.047282	768.872498	
0.413639	-0.891349	0.185469	-0.809354	-0.266708	0.523272	-0.416951	-0.366555	-0.831739	-166.342194	2.060346	763.785461	
0.517070	-0.805292	0.290074	-0.815643	-0.360806	0.452267	-0.259546	-0.470450	-0.843393	-173.790833	-11.913401	763.804565	
0.571024	-0.722552	0.389679	-0.820929	-0.501121	0.273775	-0.002539	-0.476231	-0.879317	-177.796143	-26.771130	758.368530	
0.713957	-0.657342	0.241178	-0.698864	-0.690174	0.187742	0.043045	-0.302590	-0.952149	-175.106750	-34.017948	739.279480	
0.783547	-0.576881	0.230785	-0.610152	-0.784545	0.110465	0.117337	-0.227368	-0.966714	-174.152969	-41.598267	733.609253	
0.801915	-0.520948	0.292483	-0.563442	-0.822243	0.080302	0.198660	-0.229192	-0.952893	-173.428223	-49.827732	731.625793	
0.859784	-0.402197	0.314656	-0.447631	-0.890135	0.085353	0.245759	-0.214235	-0.945361	-167.709091	-64.858864	725.097961	
0.913908	-0.257517	0.313778	-0.297082	-0.951085	0.084730	0.276611	-0.170653	-0.945709	-163.948410	-73.284714	706.666077	
0.943870	-0.138213	0.300008	-0.164890	-0.984142	0.065381	0.286215	-0.111180	-0.951694	-160.782883	-90.219284	704.836182	
0.932066	0.049021	0.358956	0.081070	-0.993900	-0.074772	0.353102	0.098793	-0.930355	-152.127609	-101.405594	705.237000	
0.948581	0.089364	0.303656	0.243210	-0.819758	-0.518504	0.202590	0.565695	-0.799342	-136.951645	-118.290619	687.023499	
0.881293	0.187004	0.433993	0.445235	-0.636383	-0.629908	0.158390	0.748363	-0.644101	-120.845482	-127.993607	669.315430	
0.828916	0.266225	0.491956	0.544330	-0.586486	-0.599783	0.128848	0.764957	-0.631063	-112.567986	-138.495438	669.543518	
0.771734	0.307015	0.556927	0.625537	-0.524268	-0.577795	0.114587	0.794283	-0.596646	-93.882370	-145.483139	652.929810	
0.729671	0.306680	0.611167	0.666600	-0.518220	-0.535812	0.152396	0.798371	-0.582564	-84.218437	-153.172470	645.207642	
0.596394	0.343779	0.725348	0.773940	-0.485966	-0.406023	0.212913	0.803525	-0.555892	-73.127632	-156.684555	632.687073	
0.422346	0.375272	0.825102	0.864991	-0.438957	-0.243120	0.270948	0.816388	-0.510000	-62.894386	-165.894165	616.605713	
0.265289	0.321581	0.908960	0.899583	-0.421791	-0.113327	0.346947	0.847749	-0.401187	-50.753159	-164.485764	594.463440	
0.158574	0.379957	0.911311	0.893277	-0.448401	0.031517	0.420608	0.809055	-0.410512	-31.589420	-173.437775	593.292664	
0.042079	0.471489	0.880868	0.895327	-0.409079	0.176192	0.443417	0.781251	-0.439352	-22.011122	-171.779739	579.714172	
-0.006454	0.550783	0.834624	0.893807	-0.371088	0.251798	0.448405	0.747618	-0.489900	-4.694922	-176.388016	569.619324	
0.064042	0.815010	0.575898	0.890655	-0.306986	0.335400	0.450147	0.491447	-0.745554	13.410187	-191.618317	596.630676	
0.129178	0.975251	0.179439	0.947393	-0.174819	0.268111	0.292846	0.135366	-0.946530	23.787899	-201.707367	604.490234	
0.048040	0.994245	-0.095761	0.947953	-0.015171	0.318048	0.314765	-0.106055	-0.943227	31.365068	-193.761932	570.579651	
-0.065330	0.989533	-0.128676	0.945629	0.102568	0.308651	0.318619	-0.101515	-0.942432	45.332943	-192.478561	561.768005	
-0.193413	0.972858	-0.127044	0.922189	0.224466	0.314932	0.334901	-0.056246	-0.940574	52.061115	-191.555054	556.497131	
-0.249777	0.962403	-0.106736	0.913241	0.270779	0.304416	0.321873	-0.021439	-0.946541	63.973022	-193.053146	559.523499	
-0.297422	0.952511	-0.065295	0.917296	0.304053	0.257137	0.264779	0.016585	-0.964167	69.506218	-193.875229	562.911804	
-0.319427	0.945991	-0.055394	0.924392	0.323928	0.201415	0.208481	0.013133	-0.977939	74.361458	-193.426819	565.877441	
-0.318086	0.948055	0.003794	0.907082	0.303171	0.292040	0.275721	0.096336	-0.956399	79.288895	-192.210983	574.620117	
-0.337192	0.937869	0.081882	0.859928	0.271430	0.432260	0.383177	0.216168	-0.898025	82.874084	-196.038391	592.564636	
-0.257355	0.926963	0.272964	0.892543	0.119773	0.434765	0.370317	0.355522	-0.858179	83.260422	-192.436279	597.951599	
-0.209742	0.855727	0.473013	0.905915	-0.011936	0.423290	0.367866	0.517292	-0.772713	84.897682	-190.294540	604.267639	
0.660788	0.744497	-0.095312	0.116209	-0.226935	-0.966952	-0.741522	0.627874	-0.236473	77.145699	-166.158005	566.494995	
0.660788	0.744497	-0.095312	0.116209	-0.226935	-0.966952	-0.741522	0.627874	-0.236473	77.145699	-166.158005	566.494995	
0.660788	0.744497	-0.095312	0.116209	-0.226935	-0.966952	-0.741522	0.627874	-0.236473	77.145699	-166.158005	566.494995	
0.660788	0.744497	-0.095312	0.116209	-0.226935	-0.966952	-0.741522	0.627874	-0.236473	77.145699	-166.158005	566.494995	
0.660788	0.744497	-0.095312	0.116209	-0.226935	-0.966952	-0.741522	0.627874	-0.236473	77.145699	-166.158005	566.494995	
0.660788	0.744497	-0.095312	0.116209	-0.226935	-0.966952	-0.741522	0.627874	-0.236473	77.145699	-166.158005	566.494995	
0.938902	0.281160	-0.198523	0.113184	-0.796934	-0.593368	-0.325042	0.534644	-0.780066	28.147093	-123.613350	577.407837	
0.953921	0.205825	-0.218335	0.078867	-0.874049	-0.479394	-0.289508	0.440084	-0.850007	20.094070	-116.867165	585.954590	
0.968995	0.071944	-0.236371	-0.030413	-0.914662	-0.403072	-0.245199	0.397764	-0.884117	2.639747	-110.272560	596.685486	
0.970384	0.008836	-0.241403	-0.082516	-0.927095	-0.365630	-0.227035	0.374722	-0.898910	-15.515638	-96.018700	602.940735	
0.978474	-0.094015	-0.183708	-0.150059	-0.935242	-0.320630	-0.141668	0.341295	-0.929220	-34.096500	-87.841476	607.092346	
0.943909	-0.237444	-0.229467	-0.267323	-0.957431	-0.108915	-0.193838	0.164148	-0.967204	-44.641541	-74.422112	622.755371	
0.875341	-0.369645	-0.311673	-0.379771	-0.924594	0.029973	-0.299251	0.092128	-0.949717	-54.714378	-66.728088	629.942078	
0.864167	-0.437523	-0.248572	-0.438419	-0.897095	0.054840	-0.246986	0.061588	-0.967060	-75.252724	-52.142387	643.370422	
0.801839	-0.550766	-0.231754	-0.545955	-0.832913	0.090489	-0.242870	0.053970	-0.968557	-95.337189	-44.723022	647.587769	
0.718667	-0.649529	-0.248252	-0.630106	-0.759304	0.162549	-0.294079	0.039607	-0.954961	-115.322258	-38.566727	663.981506	
0.653272	-0.680366	-0.332171	-0.638992	-0.730776	0.240114	-0.406108	0.055395	-0.912145	-134.627411	-32.413162	681.612305	
0.589179	-0.678998	-0.437982	-0.540957	-0.734123	0.410399	-0.600193	-0.004869	-0.799841	-142.761887	-20.111111	686.962341	
0.468511	-0.702110	-0.536225	-0.495839	-0.711326	0.498155	-0.731190	0.032490	-0.681400	-150.433472	-7.454024	691.652344	
0.331283	-0.729308	-0.598632	-0.536099	-0.667590	0.516643	-0.776432	0.149772	-0.612145	-155.852631	-1.931423	695.663696	
0.233012	-0.747831	-0.621654	-0.540334	-0.631053	0.556606	-0.808544	0.206205	-0.551123	-167.359482	2.810532	695.414429	
0.236650	-0.724657	-0.647200	-0.482387	-0.665854	0.569158	-0.843385	0.177510	-0.507142	-176.641220	7.923106	701.236023	
0.042452	-0.717569	-0.695192	-0.454021	-0.633678	0.626351	-0.889978	0.289042	-0.352694	-183.576477	16.786324	714.634888	
-0.061913	-0.684895	-0.726007	-0.411435	-0.645208	0.643760	-0.909333	0.338562	-0.241844	-187.655807	21.249968	717.351624	
-0.124853	-0.640790	-0.757496	-0.407538	-0.662969	0.628000	-0.904612	0.387116	-0.178374	-189.867874	27.883038	731.792053	
-0.161055	-0.612708	-0.773726	-0.401719	-0.675381	0.618451	-0.901488	0.410425	-0.137364	-191.849197	34.695881	739.328430	
-0.197387	-0.580342	-0.790091	-0.328116	-0.720352	0.611091	-0.923784	0.379863	-0.048232	-193.144897	36.534779	757.208496	
-0.240636	-0.528906	-0.813851	-0.305061	-0.754785	0.580721	-0.921428	0.388017	0.020279	-193.768860	38.374794	770.293640	
-0.306629	-0.498475	-0.810865	-0.328866	-0.743954	0.581704	-0.893210	0.445034	0.064186	-190.693237	39.442688	787.855957	
-0.337735	-0.460881	-0.820685	-0.356354	-0.744402	0.564693	-0.871175	0.483171	0.087173	-186.406387	40.735428	796.708740	
-0.279932	-0.389593	-0.877415	-0.308481	-0.828982	0.466507	-0.909107	0.401256	0.111876	-178.766846	42.250557	806.319885	
-0.314708	-0.317610	-0.894474	-0.306696	-0.857782	0.412490	-0.898273	0.404146	0.172540	-175.164337	42.431877	823.743347	
-0.336135	-0.295798	-0.894158	-0.344742	-0.844866	0.409090	-0.876450	0.445763	0.182015	-163.587738	40.206459	829.744873	
-0.290808	-0.245834	-0.924661	-0.285239	-0.900206	0.329042	-0.913273	0.359437	0.191666	-157.276764	37.591545	844.875305	
-0.310730	-0.197146	-0.929829	-0.301489	-0.907295	0.293121	-0.901415	0.371414	0.222487	-144.448792	35.404388	869.174438	
-0.279794	-0.123031	-0.952145	-0.371169	-0.900777	0.225465	-0.885408	0.416491	0.206366	-135.942673	30.224028	884.688416	
-0.288458	-0.105380	-0.951677	-0.331086	-0.921636	0.202408	-0.898428	0.373472	0.230963	-118.943741	23.956173	894.979980	
-0.243121	-0.073731	-0.967191	-0.272419	-0.951786	0.141035	-0.930956	0.297769	0.211312	-101.345406	17.154633	910.392334	
-0.237374	-0.057970	-0.969688	-0.283777	-0.950537	0.126293	-0.929044	0.305153	0.209182	-81.752258	13.436663	910.862183	
-0.193039	-0.035582	-0.980547	-0.323801	-0.941047	0.097895	-0.926222	0.336399	0.170136	-62.620720	3.677044	925.164185	
-0.115674	-0.020451	-0.993078	-0.295829	-0.953708	0.054099	-0.948210	0.300039	0.104268	-42.879631	-1.473999	939.702759	
0.025501	-0.008978	-0.999635	-0.249866	-0.968278	0.002322	-0.967944	0.249715	-0.026937	-31.555433	-5.525864	938.779846	
0.067356	-0.026123	-0.997388	-0.259152	-0.965805	0.007795	-0.963484	0.257949	-0.071824	-20.953535	-16.495472	945.829712	
0.082188	-0.055542	-0.995068	-0.312288	-0.949597	0.027211	-0.946424	0.308512	-0.095392	-1.814564	-22.213776	964.560669	
0.150916	-0.102439	-0.983225	-0.376830	-0.925478	0.038582	-0.913904	0.364686	-0.178273	17.681602	-28.881180	971.799866	
0.272804	-0.166938	-0.947476	-0.411835	-0.910299	0.041810	-0.869464	0.378798	-0.317085	27.128614	-35.756096	977.228516	
0.271893	-0.217493	-0.937428	-0.416971	-0.904559	0.088928	-0.867299	0.366701	-0.336633	34.922966	-48.612358	974.428345	
0.303041	-0.244528	-0.921072	-0.433443	-0.896128	0.095299	-0.848700	0.370353	-0.377553	50.222893	-61.431717	975.137451	
0.313315	-0.300497	-0.900852	-0.352632	-0.917606	0.183441	-0.881750	0.260194	-0.393466	64.053162	-68.337936	988.426880	
0.275295	-0.372432	-0.886289	-0.392164	-0.885224	0.250173	-0.877735	0.278699	-0.389753	77.507164	-83.004486	994.514648	
0.248367	-0.478804	-0.842058	-0.422411	-0.835824	0.350668	-0.871711	0.268600	-0.409844	87.144463	-90.135712	997.820740	
0.224509	-0.543119	-0.809084	-0.431760	-0.799776	0.417064	-0.873600	0.255695	-0.414055	92.354622	-104.968689	1004.724609	
0.169563	-0.623241	-0.763426	-0.434784	-0.742490	0.509581	-0.884426	0.245519	-0.396875	95.451073	-112.118294	1004.851074	
0.169357	-0.702828	-0.690906	-0.443619	-0.680362	0.583361	-0.880068	0.207703	-0.427013	97.973557	-118.870979	1007.047058	
0.139446	-0.744313	-0.653111	-0.426196	-0.640452	0.638889	-0.893818	0.189262	-0.406533	99.665756	-133.261444	1014.216187	
0.074641	-0.801710	-0.593034	-0.423297	-0.563929	0.709087	-0.902910	0.198102	-0.381455	100.171638	-146.639435	1019.208008	
-0.027359	-0.822498	-0.568109	-0.437894	-0.501030	0.746471	-0.898609	0.269195	-0.346460	100.397247	-154.395874	1029.401611	
-0.183654	-0.792999	-0.580883	-0.367373	-0.492742	0.788824	-0.911760	0.358271	-0.200833	97.492325	-164.888382	1016.683228	
-0.224919	-0.800294	-0.555826	-0.358155	-0.462604	0.811002	-0.906165	0.381481	-0.182582	90.361481	-174.689240	1011.348633	
-0.365447	-0.806078	-0.465498	-0.307855	-0.367279	0.877686	-0.878449	0.464053	-0.113935	85.941681	-181.520401	1016.917175	
-0.416205	-0.800518	-0.431213	-0.212074	-0.375697	0.902152	-0.884192	0.466929	-0.013403	75.281586	-186.123428	1010.645935	
-0.518794	-0.769060	-0.373364	-0.088774	-0.385910	0.918256	-0.850277	0.509530	0.131935	63.209213	-190.005753	1010.146118	
-0.639643	-0.718530	-0.273079	0.032449	-0.380185	0.924342	-0.767985	0.582388	0.266498	56.752045	-195.187729	1014.619263	
-0.757785	-0.630505	-0.168005	0.095418	-0.361786	0.927366	-0.645488	0.686714	0.334317	47.911404	-198.498245	996.434509	
-0.831372	-0.547763	-0.093681	0.141858	-0.372180	0.917257	-0.537304	0.749292	0.387124	39.897034	-203.615311	1002.528992	
-0.928092	-0.369357	0.047117	0.234089	-0.480380	0.845245	-0.289562	0.795495	0.532299	28.753963	-209.896622	1012.155334	
-0.945336	-0.318582	0.069609	0.248306	-0.564861	0.786941	-0.211386	0.761208	0.613089	12.010900	-214.263000	1011.390015	
-0.945336	-0.318582	0.069609	0.248306	-0.564861	0.786941	-0.211386	0.761208	0.613089	12.010900	-214.263000	1011.390015	
-0.945336	-0.318582	0.069609	0.248306	-0.564861	0.786941	-0.211386	0.761208	0.613089	12.010900	-214.263000	1011.390015	
-0.945336	-0.318582	0.069609	0.248306	-0.564861	0.786941	-0.211386	0.761208	0.613089	12.010900	-214.263000	1011.390015	
-0.934088	-0.008644	0.356937	0.246135	-0.739785	0.626208	0.258644	0.672788	0.693151	-45.405094	-196.222733	917.241028	
-0.905608	0.052340	0.420873	0.160765	-0.875935	0.454855	0.392465	0.479582	0.784839	-57.248001	-213.037003	987.377014	
-0.905608	0.052340	0.420873	0.160765	-0.875935	0.454855	0.392465	0.479582	0.784839	-57.248001	-213.037003	987.377014	
-0.905608	0.052340	0.420873	0.160765	-0.875935	0.454855	0.392465	0.479582	0.784839	-57.248001	-213.037003	987.377014	
-0.905608	0.052340	0.420873	0.160765	-0.875935	0.454855	0.392465	0.479582	0.784839	-57.248001	-213.037003	987.377014	
-0.709319	0.376417	0.595967	-0.410056	-0.908046	0.085480	0.573341	-0.183747	0.798446	-101.392326	-195.146286	937.007568	
-0.738859	0.429448	0.519290	-0.461676	-0.883946	0.074130	0.490859	-0.184971	0.851376	-108.332283	-191.659439	927.768127	
-0.719598	0.497115	0.484826	-0.541858	-0.838626	0.055635	0.434245	-0.222671	0.872839	-122.265640	-187.029831	940.285522	
-0.703589	0.585366	0.402877	-0.639708	-0.768618	-0.000419	0.309413	-0.258018	0.915254	-130.648407	-180.929565	958.324707	
-0.301946	0.466372	0.831460	-0.917689	-0.378426	-0.120999	0.258215	-0.799557	0.542249	-135.354996	-163.128006	919.111023	
-0.301946	0.466372	0.831460	-0.917689	-0.378426	-0.120999	0.258215	-0.799557	0.542249	-135.354996	-163.128006	919.111023	
-0.301946	0.466372	0.831460	-0.917689	-0.378426	-0.120999	0.258215	-0.799557	0.542249	-135.354996	-163.128006	919.111023	
-0.301946	0.466372	0.831460	-0.917689	-0.378426	-0.120999	0.258215	-0.799557	0.542249	-135.354996	-163.128006	919.111023	
-0.051097	0.193218	0.979824	-0.935220	0.334934	-0.114819	-0.350361	-0.922218	0.163588	-143.805725	-107.196358	856.952087	
-0.035324	0.134951	0.990222	-0.884824	0.456395	-0.093763	-0.464585	-0.879484	0.103286	-142.150070	-100.342606	852.769226	
-0.015380	0.071502	0.997322	-0.823597	0.564677	-0.053185	-0.566967	-0.822209	0.050205	-138.573120	-93.879868	847.351257	
-0.013654	-0.040341	0.999093	-0.713509	0.700402	0.018529	-0.700514	-0.712608	-0.038346	-132.034225	-79.235764	827.165894	
-0.015233	-0.096380	0.995228	-0.531907	0.843602	0.073555	-0.846666	-0.528248	-0.064115	-128.597397	-71.739616	820.987000	
-0.047227	-0.218380	0.974720	-0.379483	0.906570	0.184724	-0.923993	-0.361165	-0.125686	-117.990685	-63.898804	803.466125	
-0.080776	-0.278587	0.957008	-0.253098	0.934408	0.250645	-0.964063	-0.221970	-0.145987	-112.342781	-55.617481	800.653381	
-0.123735	-0.383564	0.915188	-0.158283	0.918096	0.363382	-0.979610	-0.099895	-0.174312	-105.266869	-41.342888	795.079468	
-0.158205	-0.424205	0.891640	-0.098959	0.905277	0.413134	-0.982435	-0.022875	-0.185198	-97.445694	-27.264660	783.283508	
-0.247828	-0.477959	0.842696	0.046066	0.863034	0.503041	-0.967708	0.163487	-0.191866	-81.116302	-12.896578	763.800110	
-0.269736	-0.487910	0.830172	0.300354	0.776486	0.553947	-0.914894	0.398765	-0.062900	-72.402107	-5.552222	762.104309	
-0.331450	-0.514427	0.790889	0.370186	0.700143	0.610542	-0.867815	0.495140	-0.041629	-62.851574	1.389799	749.368164	
-0.383728	-0.525033	0.759667	0.484028	0.586227	0.649657	-0.786429	0.616991	0.029179	-52.624947	8.340963	731.794617	
-0.443969	-0.533215	0.720120	0.529115	0.492580	0.690943	-0.723138	0.687784	0.063441	-32.916424	19.970264	710.789978	
-0.525324	-0.564433	0.636750	0.573504	0.317947	0.754984	-0.628591	0.761791	0.156679	-23.255455	30.095711	706.051636	
-0.612673	-0.590276	0.525552	0.571499	0.128435	0.810490	-0.545913	0.796918	0.258653	-13.434310	35.040089	698.352966	
-0.705254	-0.530894	0.469860	0.577678	-0.046136	0.814960	-0.410981	0.846181	0.339223	-2.955296	42.787926	689.958130	
-0.763606	-0.501057	0.407244	0.538205	-0.145490	0.830162	-0.356709	0.853097	0.380768	7.136908	46.276001	671.801270	
-0.829410	-0.434958	0.350557	0.508439	-0.327766	0.796278	-0.231448	0.838678	0.493002	17.283642	50.275597	667.224426	
-0.876402	-0.347392	0.333524	0.474900	-0.508480	0.718274	-0.079933	0.787887	0.610610	34.947800	53.256897	650.714478	
-0.934816	-0.302368	0.186262	0.345557	-0.653481	0.673464	-0.081916	0.693928	0.715369	51.000996	56.199615	646.052124	
-0.977776	-0.206316	0.037243	0.180548	-0.738363	0.649786	-0.106563	0.642070	0.759204	58.269066	57.792778	641.037720	
-0.987880	-0.153251	-0.024655	0.106990	-0.787354	0.607146	-0.112458	0.597149	0.794208	71.886154	59.100243	637.116394	
-0.992016	-0.098566	-0.078668	0.038606	-0.831208	0.554621	-0.120057	0.547155	0.828376	82.985413	59.307869	628.685303	
-0.990309	0.005891	-0.138761	-0.067926	-0.891999	0.446905	-0.121142	0.451999	0.883754	92.063873	58.412422	621.652283	
-0.973815	0.059100	-0.219528	-0.147244	-0.899684	0.410959	-0.173219	0.432522	0.884828	96.291321	57.053284	614.215027	
-0.944014	0.165766	-0.285236	-0.267696	-0.890201	0.368621	-0.192813	0.424340	0.884737	98.780037	53.354813	603.226074	
-0.897282	0.253511	-0.361411	-0.377436	-0.865165	0.330200	-0.228971	0.432691	0.871981	100.228020	50.919399	599.489319	
-0.853225	0.292243	-0.431974	-0.421052	-0.874746	0.239862	-0.307770	0.386540	0.869405	100.778740	44.911850	594.442749	
-0.807230	0.327461	-0.491069	-0.465275	-0.864961	0.188046	-0.363178	0.380279	0.850582	99.711746	37.785561	589.554443	
-0.716279	0.340204	-0.609266	-0.494410	-0.863567	0.099047	-0.492447	0.372173	0.786756	95.812447	28.920555	586.040588	
-0.638640	0.390571	-0.663019	-0.563720	-0.823954	0.057617	-0.523794	0.410553	0.746382	93.021980	19.808334	582.738586	
-0.536582	0.400602	-0.742696	-0.634883	-0.771433	0.042588	-0.555881	0.494377	0.668273	84.919136	13.989453	579.422607	
-0.421276	0.381667	-0.822713	-0.688233	-0.725314	0.015933	-0.590645	0.572931	0.568234	74.579994	7.721380	574.085388	
-0.354938	0.366471	-0.860069	-0.658201	-0.751280	-0.048487	-0.663921	0.548888	0.507870	63.360111	0.915340	573.914612	
-0.308729	0.363332	-0.879020	-0.618794	-0.778574	-0.104481	-0.722344	0.511676	0.465197	50.162514	-6.279327	576.765625	
-0.183144	0.367525	-0.911803	-0.598976	-0.777173	-0.192949	-0.779542	0.510811	0.362474	35.223606	-19.861858	578.247314	
-0.017228	0.350699	-0.936330	-0.446897	-0.840421	-0.306554	-0.894420	0.413162	0.171205	30.184448	-28.400288	597.196472	
0.162064	0.344162	-0.924818	-0.346104	-0.857844	-0.379890	-0.924093	0.381650	-0.019909	13.966882	-37.314228	616.457397	
0.005032	-0.010122	-0.999936	-0.585285	-0.810811	0.005262	-0.810812	0.585221	-0.010004	-0.820478	-43.891602	572.424011	
0.005032	-0.010122	-0.999936	-0.585285	-0.810811	0.005262	-0.810812	0.585221	-0.010004	-0.820478	-43.891602	572.424011	
0.005032	-0.010122	-0.999936	-0.585285	-0.810811	0.005262	-0.810812	0.585221	-0.010004	-0.820478	-43.891602	572.424011	
0.078214	-0.271826	-0.959163	-0.624899	-0.763010	0.165279	-0.776778	0.586453	-0.229542	-60.799683	-81.581596	566.264343	
0.117284	-0.375829	-0.919237	-0.715365	-0.674009	0.184295	-0.688838	0.635976	-0.347905	-81.006950	-95.535957	572.388062	
0.107278	-0.501137	-0.858692	-0.740610	-0.616496	0.267264	-0.663317	0.607285	-0.437283	-91.548447	-102.924973	572.244568	
-0.000034	-0.614191	-0.789157	-0.725119	-0.543417	0.422965	-0.688623	0.572248	-0.445343	-101.206329	-110.153618	571.257812	
-0.062829	-0.689176	-0.721864	-0.654444	-0.517627	0.551148	-0.753495	0.507049	-0.418505	-121.333954	-118.696259	582.170532	
-0.130298	-0.761245	-0.635239	-0.667600	-0.406329	0.623864	-0.733029	0.505374	-0.455263	-130.503616	-132.058426	588.766541	
-0.221715	-0.793724	-0.566431	-0.633382	-0.324436	0.702544	-0.741397	0.514532	-0.430798	-147.095032	-145.629379	595.868774	
-0.312805	-0.803712	-0.506161	-0.581356	-0.259414	0.771186	-0.751118	0.535491	-0.386097	-153.920471	-157.507111	596.424255	
-0.385374	-0.840196	-0.381518	-0.487101	-0.165929	0.857438	-0.783722	0.516272	-0.345316	-167.904053	-169.235306	605.515259	
-0.456758	-0.854631	-0.246937	-0.446982	-0.019518	0.894329	-0.769142	0.518869	-0.373090	-175.423309	-175.703735	616.336548	
-0.520833	-0.845838	-0.115285	-0.328442	0.073900	0.941628	-0.787946	0.528296	-0.316299	-184.396240	-184.615692	620.617737	
-0.558573	-0.828826	0.032285	-0.218747	0.184742	0.958133	-0.800091	0.528126	-0.284496	-192.986938	-189.587296	629.884460	
-0.584645	-0.793407	0.169394	-0.093907	0.273573	0.957255	-0.805836	0.543748	-0.234450	-198.127701	-193.093887	632.132324	
-0.632894	-0.713417	0.300800	0.070471	0.333817	0.939999	-0.771025	0.616118	-0.160996	-200.294235	-194.516541	640.310120	
-0.658422	-0.620324	0.426237	0.242696	0.361080	0.900399	-0.712446	0.696289	-0.087193	-200.188965	-199.949158	643.209229	
-0.655034	-0.517895	0.550196	0.393260	0.388093	0.833504	-0.645195	0.762344	-0.050547	-199.532867	-203.590622	656.899841	
-0.622728	-0.436480	0.649380	0.517247	0.393080	0.760226	-0.587082	0.809304	-0.019015	-198.443954	-205.513580	667.908630	
-0.602221	-0.362777	0.711141	0.633040	0.325735	0.702251	-0.486405	0.873092	0.033487	-195.964050	-207.894257	678.334229	
-0.533663	-0.264321	0.803329	0.761768	0.262319	0.592366	-0.367304	0.928075	0.061361	-188.562363	-207.935455	685.748901	
-0.439200	-0.175614	0.881058	0.855006	0.219368	0.469938	-0.275804	0.959707	0.053804	-184.143250	-206.873520	701.809448	
-0.378665	-0.128731	0.916538	0.902711	0.167189	0.396435	-0.204269	0.977485	0.052898	-178.580002	-204.537567	712.420776	
-0.255167	-0.078450	0.963709	0.945280	0.189337	0.265700	-0.203311	0.978774	0.025844	-165.656906	-205.010574	727.912842	
-0.146443	-0.011514	0.989152	0.964997	0.218258	0.145408	-0.217565	0.975824	-0.020852	-150.598267	-202.658844	745.525574	
-0.007225	0.079048	0.996844	0.981588	0.190842	-0.008019	-0.190874	0.978433	-0.078972	-135.024170	-200.719116	756.562622	
0.133188	0.194528	0.971812	0.981959	0.106900	-0.155977	-0.134230	0.975055	-0.176781	-120.483978	-199.045761	776.285400	
0.229247	0.229540	0.945916	0.957844	0.119668	-0.261177	-0.173147	0.965915	-0.192430	-110.201729	-191.138885	777.590576	
0.331434	0.279631	0.901087	0.926010	0.086516	-0.367449	-0.180709	0.956202	-0.230268	-100.654655	-181.644196	790.274353	
0.327558	0.326727	0.886541	0.926849	0.071075	-0.368645	-0.183458	0.942443	-0.279546	-83.307159	-172.863037	807.066650	
0.432534	0.378122	0.818497	0.877025	0.034130	-0.479230	-0.209144	0.925127	-0.316861	-73.995743	-166.905319	824.979980	
0.418471	0.401586	0.814623	0.883956	0.025891	-0.466851	-0.208573	0.915456	-0.344150	-56.026180	-154.663422	824.475220	
0.718473	-0.169351	0.674624	0.478994	-0.582807	-0.656430	0.504343	0.794768	-0.337613	-25.493000	-144.507004	870.056030	
0.718473	-0.169351	0.674624	0.478994	-0.582807	-0.656430	0.504343	0.794768	-0.337613	-25.493000	-144.507004	870.056030	
0.718473	-0.169351	0.674624	0.478994	-0.582807	-0.656430	0.504343	0.794768	-0.337613	-25.493000	-144.507004	870.056030	
0.865582	-0.329036	0.377497	0.101016	-0.623611	-0.775180	0.490474	0.709115	-0.506549	13.148102	-109.170578	880.642090	
0.878314	-0.417643	0.232678	-0.061898	-0.581931	-0.810878	0.474061	0.697804	-0.536970	21.376896	-95.420509	892.046631	
0.881650	-0.459455	0.107680	-0.184579	-0.545750	-0.817365	0.434309	0.700754	-0.565967	29.163542	-81.091248	900.526794	
0.854387	-0.518143	0.039400	-0.276458	-0.517443	-0.809829	0.439995	0.681014	-0.585341	36.007942	-66.748772	917.616577	
0.812152	-0.582710	-0.029316	-0.366546	-0.470491	-0.802671	0.453932	0.662636	-0.595700	42.139675	-52.416264	932.900452	
0.762434	-0.642029	-0.080581	-0.453678	-0.441608	-0.774052	0.461379	0.626722	-0.627972	52.209553	-45.331390	949.610413	
0.713529	-0.669024	-0.208047	-0.560587	-0.367041	-0.742309	0.420261	0.646287	-0.636941	60.775322	-31.806313	957.617188	
0.661907	-0.697305	-0.275036	-0.634637	-0.326061	-0.700656	0.398893	0.638317	-0.658358	63.702663	-18.020435	965.497131	
0.608838	-0.714788	-0.344083	-0.680740	-0.248046	-0.689250	0.407321	0.653873	-0.637605	65.061188	-3.728160	967.190735	
0.573340	-0.706689	-0.414572	-0.721851	-0.196337	-0.663614	0.387574	0.679736	-0.622693	66.574570	9.318142	976.264832	
0.522789	-0.709873	-0.471986	-0.768567	-0.152977	-0.621211	0.368779	0.687515	-0.625560	66.285950	21.617081	984.314880	
0.488830	-0.687657	-0.536816	-0.797682	-0.103195	-0.594183	0.353198	0.718663	-0.598978	64.025497	26.728760	990.591736	
0.437288	-0.680170	-0.588344	-0.833365	-0.060553	-0.549396	0.338057	0.730549	-0.593309	60.748611	37.679123	999.012573	
0.383942	-0.610635	-0.692613	-0.868606	0.015604	-0.495258	0.313230	0.791757	-0.524411	53.070549	48.782131	1004.473755	
0.339008	-0.562695	-0.753954	-0.891805	0.063005	-0.448012	0.299597	0.824259	-0.480456	47.563828	58.825089	1007.038330	
0.291739	-0.526782	-0.798366	-0.907283	0.111885	-0.405364	0.302864	0.842604	-0.445299	37.043488	66.958260	1009.271118	
0.273449	-0.496210	-0.824015	-0.900907	0.168046	-0.400159	0.337036	0.851783	-0.401088	23.825562	75.074799	1013.961609	
0.192630	-0.458993	-0.867305	-0.911753	0.243035	-0.331120	0.362768	0.854551	-0.371673	16.055016	82.127480	1013.692871	
0.140531	-0.434721	-0.889532	-0.901101	0.316084	-0.296831	0.410206	0.843272	-0.347308	1.282364	85.561394	1022.667786	
0.079458	-0.331020	-0.940272	-0.895431	0.390804	-0.213250	0.438053	0.858893	-0.265354	-16.061531	88.649948	1030.259399	
0.100017	-0.266578	-0.958610	-0.881160	0.423738	-0.209772	0.462120	0.865668	-0.192517	-33.592140	90.711372	1033.942139	
0.037685	-0.140768	-0.989325	-0.889226	0.446966	-0.097470	0.455915	0.883405	-0.108331	-44.162441	92.478180	1040.693481	
0.042489	-0.074143	-0.996342	-0.865710	0.495082	-0.073759	0.498740	0.865676	-0.043151	-53.130821	92.537025	1033.719971	
0.034585	0.043593	-0.998451	-0.844314	0.535817	-0.005852	0.534732	0.843207	0.055337	-63.799000	93.152618	1040.648193	
-0.019141	0.146840	-0.988975	-0.828234	0.551756	0.097953	0.560057	0.820977	0.111056	-83.367722	93.162735	1046.532349	
-0.009434	0.229114	-0.973354	-0.814302	0.563191	0.140460	0.580366	0.793928	0.181255	-94.582306	92.803986	1054.107910	
0.002162	0.342156	-0.939641	-0.786466	0.580935	0.209730	0.617631	0.738541	0.270349	-103.352325	89.081711	1045.882080	
0.008690	0.409940	-0.912071	-0.761604	0.593766	0.259618	0.647985	0.692380	0.317372	-112.673615	85.337173	1046.699341	
0.042931	0.466711	-0.883367	-0.740327	0.608584	0.285555	0.670876	0.641721	0.371645	-122.693085	80.936066	1056.623901	
0.072438	0.516318	-0.853328	-0.701292	0.634727	0.324519	0.709185	0.574924	0.408067	-131.403244	75.166122	1057.961182	
0.097818	0.562819	-0.820772	-0.682526	0.638155	0.356254	0.724287	0.525349	0.446561	-138.226746	67.354187	1049.890625	
0.138685	0.614017	-0.777013	-0.646249	0.650631	0.398801	0.750420	0.446835	0.487040	-146.045258	63.631912	1048.166748	
0.182447	0.649636	-0.738028	-0.612337	0.662358	0.431655	0.769259	0.373168	0.518640	-152.506744	54.209965	1048.965576	
0.223628	0.692043	-0.686343	-0.582086	0.659635	0.475455	0.781772	0.293185	0.550341	-163.159836	43.204857	1043.319092	
0.314723	0.756365	-0.573465	-0.573407	0.632966	0.520153	0.756410	0.165124	0.632913	-170.481323	31.609335	1033.355957	
0.322706	0.808509	-0.492113	-0.579579	0.579850	0.572593	0.748299	0.100438	0.655714	-174.031387	26.747894	1036.884155	
0.358407	0.826910	-0.433318	-0.650560	0.554120	0.519349	0.669566	0.095761	0.736554	-177.803009	21.100555	1028.804565	
0.386121	0.839610	-0.382056	-0.720419	0.533148	0.443567	0.576116	0.103969	0.810728	-179.454727	15.333602	1018.494690	
0.356730	0.860269	-0.364255	-0.771074	0.491268	0.405095	0.527438	0.136357	0.838579	-179.348801	8.717993	1021.878052	
0.333018	0.881696	-0.334235	-0.791144	0.454128	0.409707	0.513023	0.127987	0.848779	-176.969177	2.864294	1014.221863	
0.311710	0.894469	-0.320567	-0.830123	0.420511	0.366155	0.462316	0.151975	0.873594	-174.570023	-10.610655	1017.944946	
0.287366	0.905143	-0.313271	-0.850879	0.391420	0.350424	0.439804	0.165855	0.882646	-172.388077	-18.196606	1016.811951	
0.256438	0.915407	-0.310274	-0.909025	0.337510	0.244466	0.328506	0.219355	0.918676	-166.920090	-34.172482	1031.754883	
0.234041	0.928769	-0.287425	-0.932472	0.298113	0.204026	0.275178	0.220265	0.935820	-157.557205	-42.390675	1027.954346	
0.221344	0.944350	-0.243333	-0.941615	0.271879	0.198609	0.253714	0.185164	0.949391	-145.576065	-49.739258	1017.833862	
0.544179	0.731028	0.411664	-0.712137	0.143073	0.687307	0.443542	-0.667179	0.598450	-135.542007	-64.367203	964.293030	
