0.998685	-0.044905	0.024730	0.043428	0.997409	0.057354	-0.027242	-0.056204	0.998048	18.604261	4.414198	543.640930	
0.990765	-0.128366	0.043664	0.123853	0.987853	0.093843	-0.055180	-0.087568	0.994629	27.127533	8.356859	542.404053	
0.978026	-0.176134	0.111538	0.164309	0.980520	0.107624	-0.128322	-0.086932	0.987915	36.207993	16.397558	540.883789	
0.962314	-0.208896	0.174111	0.209345	0.977711	0.015991	-0.173571	0.021061	0.984596	44.975494	18.814478	539.506836	
0.929877	-0.276128	0.243068	0.300778	0.951108	-0.070181	-0.211805	0.138369	0.967467	53.542545	24.480341	542.911377	
0.881159	-0.324867	0.343541	0.390070	0.910099	-0.139873	-0.267216	0.257255	0.928664	70.323997	26.665230	547.206299	
0.853677	-0.358512	0.377762	0.457252	0.863176	-0.214121	-0.249310	0.355522	0.900805	77.050278	31.092468	547.336243	
0.828244	-0.370282	0.420597	0.487089	0.846810	-0.213674	-0.277047	0.381843	0.881727	85.095497	32.686035	559.919006	
0.768603	-0.371508	0.520797	0.529813	0.825923	-0.192740	-0.358534	0.424066	0.831638	91.922226	34.015366	571.473450	
0.493488	-0.329221	0.805036	0.603676	0.795984	-0.044535	-0.626134	0.507959	0.591552	100.998596	32.262344	576.439026	
0.387406	-0.328449	0.861416	0.692417	0.720566	-0.036657	-0.608667	0.610660	0.506575	103.749916	30.037579	578.265564	
0.273456	-0.281446	0.919788	0.768861	0.638554	-0.033194	-0.577992	0.716265	0.391010	106.150497	27.340494	579.331116	
0.209598	-0.262103	0.942003	0.836543	0.546846	-0.033978	-0.506225	0.795148	0.333879	108.425018	25.651037	589.345154	
0.126587	-0.177686	0.975912	0.869822	0.492824	-0.023097	-0.476849	0.851793	0.216941	109.366455	20.614481	598.410950	
0.078199	-0.137236	0.987447	0.915905	0.401044	-0.016796	-0.393705	0.905720	0.157056	109.407913	14.908637	600.441956	
0.047658	-0.090979	0.994712	0.942478	0.333948	-0.014612	-0.330853	0.938190	0.101661	107.483971	8.422995	604.957031	
0.018295	-0.039199	0.999064	0.961425	0.274981	-0.006817	-0.274457	0.960650	0.042718	103.344978	4.679937	612.203186	
-0.000577	0.016198	0.999869	0.986053	0.166413	-0.002127	-0.166426	0.985923	-0.016068	99.738594	-3.367429	616.383545	
-0.014706	0.065395	0.997751	0.998982	0.043521	0.011872	-0.042646	0.996910	-0.065969	96.142548	-13.816332	625.745605	
-0.018087	0.097848	0.995037	0.998764	0.047833	0.013451	-0.046279	0.994051	-0.098593	88.199326	-20.373466	640.948669	
-0.053671	0.034598	0.997959	0.994569	0.091095	0.050331	-0.089167	0.995241	-0.039299	76.662857	-23.099602	648.316467	
-0.066950	-0.089359	0.993747	0.991759	0.103075	0.076085	-0.109229	0.990651	0.081722	67.862167	-29.802971	645.381653	
-0.047255	-0.176621	0.983144	0.988663	0.132160	0.071263	-0.142519	0.975366	0.168373	61.747238	-43.579559	666.673096	
-0.020859	-0.316250	0.948447	0.980740	0.177793	0.080853	-0.194197	0.931866	0.306451	53.460911	-52.378326	679.098450	
0.026222	-0.448270	0.893514	0.971870	0.220704	0.082204	-0.234052	0.866223	0.441448	46.695751	-67.208511	704.849060	
0.093784	-0.563070	0.821071	0.938509	0.325238	0.115843	-0.332271	0.759718	0.558949	28.991640	-81.380577	711.834106	
0.188118	-0.667632	0.720333	0.924366	0.368203	0.099862	-0.331900	0.647065	0.686403	11.772682	-96.529312	724.275574	
0.283869	-0.746010	0.602402	0.912501	0.403164	0.069278	-0.294549	0.530026	0.795181	4.093321	-103.727249	734.642456	
0.370986	-0.771366	0.517072	0.899469	0.436935	0.006470	-0.230918	0.462690	0.855918	-3.727131	-110.435455	738.070862	
0.528115	-0.770531	0.356897	0.847811	0.502222	-0.170258	-0.048053	0.392497	0.918497	-12.224468	-123.936531	741.233337	
0.614257	-0.788473	0.031584	0.780772	0.601482	-0.169157	0.114378	0.128564	0.985083	-20.976665	-138.578720	742.034180	
0.673720	-0.738468	-0.027682	0.718629	0.663432	-0.208397	0.172259	0.120508	0.977653	-30.567474	-143.933762	757.121582	
0.699454	-0.714423	-0.019047	0.687199	0.679642	-0.256599	0.196266	0.166389	0.966330	-38.606880	-157.143188	767.017212	
0.757141	-0.650907	-0.055286	0.614782	0.738612	-0.276578	0.220861	0.175419	0.959400	-46.471569	-170.844101	772.164917	
0.778571	-0.625423	-0.051692	0.586530	0.754495	-0.294483	0.223178	0.198956	0.954257	-54.258678	-178.314285	795.453979	
0.814226	-0.578418	-0.049680	0.543400	0.789449	-0.285459	0.204335	0.205431	0.957102	-68.437965	-193.198044	818.493530	
0.837119	-0.546904	-0.011227	0.521587	0.804217	-0.284923	0.164855	0.232658	0.958484	-82.611038	-207.581390	838.955688	
0.861074	-0.505436	0.055538	0.501019	0.824726	-0.262311	0.086778	0.253694	0.963383	-96.797722	-225.756882	875.265869	
0.885008	-0.452610	0.109110	0.464676	0.844140	-0.267402	0.028925	0.287353	0.957387	-108.792892	-235.248703	906.885681	
0.888505	-0.302463	0.345073	0.457874	0.534950	-0.710056	0.030169	0.788888	0.613795	-112.458702	-227.647903	884.305359	
0.894367	-0.196325	0.401951	0.441850	0.527968	-0.725271	-0.069829	0.826260	0.558942	-114.778435	-235.676453	899.889893	
0.855271	-0.135426	0.500172	0.496882	0.488228	-0.717455	-0.147036	0.862144	0.484857	-116.323853	-238.823639	901.000061	
0.834033	-0.081158	0.545713	0.515523	0.466986	-0.718443	-0.196533	0.880532	0.431320	-117.254631	-241.871750	913.221191	
0.782059	-0.034218	0.622264	0.571384	0.438001	-0.694028	-0.248804	0.898323	0.362093	-116.650597	-247.133896	928.722473	
0.723702	0.008702	0.690057	0.627108	0.409115	-0.662843	-0.288081	0.912441	0.290620	-114.878586	-250.241501	930.163574	
0.690451	0.044041	0.722036	0.654818	0.386100	-0.649723	-0.307393	0.921405	0.237744	-111.521889	-251.041138	936.223083	
0.620957	0.075303	0.780218	0.696807	0.402831	-0.593453	-0.358986	0.912171	0.197668	-107.680176	-252.538620	945.194031	
0.577585	0.134655	0.805147	0.703399	0.418440	-0.574576	-0.414276	0.898207	0.146968	-97.489120	-251.088333	952.904724	
0.520598	0.195183	0.831192	0.685974	0.484008	-0.543301	-0.508347	0.853018	0.118083	-92.491959	-250.072052	956.376770	
0.483729	0.191249	0.854066	0.738138	0.435189	-0.515521	-0.470274	0.879791	0.069345	-79.271873	-243.832886	948.331238	
0.443183	0.183288	0.877493	0.797538	0.366316	-0.479317	-0.409293	0.912259	0.016165	-71.377426	-235.207275	934.301636	
0.390170	0.212554	0.895872	0.805248	0.393039	-0.443954	-0.446477	0.894617	-0.017807	-56.849354	-230.955734	948.398132	
0.310619	0.201156	0.929005	0.822843	0.432381	-0.368747	-0.475861	0.878966	-0.031215	-48.062107	-225.490372	956.313110	
0.220993	0.204965	0.953494	0.788194	0.538251	-0.298386	-0.574378	0.817480	-0.042603	-39.791904	-224.830978	985.620422	
0.165967	0.210335	0.963438	0.717015	0.644994	-0.264331	-0.677010	0.734671	-0.043766	-30.496460	-217.377365	990.213867	
0.088657	0.174815	0.980601	0.596351	0.779217	-0.192831	-0.797812	0.601880	-0.035169	-20.777119	-205.979355	976.938049	
0.079203	-0.129806	-0.988371	0.732375	-0.665058	0.146033	-0.676280	-0.735424	0.042392	-11.250000	-199.664993	1015.099976	
0.079203	-0.129806	-0.988371	0.732375	-0.665058	0.146033	-0.676280	-0.735424	0.042392	-11.250000	-199.664993	1015.099976	
0.079203	-0.129806	-0.988371	0.732375	-0.665058	0.146033	-0.676280	-0.735424	0.042392	-11.250000	-199.664993	1015.099976	
-0.028641	0.070684	-0.997087	0.497210	-0.864334	-0.075555	-0.867157	-0.497926	-0.010389	23.969606	-147.610168	937.128906	
-0.025843	0.139531	-0.989880	0.639835	-0.758505	-0.123621	-0.768078	-0.636555	-0.069675	44.483299	-149.996002	1024.770020	
-0.025843	0.139531	-0.989880	0.639835	-0.758505	-0.123621	-0.768078	-0.636555	-0.069675	44.483299	-149.996002	1024.770020	
-0.025843	0.139531	-0.989880	0.639835	-0.758505	-0.123621	-0.768078	-0.636555	-0.069675	44.483299	-149.996002	1024.770020	
-0.025843	0.139531	-0.989880	0.639835	-0.758505	-0.123621	-0.768078	-0.636555	-0.069675	44.483299	-149.996002	1024.770020	
0.102122	0.337481	-0.935777	0.506914	-0.827051	-0.242950	-0.855926	-0.449548	-0.255534	89.189102	-105.101639	1004.860962	
0.122891	0.383169	-0.915467	0.555789	-0.790802	-0.256382	-0.822190	-0.477300	-0.310143	101.084976	-97.394356	1008.509521	
0.200764	0.392102	-0.897747	0.483175	-0.836820	-0.257438	-0.852195	-0.382084	-0.357457	111.034798	-81.573303	1004.670654	
0.257513	0.390039	-0.884057	0.423280	-0.867994	-0.259656	-0.868632	-0.307339	-0.388616	114.720703	-66.302330	1000.448364	
0.337042	0.403347	-0.850714	0.392441	-0.881530	-0.262477	-0.855800	-0.245389	-0.455403	117.817665	-51.921604	997.616516	
0.427899	0.390068	-0.815322	0.368383	-0.899017	-0.236774	-0.825346	-0.199035	-0.528383	122.004875	-44.770580	994.777161	
0.495185	0.350921	-0.794762	0.339347	-0.920250	-0.194895	-0.799772	-0.173191	-0.574777	123.900940	-30.138203	991.217712	
0.548255	0.332665	-0.767301	0.324064	-0.930308	-0.171785	-0.770973	-0.154473	-0.617851	124.313431	-15.919974	990.425415	
0.635149	0.280603	-0.719617	0.247722	-0.956463	-0.154312	-0.731587	-0.080254	-0.677008	121.746689	-2.048745	988.212219	
0.652656	0.250602	-0.715010	0.234342	-0.964209	-0.124037	-0.720503	-0.086603	-0.688023	117.081314	3.840008	978.857666	
0.706829	0.166997	-0.687390	0.147487	-0.985170	-0.087682	-0.691839	-0.039405	-0.720976	114.049103	9.304048	978.430420	
0.727753	0.131548	-0.673106	0.117945	-0.990817	-0.066118	-0.675622	-0.031272	-0.736585	105.430771	20.726357	966.275085	
0.776582	0.092224	-0.623230	0.085277	-0.995511	-0.041051	-0.624219	-0.021268	-0.780960	94.949944	25.600937	957.906555	
0.855549	-0.009652	-0.517632	0.019559	-0.998510	0.050947	-0.517353	-0.053712	-0.854085	89.283417	30.811270	955.541870	
0.940116	-0.049333	-0.337266	-0.026495	-0.997054	0.071990	-0.339824	-0.058743	-0.938653	75.836800	39.108814	951.636597	
0.984864	-0.092022	-0.146886	-0.081278	-0.993670	0.077560	-0.153094	-0.064447	-0.986108	67.157974	44.785431	941.380798	
0.982403	-0.146007	-0.116479	-0.137525	-0.987434	0.077854	-0.126383	-0.060465	-0.990137	50.728416	46.713135	930.898438	
0.968737	-0.201267	-0.145055	-0.177188	-0.970534	0.163308	-0.173650	-0.132500	-0.975853	33.237930	50.835758	922.265564	
0.848451	-0.336592	-0.408457	-0.201434	-0.919008	0.338895	-0.489445	-0.205258	-0.847533	14.785576	54.161251	914.325439	
0.793523	-0.454235	-0.404958	-0.256524	-0.853129	0.454278	-0.551831	-0.256598	-0.793499	5.660278	54.948082	895.407166	
0.734839	-0.568093	-0.370516	-0.353279	-0.786929	0.505903	-0.578970	-0.240861	-0.778961	-13.455024	54.997208	883.210449	
0.651365	-0.664421	-0.366427	-0.384333	-0.705301	0.595685	-0.654227	-0.247178	-0.714766	-33.244946	53.883087	874.287170	
0.560342	-0.750838	-0.349656	-0.408977	-0.617924	0.671498	-0.720247	-0.233267	-0.653323	-52.784634	53.016312	868.489746	
0.460497	-0.828682	-0.318166	-0.419946	-0.519166	0.744387	-0.782041	-0.209175	-0.587075	-71.660088	49.533546	863.839233	
0.396143	-0.871203	-0.289960	-0.418555	-0.452417	0.787484	-0.817241	-0.190592	-0.543867	-80.464630	44.344933	853.920898	
0.348011	-0.903097	-0.251605	-0.367398	-0.378295	0.849654	-0.862501	-0.203249	-0.463446	-89.063705	38.885155	839.300842	
0.247418	-0.945785	-0.210419	-0.365948	-0.292303	0.883539	-0.897144	-0.141601	-0.418429	-106.062111	35.166676	827.214050	
0.115021	-0.973639	-0.196971	-0.307008	-0.223423	0.925109	-0.944731	-0.045935	-0.324613	-121.338737	31.261555	811.350281	
0.021186	-0.983234	-0.181116	-0.209442	-0.181503	0.960828	-0.977592	0.017577	-0.209776	-132.819443	25.541288	787.427002	
0.046001	-0.983755	-0.173522	-0.071387	-0.176499	0.981708	-0.996388	-0.032772	-0.078347	-138.707031	20.162104	741.082886	
-0.217946	-0.965939	-0.139504	-0.021686	-0.138112	0.990179	-0.975720	0.218831	0.009153	-153.768005	14.951000	777.650024	
-0.217946	-0.965939	-0.139504	-0.021686	-0.138112	0.990179	-0.975720	0.218831	0.009153	-153.768005	14.951000	777.650024	
-0.217946	-0.965939	-0.139504	-0.021686	-0.138112	0.990179	-0.975720	0.218831	0.009153	-153.768005	14.951000	777.650024	
-0.217946	-0.965939	-0.139504	-0.021686	-0.138112	0.990179	-0.975720	0.218831	0.009153	-153.768005	14.951000	777.650024	
-0.521977	-0.847993	-0.091909	0.300227	-0.283515	0.910759	-0.798375	0.447802	0.402578	-170.864792	-26.537880	725.072693	
-0.616979	-0.784619	-0.060904	0.353783	-0.345657	0.869113	-0.702975	0.514678	0.490848	-175.637726	-35.198605	738.800781	
-0.675391	-0.736697	-0.033526	0.393912	-0.398818	0.828116	-0.623441	0.546096	0.559552	-176.712997	-43.291786	742.165283	
-0.785818	-0.617282	0.038104	0.429646	-0.500559	0.751561	-0.444852	0.606961	0.658562	-174.872040	-51.094917	731.188965	
-0.853875	-0.489771	0.176128	0.455149	-0.538505	0.709119	-0.252460	0.685664	0.682735	-165.939651	-65.949722	701.594543	
-0.914237	-0.356858	0.191892	0.380520	-0.593505	0.709193	-0.139192	0.721390	0.678396	-159.496201	-75.145882	679.931702	
-0.959827	-0.224823	0.167886	0.279225	-0.706356	0.650456	-0.027650	0.671204	0.740756	-155.880753	-90.787384	680.789856	
-0.986883	-0.107399	0.120523	0.154654	-0.843058	0.515106	0.046286	0.526989	0.848610	-148.252457	-98.451630	682.430603	
-0.991136	-0.103599	0.083160	0.128731	-0.903597	0.408583	0.032814	0.415667	0.908924	-133.049225	-113.799675	677.537964	
-0.979779	0.072406	0.186520	-0.042225	-0.986055	0.160972	0.195574	0.149841	0.969173	-121.837311	-121.092911	678.583069	
-0.984885	0.159772	0.066887	-0.147019	-0.975296	0.164870	0.091577	0.152545	0.984044	-108.667221	-126.471413	658.333740	
-0.982170	0.180970	0.050909	-0.162371	-0.953090	0.255449	0.094749	0.242629	0.965480	-89.115959	-133.731705	639.692810	
-0.969533	0.219631	-0.108476	-0.241422	-0.931714	0.271337	-0.041475	0.289259	0.956351	-78.519890	-139.261795	619.683167	
-0.932175	0.325345	-0.158744	-0.358500	-0.890541	0.280025	-0.050263	0.317942	0.946776	-68.980591	-144.827591	609.370178	
-0.893927	0.400658	-0.200918	-0.431619	-0.890342	0.144901	-0.120830	0.216251	0.968831	-60.994820	-155.541916	602.688843	
-0.856081	0.488419	-0.169031	-0.491012	-0.870669	-0.029023	-0.161346	0.058150	0.985182	-53.257710	-160.834381	602.582092	
-0.768761	0.638664	-0.033384	-0.623856	-0.760378	-0.180634	-0.140749	-0.118038	0.982983	-33.221500	-168.036514	592.788208	
-0.658579	0.747578	0.086023	-0.736584	-0.617017	-0.277009	-0.154009	-0.245795	0.957008	-22.720490	-168.800201	579.705078	
-0.533924	0.812256	0.234870	-0.827580	-0.445086	-0.342065	-0.173307	-0.377011	0.909850	-5.841181	-171.883301	563.759094	
-0.404718	0.811250	0.421989	-0.896783	-0.261865	-0.356659	-0.178836	-0.522780	0.833497	9.053157	-173.506760	547.811157	
-0.271709	0.845547	0.459590	-0.941342	-0.134199	-0.309623	-0.200125	-0.516759	0.832412	16.791374	-179.005203	542.049255	
-0.132651	0.960322	0.245327	-0.972264	-0.077969	-0.220509	-0.192632	-0.267774	0.944028	26.801025	-186.633926	555.227661	
-0.039889	0.999158	0.009558	-0.581462	-0.015432	-0.813427	-0.812595	-0.038004	0.581588	45.679001	-194.960007	572.968994	
-0.039889	0.999158	0.009558	-0.581462	-0.015432	-0.813427	-0.812595	-0.038004	0.581588	45.679001	-194.960007	572.968994	
-0.039889	0.999158	0.009558	-0.581462	-0.015432	-0.813427	-0.812595	-0.038004	0.581588	45.679001	-194.960007	572.968994	
-0.039889	0.999158	0.009558	-0.581462	-0.015432	-0.813427	-0.812595	-0.038004	0.581588	45.679001	-194.960007	572.968994	
-0.039889	0.999158	0.009558	-0.581462	-0.015432	-0.813427	-0.812595	-0.038004	0.581588	45.679001	-194.960007	572.968994	
-0.039889	0.999158	0.009558	-0.581462	-0.015432	-0.813427	-0.812595	-0.038004	0.581588	45.679001	-194.960007	572.968994	
-0.039889	0.999158	0.009558	-0.581462	-0.015432	-0.813427	-0.812595	-0.038004	0.581588	45.679001	-194.960007	572.968994	
-0.039889	0.999158	0.009558	-0.581462	-0.015432	-0.813427	-0.812595	-0.038004	0.581588	45.679001	-194.960007	572.968994	
-0.039889	0.999158	0.009558	-0.581462	-0.015432	-0.813427	-0.812595	-0.038004	0.581588	45.679001	-194.960007	572.968994	
-0.039889	0.999158	0.009558	-0.581462	-0.015432	-0.813427	-0.812595	-0.038004	0.581588	45.679001	-194.960007	572.968994	
-0.039889	0.999158	0.009558	-0.581462	-0.015432	-0.813427	-0.812595	-0.038004	0.581588	45.679001	-194.960007	572.968994	
-0.039889	0.999158	0.009558	-0.581462	-0.015432	-0.813427	-0.812595	-0.038004	0.581588	45.679001	-194.960007	572.968994	
-0.039889	0.999158	0.009558	-0.581462	-0.015432	-0.813427	-0.812595	-0.038004	0.581588	45.679001	-194.960007	572.968994	
0.869666	0.465310	-0.164822	0.198458	-0.635288	-0.746340	-0.451990	0.616357	-0.644833	55.476414	-137.322891	569.332153	
0.923268	0.343517	-0.171967	0.156388	-0.744972	-0.648505	-0.350884	0.571851	-0.741530	42.953156	-131.616379	577.261169	
0.946410	0.276428	-0.167021	0.125232	-0.790777	-0.599156	-0.297700	0.546132	-0.783016	28.658754	-124.911606	580.685730	
0.962269	0.206418	-0.177285	0.097367	-0.869618	-0.484029	-0.254083	0.448505	-0.856904	20.261305	-117.854973	588.453003	
0.986025	0.084593	-0.143518	0.007608	-0.883455	-0.468454	-0.166420	0.460816	-0.871753	3.194273	-111.141525	593.741394	
0.987230	0.017465	-0.158342	-0.051901	-0.904479	-0.423348	-0.150611	0.426160	-0.892023	-14.806314	-97.397537	602.180481	
0.964518	-0.080525	-0.251435	-0.149610	-0.951388	-0.269216	-0.217534	0.297282	-0.929679	-33.264164	-90.148193	614.071838	
0.950346	-0.238968	-0.199336	-0.284028	-0.927817	-0.241835	-0.127157	0.286445	-0.949621	-43.659981	-74.981087	616.206116	
0.912189	-0.363638	-0.188885	-0.396589	-0.899429	-0.183695	-0.103091	0.242475	-0.964665	-53.603775	-67.440727	623.767517	
0.899268	-0.428652	-0.087022	-0.431142	-0.902214	-0.011221	-0.073704	0.047611	-0.996143	-74.075829	-53.318806	645.319153	
0.851562	-0.520203	-0.065046	-0.522385	-0.852437	-0.021577	-0.044224	0.052354	-0.997649	-94.111816	-46.160683	652.423889	
0.786480	-0.617070	-0.025925	-0.616773	-0.786908	0.019188	-0.032242	0.000900	-0.999480	-114.436127	-40.113449	674.198975	
0.759279	-0.650554	-0.016533	-0.649724	-0.759258	0.037231	-0.036774	-0.017527	-0.999170	-136.917068	-34.953613	708.533630	
0.554267	-0.658877	-0.508594	-0.472659	-0.752118	0.459252	-0.685113	-0.014157	-0.728299	-142.622681	-19.460966	686.027771	
0.423752	-0.704353	-0.569491	-0.501975	-0.705966	0.499632	-0.753959	0.074151	-0.652723	-149.187347	-7.062184	687.014404	
0.312843	-0.738796	-0.596916	-0.543188	-0.654712	0.525642	-0.779150	0.159794	-0.606128	-156.131927	-1.878680	695.812073	
0.204884	-0.761265	-0.615222	-0.510334	-0.619443	0.596532	-0.835213	0.191749	-0.515414	-168.934006	2.736241	700.296082	
0.151799	-0.743420	-0.651370	-0.423246	-0.644423	0.636853	-0.893207	0.179016	-0.412473	-179.721939	8.180374	710.556152	
0.062465	-0.721723	-0.689357	-0.422662	-0.644841	0.636817	-0.904132	0.251586	-0.345326	-183.903427	17.102348	714.177490	
0.037091	-0.682922	-0.729549	-0.297324	-0.704531	0.644386	-0.954055	0.193011	-0.229182	-184.008789	21.468651	704.368347	
-0.104576	-0.637919	-0.762970	-0.399269	-0.675705	0.619683	-0.910850	0.369434	-0.184039	-194.233994	28.538300	747.955994	
-0.104576	-0.637919	-0.762970	-0.399269	-0.675705	0.619683	-0.910850	0.369434	-0.184039	-194.233994	28.538300	747.955994	
-0.104576	-0.637919	-0.762970	-0.399269	-0.675705	0.619683	-0.910850	0.369434	-0.184039	-194.233994	28.538300	747.955994	
-0.104576	-0.637919	-0.762970	-0.399269	-0.675705	0.619683	-0.910850	0.369434	-0.184039	-194.233994	28.538300	747.955994	
-0.302850	-0.483216	-0.821453	-0.319961	-0.760351	0.565235	-0.897723	0.434014	0.075662	-192.302979	39.835510	794.147095	
-0.290490	-0.445819	-0.846676	-0.286623	-0.803663	0.521509	-0.912942	0.394170	0.105674	-188.669006	42.494301	807.763977	
-0.290490	-0.445819	-0.846676	-0.286623	-0.803663	0.521509	-0.912942	0.394170	0.105674	-188.669006	42.494301	807.763977	
-0.290490	-0.445819	-0.846676	-0.286623	-0.803663	0.521509	-0.912942	0.394170	0.105674	-188.669006	42.494301	807.763977	
-0.290490	-0.445819	-0.846676	-0.286623	-0.803663	0.521509	-0.912942	0.394170	0.105674	-188.669006	42.494301	807.763977	
-0.286094	-0.237125	-0.928398	-0.256579	-0.914556	0.312657	-0.923211	0.327657	0.200808	-158.229492	37.908737	850.141907	
-0.289974	-0.186270	-0.938732	-0.256319	-0.929926	0.263700	-0.922072	0.317081	0.221910	-144.566605	35.762833	869.576416	
-0.253385	-0.113570	-0.960676	-0.332491	-0.922358	0.196738	-0.908431	0.369266	0.195950	-137.160629	30.753920	891.035645	
-0.234225	-0.085896	-0.968381	-0.270359	-0.951042	0.149751	-0.933834	0.296885	0.199535	-119.392937	24.435686	900.243591	
-0.242059	-0.060388	-0.968381	-0.207427	-0.971766	0.112448	-0.947830	0.228087	0.222699	-102.521660	17.257935	917.517639	
-0.229205	-0.041045	-0.972513	-0.211374	-0.973169	0.090891	-0.950151	0.226397	0.214380	-84.217880	13.459496	928.909546	
-0.199077	-0.005952	-0.979966	-0.189169	-0.980940	0.044388	-0.961553	0.194215	0.194156	-67.019600	5.238098	964.128845	
-0.138506	0.005926	-0.990344	-0.210344	-0.977342	0.023570	-0.967767	0.211578	0.136615	-47.113636	0.421972	984.717590	
0.012079	0.003656	-0.999921	-0.149863	-0.988691	-0.005425	-0.988634	0.149916	-0.011395	-30.043064	-3.815708	924.784912	
0.084030	-0.014427	-0.996359	-0.217697	-0.976007	-0.004227	-0.972392	0.217259	-0.085155	-21.166500	-16.744600	960.642029	
0.084030	-0.014427	-0.996359	-0.217697	-0.976007	-0.004227	-0.972392	0.217259	-0.085155	-21.166500	-16.744600	960.642029	
0.084030	-0.014427	-0.996359	-0.217697	-0.976007	-0.004227	-0.972392	0.217259	-0.085155	-21.166500	-16.744600	960.642029	
0.269026	-0.169736	-0.948059	-0.403337	-0.913732	0.049137	-0.874611	0.369168	-0.314278	26.615538	-35.470299	974.098267	
0.288330	-0.212055	-0.933755	-0.331918	-0.936842	0.110265	-0.898163	0.278137	-0.340504	35.089985	-48.230583	979.446228	
0.335307	-0.277198	-0.900406	-0.299214	-0.937585	0.177219	-0.893331	0.209991	-0.397320	51.209560	-62.038780	989.758545	
0.340430	-0.321347	-0.883654	-0.244283	-0.937744	0.246907	-0.907983	0.131807	-0.397735	64.903610	-68.133743	996.990234	
0.316373	-0.391466	-0.864096	-0.316225	-0.902306	0.292996	-0.894377	0.180553	-0.409256	77.312935	-82.965378	995.813293	
0.301317	-0.496630	-0.813982	-0.397679	-0.841322	0.366099	-0.866637	0.213392	-0.451004	87.764313	-90.881439	1004.570007	
0.249219	-0.560242	-0.789948	-0.395367	-0.803474	0.445101	-0.884067	0.201392	-0.421742	92.631927	-104.853310	1004.966797	
0.179527	-0.617209	-0.766044	-0.452552	-0.743223	0.492764	-0.873480	0.258210	-0.412747	95.558640	-112.687401	1008.845276	
0.151137	-0.687779	-0.710012	-0.460342	-0.684596	0.565167	-0.874782	0.241431	-0.420081	98.688705	-120.401596	1015.193970	
0.106397	-0.727475	-0.677834	-0.440438	-0.645659	0.623810	-0.891456	0.232172	-0.389104	100.221832	-133.997818	1018.354553	
0.010340	-0.763996	-0.645138	-0.468985	-0.573518	0.671663	-0.883146	0.295615	-0.364233	100.916893	-148.416504	1028.081055	
-0.094380	-0.784790	-0.612533	-0.480783	-0.502842	0.718330	-0.871746	0.362292	-0.329855	100.695824	-155.448578	1035.302979	
-0.161755	-0.802301	-0.574585	-0.385627	-0.484567	0.785167	-0.908365	0.348581	-0.231007	98.524628	-167.462738	1031.730103	
-0.214789	-0.814394	-0.539100	-0.340902	-0.454751	0.822793	-0.915233	0.360507	-0.179952	91.260956	-178.104004	1028.590210	
-0.345765	-0.818577	-0.458670	-0.305783	-0.363837	0.879841	-0.887098	0.444472	-0.124505	86.318871	-181.929108	1021.025879	
-0.412568	-0.808791	-0.419100	-0.197070	-0.369938	0.907915	-0.889355	0.457169	-0.006764	75.719643	-186.736099	1019.444458	
-0.487994	-0.790031	-0.371096	-0.093783	-0.375237	0.922172	-0.867794	0.484817	0.109022	62.722984	-197.094635	1042.718384	
-0.373065	-0.875410	-0.307377	-0.030258	-0.319639	0.947056	-0.927312	0.362615	0.092758	53.644203	-203.759338	1060.541992	
-0.744460	-0.643256	-0.178889	0.088155	-0.360286	0.928667	-0.661822	0.675585	0.324925	49.048401	-203.804001	1023.390015	
-0.744460	-0.643256	-0.178889	0.088155	-0.360286	0.928667	-0.661822	0.675585	0.324925	49.048401	-203.804001	1023.390015	
-0.744460	-0.643256	-0.178889	0.088155	-0.360286	0.928667	-0.661822	0.675585	0.324925	49.048401	-203.804001	1023.390015	
-0.744460	-0.643256	-0.178889	0.088155	-0.360286	0.928667	-0.661822	0.675585	0.324925	49.048401	-203.804001	1023.390015	
-0.959523	-0.247567	0.134265	0.263539	-0.621167	0.738038	-0.099313	0.743547	0.661267	2.151622	-211.218140	988.013977	
-0.966220	-0.192613	0.171227	0.257080	-0.673633	0.692912	-0.018120	0.713525	0.700395	-17.657900	-215.533997	1000.650024	
-0.966220	-0.192613	0.171227	0.257080	-0.673633	0.692912	-0.018120	0.713525	0.700395	-17.657900	-215.533997	1000.650024	
-0.966220	-0.192613	0.171227	0.257080	-0.673633	0.692912	-0.018120	0.713525	0.700395	-17.657900	-215.533997	1000.650024	
-0.966220	-0.192613	0.171227	0.257080	-0.673633	0.692912	-0.018120	0.713525	0.700395	-17.657900	-215.533997	1000.650024	
-0.864529	0.138804	0.483035	0.073045	-0.916198	0.394013	0.497245	0.375920	0.781940	-66.691757	-205.982697	962.358704	
-0.901330	0.243061	0.358505	-0.089304	-0.914203	0.395295	0.423826	0.324276	0.845704	-78.344902	-200.001083	927.497559	
-0.936376	0.345307	0.062944	-0.295621	-0.872541	0.388949	0.189228	0.345596	0.919106	-94.997803	-196.461975	925.512146	
-0.669607	0.364885	0.646905	-0.388956	-0.914288	0.113095	0.632724	-0.175888	0.754137	-103.285004	-198.449005	951.872009	
-0.669607	0.364885	0.646905	-0.388956	-0.914288	0.113095	0.632724	-0.175888	0.754137	-103.285004	-198.449005	951.872009	
-0.669607	0.364885	0.646905	-0.388956	-0.914288	0.113095	0.632724	-0.175888	0.754137	-103.285004	-198.449005	951.872009	
-0.669607	0.364885	0.646905	-0.388956	-0.914288	0.113095	0.632724	-0.175888	0.754137	-103.285004	-198.449005	951.872009	
-0.307726	0.467435	0.828739	-0.917748	-0.375669	-0.128889	0.251084	-0.800236	0.544591	-133.602325	-161.112213	907.275146	
-0.248332	0.442374	0.861763	-0.963305	-0.206327	-0.171679	0.101858	-0.872774	0.477379	-140.992905	-148.965775	897.454285	
-0.172107	0.370129	0.912899	-0.983926	-0.019782	-0.177478	-0.047631	-0.928770	0.367584	-143.343903	-135.973770	892.734924	
-0.131387	0.264115	0.955500	-0.985358	0.070856	-0.155079	-0.108662	-0.961885	0.250938	-144.002487	-118.451965	878.768372	
-0.107891	0.171714	0.979221	-0.992633	-0.073216	-0.096530	0.055119	-0.982423	0.178348	-147.131577	-104.304909	873.239258	
-0.026509	0.125781	0.991704	-0.880230	0.467269	-0.082795	-0.473806	-0.875122	0.098329	-145.270996	-102.653000	872.351990	
-0.026509	0.125781	0.991704	-0.880230	0.467269	-0.082795	-0.473806	-0.875122	0.098329	-145.270996	-102.653000	872.351990	
-0.026509	0.125781	0.991704	-0.880230	0.467269	-0.082795	-0.473806	-0.875122	0.098329	-145.270996	-102.653000	872.351990	
-0.020689	-0.110444	0.993667	-0.503271	0.859928	0.085101	-0.863880	-0.498323	-0.073374	-129.546768	-71.643372	827.147949	
-0.040333	-0.226042	0.973282	-0.340264	0.918962	0.199325	-0.939464	-0.323133	-0.113979	-119.001381	-62.868614	812.235901	
-0.063406	-0.275981	0.959069	-0.236679	0.937746	0.254198	-0.969516	-0.210874	-0.124777	-112.515671	-54.973385	804.891113	
-0.110789	-0.379881	0.918377	-0.148554	0.920015	0.362637	-0.982678	-0.096253	-0.158360	-105.459473	-41.072613	799.757812	
-0.152560	-0.427614	0.890994	-0.066598	0.903948	0.422426	-0.986047	0.005107	-0.166385	-98.519051	-27.062756	793.321106	
-0.185858	-0.469408	0.863199	0.086436	0.867290	0.490242	-0.978767	0.165728	-0.120619	-81.197380	-12.639719	771.633179	
-0.253005	-0.497327	0.829852	0.260982	0.790876	0.553537	-0.931599	0.356625	-0.070303	-71.885498	-6.048078	761.837280	
-0.295906	-0.532341	0.793128	0.318255	0.727929	0.607316	-0.900640	0.432126	-0.045978	-62.752419	1.321871	753.154846	
-0.247925	-0.609825	0.752759	0.318640	0.682456	0.657816	-0.914878	0.402949	0.025117	-52.021503	7.410571	739.375732	
-0.353038	-0.625765	0.695544	0.250983	0.652824	0.714722	-0.901316	0.426894	-0.073416	-31.006237	20.811638	730.367065	
-0.582885	-0.609778	0.537043	0.139316	0.576146	0.805386	-0.800522	0.544267	-0.250875	-21.073145	33.125568	746.189941	
-0.832809	-0.469796	0.292780	0.038322	0.478705	0.877139	-0.552231	0.741710	-0.380666	-12.474407	39.320587	717.459900	
-0.874582	-0.483645	0.034534	-0.242003	0.497115	0.833253	-0.420166	0.720392	-0.551811	-1.947664	49.271370	727.899109	
-0.865999	-0.477809	-0.147454	-0.393538	0.469314	0.790488	-0.308500	0.742592	-0.594462	8.287330	52.571934	700.176819	
-0.740767	-0.459985	-0.489569	-0.665208	0.400738	0.630006	-0.093604	0.792353	-0.602839	16.442673	53.938290	660.188110	
-0.906350	-0.360980	0.219598	0.389831	-0.513937	0.764134	-0.162977	0.778179	0.606527	35.853001	54.402599	664.072998	
-0.906350	-0.360980	0.219598	0.389831	-0.513937	0.764134	-0.162977	0.778179	0.606527	35.853001	54.402599	664.072998	
-0.906350	-0.360980	0.219598	0.389831	-0.513937	0.764134	-0.162977	0.778179	0.606527	35.853001	54.402599	664.072998	
-0.906350	-0.360980	0.219598	0.389831	-0.513937	0.764134	-0.162977	0.778179	0.606527	35.853001	54.402599	664.072998	
-0.992983	-0.095087	-0.070300	0.037931	-0.819194	0.572261	-0.112003	0.565580	0.817052	82.912842	59.094803	630.602844	
-0.996411	0.018839	-0.082516	-0.058747	-0.855763	0.514022	-0.060930	0.517026	0.853798	91.505333	57.564888	620.838318	
-0.985012	0.067653	-0.158665	-0.135270	-0.873731	0.467221	-0.107021	0.481681	0.869787	96.267143	56.345592	616.424194	
-0.964025	0.166679	-0.207057	-0.243539	-0.865975	0.436779	-0.106504	0.471494	0.875414	98.604416	52.582645	604.601379	
-0.920648	0.259849	-0.291352	-0.358234	-0.858933	0.365929	-0.155165	0.441264	0.883860	100.457825	50.716698	603.108398	
-0.883868	0.292249	-0.365197	-0.398101	-0.879916	0.259353	-0.245546	0.374619	0.894073	101.807655	45.143917	601.080017	
-0.822683	0.323834	-0.467251	-0.451819	-0.871278	0.191664	-0.345038	0.368792	0.863099	100.406860	38.033173	593.314758	
-0.736183	0.335076	-0.588013	-0.476641	-0.873508	0.098984	-0.480466	0.353142	0.802772	96.735329	29.239475	589.975769	
-0.661490	0.388080	-0.641736	-0.546583	-0.835379	0.058225	-0.513496	0.389277	0.764712	93.783028	20.173183	586.290771	
-0.539754	0.398162	-0.741709	-0.613723	-0.789188	0.022967	-0.576203	0.467601	0.670328	85.915886	14.295211	583.956787	
-0.418222	0.382132	-0.824054	-0.669034	-0.743214	-0.005098	-0.614397	0.549189	0.566487	75.546951	7.899868	579.373169	
-0.351613	0.349264	-0.868552	-0.615891	-0.785033	-0.066351	-0.705016	0.511604	0.491136	64.563194	1.810563	577.813538	
-0.291575	0.313291	-0.903788	-0.559068	-0.822480	-0.104743	-0.776162	0.474739	0.414964	50.901295	-4.787617	575.119568	
-0.228954	0.281295	-0.931908	-0.513690	-0.848103	-0.129794	-0.826864	0.448995	0.338674	35.957645	-16.848213	575.012756	
-0.126649	0.198581	-0.971867	-0.446203	-0.886443	-0.122980	-0.885925	0.418075	0.200873	27.476952	-24.171906	571.452087	
-0.042324	0.129078	-0.990731	-0.388455	-0.915726	-0.102711	-0.920495	0.380507	0.088897	10.696427	-31.093651	578.727417	
0.005288	0.037820	-0.999270	-0.450965	-0.891811	-0.036139	-0.892526	0.450828	0.012339	1.901911	-40.768417	592.351929	
0.001331	0.030042	-0.999548	-0.326616	-0.944718	-0.028829	-0.945157	0.326506	0.008554	-17.254822	-53.201363	617.731018	
-0.054795	0.073363	-0.995799	-0.171770	-0.983123	-0.062978	-0.983612	0.167597	0.066471	-29.914547	-58.775620	609.530518	
0.073499	-0.272293	-0.959403	-0.621062	-0.765193	0.169594	-0.780308	0.583384	-0.225352	-61.751598	-82.858101	575.432007	
0.073499	-0.272293	-0.959403	-0.621062	-0.765193	0.169594	-0.780308	0.583384	-0.225352	-61.751598	-82.858101	575.432007	
0.073499	-0.272293	-0.959403	-0.621062	-0.765193	0.169594	-0.780308	0.583384	-0.225352	-61.751598	-82.858101	575.432007	
-0.022380	-0.644889	-0.763948	-0.685392	-0.546406	0.481330	-0.727830	0.534377	-0.429774	-103.081810	-111.856171	580.628845	
-0.037021	-0.691197	-0.721717	-0.647252	-0.533668	0.544302	-0.761377	0.487284	-0.427622	-122.363457	-119.790016	584.536316	
-0.070891	-0.763203	-0.642259	-0.620581	-0.470348	0.627418	-0.780931	0.443052	-0.440285	-129.520615	-132.301559	578.468140	
-0.127364	-0.806994	-0.576662	-0.624966	-0.386171	0.678447	-0.770193	0.446804	-0.455159	-146.810181	-146.511581	590.966187	
-0.282958	-0.817883	-0.501001	-0.598226	-0.257800	0.758726	-0.749707	0.514400	-0.416332	-156.551056	-160.225555	605.590942	
-0.345181	-0.864883	-0.364455	-0.497989	-0.160371	0.852225	-0.795523	0.475667	-0.375345	-170.981857	-172.406860	615.885437	
-0.456417	-0.858370	-0.234274	-0.429847	-0.017820	0.902726	-0.779047	0.512722	-0.360834	-177.792068	-177.955597	622.237305	
-0.507639	-0.855559	-0.101594	-0.318380	0.076710	0.944854	-0.800585	0.511991	-0.311334	-186.363892	-186.338959	625.968079	
-0.552695	-0.832653	0.034889	-0.216763	0.184052	0.958717	-0.804700	0.522316	-0.282212	-193.649414	-190.235687	631.966919	
-0.581856	-0.794350	0.174504	-0.107603	0.287867	0.951606	-0.806142	0.534921	-0.252971	-199.252411	-194.466766	636.335815	
-0.630668	-0.712064	0.308582	0.059175	0.352347	0.933996	-0.773793	0.607302	-0.180078	-202.534973	-196.884796	647.683716	
-0.652335	-0.620228	0.435635	0.223250	0.392031	0.892452	-0.724306	0.679433	-0.117270	-202.987152	-202.679840	651.972412	
-0.643748	-0.527210	0.554652	0.345357	0.446638	0.825374	-0.682874	0.722887	-0.105447	-203.923538	-209.163849	672.595459	
-0.607348	-0.436525	0.663758	0.519880	0.413378	0.747558	-0.600711	0.799102	-0.024124	-199.990967	-207.472748	673.339478	
-0.597254	-0.359964	0.716739	0.627850	0.346248	0.697077	-0.499092	0.866337	0.019205	-197.159073	-209.531540	683.242981	
-0.530891	-0.257872	0.807253	0.761098	0.273819	0.588007	-0.372671	0.926567	0.050897	-188.959991	-208.468430	687.286072	
-0.442969	-0.167557	0.880741	0.858571	0.203569	0.470546	-0.258135	0.964616	0.053684	-183.884628	-206.549057	701.127319	
-0.389267	-0.130073	0.911895	0.898941	0.162314	0.406889	-0.200939	0.978129	0.053744	-179.116638	-205.010025	715.161499	
-0.273309	-0.074268	0.959055	0.955431	0.094710	0.279610	-0.111599	0.992731	0.045072	-166.182220	-203.088638	730.693115	
-0.142661	-0.029265	0.989339	0.989098	0.032651	0.143591	-0.036506	0.999039	0.024288	-150.591202	-198.796417	747.635498	
0.002647	-0.001090	0.999996	0.998498	-0.054717	-0.002703	0.054720	0.998502	0.000943	-130.532654	-192.552521	745.064514	
0.134518	0.016622	0.990772	0.976210	-0.173812	-0.129625	0.170054	0.984639	-0.039608	-117.306000	-194.544998	781.635010	
0.134518	0.016622	0.990772	0.976210	-0.173812	-0.129625	0.170054	0.984639	-0.039608	-117.306000	-194.544998	781.635010	
0.134518	0.016622	0.990772	0.976210	-0.173812	-0.129625	0.170054	0.984639	-0.039608	-117.306000	-194.544998	781.635010	
0.460458	-0.029277	0.887199	0.794924	-0.431209	-0.426796	0.395063	0.901777	-0.175280	-75.246948	-164.142029	812.674561	
0.578471	-0.060068	0.813489	0.696577	-0.482550	-0.530967	0.424442	0.873806	-0.237299	-65.489838	-160.570450	841.936829	
0.669981	-0.117130	0.733080	0.588593	-0.517978	-0.620691	0.452420	0.847336	-0.278093	-45.212612	-148.243866	840.080566	
0.714115	-0.147224	0.684373	0.518440	-0.545692	-0.658361	0.470383	0.824951	-0.313359	-25.127054	-141.428940	844.747009	
0.787417	-0.233912	0.570316	0.356548	-0.581898	-0.730936	0.502840	0.778896	-0.374795	-6.414488	-129.975174	866.531006	
0.843132	-0.286807	0.454831	0.214110	-0.596846	-0.773261	0.493240	0.749344	-0.441811	3.289590	-116.879883	875.823059	
0.856888	-0.339293	0.388104	0.105217	-0.621903	-0.775993	0.504651	0.705774	-0.497201	12.993508	-110.130241	887.026245	
0.871776	-0.418523	0.254647	-0.048568	-0.591061	-0.805164	0.487491	0.689554	-0.535599	21.445938	-95.978355	898.346252	
0.876804	-0.466015	0.118507	-0.183065	-0.551409	-0.813901	0.444635	0.691938	-0.568789	29.661049	-81.737404	907.514709	
0.846502	-0.530197	0.048212	-0.282610	-0.524256	-0.803298	0.451181	0.666368	-0.593623	36.458031	-67.524567	926.877258	
0.811750	-0.583484	-0.024636	-0.367385	-0.477409	-0.798191	0.453970	0.656983	-0.601900	42.359135	-53.227882	941.749023	
0.763046	-0.639634	-0.092894	-0.459305	-0.435486	-0.774204	0.454752	0.633420	-0.626083	52.470276	-46.312481	958.045715	
0.721963	-0.654080	-0.225716	-0.558997	-0.359100	-0.747375	0.407788	0.665752	-0.624886	60.705719	-31.981319	965.416565	
0.683736	-0.667213	-0.295516	-0.620078	-0.317723	-0.717325	0.384716	0.673704	-0.630964	63.150913	-18.106386	965.095459	
0.621414	-0.697463	-0.356917	-0.678664	-0.251555	-0.690026	0.391482	0.671018	-0.629664	64.924713	-3.731586	970.563843	
0.578043	-0.702543	-0.415089	-0.721767	-0.202885	-0.661733	0.380680	0.682107	-0.624349	66.765236	9.378134	985.363098	
0.535188	-0.700791	-0.471661	-0.760496	-0.156659	-0.630162	0.367721	0.695952	-0.616792	66.232613	21.643089	991.649780	
0.497037	-0.692065	-0.523450	-0.788001	-0.107410	-0.606232	0.363327	0.713799	-0.598735	64.289886	26.962738	999.406616	
0.452932	-0.674725	-0.582750	-0.818961	-0.056543	-0.571057	0.352356	0.735900	-0.578184	61.072128	37.909863	1009.413452	
0.390325	-0.611720	-0.688073	-0.861022	0.022104	-0.508087	0.326015	0.790766	-0.518077	53.450832	49.129734	1011.458801	
0.339569	-0.591082	-0.731652	-0.883313	0.066878	-0.463988	0.323185	0.803834	-0.499401	48.214592	59.598808	1022.259949	
0.298839	-0.554370	-0.776769	-0.896799	0.115141	-0.427193	0.326260	0.824267	-0.462750	37.224586	67.979256	1021.540222	
0.249389	-0.522495	-0.815355	-0.899595	0.186708	-0.394802	0.358515	0.831949	-0.423472	24.186245	76.076050	1027.416748	
0.191939	-0.488244	-0.851339	-0.901900	0.254278	-0.349169	0.386956	0.834842	-0.391541	16.157698	84.110825	1032.949707	
0.140209	-0.445228	-0.884372	-0.896385	0.322271	-0.304359	0.420515	0.835412	-0.353911	0.724816	87.670776	1042.798218	
0.082096	-0.335087	-0.938604	-0.891075	0.397127	-0.219716	0.446368	0.854404	-0.265985	-16.499641	90.356438	1047.749756	
0.062838	-0.268518	-0.961223	-0.895807	0.409418	-0.172934	0.439977	0.871937	-0.214813	-34.410339	91.366722	1040.207642	
0.027043	-0.149309	-0.988421	-0.894503	0.437782	-0.090605	0.446241	0.886596	-0.121719	-44.281448	92.312897	1035.887329	
0.009762	-0.091021	-0.995802	-0.871120	0.488183	-0.053163	0.490971	0.867982	-0.074524	-54.322514	93.338417	1040.002075	
-0.003953	0.042827	-0.999075	-0.828448	0.559403	0.027258	0.560053	0.827789	0.033269	-66.084900	96.370102	1072.709961	
-0.003953	0.042827	-0.999075	-0.828448	0.559403	0.027258	0.560053	0.827789	0.033269	-66.084900	96.370102	1072.709961	
-0.003953	0.042827	-0.999075	-0.828448	0.559403	0.027258	0.560053	0.827789	0.033269	-66.084900	96.370102	1072.709961	
-0.003953	0.042827	-0.999075	-0.828448	0.559403	0.027258	0.560053	0.827789	0.033269	-66.084900	96.370102	1072.709961	
0.024299	0.411399	-0.911132	-0.754697	0.605261	0.253163	0.655623	0.681476	0.325189	-113.814857	86.153435	1058.892578	
0.049530	0.470114	-0.881215	-0.728514	0.620565	0.290114	0.683238	0.627608	0.373222	-123.919586	81.594772	1067.006348	
0.085785	0.519600	-0.850093	-0.692824	0.644277	0.323885	0.715986	0.561180	0.415261	-132.174194	75.422714	1062.520752	
0.124991	0.575467	-0.808217	-0.662830	0.654580	0.363568	0.738264	0.490267	0.463254	-140.516296	67.786552	1062.605225	
0.175721	0.616670	-0.767360	-0.629112	0.669895	0.394283	0.757193	0.413470	0.505669	-147.736008	64.360626	1060.543945	
0.214569	0.657689	-0.722085	-0.594447	0.674544	0.437747	0.774979	0.335314	0.535697	-153.262436	54.276047	1055.011475	
0.235221	0.692835	-0.681653	-0.589671	0.659239	0.466574	0.772631	0.292203	0.563612	-163.549118	43.471848	1048.723755	
0.299079	0.748266	-0.592157	-0.586204	0.633730	0.504729	0.752939	0.196170	0.628172	-173.901337	32.312679	1055.022461	
0.326822	0.798335	-0.505814	-0.590824	0.590316	0.549959	0.737642	0.119108	0.664604	-176.858780	27.324011	1052.220825	
0.336049	0.845305	-0.415367	-0.585110	0.532956	0.611231	0.738050	0.037631	0.673697	-178.713455	20.963053	1035.336060	
0.370555	0.872439	-0.318652	-0.610784	0.487349	0.624046	0.699737	-0.036616	0.713462	-181.200119	14.429462	1027.079834	
0.405790	0.893290	-0.193306	-0.622926	0.425083	0.656709	0.668803	-0.146071	0.728949	-180.714951	7.281487	1024.541870	
0.458723	0.887100	-0.051254	-0.639271	0.369533	0.674372	0.617176	-0.276584	0.736611	-179.412491	1.064510	1018.045471	
0.492315	0.866668	0.080698	-0.674885	0.321527	0.664192	0.549688	-0.381454	0.743194	-176.305923	-12.767654	1009.602356	
0.513817	0.835044	0.196706	-0.705754	0.281071	0.650316	0.487755	-0.472969	0.733755	-178.643234	-21.190258	1018.150696	
0.518814	0.798698	0.304817	-0.713897	0.208619	0.668454	0.470302	-0.564410	0.678423	-168.475647	-36.105751	1002.755371	
0.525545	0.783848	0.330734	-0.706873	0.185985	0.682452	0.473427	-0.592445	0.651825	-155.079559	-42.894146	979.094421	
0.539384	0.754156	0.374583	-0.711848	0.170748	0.681261	0.449819	-0.634108	0.628944	-141.604340	-49.310905	959.727356	
0.543591	0.729453	0.415219	-0.717668	0.147393	0.680608	0.435272	-0.667962	0.603627	-133.862946	-63.607418	953.099976	
