0.992979	-0.037490	0.112192	0.043147	0.997894	-0.048426	-0.110141	0.052927	0.992506	19.717367	3.107033	544.382874	
0.988878	-0.135580	0.061140	0.138048	0.989691	-0.038121	-0.055341	0.046138	0.997401	26.023046	7.187583	547.558105	
0.981291	-0.191387	0.020989	0.191966	0.980933	-0.030298	-0.014790	0.033760	0.999321	31.515955	14.442939	538.836670	
0.968176	-0.237538	0.078814	0.239680	0.970670	-0.018781	-0.072042	0.037074	0.996713	38.083149	15.869568	524.582336	
0.835265	-0.265380	0.481566	0.308864	0.951035	-0.011623	-0.454902	0.158447	0.876333	53.260601	24.480900	552.442017	
0.835265	-0.265380	0.481566	0.308864	0.951035	-0.011623	-0.454902	0.158447	0.876333	53.260601	24.480900	552.442017	
0.835265	-0.265380	0.481566	0.308864	0.951035	-0.011623	-0.454902	0.158447	0.876333	53.260601	24.480900	552.442017	
0.835265	-0.265380	0.481566	0.308864	0.951035	-0.011623	-0.454902	0.158447	0.876333	53.260601	24.480900	552.442017	
0.835265	-0.265380	0.481566	0.308864	0.951035	-0.011623	-0.454902	0.158447	0.876333	53.260601	24.480900	552.442017	
0.434688	-0.306043	0.846985	0.620293	0.783579	-0.035213	-0.652904	0.540685	0.530449	99.473846	31.482632	568.821472	
0.370876	-0.334419	0.866380	0.706691	0.706900	-0.029656	-0.602527	0.623262	0.498504	103.582855	30.310488	579.684814	
0.266361	-0.291308	0.918799	0.778193	0.627458	-0.026661	-0.568741	0.722104	0.393825	105.963631	27.644754	582.752380	
0.207958	-0.288167	0.934726	0.847422	0.530330	-0.025039	-0.488497	0.797314	0.354486	108.338577	26.001146	595.054810	
0.129076	-0.219423	0.967053	0.895369	0.444940	-0.018552	-0.426210	0.868263	0.253896	110.708298	21.558292	612.312927	
0.091357	-0.245386	0.965111	0.964985	0.261116	-0.024954	-0.245882	0.933597	0.260649	114.583611	16.129000	628.464294	
0.057620	-0.212211	0.975523	0.988389	0.149734	-0.025808	-0.140593	0.965684	0.218376	112.550354	9.425709	633.215027	
0.028251	-0.108350	0.993711	0.996464	0.081750	-0.019416	-0.079132	0.990745	0.110277	106.905502	5.661588	636.692566	
0.001558	-0.102915	0.994689	0.999125	-0.041413	-0.005850	0.041795	0.993827	0.102761	102.185303	-3.147623	635.477905	
-0.031165	-0.021998	0.999272	0.999265	-0.023019	0.030658	0.022328	0.999492	0.022699	97.167473	-12.563398	632.476501	
-0.024727	0.289108	0.956977	0.993074	-0.102880	0.056740	0.114858	0.951752	-0.284561	85.170067	-23.215481	624.737305	
-0.017378	0.302435	0.953012	0.989780	-0.129730	0.059218	0.141544	0.944300	-0.297089	79.910515	-29.783268	639.982666	
0.003040	0.340019	0.940414	0.984521	-0.165821	0.056772	0.175244	0.925684	-0.335260	74.512558	-37.229500	658.033936	
0.029206	0.409242	0.911959	0.957488	-0.273400	0.092024	0.286990	0.870501	-0.399829	68.100357	-50.214291	676.044006	
0.068637	0.522900	0.849627	0.939332	-0.320759	0.121526	0.336071	0.789740	-0.513193	60.053703	-57.102257	687.214111	
0.114026	0.623199	0.773707	0.914848	-0.369520	0.162810	0.387363	0.689259	-0.612267	52.494068	-70.799896	706.257263	
0.233630	0.937756	0.256965	0.918737	-0.299429	0.257419	0.318339	0.175942	-0.931507	40.620956	-87.822517	734.843201	
0.267494	0.800994	0.535589	0.848028	-0.459612	0.263830	0.457489	0.383621	-0.802209	17.237160	-100.465454	740.628784	
0.309893	0.756039	0.576517	0.793546	-0.539662	0.281158	0.523690	0.370363	-0.767189	6.219283	-104.260071	739.201660	
0.351395	0.756969	0.550926	0.738898	-0.585599	0.333321	0.574936	0.289950	-0.765100	-2.640558	-111.818031	744.784729	
0.442749	0.760041	0.475722	0.645511	-0.638420	0.419207	0.622325	0.121479	-0.773275	-12.207957	-124.802406	747.068054	
0.463775	0.772922	0.433018	0.532501	-0.633810	0.561005	0.708064	-0.029598	-0.705528	-21.795197	-139.445267	752.380798	
0.464831	0.735213	0.493351	0.368642	-0.667319	0.647138	0.805007	-0.118940	-0.581222	-29.525702	-143.448303	758.302124	
0.680509	0.716736	0.152305	0.552027	-0.638165	0.536668	0.481845	-0.281131	-0.829934	-39.849400	-161.806000	789.997009	
0.680509	0.716736	0.152305	0.552027	-0.638165	0.536668	0.481845	-0.281131	-0.829934	-39.849400	-161.806000	789.997009	
0.680509	0.716736	0.152305	0.552027	-0.638165	0.536668	0.481845	-0.281131	-0.829934	-39.849400	-161.806000	789.997009	
0.819669	0.564742	-0.095968	0.476762	-0.579681	0.660809	0.317556	-0.587399	-0.744393	-69.925919	-192.159851	818.328125	
0.834242	0.524035	-0.171547	0.476346	-0.528221	0.702906	0.277733	-0.668110	-0.690286	-82.417351	-203.040283	824.741150	
0.851940	0.453358	-0.262041	0.471727	-0.447234	0.759905	0.227315	-0.771005	-0.594877	-94.399895	-215.517181	842.539429	
0.863331	0.393132	-0.316399	0.474309	-0.418055	0.774765	0.172313	-0.818949	-0.547385	-104.245682	-221.017426	860.707153	
0.872423	0.276606	-0.402949	0.487864	-0.443178	0.752052	0.029443	-0.852692	-0.521585	-111.539543	-224.826401	875.424622	
0.877061	0.161963	-0.452254	0.471234	-0.472914	0.744507	-0.093295	-0.866095	-0.491096	-114.135796	-232.080017	888.349243	
0.841882	0.096239	-0.531011	0.508143	-0.472714	0.719952	-0.181729	-0.875945	-0.446873	-114.912689	-233.252274	885.117065	
0.822768	0.039512	-0.567002	0.522774	-0.444125	0.727640	-0.223070	-0.895093	-0.386067	-115.721619	-235.468140	892.457642	
0.788882	0.004688	-0.614527	0.561164	-0.413137	0.717226	-0.250522	-0.910657	-0.328547	-115.399170	-239.912064	904.669556	
0.725138	-0.027987	-0.688035	0.612864	-0.429336	0.663377	-0.313964	-0.902711	-0.294176	-113.246429	-245.991150	915.461548	
0.687515	-0.085898	-0.721073	0.639217	-0.399580	0.657068	-0.344567	-0.912665	-0.219810	-110.063599	-247.855927	926.302490	
0.615260	-0.110358	-0.780562	0.682258	-0.421515	0.597369	-0.394943	-0.900081	-0.184049	-106.243759	-250.449768	937.302917	
0.551222	-0.196115	-0.810983	0.689089	-0.441030	0.575022	-0.470438	-0.875803	-0.107964	-95.968536	-249.841934	949.050842	
0.487269	-0.238600	-0.840023	0.694100	-0.477899	0.538366	-0.529901	-0.845389	-0.067253	-91.049850	-250.744415	958.905396	
0.453235	-0.249997	-0.855617	0.739262	-0.430909	0.517504	-0.498068	-0.867075	-0.010490	-79.732628	-251.645935	977.510681	
0.409531	-0.268052	-0.872028	0.731537	-0.474648	0.489454	-0.545105	-0.838366	0.001707	-73.623711	-248.309097	985.099792	
0.353560	-0.276804	-0.893518	0.723124	-0.525051	0.448792	-0.593370	-0.804799	0.014527	-58.265511	-242.316315	993.519043	
0.299264	-0.259404	-0.918232	0.757473	-0.520618	0.393947	-0.580240	-0.813429	0.040690	-49.566418	-239.682373	1015.573425	
0.252221	-0.187349	-0.949360	0.805574	-0.502908	0.313266	-0.536131	-0.843791	0.024080	-40.285450	-236.299515	1038.140259	
0.235731	-0.159591	-0.958625	0.817581	-0.500679	0.284400	-0.525351	-0.850794	0.012453	-30.000996	-230.221100	1052.258301	
0.108456	-0.155817	-0.981814	0.718538	-0.670227	0.185740	-0.686979	-0.725615	0.039271	-21.231400	-210.294998	1009.849976	
0.108456	-0.155817	-0.981814	0.718538	-0.670227	0.185740	-0.686979	-0.725615	0.039271	-21.231400	-210.294998	1009.849976	
0.108456	-0.155817	-0.981814	0.718538	-0.670227	0.185740	-0.686979	-0.725615	0.039271	-21.231400	-210.294998	1009.849976	
-0.029745	-0.031838	-0.999050	0.695915	-0.718121	0.002166	-0.717508	-0.695189	0.043518	15.533326	-170.038055	992.107727	
-0.040360	0.027595	-0.998804	0.700149	-0.712383	-0.047973	-0.712855	-0.701248	0.009431	26.007103	-158.880615	1008.958984	
-0.014877	0.147535	-0.988945	0.744301	-0.658809	-0.109480	-0.667679	-0.737701	-0.100009	45.446201	-145.440872	1021.714355	
-0.012777	0.211166	-0.977367	0.606961	-0.775133	-0.175407	-0.794629	-0.595465	-0.118265	53.284901	-135.917007	1025.430054	
-0.012777	0.211166	-0.977367	0.606961	-0.775133	-0.175407	-0.794629	-0.595465	-0.118265	53.284901	-135.917007	1025.430054	
-0.012777	0.211166	-0.977367	0.606961	-0.775133	-0.175407	-0.794629	-0.595465	-0.118265	53.284901	-135.917007	1025.430054	
-0.012777	0.211166	-0.977367	0.606961	-0.775133	-0.175407	-0.794629	-0.595465	-0.118265	53.284901	-135.917007	1025.430054	
0.124920	0.383262	-0.915153	0.567537	-0.784176	-0.250939	-0.813816	-0.488036	-0.315474	101.588135	-97.172798	1011.139038	
0.208381	0.402295	-0.891480	0.506400	-0.824178	-0.253554	-0.836741	-0.398610	-0.375465	112.110260	-80.076157	1006.340332	
0.250693	0.419491	-0.872457	0.428857	-0.856101	-0.288398	-0.867891	-0.301859	-0.394520	114.213295	-64.230362	994.673340	
0.360016	0.407486	-0.839252	0.406228	-0.878286	-0.252177	-0.839861	-0.250140	-0.481729	118.422363	-49.227230	981.331482	
0.463991	0.395696	-0.792551	0.381242	-0.896791	-0.224545	-0.799604	-0.197967	-0.566959	122.578033	-42.190399	972.905212	
0.477739	0.349418	-0.806023	0.344379	-0.918551	-0.194082	-0.808188	-0.184857	-0.559160	125.208000	-30.356600	1002.059998	
0.477739	0.349418	-0.806023	0.344379	-0.918551	-0.194082	-0.808188	-0.184857	-0.559160	125.208000	-30.356600	1002.059998	
0.477739	0.349418	-0.806023	0.344379	-0.918551	-0.194082	-0.808188	-0.184857	-0.559160	125.208000	-30.356600	1002.059998	
0.477739	0.349418	-0.806023	0.344379	-0.918551	-0.194082	-0.808188	-0.184857	-0.559160	125.208000	-30.356600	1002.059998	
0.477739	0.349418	-0.806023	0.344379	-0.918551	-0.194082	-0.808188	-0.184857	-0.559160	125.208000	-30.356600	1002.059998	
0.650931	0.131942	-0.747583	0.096444	-0.991173	-0.090958	-0.752986	-0.012892	-0.657910	103.324585	20.448963	951.786499	
0.747711	0.082712	-0.658853	0.064662	-0.996565	-0.051725	-0.660868	-0.003927	-0.750492	93.391319	24.537491	928.705017	
0.785960	-0.006828	-0.618240	0.018495	-0.999232	0.034548	-0.618001	-0.038587	-0.785230	88.840103	30.797199	956.229004	
0.785960	-0.006828	-0.618240	0.018495	-0.999232	0.034548	-0.618001	-0.038587	-0.785230	88.840103	30.797199	956.229004	
0.785960	-0.006828	-0.618240	0.018495	-0.999232	0.034548	-0.618001	-0.038587	-0.785230	88.840103	30.797199	956.229004	
0.785960	-0.006828	-0.618240	0.018495	-0.999232	0.034548	-0.618001	-0.038587	-0.785230	88.840103	30.797199	956.229004	
0.821865	-0.234501	-0.519178	-0.055760	-0.940086	0.336346	-0.566946	-0.247481	-0.785701	32.448944	51.293476	910.332336	
0.782319	-0.355884	-0.511197	-0.144279	-0.901919	0.407094	-0.605937	-0.244722	-0.756936	14.248740	53.383415	898.177795	
0.779401	-0.469462	-0.414896	-0.213392	-0.821537	0.528716	-0.589065	-0.323546	-0.740487	5.385126	54.314922	889.746521	
0.734642	-0.582063	-0.348573	-0.325363	-0.753095	0.571827	-0.595349	-0.306675	-0.742638	-12.814244	52.853752	872.267883	
0.777265	-0.603954	-0.176349	-0.341803	-0.640649	0.687561	-0.528233	-0.474140	-0.704387	-30.740219	51.200871	893.090637	
0.730884	-0.659530	-0.175584	-0.474025	-0.675632	0.564642	-0.491029	-0.329457	-0.806442	-47.557758	48.798939	875.662537	
0.465866	-0.827693	-0.312879	-0.408168	-0.514740	0.753950	-0.785091	-0.223532	-0.577638	-72.252296	50.199200	874.257019	
0.465866	-0.827693	-0.312879	-0.408168	-0.514740	0.753950	-0.785091	-0.223532	-0.577638	-72.252296	50.199200	874.257019	
0.465866	-0.827693	-0.312879	-0.408168	-0.514740	0.753950	-0.785091	-0.223532	-0.577638	-72.252296	50.199200	874.257019	
0.246522	-0.947211	-0.204985	-0.363367	-0.286422	0.886524	-0.898438	-0.144063	-0.414795	-105.156784	34.080193	820.688538	
0.110703	-0.974207	-0.196634	-0.297677	-0.221269	0.928670	-0.948227	-0.044274	-0.314494	-122.263000	31.504999	817.564026	
0.110703	-0.974207	-0.196634	-0.297677	-0.221269	0.928670	-0.948227	-0.044274	-0.314494	-122.263000	31.504999	817.564026	
0.110703	-0.974207	-0.196634	-0.297677	-0.221269	0.928670	-0.948227	-0.044274	-0.314494	-122.263000	31.504999	817.564026	
-0.211744	-0.966423	-0.145570	-0.023871	-0.143789	0.989320	-0.977034	0.212957	0.007377	-152.177368	14.847391	770.929321	
-0.269268	-0.954296	-0.129666	0.076454	-0.155396	0.984889	-0.960026	0.255286	0.114803	-159.970230	7.754432	762.780151	
-0.337669	-0.933886	-0.117628	0.123691	-0.167910	0.978011	-0.933102	0.315695	0.172211	-164.113129	0.791705	753.610352	
-0.469298	-0.877699	-0.096969	0.206444	-0.215822	0.954359	-0.858569	0.427860	0.282480	-169.274368	-12.867536	740.389648	
-0.531640	-0.842615	-0.085778	0.292546	-0.277730	0.915031	-0.794843	0.461373	0.394156	-171.826538	-26.290077	730.698425	
-0.625419	-0.777061	-0.070895	0.309911	-0.330757	0.891378	-0.716105	0.535514	0.447681	-171.599808	-34.370842	724.509094	
-0.625765	-0.773580	-0.099958	0.330803	-0.379253	0.864139	-0.706391	0.507682	0.493226	-169.193985	-41.106255	712.778564	
-0.664122	-0.737064	-0.125218	0.367005	-0.467327	0.804309	-0.651345	0.488203	0.580867	-173.420013	-49.626209	718.189758	
-0.700881	-0.699567	-0.139185	0.361799	-0.516845	0.775869	-0.614709	0.493434	0.615349	-170.567215	-66.919571	713.438354	
-0.727092	-0.644417	-0.236776	0.334377	-0.633613	0.697657	-0.599607	0.428088	0.676174	-167.949081	-75.662537	693.894104	
-0.661235	-0.579072	-0.476910	0.306567	-0.788807	0.532728	-0.684678	0.206053	0.699112	-156.666183	-82.205063	646.056519	
-0.980991	-0.193686	-0.011940	0.157503	-0.830650	0.534053	-0.113356	0.522021	0.845367	-144.119003	-97.375900	676.335022	
-0.980991	-0.193686	-0.011940	0.157503	-0.830650	0.534053	-0.113356	0.522021	0.845367	-144.119003	-97.375900	676.335022	
-0.980991	-0.193686	-0.011940	0.157503	-0.830650	0.534053	-0.113356	0.522021	0.845367	-144.119003	-97.375900	676.335022	
-0.988725	0.149567	0.007188	-0.145236	-0.969567	0.197094	0.036448	0.193828	0.980358	-107.041313	-125.921707	653.163940	
-0.977208	0.211903	0.012663	-0.209201	-0.971440	0.111975	0.036029	0.106774	0.993630	-89.137604	-132.566528	640.421936	
-0.959306	0.282079	0.012704	-0.280854	-0.957855	0.060288	0.029175	0.054267	0.998100	-80.360710	-138.801529	626.294373	
-0.915326	0.402652	-0.006912	-0.402687	-0.914946	0.026758	0.004450	0.027276	0.999617	-71.326111	-144.334442	617.622864	
-0.886194	0.463301	0.003359	-0.460461	-0.879911	-0.117181	-0.051334	-0.105392	0.993104	-61.955936	-155.671127	609.175110	
-0.844665	0.535264	0.005606	-0.526522	-0.828890	-0.188984	-0.096510	-0.162580	0.981964	-53.782658	-161.165161	605.957336	
-0.772586	0.633949	0.034891	-0.621771	-0.744334	-0.243656	-0.128495	-0.209940	0.969233	-33.309242	-169.071213	595.549011	
-0.649872	0.756641	0.071823	-0.742797	-0.612269	-0.270885	-0.160988	-0.229391	0.959928	-21.913759	-170.350327	580.406738	
-0.558972	0.818947	0.129899	-0.808122	-0.502961	-0.306541	-0.185707	-0.276322	0.942952	-2.790762	-174.786484	568.862305	
-0.445702	0.892658	0.067155	-0.801510	-0.364532	-0.474021	-0.398659	-0.265098	0.877948	12.574677	-182.301407	562.417053	
-0.316348	0.947918	0.037062	-0.761787	-0.230560	-0.605410	-0.565334	-0.219754	0.795050	21.788515	-189.762192	566.538086	
-0.181950	0.981005	0.067234	-0.724953	-0.087636	-0.683199	-0.664331	-0.173050	0.727129	31.244581	-192.957077	569.349182	
-0.024018	0.986464	0.162203	-0.730178	0.093512	-0.676827	-0.682834	-0.134694	0.718049	49.399605	-196.161484	572.970215	
0.079654	0.945414	0.315985	-0.533570	0.308194	-0.787603	-0.841996	-0.105865	0.528993	54.705853	-187.003571	523.118103	
0.076874	0.882640	0.463719	-0.385079	0.455290	-0.802760	-0.919675	-0.116858	0.374886	65.674240	-184.794479	518.864380	
0.235873	0.971621	-0.017781	-0.345091	0.066642	-0.936200	-0.908447	0.226960	0.351017	69.710297	-194.490997	565.020996	
0.235873	0.971621	-0.017781	-0.345091	0.066642	-0.936200	-0.908447	0.226960	0.351017	69.710297	-194.490997	565.020996	
0.235873	0.971621	-0.017781	-0.345091	0.066642	-0.936200	-0.908447	0.226960	0.351017	69.710297	-194.490997	565.020996	
0.235873	0.971621	-0.017781	-0.345091	0.066642	-0.936200	-0.908447	0.226960	0.351017	69.710297	-194.490997	565.020996	
0.235873	0.971621	-0.017781	-0.345091	0.066642	-0.936200	-0.908447	0.226960	0.351017	69.710297	-194.490997	565.020996	
0.235873	0.971621	-0.017781	-0.345091	0.066642	-0.936200	-0.908447	0.226960	0.351017	69.710297	-194.490997	565.020996	
0.235873	0.971621	-0.017781	-0.345091	0.066642	-0.936200	-0.908447	0.226960	0.351017	69.710297	-194.490997	565.020996	
0.235873	0.971621	-0.017781	-0.345091	0.066642	-0.936200	-0.908447	0.226960	0.351017	69.710297	-194.490997	565.020996	
0.235873	0.971621	-0.017781	-0.345091	0.066642	-0.936200	-0.908447	0.226960	0.351017	69.710297	-194.490997	565.020996	
0.235873	0.971621	-0.017781	-0.345091	0.066642	-0.936200	-0.908447	0.226960	0.351017	69.710297	-194.490997	565.020996	
0.867440	0.468748	-0.166802	0.195376	-0.629240	-0.752253	-0.457576	0.619946	-0.637411	55.848534	-138.000916	571.831543	
0.921543	0.343060	-0.181844	0.149072	-0.745056	-0.650130	-0.358518	0.572015	-0.737742	43.098701	-131.945999	579.059998	
0.921543	0.343060	-0.181844	0.149072	-0.745056	-0.650130	-0.358518	0.572015	-0.737742	43.098701	-131.945999	579.059998	
0.921543	0.343060	-0.181844	0.149072	-0.745056	-0.650130	-0.358518	0.572015	-0.737742	43.098701	-131.945999	579.059998	
0.962758	0.091122	-0.254546	-0.031828	-0.896746	-0.441399	-0.268484	0.433063	-0.860449	2.569827	-111.487411	599.847656	
0.964967	0.021384	-0.261499	-0.095892	-0.898977	-0.427371	-0.244220	0.437475	-0.865432	-16.710840	-98.417114	611.839539	
0.958904	-0.145659	-0.243490	-0.207116	-0.945882	-0.249819	-0.193924	0.289983	-0.937178	-35.499649	-89.864243	616.002930	
0.926469	-0.295797	-0.232721	-0.327071	-0.938697	-0.108961	-0.186224	0.177066	-0.966420	-44.518192	-74.533348	620.187866	
0.871933	-0.450178	-0.192544	-0.418152	-0.889237	0.185490	-0.254720	-0.081222	-0.963598	-57.650059	-73.311104	636.983032	
0.869113	-0.466162	-0.165334	-0.441599	-0.881885	0.165130	-0.222783	-0.070505	-0.972315	-76.969879	-56.464600	651.392822	
0.793085	-0.560567	-0.238286	-0.507294	-0.824410	0.251000	-0.337147	-0.078183	-0.938199	-98.987442	-49.469212	662.627258	
0.700445	-0.682590	-0.208442	-0.611606	-0.724600	0.317636	-0.367852	-0.095002	-0.925018	-122.308205	-45.567757	687.192078	
0.642950	-0.735116	-0.214987	-0.628858	-0.666911	0.399709	-0.437210	-0.121796	-0.891074	-145.507401	-40.760414	715.113159	
0.523075	-0.658223	-0.541419	-0.466145	-0.752766	0.464815	-0.713514	0.009247	-0.700580	-141.649994	-20.374100	684.405029	
0.523075	-0.658223	-0.541419	-0.466145	-0.752766	0.464815	-0.713514	0.009247	-0.700580	-141.649994	-20.374100	684.405029	
0.523075	-0.658223	-0.541419	-0.466145	-0.752766	0.464815	-0.713514	0.009247	-0.700580	-141.649994	-20.374100	684.405029	
0.523075	-0.658223	-0.541419	-0.466145	-0.752766	0.464815	-0.713514	0.009247	-0.700580	-141.649994	-20.374100	684.405029	
0.140353	-0.737885	-0.660172	-0.424899	-0.647141	0.632985	-0.894294	0.191666	-0.404355	-180.380692	8.289690	710.070312	
0.033785	-0.710375	-0.703012	-0.452846	-0.637944	0.622863	-0.890949	0.297313	-0.343243	-185.455933	16.929714	719.217773	
-0.066891	-0.670653	-0.738749	-0.411756	-0.655865	0.632692	-0.908836	0.346507	-0.232274	-191.293900	21.272038	728.858521	
-0.088799	-0.623092	-0.777091	-0.371286	-0.703239	0.606302	-0.924263	0.342363	-0.168898	-192.502472	27.365194	740.033447	
-0.118961	-0.589864	-0.798692	-0.365310	-0.721979	0.587619	-0.923254	0.361675	-0.129596	-194.041840	34.266926	745.087341	
-0.191234	-0.563150	-0.803922	-0.304204	-0.744706	0.594032	-0.933215	0.358156	-0.028900	-196.003937	36.693016	768.527832	
-0.301733	-0.445534	-0.842886	-0.238830	-0.820581	0.519239	-0.922994	0.357979	0.141189	-196.940598	36.514858	785.960022	
-0.219560	-0.408672	-0.885878	-0.151482	-0.882743	0.444769	-0.963767	0.231849	0.131909	-195.142624	35.637699	794.609314	
-0.193114	-0.431781	-0.881063	-0.158688	-0.872400	0.462317	-0.968259	0.229095	0.099954	-189.092911	37.927593	796.259949	
-0.209570	-0.402594	-0.891066	-0.145322	-0.888358	0.435549	-0.966935	0.220770	0.127668	-187.098190	38.337753	824.364136	
-0.220931	-0.392974	-0.892615	-0.233828	-0.867195	0.439657	-0.946845	0.305852	0.099702	-178.560928	40.902981	833.347595	
-0.226249	-0.338925	-0.913204	-0.280440	-0.875154	0.394284	-0.932826	0.345306	0.102955	-166.204910	41.370415	832.543396	
-0.310157	-0.226845	-0.923225	-0.278418	-0.906864	0.316360	-0.909003	0.355164	0.218112	-165.141998	40.010334	877.436462	
-0.271816	-0.152423	-0.950201	-0.298581	-0.925294	0.233840	-0.914858	0.347274	0.205999	-151.630371	38.360241	897.479248	
-0.248266	-0.097889	-0.963733	-0.356125	-0.915987	0.184780	-0.900855	0.389084	0.192547	-139.524689	32.351524	902.637817	
-0.226090	-0.077012	-0.971057	-0.275034	-0.951264	0.139478	-0.934473	0.298608	0.193890	-119.831680	24.929596	902.333069	
-0.207274	-0.036352	-0.977607	-0.184369	-0.979951	0.075530	-0.960753	0.195896	0.196416	-101.569435	16.900965	918.239685	
-0.156231	-0.033673	-0.987146	-0.102472	-0.993474	0.050107	-0.982391	0.108983	0.151761	-85.412796	9.218769	938.978088	
-0.082316	-0.055086	-0.995083	-0.066409	-0.995949	0.060628	-0.994391	0.071073	0.078324	-66.165894	-2.859397	955.255920	
-0.087044	-0.083538	-0.992695	-0.020829	-0.996108	0.085652	-0.995987	0.028132	0.084966	-42.915558	-8.378095	946.620972	
-0.026742	-0.076785	-0.996689	0.046837	-0.996047	0.075479	-0.998545	-0.044664	0.030232	-29.228794	-15.934647	934.745361	
0.040994	-0.092962	-0.994825	0.135035	-0.986013	0.097703	-0.989993	-0.138341	-0.027868	-18.584209	-26.569681	913.975342	
-0.033207	-0.076462	-0.996519	0.337474	-0.939368	0.060832	-0.940749	-0.334279	0.056998	1.482849	-29.046154	952.759155	
-0.122043	-0.121042	-0.985116	0.431770	-0.900174	0.057115	-0.893689	-0.418373	0.162123	20.637905	-33.806099	969.273926	
-0.194128	-0.193630	-0.961676	0.514906	-0.854537	0.068117	-0.834977	-0.481950	0.265591	29.479820	-40.599251	978.620544	
-0.223328	-0.211559	-0.951507	0.486689	-0.869978	0.079201	-0.844546	-0.445401	0.297255	38.093090	-52.739937	970.662109	
-0.339345	-0.313421	-0.886911	0.493321	-0.862092	0.115899	-0.800924	-0.398203	0.447164	54.457546	-66.835976	995.161987	
-0.367656	-0.392822	-0.842923	0.429143	-0.875793	0.220962	-0.825025	-0.280496	0.490568	68.628487	-73.637863	1003.589355	
-0.367860	-0.482947	-0.794632	0.506399	-0.820764	0.264400	-0.779897	-0.305139	0.546490	80.398994	-88.136063	998.270203	
-0.360250	-0.578116	-0.732121	0.539462	-0.769386	0.342092	-0.761053	-0.271713	0.589042	86.508682	-92.825768	975.981567	
-0.330477	-0.631226	-0.701668	0.567856	-0.726806	0.386385	-0.753873	-0.270755	0.598638	93.188034	-109.335030	999.107727	
-0.276693	-0.697753	-0.660743	0.587771	-0.666856	0.458071	-0.760241	-0.261621	0.594633	94.831650	-116.846451	993.439392	
-0.237278	-0.756604	-0.609303	0.606161	-0.605445	0.515757	-0.759123	-0.246958	0.602283	98.525391	-123.922783	1002.386047	
-0.202632	-0.789517	-0.579312	0.609914	-0.564583	0.556104	-0.766124	-0.240646	0.595940	99.714104	-136.795135	1003.436096	
-0.091110	-0.833859	-0.544406	0.639085	-0.468215	0.610202	-0.763722	-0.292326	0.575565	99.986481	-150.540253	1007.681641	
0.024282	-0.865512	-0.500300	0.646160	-0.368275	0.668469	-0.762816	-0.339506	0.550316	99.003372	-157.014023	1012.149902	
0.080913	-0.871299	-0.484036	0.581828	-0.353013	0.732706	-0.809277	-0.340912	0.478383	96.602432	-169.128845	1012.644409	
0.142235	-0.883018	-0.447268	0.609627	-0.277846	0.742399	-0.779824	-0.378262	0.498793	91.550079	-183.912643	1037.457886	
0.282655	-0.881211	-0.378913	0.552593	-0.173298	0.815235	-0.784059	-0.439815	0.437967	85.197617	-188.254990	1035.710449	
0.324493	-0.871842	-0.366874	0.423913	-0.212690	0.880375	-0.845578	-0.441199	0.300570	70.948059	-187.688538	1011.281860	
0.457287	-0.817441	-0.350259	0.366390	-0.185703	0.911741	-0.810338	-0.545259	0.214584	57.673851	-192.582474	1019.967224	
0.605863	-0.735857	-0.302399	0.268017	-0.169098	0.948458	-0.749064	-0.655684	0.094773	50.918026	-195.263168	1018.020386	
0.555166	-0.813716	-0.172217	0.187333	-0.079406	0.979081	-0.810369	-0.575815	0.108353	38.759651	-198.540710	1002.965881	
-0.832055	-0.548786	-0.080742	0.153354	-0.367472	0.917304	-0.533074	0.750865	0.389915	40.506001	-207.223007	1022.049988	
-0.832055	-0.548786	-0.080742	0.153354	-0.367472	0.917304	-0.533074	0.750865	0.389915	40.506001	-207.223007	1022.049988	
-0.832055	-0.548786	-0.080742	0.153354	-0.367472	0.917304	-0.533074	0.750865	0.389915	40.506001	-207.223007	1022.049988	
-0.832055	-0.548786	-0.080742	0.153354	-0.367472	0.917304	-0.533074	0.750865	0.389915	40.506001	-207.223007	1022.049988	
-0.956495	-0.264231	0.123692	0.279824	-0.710887	0.645242	-0.082561	0.651783	0.753898	-16.370300	-210.033447	967.192261	
-0.958942	-0.188493	0.211898	0.281286	-0.727449	0.625856	0.036175	0.659764	0.750601	-26.789753	-212.755524	977.080139	
-0.930474	0.004669	0.366329	0.253448	-0.713824	0.652854	0.264542	0.700309	0.663011	-47.866058	-214.743622	986.948608	
-0.862018	0.210251	0.461215	0.118985	-0.800553	0.587329	0.492715	0.561167	0.665074	-56.432171	-214.551086	975.003906	
-0.761023	0.353911	0.543682	-0.009202	-0.843883	0.536447	0.648660	0.403246	0.645471	-65.290649	-204.643982	938.406555	
-0.788701	0.253060	0.560278	-0.112360	-0.955336	0.273327	0.604422	0.152620	0.781908	-77.584198	-207.570999	968.568970	
-0.788701	0.253060	0.560278	-0.112360	-0.955336	0.273327	0.604422	0.152620	0.781908	-77.584198	-207.570999	968.568970	
-0.788701	0.253060	0.560278	-0.112360	-0.955336	0.273327	0.604422	0.152620	0.781908	-77.584198	-207.570999	968.568970	
-0.788701	0.253060	0.560278	-0.112360	-0.955336	0.273327	0.604422	0.152620	0.781908	-77.584198	-207.570999	968.568970	
-0.463868	0.434415	0.772081	-0.700903	-0.712977	-0.019945	0.541812	-0.550406	0.635211	-123.338112	-182.856750	928.595947	
-0.395806	0.473944	0.786584	-0.805804	-0.590073	-0.049938	0.440474	-0.653598	0.615461	-129.231354	-171.498489	917.628967	
-0.311970	0.475645	0.822458	-0.907075	-0.406641	-0.108897	0.282649	-0.780003	0.558305	-133.781570	-161.513275	908.510498	
-0.250836	0.418099	0.873084	-0.958973	-0.230404	-0.165177	0.132102	-0.878697	0.458739	-141.198410	-149.518692	899.699646	
-0.194279	0.357780	0.913373	-0.979446	-0.122227	-0.160455	0.054231	-0.925772	0.374172	-141.813690	-135.832779	884.449402	
-0.134566	0.359760	0.923291	-0.990746	-0.032206	-0.131848	-0.017698	-0.932489	0.360764	-142.009430	-123.212791	868.591614	
-0.100223	0.219904	0.970360	-0.994158	-0.061409	-0.088765	0.040070	-0.973587	0.224774	-145.222137	-113.252861	868.737305	
-0.134728	0.006639	0.990861	-0.967681	-0.216006	-0.130129	0.213168	-0.976370	0.035526	-146.598938	-107.506546	874.826965	
-0.146320	0.068869	0.986837	-0.952148	-0.280400	-0.121608	0.268334	-0.957410	0.106601	-143.104965	-99.834343	873.768921	
-0.182338	0.207910	0.961003	-0.863900	-0.500583	-0.055615	0.469499	-0.840352	0.270888	-134.531403	-82.966347	852.644470	
-0.266266	0.235912	0.934585	-0.661940	-0.749557	0.000617	0.700670	-0.618474	0.355740	-128.403366	-74.246727	837.696350	
-0.329779	0.367395	0.869636	-0.534189	-0.832134	0.148979	0.778388	-0.415420	0.470679	-121.038162	-68.418060	826.309204	
-0.334047	0.372772	0.865710	-0.374918	-0.895234	0.240817	0.864783	-0.244126	0.438809	-115.394302	-60.211491	808.155151	
-0.377016	0.391921	0.839200	-0.235256	-0.916868	0.322503	0.895831	-0.075838	0.437876	-107.627769	-46.325191	790.562256	
-0.368713	0.321538	0.872161	-0.175479	-0.945475	0.274381	0.912830	-0.051877	0.405032	-102.855827	-31.006273	786.562256	
-0.192168	-0.467689	0.862750	0.098893	0.865432	0.491170	-0.976367	0.179707	-0.120057	-82.368401	-12.376200	777.581970	
-0.192168	-0.467689	0.862750	0.098893	0.865432	0.491170	-0.976367	0.179707	-0.120057	-82.368401	-12.376200	777.581970	
-0.192168	-0.467689	0.862750	0.098893	0.865432	0.491170	-0.976367	0.179707	-0.120057	-82.368401	-12.376200	777.581970	
-0.192168	-0.467689	0.862750	0.098893	0.865432	0.491170	-0.976367	0.179707	-0.120057	-82.368401	-12.376200	777.581970	
-0.428143	-0.558322	0.710613	0.521875	0.489212	0.698798	-0.737794	0.670037	0.081921	-33.842285	20.744116	721.950378	
-0.520382	-0.586686	0.620485	0.555874	0.318856	0.767682	-0.648233	0.744400	0.160196	-24.099838	30.557264	713.375000	
-0.611532	-0.585763	0.531893	0.561589	0.152206	0.813296	-0.557356	0.796063	0.235878	-14.112732	35.266182	705.344360	
-0.702356	-0.546583	0.456008	0.584514	-0.077243	0.807699	-0.406251	0.833835	0.373737	-3.427446	43.777893	703.615417	
-0.754305	-0.528772	0.389133	0.557271	-0.202320	0.805305	-0.347093	0.824298	0.447280	7.282133	47.576435	689.048340	
-0.828368	-0.450561	0.332869	0.511652	-0.366609	0.777052	-0.228076	0.813999	0.534217	17.603477	51.575668	679.341614	
-0.909253	-0.366266	0.197759	0.379224	-0.533052	0.756337	-0.171604	0.762697	0.623575	35.709900	54.910152	661.841309	
-0.943054	-0.325420	0.068922	0.276568	-0.651954	0.706021	-0.184819	0.684878	0.704829	51.116562	56.896996	649.535400	
-0.972070	-0.234684	-0.001635	0.174014	-0.725415	0.665952	-0.157475	0.647068	0.745993	58.445507	58.107281	645.364868	
-0.979431	-0.179993	-0.091196	0.094591	-0.808800	0.580427	-0.178232	0.559862	0.809189	70.250336	59.096928	632.851685	
-0.985621	-0.105094	-0.132310	0.017303	-0.841703	0.539665	-0.168081	0.529616	0.831418	81.486992	59.404175	628.048889	
-0.981654	-0.004325	-0.190620	-0.084929	-0.885171	0.457449	-0.170709	0.465246	0.868564	91.153885	58.285549	621.344604	
-0.969487	0.048669	-0.240263	-0.150514	-0.891784	0.426694	-0.193496	0.449837	0.871897	96.886528	57.451279	619.646118	
-0.942223	0.150766	-0.299142	-0.266323	-0.878811	0.395935	-0.203196	0.452728	0.868187	100.367966	53.915409	611.340210	
-0.900101	0.238953	-0.364308	-0.376168	-0.848101	0.373127	-0.219810	0.472893	0.853262	102.790611	51.711990	611.236877	
-0.870241	0.267549	-0.413640	-0.422228	-0.837652	0.346503	-0.253779	0.476191	0.841925	107.713768	46.852829	621.947937	
-0.829951	0.312547	-0.462056	-0.475630	-0.829276	0.293391	-0.291473	0.463268	0.836914	106.578033	39.899147	616.071045	
-0.742666	0.342232	-0.575609	-0.522406	-0.833860	0.178245	-0.418975	0.433077	0.798062	100.763245	29.979223	605.650146	
-0.653268	0.400941	-0.642252	-0.618110	-0.772305	0.146582	-0.437243	0.492740	0.752346	99.458344	21.102951	606.916931	
-0.520893	0.419551	-0.743403	-0.656030	-0.753962	0.034163	-0.546163	0.505490	0.667971	87.948944	14.327093	592.352905	
-0.412254	0.398073	-0.819503	-0.697820	-0.716267	0.003116	-0.585741	0.573150	0.573066	75.937775	7.020632	583.439514	
-0.352078	0.433740	-0.829404	-0.746373	-0.664814	-0.030835	-0.564773	0.608188	0.557797	69.773201	-0.570570	604.939087	
-0.294636	0.339329	-0.893334	-0.631194	-0.770989	-0.084679	-0.717485	0.538918	0.441343	50.033100	-6.432280	577.570007	
-0.294636	0.339329	-0.893334	-0.631194	-0.770989	-0.084679	-0.717485	0.538918	0.441343	50.033100	-6.432280	577.570007	
-0.294636	0.339329	-0.893334	-0.631194	-0.770989	-0.084679	-0.717485	0.538918	0.441343	50.033100	-6.432280	577.570007	
-0.061366	0.108941	-0.992152	-0.606146	-0.793801	-0.049670	-0.792982	0.598341	0.114747	8.225248	-35.270123	566.799988	
-0.012080	0.039043	-0.999165	-0.584515	-0.811009	-0.024623	-0.811293	0.583729	0.032619	-1.341959	-43.455803	561.575867	
0.017331	-0.023741	-0.999568	-0.571746	-0.820375	0.009572	-0.820247	0.571333	-0.027792	-21.264002	-58.559002	563.966797	
0.053931	-0.114099	-0.992005	-0.629765	-0.774844	0.054884	-0.774911	0.621769	-0.113644	-40.720333	-67.987740	569.619568	
0.121908	-0.261159	-0.957567	-0.485760	-0.857023	0.171896	-0.865549	0.444192	-0.231338	-54.855053	-76.636292	536.230286	
0.067918	-0.405494	-0.911571	-0.669190	-0.696186	0.259826	-0.739981	0.592367	-0.318636	-82.707298	-97.794403	578.718994	
0.067918	-0.405494	-0.911571	-0.669190	-0.696186	0.259826	-0.739981	0.592367	-0.318636	-82.707298	-97.794403	578.718994	
0.067918	-0.405494	-0.911571	-0.669190	-0.696186	0.259826	-0.739981	0.592367	-0.318636	-82.707298	-97.794403	578.718994	
0.067918	-0.405494	-0.911571	-0.669190	-0.696186	0.259826	-0.739981	0.592367	-0.318636	-82.707298	-97.794403	578.718994	
-0.142582	-0.768917	-0.623247	-0.637099	-0.410597	0.652315	-0.757480	0.490078	-0.431332	-132.108841	-133.839172	593.460022	
-0.226610	-0.816447	-0.531095	-0.634526	-0.289936	0.716459	-0.738935	0.499350	-0.452354	-147.438660	-146.498505	593.951904	
-0.296486	-0.822874	-0.484742	-0.579063	-0.248733	0.776414	-0.759462	0.510891	-0.402749	-154.979706	-158.257797	598.666504	
-0.367585	-0.850923	-0.375247	-0.505122	-0.156110	0.848812	-0.780854	0.501556	-0.372435	-170.090439	-171.110870	612.244263	
-0.410801	-0.878094	-0.245344	-0.411263	-0.061696	0.909427	-0.813699	0.474494	-0.335781	-173.239044	-173.798401	609.225830	
-0.510660	-0.852374	-0.112628	-0.317452	0.065184	0.946032	-0.799031	0.518854	-0.303874	-187.729721	-186.430771	629.250854	
-0.476931	-0.877596	0.048598	-0.209099	0.166993	0.963531	-0.853706	0.449376	-0.263148	-207.301208	-196.824371	660.882507	
-0.553225	-0.814763	0.173502	-0.102665	0.273375	0.956413	-0.826681	0.511299	-0.234884	-216.268539	-202.499344	673.373352	
-0.562238	-0.771237	0.298466	0.066998	0.317247	0.945974	-0.824257	0.551859	-0.126696	-211.359680	-200.281128	664.472229	
-0.650346	-0.626471	0.429633	0.235354	0.371576	0.898076	-0.722260	0.685175	-0.094210	-207.230652	-204.319458	661.455933	
-0.670719	-0.492559	0.554546	0.380788	0.412934	0.827337	-0.636503	0.766075	-0.089401	-206.712753	-208.724289	676.669495	
-0.614852	-0.429042	0.661725	0.528218	0.399017	0.749514	-0.585612	0.810375	-0.018708	-203.423676	-209.587799	681.390747	
-0.606150	-0.359422	0.709506	0.637106	0.314581	0.703658	-0.476107	0.878552	0.038308	-199.652771	-210.801956	688.750671	
-0.526347	-0.262366	0.808779	0.763247	0.273407	0.585407	-0.374717	0.925426	0.056345	-191.546814	-210.418289	694.033936	
-0.436493	-0.175550	0.882415	0.858874	0.210815	0.466789	-0.267971	0.961634	0.058757	-186.863663	-209.051880	710.010315	
-0.388625	-0.136580	0.911217	0.901605	0.147502	0.406634	-0.189945	0.979586	0.065820	-180.753601	-206.294174	719.570312	
-0.268299	-0.085559	0.959529	0.958344	0.077558	0.274883	-0.097938	0.993310	0.061188	-166.610367	-203.892136	730.485168	
-0.142549	-0.092476	0.985458	0.986815	0.063830	0.148734	-0.076657	0.993667	0.082158	-152.452164	-202.848877	753.834961	
0.010132	-0.069749	0.997513	0.999130	-0.039645	-0.012921	0.040448	0.996776	0.069288	-135.443024	-200.751923	770.163513	
0.139839	-0.026536	0.989819	0.975654	-0.166875	-0.142313	0.168952	0.985621	0.002555	-117.605606	-199.009247	791.719788	
0.215798	0.013294	0.976347	0.944103	-0.258031	-0.205159	0.249200	0.966045	-0.068233	-106.792938	-192.068100	807.119446	
0.341644	0.139987	0.929345	0.913269	-0.282875	-0.293126	0.221855	0.948886	-0.224488	-95.173553	-182.253525	826.195312	
0.481491	0.106101	0.870005	0.854499	-0.277605	-0.439054	0.194933	0.954818	-0.224327	-76.149200	-173.991043	855.669067	
0.606447	0.116135	0.786597	0.786406	-0.233706	-0.571795	0.117427	0.965347	-0.233059	-65.743973	-168.453430	879.877563	
0.718034	0.057162	0.693656	0.696008	-0.058911	-0.715614	-0.000042	0.996625	-0.082085	-47.312454	-157.975052	898.426392	
0.735113	0.132545	0.664860	0.632129	0.220391	-0.742860	-0.244993	0.966364	0.078228	-25.706770	-148.868027	896.737244	
0.784897	0.255916	0.564307	0.498772	0.279414	-0.820460	-0.367645	0.925437	0.091669	-7.077407	-132.525558	896.815918	
0.829004	0.335806	0.447198	0.349432	0.313300	-0.883029	-0.436634	0.888300	0.142387	2.099427	-116.916801	907.251709	
0.836141	0.394902	0.380683	0.233831	0.371181	-0.898636	-0.496176	0.840402	0.218021	11.192046	-108.994308	919.455994	
0.867752	0.417445	0.269713	0.064405	0.443660	-0.893877	-0.492807	0.793036	0.358102	20.188881	-92.196617	949.248230	
0.874999	-0.469092	0.119706	-0.182764	-0.549034	-0.815573	0.448302	0.691747	-0.566137	29.662901	-82.327400	914.658997	
0.874999	-0.469092	0.119706	-0.182764	-0.549034	-0.815573	0.448302	0.691747	-0.566137	29.662901	-82.327400	914.658997	
0.874999	-0.469092	0.119706	-0.182764	-0.549034	-0.815573	0.448302	0.691747	-0.566137	29.662901	-82.327400	914.658997	
0.759119	-0.645545	-0.083736	-0.440934	-0.415300	-0.795677	0.478870	0.640935	-0.599905	52.064148	-46.011951	957.342224	
0.771821	-0.593939	-0.227002	-0.554692	-0.454428	-0.697002	0.310821	0.663877	-0.680190	59.752525	-33.530037	979.988037	
0.692966	-0.650417	-0.311056	-0.600315	-0.281599	-0.748548	0.399276	0.705450	-0.585594	62.980480	-19.162174	970.537659	
0.628033	-0.683174	-0.372622	-0.652894	-0.202029	-0.730010	0.423443	0.701753	-0.572921	64.586838	-4.626308	972.485535	
0.593066	-0.657769	-0.464341	-0.679126	-0.098874	-0.727332	0.432506	0.746701	-0.505347	66.008728	7.921494	983.960144	
0.550197	-0.643980	-0.531575	-0.733955	-0.069352	-0.675649	0.398239	0.761892	-0.510810	65.658630	20.532495	992.070312	
0.497647	-0.612746	-0.613914	-0.769951	0.013846	-0.637953	0.399403	0.790158	-0.464894	63.853817	25.823969	1000.176086	
0.462150	-0.547511	-0.697602	-0.802184	0.077246	-0.592060	0.378046	0.833225	-0.403505	61.026630	36.609383	1009.989807	
0.386805	-0.550200	-0.740042	-0.852149	0.093461	-0.514886	0.352455	0.829786	-0.432701	53.578346	48.333401	1016.967957	
0.354658	-0.517240	-0.778897	-0.893539	0.057811	-0.445249	0.275329	0.853885	-0.441671	48.913887	58.856369	1023.397339	
0.294860	-0.503524	-0.812109	-0.922178	0.072666	-0.379879	0.250291	0.860920	-0.442912	37.816368	67.954697	1037.603027	
0.255119	-0.479021	-0.839913	-0.914741	0.161904	-0.370185	0.313312	0.862743	-0.396875	24.732933	77.506340	1054.054077	
0.196651	-0.480056	-0.854912	-0.905948	0.244480	-0.345672	0.374951	0.842482	-0.386828	16.685810	85.328674	1055.059326	
0.182392	-0.403069	-0.896811	-0.926932	0.233712	-0.293559	0.327920	0.884824	-0.330990	2.697765	91.209862	1078.941406	
0.109343	-0.267096	-0.957447	-0.906139	0.369167	-0.206469	0.408604	0.890155	-0.201660	-15.692862	92.171890	1067.405273	
0.070659	-0.242406	-0.967599	-0.887849	0.426871	-0.171776	0.454679	0.871218	-0.185057	-34.549587	93.733917	1061.621948	
0.022424	-0.143174	-0.989444	-0.864041	0.495089	-0.091222	0.502923	0.856965	-0.112606	-45.064796	94.420166	1056.042969	
0.002598	-0.119962	-0.992775	-0.837203	0.542678	-0.067766	0.546887	0.831330	-0.099022	-54.798439	95.924782	1060.558228	
-0.012511	0.036506	-0.999255	-0.798500	0.601147	0.031959	0.601866	0.798304	0.021629	-65.457214	96.246185	1064.894043	
-0.002846	0.031142	-0.999511	-0.770085	0.637560	0.022058	0.637935	0.769771	0.022168	-81.435883	93.133270	1041.557373	
-0.080187	0.025528	-0.996453	-0.747854	0.659374	0.077074	0.659003	0.751382	-0.033782	-91.331116	91.351837	1030.590698	
-0.086063	0.103892	-0.990858	-0.790260	0.598519	0.131394	0.606699	0.794343	0.030592	-102.457932	90.939636	1047.885864	
0.014234	0.417496	-0.908567	-0.820019	0.524826	0.228316	0.572161	0.741791	0.349825	-116.311707	89.764015	1081.704712	
0.064395	0.443906	-0.893757	-0.707326	0.652083	0.272910	0.703950	0.614602	0.355976	-121.910233	81.249100	1054.284302	
0.095578	0.495967	-0.863065	-0.627763	0.702910	0.334413	0.772516	0.509837	0.378532	-126.415741	73.330566	1027.713257	
0.116147	0.573660	-0.810817	-0.640418	0.667239	0.380339	0.759194	0.475086	0.444880	-136.990479	67.089371	1042.218018	
0.126038	0.614108	-0.779093	-0.607152	0.668838	0.428979	0.784527	0.418960	0.457156	-145.458893	64.278778	1051.153076	
0.181995	0.614601	-0.767557	-0.585338	0.694937	0.417664	0.790101	0.373267	0.486224	-152.308395	54.496971	1059.606079	
0.185577	0.664121	-0.724227	-0.523086	0.690689	0.499330	0.831832	0.286168	0.475568	-160.433792	42.749538	1033.469971	
0.273404	0.642756	-0.715622	-0.671830	0.660035	0.336155	0.688402	0.388869	0.612278	-175.288986	34.735867	1070.127319	
0.292017	0.772678	-0.563645	-0.605282	0.605601	0.516606	0.740515	0.190306	0.644533	-176.006287	26.805918	1045.121704	
0.359738	0.846653	-0.392131	-0.587114	0.532036	0.610110	0.725180	0.010746	0.688475	-181.082993	20.781200	1048.540039	
0.359738	0.846653	-0.392131	-0.587114	0.532036	0.610110	0.725180	0.010746	0.688475	-181.082993	20.781200	1048.540039	
0.359738	0.846653	-0.392131	-0.587114	0.532036	0.610110	0.725180	0.010746	0.688475	-181.082993	20.781200	1048.540039	
0.359738	0.846653	-0.392131	-0.587114	0.532036	0.610110	0.725180	0.010746	0.688475	-181.082993	20.781200	1048.540039	
0.359738	0.846653	-0.392131	-0.587114	0.532036	0.610110	0.725180	0.010746	0.688475	-181.082993	20.781200	1048.540039	
0.513171	0.842853	0.162034	-0.623006	0.235944	0.745784	0.590355	-0.483663	0.646182	-172.280106	-20.522636	998.453674	
0.531159	0.796965	0.287607	-0.663992	0.180690	0.725580	0.526293	-0.576366	0.625154	-162.941833	-34.940857	988.337097	
0.550358	0.755953	0.354461	-0.690521	0.173462	0.702204	0.469347	-0.631226	0.617468	-153.085510	-42.227715	980.342285	
0.576121	0.693312	0.432903	-0.702728	0.149650	0.695541	0.417443	-0.704928	0.573426	-140.200623	-48.422695	967.659241	
0.572874	0.675337	0.464475	-0.707865	0.121960	0.695739	0.413210	-0.727355	0.547915	-133.186707	-63.219902	955.694641	
