0.997061	-0.042214	0.063933	0.042724	0.999065	-0.006630	-0.063594	0.009342	0.997932	18.980726	4.241326	548.625610	
0.972754	-0.125640	0.194843	0.130224	0.991425	-0.010843	-0.191810	0.035921	0.980775	27.573156	7.830484	547.804077	
0.956354	-0.162421	0.242911	0.171603	0.985020	-0.016985	-0.236514	0.057928	0.969900	36.387619	15.759045	550.192261	
0.906131	-0.190487	0.377678	0.213278	0.976806	-0.019035	-0.365293	0.097798	0.925741	44.282253	18.260283	549.410400	
0.824971	-0.260531	0.501544	0.307302	0.951546	-0.011181	-0.474329	0.163349	0.865060	52.148403	24.097179	549.929077	
0.772261	-0.320494	0.548540	0.395906	0.918051	-0.020989	-0.496861	0.233380	0.835861	69.550377	26.030983	553.790039	
0.674250	-0.355051	0.647554	0.481661	0.876102	-0.021155	-0.559813	0.326165	0.761726	76.563179	29.489391	554.291748	
0.586114	-0.342912	0.734085	0.527343	0.849304	-0.024312	-0.615125	0.401364	0.678622	83.591743	30.365128	558.503418	
0.532829	-0.342440	0.773840	0.572677	0.819163	-0.031822	-0.623004	0.460115	0.632582	89.042770	31.276348	561.235535	
0.439957	-0.315882	0.840629	0.620850	0.783332	-0.030580	-0.648832	0.535358	0.540748	99.153015	31.147602	568.079102	
0.372319	-0.323584	0.869869	0.699312	0.714021	-0.033708	-0.610197	0.620860	0.492130	102.432671	29.563072	575.154480	
0.265386	-0.278891	0.922925	0.770763	0.636448	-0.029309	-0.579219	0.719134	0.383864	105.752136	27.158674	579.894226	
0.206970	-0.259876	0.943201	0.839333	0.542508	-0.034703	-0.502676	0.798843	0.330405	108.131065	25.414555	589.782715	
0.126020	-0.179856	0.975588	0.869556	0.493371	-0.021367	-0.477484	0.851021	0.218569	109.714119	20.646698	602.237976	
0.077946	-0.142027	0.986789	0.915645	0.401726	-0.014507	-0.394358	0.904680	0.161359	110.253540	14.992602	606.781555	
0.042777	-0.092614	0.994783	0.942360	0.334469	-0.009384	-0.331855	0.937845	0.101583	108.484993	8.195103	611.387939	
0.014198	-0.043372	0.998958	0.961350	0.275325	-0.001709	-0.274964	0.960372	0.045605	104.593048	4.421378	620.606079	
-0.008570	0.006722	0.999941	0.985955	0.166852	0.007329	-0.166793	0.985959	-0.008057	101.368637	-4.227772	630.017090	
-0.020872	0.062092	0.997852	0.998781	0.045950	0.018032	-0.044732	0.997012	-0.062975	96.965179	-14.362912	635.848877	
-0.021041	0.124744	0.991966	0.997062	-0.070469	0.030011	0.073647	0.989683	-0.122895	87.143181	-25.582552	640.696838	
-0.011873	0.234841	0.971961	0.978677	-0.196612	0.059459	0.205063	0.951942	-0.227499	81.125809	-31.654827	651.794922	
0.006388	0.342279	0.939577	0.965570	-0.246473	0.083222	0.260066	0.906695	-0.332069	74.639908	-38.152718	658.007751	
0.027806	0.388211	0.921151	0.948425	-0.301352	0.098373	0.315780	0.870907	-0.376568	67.470764	-49.776768	671.822327	
0.061952	0.488532	0.870344	0.928648	-0.347771	0.129105	0.365752	0.800245	-0.475219	59.349281	-56.901913	685.629639	
0.103756	0.576515	0.810473	0.908767	-0.386109	0.158311	0.404200	0.720105	-0.563979	51.460171	-69.727119	700.396851	
0.180005	0.638633	0.748162	0.848403	-0.485706	0.210478	0.497805	0.596856	-0.629249	32.901913	-82.893997	709.687195	
0.244521	0.702166	0.668709	0.813299	-0.524030	0.252857	0.527971	0.482032	-0.699208	15.058941	-96.905968	725.385498	
0.307204	0.753732	0.580960	0.779804	-0.549295	0.300299	0.545463	0.360782	-0.756509	6.419369	-104.140778	736.785767	
0.354463	0.763440	0.539922	0.733298	-0.585231	0.346089	0.580197	0.273248	-0.767273	-2.569048	-111.781082	742.748840	
0.461849	0.786292	0.410415	0.647564	-0.615122	0.449761	0.606099	0.058049	-0.793269	-11.791245	-125.506981	742.164246	
0.528055	0.784126	0.326045	0.617767	-0.618138	0.486076	0.582685	-0.055255	-0.810818	-21.892765	-139.431686	747.247681	
0.621023	0.739689	0.259211	0.558956	-0.649795	0.515106	0.549452	-0.175005	-0.816992	-30.953444	-147.016373	772.074341	
0.675339	0.719347	0.162659	0.536405	-0.630457	0.561065	0.506149	-0.291658	-0.811634	-39.713573	-161.382584	786.502502	
0.759496	0.647355	0.064000	0.492344	-0.636344	0.593855	0.425161	-0.419520	-0.802023	-48.177216	-174.963928	792.969482	
0.796400	0.603531	-0.038693	0.487695	-0.603078	0.631229	0.357631	-0.521581	-0.774631	-56.434559	-180.712280	809.993286	
0.825845	0.557234	-0.086427	0.464188	-0.584764	0.665267	0.320170	-0.589526	-0.741587	-70.149734	-193.623657	823.722290	
0.845171	0.503387	-0.179687	0.471031	-0.542582	0.695510	0.252616	-0.672463	-0.695686	-83.328468	-206.644470	833.287476	
0.860048	0.470240	-0.197968	0.451146	-0.519684	0.725531	0.238293	-0.713304	-0.659101	-97.005852	-219.212738	849.832886	
0.874626	0.428269	-0.227189	0.442227	-0.512768	0.735869	0.198655	-0.744079	-0.637873	-108.059502	-225.334503	868.760681	
0.885019	0.336054	-0.322194	0.456719	-0.492531	0.740824	0.090266	-0.802796	-0.589382	-116.719025	-230.210785	885.877014	
0.899691	0.218895	-0.377678	0.435681	-0.504097	0.745700	-0.027157	-0.835447	-0.548900	-120.183105	-241.216782	912.438660	
0.856611	0.134198	-0.498205	0.493705	-0.493726	0.715884	-0.149907	-0.859201	-0.489186	-120.013863	-245.183365	919.622498	
0.833908	0.072346	-0.547141	0.515717	-0.455205	0.725826	-0.196551	-0.887443	-0.416910	-118.132469	-244.556580	920.135071	
0.783320	0.024174	-0.621148	0.567789	-0.434566	0.699119	-0.253029	-0.900316	-0.354130	-116.719513	-248.281494	930.913208	
0.729819	-0.011466	-0.683544	0.618469	-0.414974	0.667302	-0.291304	-0.909761	-0.295765	-115.377647	-251.201630	933.096985	
0.690217	-0.058238	-0.721255	0.648541	-0.392284	0.652309	-0.320926	-0.917999	-0.232992	-111.625931	-252.524323	940.521973	
0.619367	-0.089870	-0.779941	0.690262	-0.410983	0.595509	-0.374061	-0.907203	-0.192515	-107.504761	-253.980698	948.894653	
0.571710	-0.155505	-0.805584	0.694331	-0.431386	0.576029	-0.437093	-0.888665	-0.138656	-97.314514	-252.937820	959.622009	
0.516938	-0.208549	-0.830231	0.683127	-0.483964	0.546915	-0.515860	-0.849874	-0.107714	-92.216393	-252.256775	964.447083	
0.472039	-0.222345	-0.853078	0.706818	-0.482864	0.516962	-0.526864	-0.846998	-0.070773	-79.644081	-248.713440	966.976807	
0.415833	-0.257170	-0.872323	0.706512	-0.512616	0.487918	-0.572644	-0.819200	-0.031469	-73.050186	-244.860901	971.523682	
0.353394	-0.283119	-0.891604	0.697055	-0.555940	0.452817	-0.623879	-0.781520	0.000884	-57.655476	-238.927353	980.529724	
0.282576	-0.252677	-0.925368	0.707545	-0.596481	0.378933	-0.647711	-0.761817	0.010229	-49.301048	-233.887115	991.905029	
0.212188	-0.221999	-0.951679	0.735665	-0.604743	0.305095	-0.643251	-0.764855	0.034997	-39.647884	-226.234314	996.444458	
0.178016	-0.200321	-0.963422	0.726277	-0.633852	0.265993	-0.663950	-0.747063	0.032653	-30.538261	-218.047302	998.933350	
0.109552	-0.157758	-0.981382	0.706247	-0.682400	0.188535	-0.699437	-0.713753	0.036658	-20.906935	-209.350739	1003.165588	
0.075743	-0.133715	-0.988122	0.727087	-0.670732	0.146499	-0.682353	-0.729548	0.046419	-10.988957	-199.234436	1010.722473	
0.033332	-0.071488	-0.996885	0.710778	-0.699521	0.073929	-0.702626	-0.711028	0.027495	8.010912	-186.703354	1005.989197	
0.003273	-0.008929	-0.999955	0.689263	-0.724459	0.008725	-0.724503	-0.689261	0.003783	17.311268	-174.337891	1010.610657	
-0.016479	0.056821	-0.998249	0.652121	-0.756203	-0.053809	-0.757935	-0.651866	-0.024593	27.219536	-161.541855	1014.362976	
-0.030146	0.134000	-0.990523	0.638169	-0.760128	-0.122254	-0.769305	-0.635807	-0.062600	45.261932	-149.048523	1020.453918	
-0.009273	0.213407	-0.976920	0.604315	-0.777175	-0.175508	-0.796691	-0.591995	-0.121758	53.991768	-135.555038	1021.862305	
-0.004776	0.284774	-0.958583	0.593320	-0.770824	-0.231951	-0.804952	-0.569855	-0.165281	70.561127	-121.541313	1026.095459	
0.031650	0.308397	-0.950731	0.557499	-0.794939	-0.239302	-0.829573	-0.522459	-0.197091	77.336174	-114.040253	1022.115845	
0.075736	0.324459	-0.942863	0.536894	-0.810074	-0.235637	-0.840243	-0.488372	-0.235553	91.341240	-106.546188	1023.005432	
0.119677	0.376805	-0.918529	0.560818	-0.789091	-0.250636	-0.819243	-0.485133	-0.305755	102.557503	-98.227325	1019.132996	
0.176333	0.382274	-0.907069	0.488669	-0.833927	-0.256452	-0.854464	-0.398036	-0.333855	111.652100	-82.627151	1010.467712	
0.231062	0.379944	-0.895686	0.413398	-0.871703	-0.263125	-0.880745	-0.309477	-0.358487	115.764290	-67.146507	1010.208191	
0.300949	0.393317	-0.868753	0.373834	-0.886730	-0.271953	-0.877312	-0.242926	-0.413896	118.044777	-52.764530	997.937439	
0.384538	0.397299	-0.833237	0.303694	-0.906844	-0.292241	-0.871723	-0.140672	-0.469373	121.517960	-45.815933	986.013367	
0.454965	0.359942	-0.814523	0.313442	-0.920867	-0.231857	-0.833523	-0.149819	-0.531784	124.587296	-31.029684	994.129517	
0.502313	0.341792	-0.794267	0.308559	-0.928939	-0.204605	-0.807757	-0.142303	-0.572082	124.740189	-16.630968	993.721313	
0.590079	0.290999	-0.753077	0.248541	-0.952958	-0.173489	-0.768136	-0.084799	-0.634647	122.082840	-2.719187	993.959595	
0.623166	0.252399	-0.740242	0.225221	-0.964313	-0.139199	-0.748958	-0.079974	-0.657773	117.776634	3.306432	986.450806	
0.669343	0.164389	-0.724538	0.162169	-0.984026	-0.073447	-0.725038	-0.068337	-0.685310	112.701431	9.473011	971.097473	
0.717645	0.123344	-0.685399	0.123100	-0.991160	-0.049476	-0.685443	-0.048867	-0.726485	105.309990	20.769686	968.932373	
0.743900	0.092154	-0.661906	0.090533	-0.995213	-0.036811	-0.662130	-0.032540	-0.748683	94.033028	25.783775	959.352966	
0.790947	0.000903	-0.611883	0.021450	-0.999425	0.026253	-0.611508	-0.033890	-0.790513	87.850731	31.022758	954.290161	
0.801242	-0.055775	-0.595734	-0.034381	-0.998293	0.047224	-0.597350	-0.017356	-0.801793	74.515175	39.708290	952.566162	
0.809470	-0.117471	-0.575290	-0.036618	-0.987975	0.150217	-0.586018	-0.100530	-0.804037	66.972672	45.616951	948.176025	
0.828072	-0.178618	-0.531405	-0.052167	-0.968324	0.244188	-0.558188	-0.174484	-0.811160	50.614700	48.091732	937.311401	
0.834153	-0.234549	-0.499173	-0.068126	-0.941954	0.328758	-0.547308	-0.240228	-0.801713	32.626587	52.315720	919.785645	
0.827343	-0.343821	-0.444172	-0.176224	-0.909729	0.375950	-0.533336	-0.232766	-0.813248	14.050199	55.327347	911.230408	
0.799184	-0.452535	-0.395620	-0.248703	-0.848144	0.467759	-0.547220	-0.275434	-0.790370	5.128335	56.070641	894.963745	
0.731264	-0.565367	-0.381591	-0.333009	-0.784156	0.523645	-0.595279	-0.255850	-0.761697	-13.562223	56.063751	887.772827	
0.654640	-0.660093	-0.368404	-0.377863	-0.707832	0.596819	-0.654724	-0.251496	-0.712801	-33.700520	55.215759	881.828369	
0.555446	-0.749982	-0.359173	-0.393631	-0.617612	0.680889	-0.732484	-0.236816	-0.638266	-53.258850	54.279118	871.903381	
0.468995	-0.822881	-0.320795	-0.393177	-0.519768	0.758454	-0.790856	-0.229582	-0.567307	-69.765236	50.542038	860.314758	
0.404093	-0.866093	-0.294262	-0.404508	-0.457733	0.791741	-0.820415	-0.200906	-0.535309	-81.208000	45.629047	863.729065	
0.345582	-0.901445	-0.260710	-0.353440	-0.382406	0.853724	-0.869282	-0.202887	-0.450760	-89.696869	39.818451	847.057007	
0.248798	-0.944533	-0.214372	-0.356625	-0.295120	0.886410	-0.900509	-0.144087	-0.410270	-106.744637	35.701778	831.169800	
0.119940	-0.971754	-0.203244	-0.296806	-0.230458	0.926712	-0.947374	-0.050827	-0.316064	-122.928993	31.989544	817.271423	
-0.003962	-0.983613	-0.180246	-0.211597	-0.175342	0.961499	-0.977348	0.041948	-0.207435	-136.813080	26.665260	806.562622	
-0.065201	-0.984147	-0.164935	-0.111622	-0.157057	0.981261	-0.991608	0.082389	-0.099612	-149.167587	21.312328	785.960510	
-0.205627	-0.969604	-0.132612	-0.021524	-0.130995	0.991149	-0.978393	0.206660	0.006066	-154.108765	15.977491	778.213257	
-0.273051	-0.953775	-0.125525	0.085466	-0.154019	0.984364	-0.958194	0.258053	0.123570	-161.985809	8.498650	771.270752	
-0.344841	-0.931883	-0.112601	0.128944	-0.165852	0.977684	-0.929761	0.322626	0.177353	-165.589462	1.089732	759.287598	
-0.469857	-0.877344	-0.097473	0.215318	-0.220993	0.951209	-0.856078	0.425945	0.292743	-170.165482	-12.995687	745.002563	
-0.529243	-0.843853	-0.088396	0.296440	-0.281519	0.912617	-0.794999	0.456791	0.399144	-172.836884	-27.103363	735.124084	
-0.640540	-0.764810	-0.069093	0.304249	-0.335362	0.891607	-0.705080	0.550089	0.447506	-172.610596	-35.680801	729.149353	
-0.690189	-0.721481	-0.055711	0.328570	-0.381052	0.864199	-0.644731	0.578156	0.500055	-171.467270	-42.869423	725.028198	
-0.784502	-0.619315	-0.031712	0.353207	-0.488280	0.798014	-0.509705	0.614843	0.601803	-169.877975	-50.077175	718.484741	
-0.856591	-0.515008	-0.031907	0.312169	-0.566471	0.762666	-0.410853	0.643333	0.646004	-164.034698	-65.730057	706.334167	
-0.918286	-0.394556	-0.032771	0.248978	-0.639857	0.727043	-0.307827	0.659475	0.685808	-160.547592	-74.413101	690.218201	
-0.966040	-0.257710	-0.018696	0.188872	-0.753672	0.629527	-0.176325	0.604618	0.776753	-156.708679	-90.022850	688.335083	
-0.981470	-0.191120	-0.013700	0.155081	-0.834326	0.529008	-0.112533	0.517081	0.848506	-144.008453	-97.826843	676.399902	
-0.992687	-0.120708	0.000511	0.109359	-0.897560	0.427115	-0.051098	0.424047	0.904196	-130.634842	-112.449631	669.168518	
-0.999954	0.009281	0.001530	-0.008263	-0.944405	0.328681	0.004496	0.328653	0.944439	-115.632713	-118.976959	659.253906	
-0.987853	0.149063	0.043851	-0.139726	-0.975672	0.168940	0.067967	0.160761	0.984649	-108.301941	-127.225479	657.739197	
-0.975650	0.217895	0.025011	-0.212471	-0.967276	0.138682	0.054411	0.129991	0.990020	-89.801529	-133.600677	644.783020	
-0.957758	0.285274	0.036257	-0.280969	-0.955166	0.093346	0.061260	0.079215	0.994972	-81.448105	-140.099777	633.910400	
-0.908278	0.415927	0.045082	-0.415270	-0.909394	0.023519	0.050779	0.002640	0.998705	-72.473236	-146.224014	624.947083	
-0.878853	0.473402	0.059190	-0.477068	-0.873183	-0.099784	0.004445	-0.115933	0.993246	-63.345047	-157.931274	616.600952	
-0.844881	0.499089	0.192568	-0.532259	-0.820349	-0.209112	0.053607	-0.279172	0.958743	-55.466705	-162.629898	607.725891	
-0.786850	0.576299	0.220779	-0.616637	-0.748641	-0.243504	0.024953	-0.327742	0.944437	-36.647114	-170.376556	601.252686	
-0.678349	0.732257	0.060332	-0.692642	-0.609930	-0.385009	-0.245128	-0.302960	0.920938	-22.916428	-173.640427	596.236511	
-0.543289	0.828805	0.133852	-0.798067	-0.460349	-0.388802	-0.260623	-0.318056	0.911545	-2.142556	-178.866669	588.006348	
-0.423218	0.897053	0.127203	-0.804962	-0.307849	-0.507212	-0.415836	-0.317057	0.852381	15.154490	-182.953964	573.854187	
-0.308574	0.945581	0.103235	-0.783537	-0.191149	-0.591211	-0.539304	-0.263323	0.799882	22.777096	-188.005951	566.572815	
-0.176780	0.983782	0.030341	-0.676728	-0.099105	-0.729531	-0.714693	-0.149500	0.683273	29.964617	-191.870087	567.562439	
-0.041412	0.999142	-0.000416	-0.625413	-0.026248	-0.779851	-0.779192	-0.032036	0.625964	44.786171	-193.109024	570.329163	
0.099389	0.995001	-0.009724	-0.482697	0.039665	-0.874888	-0.870128	0.091647	0.484227	51.709789	-194.185974	564.187622	
0.185933	0.982472	0.013361	-0.432762	0.094093	-0.896583	-0.882124	0.160921	0.442672	63.360504	-194.377289	561.410706	
0.255386	0.966830	0.004253	-0.331597	0.091721	-0.938951	-0.908195	0.238384	0.344022	68.783371	-192.738800	558.976868	
0.340502	0.939735	-0.030943	-0.225411	0.049637	-0.972997	-0.912823	0.338282	0.228728	73.534981	-189.760651	555.972595	
0.418986	0.905980	-0.060426	-0.179599	0.017457	-0.983584	-0.890052	0.422960	0.170027	78.054863	-182.874100	550.244995	
0.490030	0.870376	-0.048135	-0.070977	-0.015197	-0.997361	-0.868810	0.492153	0.054329	77.249863	-181.395157	554.478088	
0.552598	0.831458	-0.057569	0.065748	-0.112347	-0.991490	-0.830849	0.544110	-0.116750	77.705574	-174.193161	553.589600	
0.571532	0.818814	-0.053806	0.152630	-0.170505	-0.973463	-0.806258	0.548153	-0.222425	77.263618	-173.180588	563.377686	
0.659233	0.745715	-0.096544	0.133880	-0.242745	-0.960806	-0.739922	0.620471	-0.259862	76.334145	-165.763596	564.929443	
0.748954	0.654671	-0.102345	0.153482	-0.321652	-0.934335	-0.644600	0.684066	-0.341383	70.879936	-159.314835	567.047668	
0.796309	0.592538	-0.121614	0.208789	-0.457945	-0.864114	-0.567712	0.662711	-0.488381	67.215714	-155.972565	568.749023	
0.833024	0.534481	-0.142831	0.195374	-0.525747	-0.827900	-0.517589	0.661756	-0.542383	62.184906	-150.388123	572.075928	
0.866014	0.471842	-0.165483	0.205056	-0.636980	-0.743107	-0.456037	0.609609	-0.648387	56.680519	-138.418457	574.688232	
0.923274	0.340613	-0.177616	0.152238	-0.748953	-0.644896	-0.352685	0.568377	-0.743343	43.366611	-132.147675	579.972534	
0.941184	0.272024	-0.200434	0.107292	-0.803092	-0.586115	-0.320404	0.530138	-0.785044	29.172441	-125.734711	584.637939	
0.956946	0.202286	-0.208165	0.084650	-0.880479	-0.466467	-0.277644	0.428764	-0.859694	20.623852	-118.414314	593.229980	
0.972940	0.058684	-0.223479	-0.038786	-0.912006	-0.408338	-0.227776	0.405958	-0.885051	2.338562	-111.085617	601.779907	
0.960470	-0.006305	-0.278307	-0.101647	-0.938658	-0.329527	-0.259157	0.344791	-0.902194	-15.175764	-96.771507	606.756836	
0.951534	-0.146275	-0.270526	-0.204043	-0.958426	-0.199464	-0.230102	0.244997	-0.941822	-35.186440	-89.003319	613.576172	
0.917910	-0.278681	-0.282447	-0.288204	-0.957535	0.008149	-0.272724	0.073923	-0.959247	-45.351616	-74.612335	621.193665	
0.856156	-0.393508	-0.334883	-0.392728	-0.916739	0.073181	-0.335798	0.068864	-0.939413	-54.691639	-66.342140	627.253052	
0.810714	-0.425778	-0.401813	-0.380190	-0.904824	0.191702	-0.445192	-0.002650	-0.895430	-74.605858	-52.658493	640.391602	
0.734276	-0.527496	-0.427298	-0.468878	-0.849269	0.242687	-0.490907	0.022152	-0.870929	-94.397209	-45.036579	645.671143	
0.632130	-0.615373	-0.470878	-0.545535	-0.785003	0.293535	-0.550273	0.071328	-0.831931	-113.790031	-38.599556	663.585510	
0.570895	-0.637995	-0.516759	-0.503429	-0.769222	0.393519	-0.648565	0.035493	-0.760330	-132.097977	-32.892620	676.150024	
0.505150	-0.661261	-0.554577	-0.450086	-0.750140	0.484471	-0.736372	0.004877	-0.676558	-139.705002	-20.257338	677.825317	
0.416798	-0.701295	-0.578328	-0.497732	-0.708447	0.500366	-0.760618	0.079300	-0.644336	-147.934753	-7.138290	682.822815	
0.310558	-0.738976	-0.597886	-0.534631	-0.655862	0.532930	-0.785953	0.154142	-0.598763	-155.715057	-1.975410	695.930115	
0.203743	-0.765788	-0.609964	-0.512838	-0.614197	0.599800	-0.833957	0.190608	-0.517863	-169.503418	2.698610	704.725403	
0.142290	-0.742693	-0.654339	-0.423808	-0.643119	0.637796	-0.894505	0.186562	-0.406268	-179.638290	8.440348	711.658386	
0.037248	-0.723297	-0.689531	-0.445957	-0.629523	0.636258	-0.894278	0.283802	-0.346008	-184.912918	16.836330	718.974609	
-0.059397	-0.687902	-0.723368	-0.408222	-0.644546	0.646463	-0.910947	0.333693	-0.242533	-189.263351	21.452515	722.841675	
-0.102785	-0.641436	-0.760259	-0.392536	-0.676122	0.623518	-0.913975	0.362517	-0.182292	-192.118881	28.414650	740.242065	
-0.136733	-0.611241	-0.779543	-0.379991	-0.694372	0.611109	-0.914827	0.379778	-0.137323	-194.016479	35.418777	747.950012	
-0.178576	-0.575170	-0.798304	-0.312580	-0.736152	0.600311	-0.932954	0.356735	-0.048328	-195.318069	37.366592	766.582153	
-0.245922	-0.523560	-0.815724	-0.295775	-0.760899	0.577538	-0.923059	0.383300	0.032265	-195.337311	39.217892	777.668945	
-0.282353	-0.493016	-0.822928	-0.290302	-0.773700	0.563127	-0.914330	0.397899	0.075332	-191.489670	40.218315	792.548157	
-0.300541	-0.453936	-0.838818	-0.287357	-0.795517	0.533459	-0.909450	0.401367	0.108644	-187.125443	41.974262	801.614868	
-0.317578	-0.400660	-0.859427	-0.290707	-0.821564	0.490431	-0.902570	0.405592	0.144435	-179.836029	41.833496	812.355957	
-0.307845	-0.340822	-0.888296	-0.306906	-0.848159	0.431782	-0.900577	0.405546	0.156501	-176.552994	42.249207	832.777222	
-0.296314	-0.283257	-0.912119	-0.313624	-0.873196	0.373054	-0.902129	0.396603	0.169903	-165.197250	40.765366	840.573120	
-0.283026	-0.243205	-0.927764	-0.251025	-0.914814	0.316389	-0.925678	0.322439	0.197865	-158.247818	38.110905	849.639954	
-0.280389	-0.189517	-0.940991	-0.258083	-0.929334	0.264070	-0.924540	0.316896	0.211663	-143.895386	35.924149	866.575073	
-0.244250	-0.126976	-0.961362	-0.333237	-0.920024	0.206180	-0.910656	0.370721	0.182402	-135.746506	31.035727	882.781311	
-0.224900	-0.096189	-0.969621	-0.278724	-0.947183	0.158613	-0.933665	0.305929	0.186211	-118.315430	25.404509	893.908691	
-0.201174	-0.065808	-0.977341	-0.216650	-0.970043	0.109912	-0.955296	0.233852	0.180889	-100.762054	18.984001	908.875305	
-0.141669	-0.033909	-0.989332	-0.234299	-0.969868	0.066793	-0.961786	0.241262	0.129455	-81.185890	16.078999	907.913757	
-0.095138	-0.001818	-0.995461	-0.217405	-0.975821	0.022561	-0.971433	0.218565	0.092442	-61.614643	5.413460	927.031616	
-0.024960	0.004580	-0.999676	-0.210112	-0.977677	0.000768	-0.977358	0.210063	0.025365	-41.492443	-2.131141	931.073364	
0.048658	-0.004205	-0.998805	-0.218583	-0.975797	-0.006540	-0.974604	0.218640	-0.048400	-31.307123	-5.429069	941.356812	
0.111295	0.004235	-0.993777	-0.236809	-0.971073	-0.030658	-0.965160	0.238747	-0.107073	-21.897697	-15.006183	941.077515	
0.165952	-0.036995	-0.985438	-0.287654	-0.957653	-0.012490	-0.943246	0.285538	-0.169566	-1.901075	-21.263700	963.659668	
0.241771	-0.106015	-0.964523	-0.338382	-0.940825	0.018590	-0.909419	0.321883	-0.263337	17.725029	-29.016293	977.969360	
0.284303	-0.172318	-0.943119	-0.403995	-0.913646	0.045149	-0.869459	0.368180	-0.329368	28.594074	-36.295097	996.089722	
0.309888	-0.209011	-0.927513	-0.394489	-0.915868	0.074585	-0.865070	0.342782	-0.366269	36.594906	-47.852566	990.052856	
0.318581	-0.292944	-0.901491	-0.304893	-0.932175	0.195167	-0.897522	0.212683	-0.386289	52.768581	-63.005936	994.299133	
0.309152	-0.337825	-0.888985	-0.248075	-0.931063	0.267545	-0.918086	0.137823	-0.371646	65.692871	-69.039719	996.285828	
0.291484	-0.389700	-0.873594	-0.316793	-0.901045	0.296244	-0.902595	0.190398	-0.386094	77.518539	-83.287949	998.179565	
0.284519	-0.487262	-0.825603	-0.387518	-0.846159	0.365847	-0.876857	0.215846	-0.429571	87.294159	-91.314461	1005.709656	
0.222552	-0.561990	-0.796639	-0.379431	-0.802638	0.460221	-0.898054	0.199847	-0.391865	92.822678	-104.869995	1006.256531	
0.166194	-0.629581	-0.758949	-0.421004	-0.741285	0.522735	-0.891703	0.232646	-0.388254	95.885956	-111.098930	1001.791565	
0.114304	-0.706096	-0.698828	-0.409056	-0.674493	0.614599	-0.905321	0.215610	-0.365930	98.805809	-116.058441	993.774170	
0.078707	-0.736656	-0.671669	-0.421466	-0.635174	0.647239	-0.903421	0.232144	-0.360469	101.255104	-133.113907	1017.226807	
-0.006513	-0.770549	-0.637346	-0.447096	-0.567864	0.691111	-0.894461	0.289457	-0.340810	101.951347	-148.198715	1028.769775	
-0.104904	-0.790709	-0.603135	-0.462528	-0.498103	0.733457	-0.880376	0.355911	-0.313472	101.484306	-155.333801	1031.806274	
-0.155717	-0.806196	-0.570787	-0.379815	-0.484549	0.788005	-0.911861	0.339501	-0.230753	99.728943	-167.932663	1034.092163	
-0.218996	-0.817826	-0.532164	-0.335700	-0.448956	0.828096	-0.916158	0.359998	-0.176224	92.951859	-180.210312	1036.756958	
-0.351042	-0.819916	-0.452223	-0.294445	-0.361801	0.884534	-0.888859	0.443664	-0.114413	87.723244	-183.911438	1029.743774	
-0.414369	-0.812844	-0.409366	-0.187780	-0.363764	0.912366	-0.890526	0.454928	-0.001903	77.380974	-188.946960	1029.318359	
-0.511242	-0.775624	-0.370186	-0.095481	-0.376807	0.921356	-0.854116	0.506382	0.118582	64.509369	-193.457794	1026.413452	
-0.647814	-0.709479	-0.277443	0.013052	-0.374480	0.927141	-0.761685	0.596996	0.251853	56.987812	-198.398254	1030.479614	
-0.751469	-0.634411	-0.181151	0.079208	-0.359334	0.929840	-0.654995	0.684399	0.320278	49.131046	-204.142349	1021.365662	
-0.827331	-0.552976	-0.098688	0.135625	-0.367145	0.920221	-0.545094	0.747945	0.378747	40.830563	-205.629761	1010.684204	
-0.897702	-0.440586	0.003786	0.225751	-0.452561	0.862684	-0.378373	0.775289	0.505726	31.911646	-212.679504	1018.791992	
-0.945776	-0.318849	0.061979	0.242229	-0.565221	0.788574	-0.216404	0.760829	0.611806	11.894977	-214.539795	1009.669678	
-0.960022	-0.254134	0.117357	0.255096	-0.621665	0.740579	-0.115250	0.740911	0.661639	2.070125	-215.806793	1005.421753	
-0.965698	-0.175227	0.191628	0.259533	-0.674926	0.690736	0.008299	0.716777	0.697251	-18.843857	-217.407211	1007.437927	
-0.966628	-0.109886	0.231415	0.235787	-0.734814	0.635965	0.100163	0.669308	0.736201	-29.235598	-216.784805	1003.605469	
-0.943716	-0.062999	0.324697	0.249689	-0.779518	0.574461	0.216917	0.623203	0.751373	-47.944210	-215.593796	994.633362	
-0.904971	0.054681	0.421942	0.159485	-0.875804	0.455556	0.394449	0.479559	0.783855	-58.425072	-214.115189	991.165649	
-0.838140	0.157126	0.522332	0.065632	-0.921603	0.382545	0.541491	0.354908	0.762118	-68.172432	-210.264786	981.849060	
-0.782636	0.251277	0.569507	-0.104574	-0.954975	0.277643	0.613631	0.157738	0.773674	-77.976799	-208.057297	968.587524	
-0.716728	0.325828	0.616551	-0.299603	-0.942251	0.149667	0.629713	-0.077451	0.772955	-93.873405	-200.909531	958.880127	
-0.646850	0.362788	0.670796	-0.385220	-0.914569	0.123159	0.658171	-0.178740	0.731341	-102.752258	-197.540375	945.385681	
-0.582553	0.423639	0.693656	-0.530994	-0.844494	0.069816	0.615366	-0.327657	0.716912	-111.501495	-193.562378	941.444946	
-0.467614	0.435088	0.769436	-0.693069	-0.720741	-0.013651	0.548625	-0.539658	0.638574	-125.479355	-185.755081	940.562866	
-0.376024	0.461487	0.803512	-0.814264	-0.578436	-0.048838	0.442243	-0.672638	0.593278	-130.798935	-175.702789	935.615295	
-0.294276	0.465173	0.834873	-0.918252	-0.379812	-0.112042	0.264977	-0.799598	0.538915	-135.036224	-164.555649	921.827515	
-0.240054	0.447182	0.861626	-0.964074	-0.213796	-0.157637	0.113721	-0.868516	0.482439	-142.635361	-151.998749	913.012207	
-0.177055	0.366226	0.913524	-0.983118	-0.022306	-0.181600	-0.046130	-0.930259	0.363993	-144.603897	-137.816254	902.899109	
-0.108966	0.293295	0.949789	-0.970741	0.174282	-0.165187	-0.213980	-0.940002	0.265723	-147.579346	-124.263084	891.322205	
-0.043167	0.189862	0.980859	-0.929199	0.353065	-0.109235	-0.367047	-0.916132	0.161179	-147.254807	-110.448181	871.093018	
-0.017194	0.134076	0.990819	-0.872733	0.481547	-0.080307	-0.487893	-0.866104	0.108733	-146.231598	-103.089149	872.473694	
0.005654	0.078588	0.996888	-0.802426	0.595244	-0.042374	-0.596723	-0.799693	0.066427	-141.838989	-95.573883	861.132019	
0.018419	-0.036605	0.999157	-0.695600	0.717364	0.039104	-0.718192	-0.695736	-0.012249	-135.294815	-80.161690	840.774841	
0.011919	-0.097167	0.995194	-0.506797	0.857378	0.089780	-0.861982	-0.505433	-0.039024	-131.317871	-72.896812	831.314819	
0.011115	-0.203187	0.979074	-0.342919	0.918986	0.194608	-0.939298	-0.337907	-0.059461	-121.827782	-65.338181	817.653625	
0.000749	-0.252841	0.967505	-0.231908	0.941088	0.246115	-0.972737	-0.224557	-0.057930	-116.251183	-57.336967	813.126709	
-0.100274	-0.381838	0.918771	-0.185025	0.914477	0.359857	-0.977604	-0.133911	-0.162347	-108.440125	-40.377995	812.985107	
-0.139199	-0.433074	0.890543	-0.082412	0.901248	0.425395	-0.986828	-0.014176	-0.161143	-100.093803	-25.844500	798.852844	
-0.191533	-0.469690	0.861802	0.093340	0.865364	0.492373	-0.977037	0.174748	-0.121905	-82.526649	-12.002530	778.832153	
-0.266473	-0.490868	0.829480	0.285481	0.781787	0.554353	-0.920593	0.384523	-0.068192	-73.711678	-5.444727	773.127991	
-0.318407	-0.512786	0.797286	0.356085	0.714770	0.601918	-0.878532	0.475559	-0.044992	-64.035034	1.800048	760.130493	
-0.376707	-0.535500	0.755863	0.465805	0.595804	0.654248	-0.800697	0.598548	0.024994	-53.864670	8.679699	744.545227	
-0.437659	-0.547564	0.713180	0.514328	0.498138	0.698085	-0.737509	0.672335	0.063612	-34.177540	20.963028	726.119690	
-0.529848	-0.587822	0.611330	0.540234	0.321730	0.777582	-0.653764	0.742265	0.147093	-23.909317	30.784973	721.121460	
-0.614318	-0.602738	0.509233	0.554528	0.129342	0.822049	-0.561347	0.787387	0.254778	-13.305012	35.527901	707.848999	
-0.698523	-0.549559	0.458310	0.577531	-0.054795	0.814525	-0.422518	0.833657	0.355662	-2.334315	43.754646	701.793823	
-0.752689	-0.520277	0.403445	0.550217	-0.160578	0.819434	-0.361549	0.838765	0.407130	7.707474	47.438019	686.799011	
-0.828558	-0.442447	0.343118	0.508614	-0.338548	0.791640	-0.234097	0.830438	0.505540	17.978937	51.267853	678.573975	
-0.906654	-0.358734	0.222006	0.389128	-0.507843	0.768552	-0.162962	0.783203	0.600030	35.569160	53.854897	660.922729	
-0.946037	-0.310303	0.093399	0.280648	-0.640452	0.714882	-0.162013	0.702521	0.692975	51.733742	56.310059	652.051636	
-0.978409	-0.204979	0.026404	0.173482	-0.745116	0.643975	-0.112328	0.634655	0.764587	58.963783	58.080429	647.733154	
-0.987321	-0.152221	-0.044987	0.094632	-0.792034	0.603097	-0.127436	0.591196	0.796395	72.724518	59.472118	643.328857	
-0.990063	-0.096134	-0.102620	0.022090	-0.827063	0.561674	-0.138870	0.553829	0.820966	84.053032	59.698174	635.797241	
-0.985771	0.011685	-0.167679	-0.090532	-0.877429	0.471087	-0.141622	0.479567	0.865999	93.340240	58.689861	627.814148	
-0.969885	0.063265	-0.235200	-0.160622	-0.892066	0.422398	-0.183091	0.447458	0.875360	97.546997	57.431351	619.779663	
-0.938931	0.165170	-0.301870	-0.275226	-0.887029	0.370716	-0.206537	0.431161	0.878316	100.139175	53.543781	607.985352	
-0.891977	0.257608	-0.371501	-0.382553	-0.867985	0.316632	-0.240891	0.424549	0.872769	101.613754	51.063484	603.962585	
-0.853291	0.295997	-0.429276	-0.419941	-0.878120	0.229250	-0.309099	0.375890	0.873590	102.798492	45.283035	601.197754	
-0.807318	0.329022	-0.489877	-0.464985	-0.865822	0.184776	-0.363351	0.376960	0.851981	101.308029	38.140549	593.859985	
-0.730004	0.340568	-0.592542	-0.489200	-0.865822	0.105052	-0.477259	0.366562	0.798657	97.173019	29.066389	590.910583	
-0.655179	0.391724	-0.645980	-0.555534	-0.829285	0.060567	-0.511976	0.398549	0.760944	94.390579	20.325279	588.934937	
-0.540106	0.396918	-0.742117	-0.622279	-0.782030	0.034625	-0.566615	0.480508	0.669371	86.369324	14.457503	584.726501	
-0.422551	0.373398	-0.825845	-0.682389	-0.730749	0.018750	-0.596485	0.571474	0.563579	76.018883	7.674081	578.650879	
-0.373749	0.347023	-0.860164	-0.663625	-0.747945	-0.013397	-0.648006	0.565823	0.509835	64.938545	0.640090	577.584717	
-0.298882	0.338781	-0.892128	-0.632159	-0.770609	-0.080846	-0.714872	0.539807	0.444483	50.290646	-6.456607	578.766235	
-0.223474	0.316311	-0.921955	-0.646348	-0.756095	-0.102735	-0.729583	0.572948	0.373413	34.561749	-19.474638	575.975037	
-0.137309	0.216490	-0.966577	-0.615477	-0.783228	-0.087991	-0.776101	0.582828	0.240788	26.220270	-27.044872	573.438477	
-0.062596	0.106501	-0.992337	-0.618213	-0.784709	-0.045221	-0.783513	0.610649	0.114960	8.608296	-35.100548	572.521729	
0.006324	-0.013265	-0.999889	-0.590428	-0.807061	0.006972	-0.807065	0.590321	-0.012936	-0.551480	-43.580410	573.184082	
0.036956	-0.077808	-0.996280	-0.563515	-0.824959	0.043524	-0.825277	0.559814	-0.074333	-21.216335	-58.670639	572.981262	
0.077170	-0.193927	-0.977973	-0.573101	-0.811283	0.115650	-0.815842	0.551556	-0.173746	-40.475292	-67.010284	572.329834	
0.075154	-0.269765	-0.959986	-0.625577	-0.762454	0.165281	-0.776533	0.588127	-0.226059	-61.579029	-82.952019	575.168396	
0.068387	-0.402971	-0.912651	-0.673675	-0.693391	0.255676	-0.735856	0.597349	-0.318889	-82.418823	-98.087814	579.623657	
0.043042	-0.527033	-0.848752	-0.699982	-0.622076	0.350778	-0.712861	0.579016	-0.395687	-92.604431	-105.472404	580.405701	
-0.004206	-0.643768	-0.765208	-0.703993	-0.541551	0.459472	-0.710193	0.540636	-0.450929	-103.239441	-113.673553	587.442261	
-0.051589	-0.696407	-0.715789	-0.653692	-0.518317	0.551391	-0.754999	0.496354	-0.428495	-123.689400	-121.070564	592.768738	
-0.132829	-0.779378	-0.612311	-0.627813	-0.411885	0.660453	-0.766945	0.472147	-0.434592	-133.322784	-135.355179	600.052490	
-0.199647	-0.806807	-0.556060	-0.638415	-0.323405	0.698450	-0.743347	0.494443	-0.450509	-148.221054	-148.796448	604.697876	
-0.295911	-0.815738	-0.497000	-0.592654	-0.251263	0.765261	-0.749130	0.521000	-0.409098	-156.758774	-161.639374	608.262146	
-0.364029	-0.854249	-0.371136	-0.501615	-0.155933	0.850918	-0.784769	0.495929	-0.371739	-171.918762	-173.087433	617.660461	
-0.461937	-0.855489	-0.233996	-0.433142	-0.012626	0.901234	-0.773951	0.517669	-0.364715	-178.658051	-179.258728	625.899719	
-0.512634	-0.853176	-0.096427	-0.314347	0.081985	0.945758	-0.798994	0.515141	-0.310221	-188.840851	-189.832870	633.744324	
-0.550907	-0.833372	0.044652	-0.214202	0.192906	0.957548	-0.806608	0.517958	-0.284783	-196.564896	-193.927032	640.208557	
-0.582338	-0.793731	0.175712	-0.115159	0.294506	0.948683	-0.804748	0.532222	-0.262906	-202.134308	-198.653122	643.314270	
-0.634749	-0.708899	0.307498	0.042151	0.365587	0.929819	-0.771567	0.603166	-0.202175	-204.892395	-202.075043	652.631653	
-0.648420	-0.614229	0.449748	0.227088	0.407824	0.884368	-0.726623	0.675577	-0.124957	-205.233475	-207.423157	655.970215	
-0.647430	-0.510755	0.565652	0.377064	0.430334	0.820141	-0.662311	0.744274	-0.086023	-205.854156	-211.298721	673.202942	
-0.599538	-0.424200	0.678679	0.527440	0.428381	0.733685	-0.601964	0.797838	-0.033090	-207.713806	-214.685379	692.412170	
-0.601044	-0.340175	0.723203	0.637563	0.341576	0.690533	-0.481931	0.876133	0.011580	-207.588043	-217.414490	711.484863	
-0.518645	-0.255033	0.816064	0.767792	0.281008	0.575783	-0.376165	0.925199	0.050069	-194.285492	-213.616257	702.695557	
-0.440990	-0.165944	0.882035	0.859385	0.205324	0.468292	-0.258813	0.964524	0.052064	-190.148209	-212.179184	720.114563	
-0.387684	-0.128045	0.912852	0.902208	0.150340	0.404249	-0.189000	0.980308	0.057239	-184.688995	-209.997055	732.671936	
-0.275624	-0.075709	0.958276	0.957723	0.063866	0.280509	-0.082438	0.995083	0.054905	-171.136459	-207.144257	745.872192	
-0.150431	-0.027499	0.988235	0.988617	-0.006509	0.150307	0.002299	0.999601	0.028164	-154.945328	-202.273468	761.722046	
-0.009767	-0.002803	0.999945	0.998612	-0.051762	0.009609	0.051733	0.998656	0.003305	-135.033829	-196.699081	760.990723	
0.107844	0.008134	0.994131	0.977275	-0.184421	-0.104506	0.182489	0.982814	-0.027838	-118.539139	-193.938812	779.033142	
0.191712	-0.000105	0.981448	0.939242	-0.290088	-0.183498	0.284726	0.957001	-0.055515	-108.226631	-186.629639	794.984192	
0.325923	-0.010237	0.945338	0.877645	-0.368443	-0.306573	0.351442	0.929595	-0.111099	-97.004898	-176.316635	809.748901	
0.449907	-0.047335	0.891817	0.791936	-0.440449	-0.422894	0.412819	0.896530	-0.160674	-77.734886	-166.822235	830.190857	
0.568284	-0.074357	0.819463	0.699059	-0.481676	-0.528490	0.434014	0.873190	-0.221748	-66.211700	-161.102386	849.486938	
0.673002	-0.135092	0.727196	0.568926	-0.533717	-0.625673	0.472642	0.834804	-0.282335	-45.942879	-150.176849	857.572693	
0.714773	-0.167712	0.678946	0.486842	-0.577645	-0.655217	0.502079	0.798875	-0.331235	-25.491508	-144.328583	871.508972	
0.791422	-0.238021	0.563022	0.334436	-0.602384	-0.724764	0.511665	0.761893	-0.397137	-6.037777	-132.080566	886.069519	
0.849460	-0.290270	0.440634	0.187962	-0.613843	-0.766723	0.493037	0.734127	-0.466874	3.940844	-118.653023	892.992676	
0.864468	-0.334076	0.375613	0.094030	-0.626562	-0.773676	0.493813	0.704141	-0.510229	13.361877	-111.324188	898.897644	
0.875665	-0.414187	0.248310	-0.056017	-0.597836	-0.799657	0.479657	0.686325	-0.546704	21.640522	-97.717636	911.887329	
0.883152	-0.456333	0.108629	-0.184954	-0.551568	-0.813364	0.431082	0.698236	-0.571518	30.042921	-83.003761	919.708801	
0.848765	-0.527160	0.041221	-0.281126	-0.515908	-0.809199	0.447844	0.675235	-0.586082	36.760315	-68.080101	933.513367	
0.807855	-0.588856	-0.024862	-0.365943	-0.468078	-0.804353	0.462012	0.658902	-0.593625	42.763565	-53.167992	946.579895	
0.761597	-0.641792	-0.089836	-0.451179	-0.425604	-0.784407	0.465193	0.637938	-0.613701	53.013966	-45.962227	961.004578	
0.722786	-0.654541	-0.221710	-0.548831	-0.348717	-0.759722	0.419956	0.670801	-0.611278	61.198410	-32.178452	967.087585	
0.688087	-0.663378	-0.294049	-0.614032	-0.316385	-0.723092	0.386652	0.678109	-0.625034	64.404839	-18.827972	973.719055	
0.623385	-0.695043	-0.358195	-0.678393	-0.252973	-0.689771	0.388808	0.672994	-0.629211	66.393440	-5.017197	978.716492	
0.582842	-0.696244	-0.418972	-0.719348	-0.202287	-0.664541	0.377931	0.688713	-0.618742	68.094475	7.484525	991.850342	
0.540283	-0.689047	-0.483019	-0.761689	-0.156482	-0.628760	0.357662	0.707622	-0.609383	67.441643	20.120693	994.739136	
0.495190	-0.683493	-0.536305	-0.796986	-0.111655	-0.593585	0.345831	0.721368	-0.600023	65.870644	25.426964	1005.950195	
0.453401	-0.665026	-0.593436	-0.825973	-0.063286	-0.560144	0.334955	0.744135	-0.577986	62.773235	36.609970	1013.993042	
0.393373	-0.602271	-0.694640	-0.865937	0.011129	-0.500027	0.308883	0.798215	-0.517150	55.403145	47.615608	1017.676514	
0.347370	-0.575929	-0.740025	-0.883379	0.063781	-0.464297	0.314603	0.815008	-0.486607	49.507557	58.573410	1027.658447	
0.300895	-0.545023	-0.782565	-0.898201	0.113782	-0.424601	0.320460	0.830665	-0.455303	37.661568	67.211029	1026.425049	
0.245310	-0.512737	-0.822752	-0.901320	0.191899	-0.388325	0.356995	0.836825	-0.415064	24.127712	76.603752	1040.197510	
0.196334	-0.467436	-0.861947	-0.902697	0.257082	-0.345031	0.382872	0.845821	-0.371477	16.226555	84.111298	1044.434570	
0.155502	-0.422986	-0.892692	-0.897368	0.317310	-0.306668	0.412977	0.848763	-0.330230	1.073007	87.570358	1051.696289	
0.098932	-0.321484	-0.941731	-0.884187	0.405785	-0.231411	0.456536	0.855563	-0.244105	-16.526274	90.603226	1059.817871	
0.075347	-0.263778	-0.961634	-0.881256	0.433641	-0.187997	0.466594	0.861613	-0.199781	-34.745388	93.491821	1064.049683	
0.043091	-0.142544	-0.988848	-0.867806	0.485080	-0.107742	0.495030	0.862774	-0.102797	-45.345943	94.653648	1076.000488	
0.010883	-0.085574	-0.996270	-0.840032	0.539686	-0.055533	0.542427	0.837506	-0.066011	-55.833496	95.482864	1076.630127	
-0.001777	0.031463	-0.999501	-0.841978	0.539194	0.018469	0.539508	0.841594	0.025534	-64.637245	96.902542	1064.780884	
-0.024532	0.163832	-0.986181	-0.819121	0.562223	0.113776	0.573096	0.810595	0.120407	-86.238968	95.098244	1071.521606	
-0.004290	0.237502	-0.971375	-0.800846	0.580909	0.145568	0.598855	0.778549	0.187711	-96.796989	94.519066	1072.615356	
0.000821	0.352378	-0.935855	-0.765643	0.602226	0.226083	0.643264	0.716349	0.270290	-106.357567	91.690857	1076.428101	
0.019706	0.408043	-0.912747	-0.753308	0.606309	0.254785	0.657372	0.682562	0.319330	-115.091705	87.365578	1075.151489	
0.046152	0.458467	-0.887509	-0.726493	0.625201	0.285184	0.685622	0.631611	0.361927	-123.712204	81.350296	1070.085938	
0.072695	0.511188	-0.856387	-0.694888	0.641905	0.324172	0.715434	0.571530	0.401881	-133.391556	76.699600	1075.654663	
0.106054	0.562221	-0.820156	-0.660438	0.656430	0.364583	0.743353	0.503000	0.440928	-141.669479	68.570572	1072.785034	
0.147133	0.611620	-0.777348	-0.620614	0.669038	0.408931	0.770188	0.422269	0.478016	-148.591797	64.538605	1068.178833	
0.181081	0.645138	-0.742297	-0.592954	0.673780	0.440937	0.784611	0.360305	0.504544	-154.379959	54.832291	1062.279175	
0.214458	0.686627	-0.694657	-0.577262	0.662805	0.476924	0.787893	0.298721	0.538507	-164.933792	44.503269	1062.012451	
0.276947	0.753541	-0.596216	-0.561125	0.630529	0.536257	0.780025	0.186039	0.597452	-173.062897	31.811310	1052.712158	
0.307715	0.805809	-0.505947	-0.561760	0.583042	0.586930	0.767943	0.103615	0.632080	-174.898346	25.929522	1045.024902	
0.364823	0.845551	-0.389805	-0.570571	0.533871	0.624043	0.735767	-0.005253	0.677212	-180.360413	20.049543	1043.400146	
0.391341	0.871677	-0.295011	-0.588088	0.483467	0.648390	0.707817	-0.080248	0.701821	-183.971741	13.315683	1036.628906	
0.427989	0.888925	-0.163212	-0.603621	0.415553	0.680408	0.672657	-0.192689	0.714424	-182.002380	6.220082	1028.786377	
0.473283	0.880224	-0.034798	-0.624782	0.363260	0.691149	0.621007	-0.305368	0.721870	-179.239609	-0.284425	1013.818665	
0.500763	0.862433	0.073801	-0.634577	0.307797	0.708922	0.588683	-0.401835	0.701411	-175.084244	-14.027789	1001.912170	
0.519269	0.845092	0.127208	-0.639129	0.285200	0.714263	0.567339	-0.452198	0.688215	-171.969910	-21.740849	997.353027	
0.519907	0.819375	0.241501	-0.667464	0.213235	0.713456	0.533092	-0.532125	0.657763	-163.253616	-36.120155	986.806641	
0.525754	0.798397	0.293506	-0.676951	0.183773	0.712714	0.515091	-0.573403	0.637093	-153.303574	-42.824291	973.018005	
0.543040	0.766101	0.343799	-0.687413	0.170442	0.705982	0.482256	-0.619710	0.619182	-142.015198	-49.843513	965.473389	
0.543236	0.735862	0.404232	-0.705894	0.139649	0.694413	0.454541	-0.662577	0.595300	-135.064041	-64.330704	959.450989	
