0.995537	-0.041416	0.084802	0.041670	0.999130	-0.001235	-0.084677	0.004763	0.996397	18.925049	3.889033	545.080994	
0.969196	-0.126050	0.211593	0.131105	0.991318	-0.009972	-0.208499	0.037405	0.977307	27.790863	7.489118	544.577271	
0.947046	-0.165599	0.275102	0.172902	0.984936	-0.002331	-0.270572	0.049773	0.961413	36.399387	15.417240	543.852295	
0.898433	-0.200061	0.390889	0.219961	0.975488	-0.006302	-0.380046	0.091642	0.920417	44.713581	18.160381	543.037476	
0.826809	-0.261756	0.497866	0.308021	0.951311	-0.011375	-0.470648	0.162758	0.867180	52.651028	23.967464	545.236145	
0.771490	-0.323116	0.548087	0.392967	0.919486	-0.011073	-0.500380	0.223922	0.836349	69.415718	25.752020	548.369812	
0.674988	-0.359352	0.644405	0.479003	0.877727	-0.012271	-0.561202	0.316954	0.764587	76.318344	29.298569	548.678284	
0.587332	-0.346829	0.731267	0.525469	0.850609	-0.018609	-0.615568	0.395187	0.681838	83.249321	30.326605	553.333313	
0.533791	-0.348393	0.770513	0.568247	0.822571	-0.021735	-0.626229	0.449443	0.637055	88.801933	31.212002	556.080566	
0.437657	-0.315485	0.841977	0.617141	0.786418	-0.026120	-0.653906	0.531050	0.538881	98.721138	31.012859	563.471191	
0.366757	-0.323269	0.872346	0.690704	0.722786	-0.022544	-0.623231	0.610800	0.488371	102.549858	29.521854	571.810852	
0.259394	-0.277798	0.924956	0.766639	0.641691	-0.022272	-0.587349	0.714884	0.379422	105.195160	26.827015	573.994141	
0.198974	-0.259338	0.945068	0.834714	0.550125	-0.024779	-0.513480	0.793791	0.325934	107.532974	25.156601	583.449097	
0.119853	-0.174862	0.977271	0.865377	0.500849	-0.016513	-0.486578	0.847686	0.211350	108.778450	20.477690	594.436768	
0.073828	-0.137132	0.987798	0.912209	0.409569	-0.011320	-0.403020	0.901913	0.155331	108.915268	14.794508	597.569824	
0.039615	-0.095407	0.994650	0.937935	0.346787	-0.004092	-0.344541	0.933078	0.103223	106.950523	8.131437	600.906189	
0.009474	-0.040846	0.999121	0.956293	0.292397	0.002886	-0.292258	0.955424	0.041831	102.859131	4.582101	608.672546	
-0.008939	0.011302	0.999896	0.982847	0.184301	0.006704	-0.184206	0.982804	-0.012755	99.949341	-3.963477	617.356689	
-0.024294	0.066127	0.997515	0.997657	0.065438	0.019960	-0.063956	0.995662	-0.067562	95.867775	-14.093984	621.930725	
-0.022905	0.119413	0.992580	0.998278	-0.050906	0.029161	0.054010	0.991538	-0.118041	86.120750	-24.909929	628.536316	
-0.004057	0.244041	0.969756	0.985915	-0.161170	0.044684	0.167200	0.956277	-0.239950	79.656746	-31.108185	637.316772	
0.005086	0.347274	0.937750	0.971589	-0.223614	0.077541	0.236622	0.910712	-0.338545	73.865562	-37.494095	649.377686	
0.024132	0.391971	0.919660	0.956038	-0.277974	0.093389	0.292248	0.876976	-0.381448	67.136726	-49.712666	664.913025	
0.056378	0.487961	0.871043	0.931924	-0.338762	0.129457	0.358246	0.804446	-0.473841	59.009533	-56.460255	677.436279	
0.102740	0.577686	0.809767	0.907036	-0.388585	0.162136	0.408327	0.717829	-0.563905	51.168655	-69.432800	695.181580	
0.187704	0.648652	0.737575	0.849589	-0.484059	0.209491	0.492917	0.587312	-0.641948	32.603203	-82.915886	708.184143	
0.244545	0.705739	0.664928	0.808810	-0.526698	0.261564	0.534812	0.473836	-0.699611	14.458513	-96.610489	720.554626	
0.306570	0.756893	0.577172	0.774346	-0.550947	0.311202	0.553537	0.351525	-0.755001	5.613626	-102.931328	731.006348	
0.357284	0.764845	0.536059	0.727625	-0.587775	0.353670	0.585585	0.263689	-0.766523	-3.327864	-110.222511	736.039795	
0.459652	0.765162	0.450828	0.656865	-0.634554	0.407270	0.597703	0.108931	-0.794283	-12.969608	-124.143562	740.684814	
0.519455	0.774603	0.360770	0.617837	-0.632129	0.467644	0.590292	-0.020024	-0.806941	-22.680422	-138.422363	746.921448	
0.617316	0.736406	0.276815	0.551414	-0.655978	0.515398	0.561127	-0.165524	-0.811010	-30.971888	-144.521866	763.000122	
0.669767	0.720057	0.181465	0.527247	-0.633216	0.566611	0.522898	-0.283821	-0.803755	-39.201698	-158.219437	774.303589	
0.754173	0.651122	0.085220	0.480438	-0.635571	0.604340	0.447663	-0.414834	-0.792155	-47.520840	-171.639450	780.256836	
0.790095	0.612747	-0.016996	0.477464	-0.597793	0.643950	0.384419	-0.516897	-0.764879	-55.581898	-177.753571	798.339783	
0.821664	0.564566	-0.078307	0.461412	-0.578202	0.672890	0.334615	-0.589021	-0.735586	-69.166763	-189.920898	810.357727	
0.841358	0.508103	-0.184248	0.479510	-0.544449	0.688219	0.249372	-0.667387	-0.701717	-82.295799	-202.096634	819.816162	
0.859928	0.455596	-0.230119	0.469560	-0.529392	0.706582	0.200093	-0.715664	-0.669169	-93.461647	-212.565094	831.302246	
0.872214	0.403962	-0.275784	0.467865	-0.524620	0.711249	0.142636	-0.749391	-0.646581	-102.595711	-217.159805	847.147461	
0.879162	0.286751	-0.380588	0.476235	-0.500977	0.722649	0.016555	-0.816575	-0.577001	-109.720695	-221.973679	864.608459	
0.888052	0.182114	-0.422135	0.453509	-0.497703	0.739338	-0.075454	-0.848012	-0.524577	-111.992805	-229.584854	879.107178	
0.851500	0.122756	-0.509782	0.502029	-0.471523	0.725005	-0.151375	-0.873267	-0.463129	-113.419876	-233.390976	884.385315	
0.832600	0.073253	-0.549009	0.520433	-0.442678	0.730196	-0.189544	-0.893682	-0.406697	-114.303093	-235.802155	893.549255	
0.785849	0.033734	-0.617497	0.572162	-0.418572	0.705286	-0.234674	-0.907556	-0.348236	-113.548637	-241.256699	909.963928	
0.728236	-0.007719	-0.685282	0.628278	-0.391899	0.672073	-0.273748	-0.919975	-0.280545	-112.338730	-245.283325	914.269714	
0.694148	-0.049432	-0.718133	0.654974	-0.370482	0.658599	-0.298611	-0.927522	-0.224793	-108.813828	-245.870850	919.440613	
0.627814	-0.079658	-0.774276	0.695486	-0.389249	0.603973	-0.349497	-0.917681	-0.188975	-105.036697	-247.613937	928.286377	
0.574692	-0.151465	-0.804230	0.699107	-0.419987	0.578671	-0.425415	-0.894800	-0.135473	-95.544266	-247.146835	941.106506	
0.518044	-0.205798	-0.830227	0.685707	-0.480294	0.546922	-0.511308	-0.852622	-0.107695	-90.614655	-246.397949	944.827148	
0.477743	-0.217876	-0.851053	0.710677	-0.473639	0.520197	-0.516430	-0.853343	-0.071438	-78.733917	-243.293274	947.975891	
0.411549	-0.259632	-0.873623	0.704989	-0.516806	0.485698	-0.577596	-0.815783	-0.029653	-72.041023	-239.971954	955.087708	
0.355375	-0.278562	-0.892251	0.696534	-0.557647	0.451521	-0.623337	-0.781941	-0.004146	-57.111149	-234.431213	963.925049	
0.277285	-0.254904	-0.926356	0.712532	-0.592232	0.376245	-0.644524	-0.764384	0.017411	-48.547878	-229.159531	973.715881	
0.220195	-0.211545	-0.952241	0.742881	-0.596287	0.304251	-0.632172	-0.774396	0.025854	-39.674896	-222.178665	980.296753	
0.179247	-0.202042	-0.962834	0.737650	-0.619967	0.267420	-0.650955	-0.758168	0.037909	-30.157928	-213.993484	983.065613	
0.106787	-0.157872	-0.981668	0.719366	-0.669296	0.185890	-0.686373	-0.726029	0.042096	-20.642059	-204.468155	983.164368	
0.076589	-0.133622	-0.988068	0.731617	-0.665736	0.146742	-0.677400	-0.734125	0.046772	-10.925610	-194.775269	990.259033	
0.036083	-0.068071	-0.997028	0.746860	-0.661054	0.072162	-0.664001	-0.747244	0.026987	7.857560	-188.190994	1018.549988	
0.036083	-0.068071	-0.997028	0.746860	-0.661054	0.072162	-0.664001	-0.747244	0.026987	7.857560	-188.190994	1018.549988	
0.036083	-0.068071	-0.997028	0.746860	-0.661054	0.072162	-0.664001	-0.747244	0.026987	7.857560	-188.190994	1018.549988	
-0.023594	0.139115	-0.989995	0.637697	-0.760554	-0.122071	-0.769926	-0.634197	-0.070768	43.972115	-147.808289	1009.555176	
-0.002456	0.220932	-0.975286	0.610022	-0.772472	-0.176525	-0.792381	-0.595379	-0.132876	52.325809	-133.791061	1009.515991	
0.000697	0.279899	-0.960029	0.590345	-0.775005	-0.225525	-0.807151	-0.566591	-0.165777	68.511032	-119.608765	1008.148438	
0.045438	0.314927	-0.948027	0.549819	-0.800220	-0.239474	-0.834047	-0.510363	-0.209514	75.689041	-111.862831	1004.441589	
0.094166	0.342439	-0.934809	0.521034	-0.817070	-0.246823	-0.848326	-0.463825	-0.255363	88.799332	-103.963036	1001.217346	
0.126792	0.395810	-0.909537	0.548086	-0.792208	-0.268346	-0.826757	-0.464481	-0.317383	100.121429	-95.903114	997.085510	
0.188688	0.403048	-0.895516	0.487316	-0.830130	-0.270940	-0.852596	-0.385277	-0.353047	110.152603	-80.928963	996.783203	
0.256705	0.405131	-0.877480	0.437169	-0.858390	-0.268424	-0.861967	-0.314701	-0.397463	114.044312	-65.547256	996.102966	
0.333461	0.404461	-0.851596	0.393997	-0.880420	-0.263872	-0.856488	-0.247536	-0.452941	117.128334	-51.329979	991.981995	
0.415698	0.397484	-0.818047	0.363041	-0.897201	-0.251461	-0.833905	-0.192453	-0.517267	121.137589	-44.430000	986.501099	
0.479099	0.356269	-0.802208	0.339219	-0.918070	-0.205134	-0.809565	-0.173845	-0.560698	122.723007	-29.296282	981.871582	
0.523987	0.338366	-0.781631	0.318437	-0.928978	-0.188679	-0.789960	-0.150035	-0.594520	123.278366	-15.700573	979.531250	
0.593896	0.287666	-0.751356	0.245504	-0.954150	-0.171254	-0.766170	-0.082754	-0.637288	120.261642	-2.202370	976.086548	
0.621500	0.256194	-0.740340	0.215309	-0.964485	-0.153011	-0.753247	-0.064305	-0.654587	115.122108	3.531975	965.520447	
0.667616	0.176228	-0.723348	0.133484	-0.984172	-0.116571	-0.732442	-0.018731	-0.680572	112.187080	9.386658	964.929077	
0.695585	0.134991	-0.705648	0.103068	-0.990780	-0.087939	-0.711012	-0.011561	-0.703085	104.014671	20.761225	956.684937	
0.733504	0.090507	-0.673632	0.082039	-0.995639	-0.044439	-0.674716	-0.022668	-0.737730	93.186661	25.454304	946.688477	
0.766615	-0.004201	-0.642094	0.008285	-0.999831	0.016433	-0.642054	-0.017917	-0.766451	86.631882	30.685438	936.164001	
0.795977	-0.058891	-0.602456	-0.025710	-0.997648	0.063553	-0.604782	-0.035098	-0.795618	73.546387	38.711010	933.584167	
0.810202	-0.113512	-0.575055	-0.037406	-0.989083	0.142537	-0.584956	-0.093973	-0.805603	65.807564	44.810356	927.175110	
0.828056	-0.171774	-0.533683	-0.052214	-0.971399	0.231645	-0.558210	-0.163949	-0.813341	50.129822	47.440105	920.157227	
0.822183	-0.232719	-0.519478	-0.064826	-0.944952	0.320724	-0.565521	-0.230018	-0.792010	32.188408	51.219547	906.481995	
0.804253	-0.346608	-0.482743	-0.174513	-0.914235	0.365679	-0.568088	-0.209853	-0.795763	14.300796	53.895618	894.827148	
0.767675	-0.461167	-0.444972	-0.246986	-0.853633	0.458596	-0.591332	-0.242150	-0.769215	5.703332	54.814610	880.501343	
0.708787	-0.567988	-0.418342	-0.349564	-0.797908	0.491070	-0.612720	-0.201827	-0.764095	-12.966312	54.450272	866.253784	
0.636395	-0.666024	-0.389119	-0.395221	-0.714749	0.577005	-0.662422	-0.213415	-0.718089	-32.663303	53.769299	865.703430	
0.555262	-0.750774	-0.357803	-0.409661	-0.621310	0.667947	-0.723784	-0.224308	-0.652552	-52.044804	52.706299	861.333069	
0.459107	-0.827629	-0.322879	-0.415943	-0.521405	0.745070	-0.784992	-0.207768	-0.583628	-70.583290	49.275291	856.956482	
0.407262	-0.867291	-0.286259	-0.422891	-0.456880	0.782576	-0.809506	-0.197657	-0.552840	-79.800911	44.420677	852.922363	
0.348246	-0.902152	-0.254653	-0.364095	-0.380505	0.850089	-0.863805	-0.203322	-0.460978	-87.886826	38.744781	832.673401	
0.276662	-0.938619	-0.206044	-0.378674	-0.303549	0.874337	-0.883213	-0.163872	-0.439411	-105.341583	35.268127	821.463928	
0.151034	-0.970193	-0.189513	-0.319394	-0.229325	0.919455	-0.935509	-0.078340	-0.344510	-120.848450	31.451859	804.291443	
-0.004580	-0.983757	-0.179453	-0.224718	-0.173853	0.958790	-0.974413	0.044718	-0.220271	-133.559891	25.804714	791.849731	
-0.081954	-0.982756	-0.165758	-0.120170	-0.155361	0.980522	-0.989365	0.100276	-0.105365	-145.941483	21.004105	775.937988	
-0.220076	-0.965865	-0.136655	-0.024741	-0.134518	0.990603	-0.975169	0.221389	0.005708	-150.690582	14.669745	763.723022	
-0.286558	-0.950387	-0.121043	0.084529	-0.150930	0.984924	-0.954327	0.272006	0.123585	-159.009216	7.990707	756.852173	
-0.346495	-0.931520	-0.110513	0.132374	-0.165189	0.977338	-0.928665	0.324014	0.180546	-162.764908	0.991593	746.042419	
-0.469277	-0.876935	-0.103764	0.208925	-0.224429	0.951831	-0.857980	0.424994	0.288532	-167.847427	-12.901021	732.639893	
-0.528696	-0.844603	-0.084421	0.289640	-0.273002	0.917376	-0.797865	0.460562	0.388966	-168.974045	-26.353100	718.717590	
-0.636425	-0.768143	-0.070154	0.303830	-0.333247	0.892544	-0.708979	0.546722	0.445471	-169.612396	-34.236462	715.753906	
-0.686797	-0.724582	-0.057382	0.325363	-0.377070	0.867154	-0.649961	0.576889	0.494723	-167.704590	-41.266136	708.701599	
-0.776541	-0.628408	-0.045691	0.343092	-0.482563	0.805866	-0.528462	0.610113	0.590332	-166.625320	-48.528526	704.178467	
-0.856393	-0.515061	-0.036104	0.304844	-0.560823	0.769771	-0.416727	0.648221	0.637298	-161.074585	-64.103333	694.071594	
-0.914130	-0.403295	-0.041476	0.249253	-0.639745	0.727049	-0.319749	0.654279	0.685332	-158.248795	-72.288689	680.753723	
-0.965001	-0.262216	-0.004079	0.192621	-0.719266	0.667498	-0.177963	0.643351	0.744600	-154.428452	-88.309914	677.177429	
-0.980016	-0.197704	-0.021969	0.156327	-0.833757	0.529539	-0.123009	0.515523	0.848001	-142.918259	-96.555016	670.488525	
-0.990931	-0.134371	-0.001199	0.118520	-0.878169	0.463437	-0.063325	0.459092	0.886129	-128.902832	-110.517471	660.856018	
-0.999801	0.014642	0.013569	-0.009302	-0.943114	0.332340	0.017663	0.332148	0.943062	-115.043671	-117.922836	653.621582	
-0.988940	0.147794	0.012482	-0.141915	-0.967339	0.210038	0.043116	0.205944	0.977614	-107.072159	-125.593277	651.752502	
-0.975594	0.217184	0.032364	-0.210666	-0.967333	0.141024	0.061935	0.130764	0.989477	-89.384850	-132.410110	639.029114	
-0.958215	0.283977	0.034371	-0.282271	-0.958173	0.047210	0.046340	0.035536	0.998294	-80.562584	-138.324600	625.819885	
-0.910849	0.411006	0.037795	-0.411522	-0.911375	-0.006736	0.031677	-0.021689	0.999263	-71.350243	-143.647034	615.935913	
-0.880871	0.471613	0.040591	-0.472807	-0.872481	-0.123420	-0.022791	-0.127909	0.991524	-62.181084	-154.824066	605.402222	
-0.846226	0.530012	0.054668	-0.526096	-0.814880	-0.243299	-0.084403	-0.234646	0.968410	-52.378033	-159.622726	597.652527	
-0.760841	0.627643	0.164882	-0.642188	-0.691664	-0.330450	-0.093361	-0.357305	0.929311	-33.267162	-166.968475	585.520386	
-0.670646	0.740117	0.049622	-0.688318	-0.595983	-0.413551	-0.276502	-0.311501	0.909129	-23.407103	-173.004639	589.491455	
-0.561828	0.826810	0.027114	-0.709989	-0.465106	-0.528765	-0.424577	-0.316325	0.848336	-4.456352	-179.805817	582.343262	
-0.438979	0.898429	0.011123	-0.725468	-0.347111	-0.594315	-0.530088	-0.268961	0.804156	13.685206	-185.424835	577.515381	
-0.314486	0.949124	0.016249	-0.722873	-0.228354	-0.652157	-0.615267	-0.216840	0.757910	21.968237	-188.699768	566.601990	
-0.181831	0.983231	0.013960	-0.661467	-0.111797	-0.741595	-0.727598	-0.144079	0.670703	29.926830	-191.325836	567.348450	
-0.043331	0.999025	0.008533	-0.577278	-0.018065	-0.816349	-0.815398	-0.040299	0.577498	44.854218	-193.027496	566.310852	
0.096730	0.995304	-0.003680	-0.466159	0.042037	-0.883702	-0.879397	0.087196	0.468036	51.864658	-193.079300	561.788574	
0.164373	0.986362	-0.008492	-0.402990	0.059294	-0.913282	-0.900323	0.153541	0.407241	63.305008	-192.740158	558.789612	
0.232809	0.972288	-0.021396	-0.338688	0.060434	-0.938956	-0.911642	0.225844	0.343372	68.163666	-191.602142	555.687134	
0.301916	0.952711	-0.034482	-0.218997	0.034107	-0.975130	-0.927840	0.301958	0.218939	72.691856	-189.580338	554.454834	
0.367202	0.929148	-0.042978	-0.157198	0.016451	-0.987431	-0.916762	0.369342	0.152101	77.526695	-184.820984	554.031006	
0.492672	0.868817	-0.049319	-0.044079	-0.031687	-0.998526	-0.869098	0.494120	0.022685	79.038643	-182.511993	554.667358	
0.552590	0.830777	-0.066742	0.047735	-0.111495	-0.992619	-0.832085	0.545326	-0.101268	79.809486	-177.065262	556.377380	
0.610302	0.788504	-0.076115	0.091885	-0.165899	-0.981853	-0.786822	0.592233	-0.173700	79.738762	-172.999557	556.433105	
0.663326	0.742201	-0.095583	0.117100	-0.229103	-0.966334	-0.739112	0.629802	-0.238881	75.661888	-163.630722	557.491577	
0.756451	0.645073	-0.107998	0.161639	-0.344379	-0.924812	-0.633762	0.682118	-0.364774	69.547089	-158.820969	559.662292	
0.797304	0.591597	-0.119665	0.205670	-0.452684	-0.867628	-0.567456	0.667152	-0.482600	65.673584	-153.830505	560.294739	
0.831771	0.535359	-0.146794	0.190023	-0.523050	-0.830850	-0.521583	0.663182	-0.536788	60.717163	-148.315384	561.751587	
0.864325	0.473385	-0.169854	0.199418	-0.632619	-0.748350	-0.461710	0.612944	-0.641189	55.068359	-136.400726	564.942139	
0.918307	0.348245	-0.188253	0.148183	-0.743357	-0.652275	-0.367090	0.571093	-0.734233	42.416679	-129.945023	570.115356	
0.937378	0.282173	-0.204209	0.109164	-0.794735	-0.597059	-0.330766	0.537378	-0.775770	28.161427	-123.423775	575.287109	
0.950819	0.216062	-0.221948	0.085406	-0.871641	-0.482649	-0.297740	0.439956	-0.847225	20.019619	-116.580452	583.572998	
0.964103	0.080754	-0.252951	-0.034843	-0.905919	-0.422016	-0.263232	0.415681	-0.870586	2.593573	-109.670822	592.489563	
0.957867	0.013537	-0.286893	-0.093617	-0.929621	-0.356429	-0.271526	0.368270	-0.889186	-15.402066	-95.322105	598.844971	
0.944120	-0.120181	-0.306912	-0.196263	-0.953065	-0.230540	-0.264800	0.277893	-0.923395	-34.402409	-87.992020	605.877136	
0.906322	-0.248484	-0.341814	-0.297934	-0.949352	-0.099835	-0.299694	0.192321	-0.934450	-44.092697	-73.165169	612.509949	
0.849268	-0.366018	-0.380495	-0.388655	-0.921195	0.018663	-0.357340	0.132031	-0.924595	-53.817738	-65.835327	619.228394	
0.810004	-0.424153	-0.404955	-0.395230	-0.905005	0.157357	-0.433229	0.032591	-0.900695	-73.816132	-51.885498	635.498657	
0.730591	-0.524006	-0.437784	-0.480688	-0.850055	0.215284	-0.484950	0.053153	-0.872926	-93.615128	-44.709366	640.925964	
0.636976	-0.610347	-0.470891	-0.553690	-0.787250	0.271416	-0.536366	0.087842	-0.839402	-112.343781	-38.385315	654.203186	
0.581047	-0.635930	-0.507916	-0.512323	-0.770706	0.378864	-0.632383	0.040079	-0.773619	-130.610016	-32.247883	667.156555	
0.523911	-0.658165	-0.540682	-0.466311	-0.752824	0.464555	-0.712791	0.008741	-0.701322	-139.432281	-20.023594	673.978088	
0.414646	-0.704152	-0.576402	-0.502661	-0.705250	0.499957	-0.758551	0.082429	-0.646379	-147.310547	-7.088908	679.149414	
0.309834	-0.740649	-0.596190	-0.539494	-0.653279	0.531202	-0.782911	0.157056	-0.601983	-154.694977	-1.944905	689.758606	
0.198085	-0.759044	-0.620175	-0.508515	-0.620485	0.597003	-0.837959	0.197111	-0.508893	-167.280380	2.920199	693.106262	
0.141691	-0.743527	-0.653524	-0.426502	-0.641619	0.637513	-0.893320	0.188399	-0.408027	-178.847427	8.223793	705.979126	
0.034000	-0.724325	-0.688622	-0.448170	-0.626909	0.637284	-0.893302	0.286951	-0.345935	-183.089783	16.826767	711.536804	
-0.062809	-0.683735	-0.727023	-0.411009	-0.646101	0.643139	-0.909465	0.339208	-0.240440	-188.463669	21.331581	718.947571	
-0.101372	-0.638375	-0.763022	-0.394434	-0.678326	0.619918	-0.913316	0.363803	-0.183033	-191.604294	28.439987	737.659302	
-0.145335	-0.607520	-0.780896	-0.377667	-0.695446	0.611331	-0.914465	0.383766	-0.128367	-193.051941	35.204254	742.929749	
-0.183159	-0.578493	-0.794859	-0.303847	-0.735637	0.605407	-0.934949	0.352401	-0.041034	-194.393112	37.074036	760.807678	
-0.246450	-0.527250	-0.813186	-0.287106	-0.761684	0.580870	-0.925653	0.376625	0.036341	-194.742722	38.731277	771.861572	
-0.270724	-0.491260	-0.827873	-0.286154	-0.780048	0.556456	-0.919143	0.387545	0.070602	-189.947662	40.149731	784.674500	
-0.286686	-0.448486	-0.846565	-0.288273	-0.802320	0.522669	-0.913624	0.393884	0.100729	-184.627151	41.839367	789.633972	
-0.298810	-0.413596	-0.860030	-0.291463	-0.818591	0.494934	-0.908714	0.398558	0.124056	-177.645126	42.233082	801.477234	
-0.292866	-0.348244	-0.890481	-0.303745	-0.849190	0.431993	-0.906625	0.396995	0.142922	-174.118164	41.978699	821.220032	
-0.281951	-0.284733	-0.916205	-0.315661	-0.874254	0.368836	-0.906014	0.393203	0.156618	-163.095612	40.502808	828.950134	
-0.270468	-0.246702	-0.930584	-0.250080	-0.915426	0.315367	-0.929681	0.318017	0.185899	-156.658142	37.830612	841.079041	
-0.274651	-0.191358	-0.942311	-0.262690	-0.927785	0.264973	-0.924965	0.320311	0.204550	-142.147507	35.657879	855.381042	
-0.251569	-0.116338	-0.960822	-0.336229	-0.920413	0.199479	-0.907559	0.373239	0.192432	-134.811188	30.822666	877.118286	
-0.219948	-0.091900	-0.971174	-0.280301	-0.947617	0.153153	-0.934374	0.305906	0.182667	-117.753334	24.482384	886.944458	
-0.200417	-0.068073	-0.977343	-0.218421	-0.969371	0.112308	-0.955052	0.235980	0.179411	-99.674881	17.663008	898.502136	
-0.180540	-0.042207	-0.982662	-0.200455	-0.976532	0.078772	-0.962924	0.211200	0.167844	-80.720123	13.944771	906.055908	
-0.196654	-0.033385	-0.979905	-0.167484	-0.983588	0.067122	-0.966062	0.177318	0.187835	-61.904453	4.851553	945.661377	
-0.182289	-0.054724	-0.981721	-0.090498	-0.993279	0.072173	-0.979071	0.102000	0.176112	-40.686356	-1.124601	955.916748	
-0.052087	-0.027881	-0.998254	-0.040801	-0.998717	0.030023	-0.997809	0.042294	0.050884	-30.141129	-7.687979	932.917358	
0.081928	-0.019795	-0.996442	-0.218033	-0.975941	0.001461	-0.972496	0.217138	-0.084272	-20.548077	-16.126400	937.822876	
0.163655	0.001764	-0.986517	-0.252204	-0.966693	-0.043567	-0.953735	0.255933	-0.157758	-3.852617	-21.656693	959.489990	
0.241651	-0.092386	-0.965956	-0.295117	-0.955301	0.017538	-0.924397	0.280831	-0.258113	16.905420	-27.699305	958.917236	
0.267840	-0.169664	-0.948408	-0.405666	-0.912723	0.048716	-0.873897	0.371689	-0.313290	26.706137	-34.975838	968.298950	
0.278098	-0.212877	-0.936668	-0.354560	-0.929021	0.105870	-0.892720	0.302662	-0.333835	34.815994	-48.008377	970.132202	
0.322847	-0.274575	-0.905749	-0.294780	-0.938565	0.179451	-0.899374	0.209061	-0.383951	50.658211	-61.492424	976.996338	
0.339697	-0.323839	-0.883027	-0.244239	-0.937021	0.249683	-0.908269	0.130853	-0.397397	64.300659	-68.188431	988.507874	
0.309481	-0.394190	-0.865354	-0.311939	-0.901758	0.299212	-0.898285	0.177337	-0.402039	77.039169	-82.954849	990.979187	
0.288401	-0.490660	-0.822241	-0.392811	-0.843768	0.365728	-0.873226	0.217508	-0.436080	86.774872	-89.744202	993.015686	
0.235244	-0.559434	-0.794792	-0.385630	-0.804345	0.452019	-0.892160	0.200161	-0.404952	91.829491	-103.785957	994.363220	
0.161970	-0.613659	-0.772780	-0.437954	-0.746473	0.500976	-0.884286	0.257299	-0.389661	94.601273	-111.090057	996.583191	
0.135146	-0.691401	-0.709719	-0.436150	-0.684674	0.583949	-0.889667	0.230626	-0.394085	97.741737	-118.333351	1000.951660	
0.094311	-0.724654	-0.682630	-0.419505	-0.650765	0.632869	-0.902840	0.226680	-0.365370	99.244438	-131.799973	1004.354309	
-0.005509	-0.761571	-0.648059	-0.439469	-0.580288	0.685664	-0.898240	0.288579	-0.331490	99.584641	-144.898926	1005.959473	
-0.107431	-0.783273	-0.612326	-0.451240	-0.510387	0.732045	-0.885912	0.354950	-0.298613	98.766098	-151.078644	1007.079346	
-0.164216	-0.802277	-0.573921	-0.359109	-0.493273	0.792291	-0.918734	0.336207	-0.207101	97.148621	-162.548355	1005.581543	
-0.223450	-0.813864	-0.536373	-0.322130	-0.457707	0.828697	-0.919946	0.357954	-0.159895	90.062363	-173.588043	1004.962463	
-0.339729	-0.824647	-0.452263	-0.285368	-0.367817	0.885030	-0.896186	0.429731	-0.110369	85.870422	-179.581131	1008.633606	
-0.395884	-0.822820	-0.407730	-0.175155	-0.368196	0.913102	-0.901441	0.432897	0.001642	75.632385	-184.985611	1009.405151	
-0.514884	-0.773337	-0.369926	-0.095150	-0.377303	0.921190	-0.851962	0.509504	0.120685	62.930344	-188.268723	1000.922241	
-0.654382	-0.702825	-0.278966	0.005754	-0.373541	0.927597	-0.756142	0.605397	0.248482	56.001446	-192.377487	1000.797363	
-0.742568	-0.643210	-0.186747	0.082366	-0.364405	0.927592	-0.664686	0.673418	0.323574	48.412910	-200.315063	1005.089172	
-0.826322	-0.556259	-0.088140	0.148043	-0.365529	0.918952	-0.543392	0.746302	0.384395	39.741997	-202.318222	996.637024	
-0.896908	-0.442019	0.013233	0.234032	-0.449065	0.862305	-0.375212	0.776505	0.506217	30.704664	-207.289291	997.498901	
-0.941020	-0.333817	0.055208	0.243704	-0.555519	0.794989	-0.234712	0.761555	0.604107	11.819398	-209.438202	987.076233	
-0.957249	-0.269089	0.106138	0.255051	-0.612063	0.748551	-0.136464	0.743621	0.654528	2.293647	-211.011429	985.342102	
-0.965735	-0.216516	0.143097	0.253451	-0.668191	0.699489	-0.055834	0.711789	0.700171	-16.957205	-210.819885	977.099915	
-0.966669	-0.137772	0.215801	0.247558	-0.717977	0.650557	0.065312	0.682297	0.728152	-27.151461	-211.627487	980.096985	
-0.949661	-0.098436	0.297412	0.269206	-0.741950	0.614036	0.160222	0.663191	0.731100	-45.360939	-210.475220	967.867676	
-0.904025	0.054950	0.423934	0.153390	-0.883963	0.441681	0.399012	0.464319	0.790695	-56.653278	-209.890884	972.910217	
-0.840392	0.155878	0.519080	0.057921	-0.926433	0.371980	0.538875	0.342675	0.769537	-66.472214	-204.961884	960.168396	
-0.778555	0.258976	0.571650	-0.120640	-0.955657	0.268641	0.615871	0.140188	0.775274	-76.675072	-203.920105	951.799072	
-0.716077	0.336540	0.611535	-0.306387	-0.938731	0.157840	0.627185	-0.074340	0.775315	-92.745300	-197.483994	944.423401	
-0.672673	0.363045	0.644755	-0.393679	-0.913394	0.103584	0.626519	-0.184148	0.757339	-101.538971	-194.628937	933.269958	
-0.592582	0.423042	0.685480	-0.534827	-0.842977	0.057894	0.602334	-0.332306	0.725787	-109.896034	-190.627609	927.178894	
-0.469056	0.437080	0.767429	-0.697949	-0.715900	-0.018857	0.541159	-0.544472	0.640857	-122.544312	-181.094864	919.631287	
-0.382161	0.457202	0.803069	-0.808894	-0.585697	-0.051485	0.446815	-0.669273	0.593658	-128.681824	-171.023514	916.189270	
-0.303996	0.467229	0.830232	-0.916088	-0.382555	-0.120143	0.261474	-0.797089	0.544318	-133.620087	-161.194565	906.566956	
-0.247951	0.439054	0.863570	-0.961533	-0.220299	-0.164076	0.118205	-0.871035	0.476789	-140.651047	-148.622238	894.988708	
-0.171585	0.371044	0.912626	-0.984655	-0.034695	-0.171022	-0.031794	-0.927968	0.371304	-142.884201	-135.455063	888.151794	
-0.123652	0.267615	0.955559	-0.972979	0.156516	-0.169741	-0.194986	-0.950729	0.241031	-144.156921	-122.254372	878.379822	
-0.051893	0.184481	0.981465	-0.936172	0.333179	-0.112124	-0.347689	-0.924640	0.155417	-144.692810	-108.268417	862.390320	
-0.026399	0.134634	0.990544	-0.888133	0.451646	-0.085057	-0.458826	-0.881981	0.107650	-142.751633	-100.933075	856.562073	
-0.007604	0.073239	0.997286	-0.816782	0.574907	-0.048447	-0.576895	-0.814935	0.055449	-139.211273	-94.470398	851.572021	
0.002996	-0.043786	0.999037	-0.705549	0.707885	0.033142	-0.708654	-0.704970	-0.028772	-133.196732	-79.604019	834.803894	
-0.007420	-0.104399	0.994508	-0.518974	0.850512	0.085411	-0.854757	-0.515491	-0.060491	-129.089462	-71.644417	824.354980	
-0.034522	-0.229267	0.972752	-0.357928	0.911604	0.202153	-0.933110	-0.341197	-0.113531	-118.093536	-63.345379	804.905212	
-0.061051	-0.280327	0.957962	-0.251937	0.933004	0.256968	-0.965815	-0.225659	-0.127586	-112.760445	-55.570015	803.942993	
-0.116960	-0.388045	0.914190	-0.164621	0.915349	0.367475	-0.979397	-0.107516	-0.170939	-105.976440	-40.954689	800.303955	
-0.156601	-0.430274	0.889012	-0.070727	0.902692	0.424436	-0.985126	0.003590	-0.171794	-98.006546	-26.697779	787.067749	
-0.199944	-0.469228	0.860145	0.077429	0.867559	0.491271	-0.976743	0.164826	-0.137131	-81.463463	-12.042798	769.032166	
-0.270666	-0.490213	0.828512	0.276247	0.784890	0.554649	-0.922186	0.378999	-0.077023	-72.486946	-5.690189	762.760132	
-0.326649	-0.514388	0.792910	0.355381	0.710521	0.607343	-0.875788	0.480173	-0.049287	-63.277454	1.655583	752.308716	
-0.392396	-0.525657	0.754792	0.473453	0.588116	0.655715	-0.788585	0.614659	0.018100	-52.256283	8.050125	730.048828	
-0.415584	-0.559832	0.716854	0.503627	0.514656	0.693894	-0.757396	0.649399	0.068064	-33.339706	20.141830	714.980774	
-0.531994	-0.580534	0.616412	0.548159	0.318725	0.773263	-0.645370	0.749264	0.148665	-23.381407	30.372219	709.741455	
-0.612050	-0.600275	0.514846	0.556385	0.135789	0.819754	-0.561988	0.788183	0.250875	-13.493532	34.925461	697.653564	
-0.701907	-0.545753	0.457691	0.570959	-0.046947	0.819635	-0.425830	0.836631	0.344555	-2.895605	43.000984	691.030396	
-0.754248	-0.520538	0.400188	0.542775	-0.151346	0.826130	-0.369465	0.840318	0.396687	7.516623	46.617012	677.007202	
-0.828521	-0.447940	0.336013	0.501931	-0.328085	0.800266	-0.248230	0.831692	0.496660	17.427889	50.343498	667.706116	
-0.905834	-0.364922	0.215170	0.388198	-0.511671	0.766483	-0.169610	0.777834	0.605151	35.316025	53.659492	655.223145	
-0.943770	-0.319179	0.086158	0.281307	-0.638392	0.716466	-0.173679	0.700415	0.692283	51.089207	56.155701	645.471436	
-0.976327	-0.215755	0.015345	0.174847	-0.745469	0.643200	-0.127335	0.630656	0.765546	58.255932	57.911613	642.291748	
-0.984768	-0.164312	-0.056866	0.096875	-0.790088	0.605291	-0.144386	0.590562	0.793971	71.767479	59.176720	637.035522	
-0.986624	-0.108994	-0.121212	0.022883	-0.828836	0.559024	-0.161396	0.548773	0.820245	82.873901	59.272343	628.939819	
-0.982259	0.002319	-0.187513	-0.091850	-0.877725	0.470281	-0.163495	0.479160	0.862367	91.871078	58.108250	619.551025	
-0.966685	0.055495	-0.249880	-0.159719	-0.893629	0.419426	-0.200024	0.445363	0.872722	95.964684	56.798615	611.937195	
-0.937586	0.157161	-0.310214	-0.271318	-0.888596	0.369846	-0.217530	0.430928	0.875776	98.340401	53.137703	599.635010	
-0.894358	0.251823	-0.369741	-0.375874	-0.871183	0.315848	-0.242574	0.421457	0.873804	99.914879	50.826180	597.405701	
-0.855197	0.292008	-0.428217	-0.414649	-0.881155	0.227227	-0.310973	0.371884	0.874643	100.848061	44.915188	594.119812	
-0.810165	0.326577	-0.486806	-0.457863	-0.871100	0.177615	-0.366052	0.366787	0.855263	99.439568	37.866669	588.297180	
-0.726314	0.339972	-0.597400	-0.483020	-0.870795	0.091695	-0.489039	0.355155	0.796685	95.806923	29.078333	585.545044	
-0.649409	0.393023	-0.651000	-0.555326	-0.829948	0.052911	-0.519501	0.395878	0.757232	92.877220	19.885323	582.036804	
-0.530509	0.402194	-0.746190	-0.619470	-0.784828	0.017397	-0.578634	0.471471	0.665506	85.134430	14.056541	580.207947	
-0.407669	0.383080	-0.828889	-0.674210	-0.738477	-0.009701	-0.615830	0.554890	0.559331	74.820724	7.775268	574.427734	
-0.349544	0.363478	-0.863541	-0.654033	-0.754615	-0.052888	-0.670864	0.546297	0.501499	63.351025	0.952673	573.318420	
-0.290372	0.326915	-0.899340	-0.630096	-0.772648	-0.077420	-0.720182	0.544189	0.430344	49.471645	-6.072736	566.657043	
-0.229950	0.260013	-0.937826	-0.626132	-0.777252	-0.061969	-0.745038	0.572952	0.341532	35.155674	-17.701427	554.919739	
-0.140450	0.216386	-0.966154	-0.607953	-0.789044	-0.088340	-0.781452	0.574968	0.242374	25.991833	-27.424877	570.613708	
-0.073841	0.178706	-0.981129	-0.621475	-0.777669	-0.094874	-0.779946	0.602741	0.168485	9.088549	-36.210785	582.658936	
-0.011237	-0.000749	-0.999937	-0.607666	-0.794159	0.007425	-0.794113	0.607710	0.008470	-0.342407	-43.053421	567.559998	
0.031897	-0.073087	-0.996815	-0.560146	-0.827291	0.042734	-0.827780	0.556999	-0.067327	-21.044701	-58.705200	572.031982	
0.031897	-0.073087	-0.996815	-0.560146	-0.827291	0.042734	-0.827780	0.556999	-0.067327	-21.044701	-58.705200	572.031982	
0.031897	-0.073087	-0.996815	-0.560146	-0.827291	0.042734	-0.827780	0.556999	-0.067327	-21.044701	-58.705200	572.031982	
0.067036	-0.404248	-0.912189	-0.669557	-0.696046	0.259256	-0.739730	0.593383	-0.317328	-81.662704	-96.528038	571.404724	
0.033275	-0.528367	-0.848364	-0.679811	-0.634192	0.368316	-0.732632	0.564471	-0.380293	-92.303032	-103.588417	574.704407	
-0.018291	-0.643390	-0.765320	-0.683585	-0.550549	0.479174	-0.729642	0.531926	-0.429742	-102.775223	-111.480934	580.481750	
-0.054782	-0.691242	-0.720543	-0.652317	-0.521568	0.549954	-0.755963	0.500150	-0.422337	-121.718979	-118.777824	582.822083	
-0.134143	-0.775535	-0.616888	-0.627501	-0.415330	0.658593	-0.766973	0.475443	-0.430935	-131.225006	-132.586349	590.347412	
-0.214920	-0.801404	-0.558177	-0.625465	-0.325999	0.708885	-0.750068	0.501473	-0.431186	-147.037994	-145.399063	594.584167	
-0.299872	-0.813924	-0.497598	-0.583067	-0.256465	0.770882	-0.755056	0.521298	-0.397666	-154.259537	-157.617279	596.524902	
-0.363444	-0.852777	-0.375071	-0.496025	-0.163656	0.852746	-0.788585	0.495970	-0.363519	-167.643799	-168.887238	603.901062	
-0.459796	-0.854199	-0.242755	-0.426297	-0.027488	0.904165	-0.779010	0.519217	-0.351505	-173.906021	-174.386322	610.457214	
-0.509718	-0.854007	-0.104199	-0.309503	0.069014	0.948391	-0.802742	0.515662	-0.299495	-183.795288	-184.298309	618.271118	
-0.548833	-0.835215	0.034587	-0.204198	0.174075	0.963328	-0.810607	0.521644	-0.266088	-191.468109	-188.406708	624.948242	
-0.577849	-0.797542	0.173250	-0.093494	0.275569	0.956724	-0.810770	0.536644	-0.233803	-197.067184	-192.277252	628.663635	
-0.623523	-0.718098	0.309118	0.068181	0.343938	0.936514	-0.778826	0.605013	-0.165492	-200.558289	-195.133713	641.327148	
-0.645964	-0.623790	0.440017	0.235039	0.385889	0.892102	-0.726283	0.679687	-0.102656	-201.349747	-201.126282	646.456604	
-0.646308	-0.519650	0.558793	0.381252	0.414438	0.826370	-0.661009	0.747130	-0.069737	-200.486008	-204.682648	659.984741	
-0.600287	-0.441159	0.667109	0.522638	0.415003	0.744729	-0.605396	0.795707	-0.018555	-198.992477	-206.302887	669.407043	
-0.593212	-0.364053	0.718028	0.632644	0.340763	0.695443	-0.497856	0.866801	0.028172	-196.014084	-207.974304	678.327820	
-0.527459	-0.264762	0.807272	0.760889	0.275480	0.587502	-0.377935	0.924127	0.056150	-188.033417	-207.469727	683.582825	
-0.440388	-0.178110	0.879963	0.856631	0.210063	0.471228	-0.268778	0.961327	0.060066	-183.620041	-206.386536	699.863953	
-0.382961	-0.136383	0.913641	0.900705	0.164477	0.402091	-0.205112	0.976906	0.059853	-177.371109	-203.246857	708.500305	
-0.266996	-0.080463	0.960333	0.957896	0.087016	0.273609	-0.105580	0.992951	0.053842	-163.918030	-200.646698	720.376343	
-0.136305	-0.035176	0.990042	0.990155	0.027275	0.137289	-0.031832	0.999008	0.031112	-148.281021	-196.364059	736.769165	
-0.000822	-0.001751	0.999998	0.999362	-0.035700	0.000759	0.035699	0.999360	0.001779	-131.788391	-193.831543	748.289551	
0.137336	0.019022	0.990341	0.978561	-0.157529	-0.132677	0.153484	0.987330	-0.040248	-114.454277	-190.101196	762.313904	
0.208965	0.016698	0.977780	0.946386	-0.255325	-0.197896	0.246348	0.966710	-0.069157	-104.576591	-182.569336	773.106995	
0.348998	0.022404	0.936855	0.888141	-0.326884	-0.323034	0.299007	0.944798	-0.133980	-93.901779	-172.543900	785.093628	
0.471866	-0.013957	0.881559	0.803380	-0.405099	-0.436433	0.363211	0.914165	-0.179939	-75.045242	-162.725693	803.219055	
0.583393	-0.051591	0.810549	0.704222	-0.465057	-0.536464	0.404629	0.883775	-0.234980	-64.332001	-157.348114	824.201599	
0.684175	-0.113642	0.720409	0.575064	-0.523467	-0.628715	0.448560	0.844433	-0.292791	-45.090828	-146.769516	833.122131	
0.729375	-0.145749	0.668407	0.491403	-0.568136	-0.660109	0.475957	0.809924	-0.342763	-25.057903	-140.794556	845.371521	
0.796789	-0.225313	0.560677	0.344912	-0.592282	-0.728174	0.496147	0.773586	-0.394211	-6.280934	-128.698013	861.081726	
0.849982	-0.284382	0.443459	0.209385	-0.590069	-0.779728	0.483413	0.755609	-0.442003	3.444513	-115.397964	865.296387	
0.863144	-0.332790	0.379779	0.109075	-0.611470	-0.783714	0.493036	0.717882	-0.491488	12.907599	-108.739746	873.643433	
0.874973	-0.413227	0.252317	-0.044140	-0.587044	-0.808350	0.482155	0.696147	-0.531889	20.983017	-94.675598	883.935669	
0.880500	-0.459664	0.115876	-0.179396	-0.549369	-0.816094	0.438789	0.697783	-0.566182	29.048164	-80.780396	895.987549	
0.850293	-0.524011	0.049120	-0.274628	-0.521364	-0.807934	0.448977	0.673491	-0.587221	35.795002	-66.563728	912.298462	
0.802081	-0.597133	-0.009905	-0.368032	-0.481151	-0.795641	0.470339	0.641813	-0.605687	42.388565	-52.284863	931.793335	
0.757484	-0.648389	-0.076213	-0.454112	-0.439419	-0.775043	0.469041	0.621692	-0.627295	52.437923	-45.435375	945.206665	
0.717272	-0.663062	-0.214170	-0.555488	-0.358576	-0.750237	0.420658	0.657092	-0.625520	60.419270	-31.682714	951.222351	
0.683342	-0.674029	-0.280587	-0.613443	-0.321673	-0.721258	0.395892	0.664989	-0.633291	63.336903	-18.043167	956.729126	
0.621149	-0.704208	-0.343897	-0.668364	-0.246875	-0.701670	0.409223	0.665689	-0.624013	64.755875	-4.139532	961.366882	
0.581765	-0.703568	-0.408094	-0.713108	-0.199900	-0.671949	0.391185	0.681931	-0.618015	66.748688	8.794972	974.821716	
0.547640	-0.691445	-0.471162	-0.748775	-0.153699	-0.644757	0.373398	0.705888	-0.601909	65.899239	21.134336	980.769165	
0.501052	-0.686816	-0.526526	-0.783617	-0.101861	-0.612835	0.367274	0.719657	-0.589239	63.899826	26.299385	988.292297	
0.458674	-0.668013	-0.585984	-0.816995	-0.057669	-0.573753	0.349482	0.741911	-0.572214	60.710991	37.517372	1001.262634	
0.390084	-0.607597	-0.691853	-0.865015	0.015695	-0.501500	0.315570	0.794089	-0.519458	53.181644	48.827248	1004.673218	
0.344268	-0.577022	-0.740625	-0.890033	0.050529	-0.453085	0.298864	0.815163	-0.496173	47.735413	59.028259	1007.268005	
0.302876	-0.545028	-0.781800	-0.903626	0.096459	-0.417318	0.302863	0.832849	-0.463286	37.060890	67.341827	1011.644165	
0.245434	-0.512650	-0.822771	-0.911951	0.165766	-0.375320	0.328796	0.842443	-0.426827	23.775742	75.850891	1021.688416	
0.187996	-0.483764	-0.854769	-0.911796	0.237532	-0.334971	0.365083	0.842347	-0.396439	15.907771	83.232758	1025.232910	
0.151156	-0.426218	-0.891902	-0.907589	0.297693	-0.296074	0.391706	0.854233	-0.341833	0.420840	87.016510	1029.633301	
0.090181	-0.331615	-0.939095	-0.903510	0.369439	-0.217220	0.418972	0.868069	-0.266300	-16.713596	89.857224	1036.446411	
0.069984	-0.262516	-0.962386	-0.900405	0.398647	-0.174217	0.429387	0.878729	-0.208472	-34.610424	91.715622	1032.795898	
0.038057	-0.146224	-0.988519	-0.903061	0.418492	-0.096670	0.427823	0.896371	-0.116122	-43.771996	92.321548	1028.894531	
0.014342	-0.087314	-0.996077	-0.879756	0.472341	-0.054071	0.475210	0.877080	-0.070040	-53.420166	93.346123	1031.997681	
0.000314	0.046499	-0.998918	-0.852074	0.522867	0.024073	0.523421	0.851144	0.039785	-64.153908	94.006119	1040.797729	
-0.010991	0.168797	-0.985589	-0.832599	0.544308	0.102507	0.553767	0.821727	0.134558	-84.054268	93.767715	1048.904541	
-0.010656	0.234834	-0.971977	-0.806155	0.573077	0.147297	0.591608	0.785133	0.183206	-94.784988	92.746719	1055.017334	
0.006765	0.359341	-0.933181	-0.766842	0.600808	0.225796	0.641800	0.714075	0.279623	-104.984596	89.680313	1059.559570	
0.023151	0.428670	-0.903164	-0.745580	0.609246	0.270056	0.666014	0.667128	0.333713	-114.586777	85.418823	1059.365234	
0.043639	0.481079	-0.875589	-0.707614	0.633572	0.312841	0.705251	0.605927	0.368067	-123.115593	80.448486	1057.161011	
0.073083	0.527188	-0.846599	-0.676451	0.649967	0.346349	0.732853	0.547370	0.404118	-131.533386	74.458824	1055.877686	
0.108185	0.576187	-0.810125	-0.650782	0.657081	0.380432	0.751518	0.486058	0.446058	-139.145294	66.787262	1052.367798	
0.149911	0.620031	-0.770121	-0.614221	0.668784	0.418881	0.774764	0.410229	0.481094	-145.817932	63.016769	1045.802002	
0.197604	0.664404	-0.720776	-0.578835	0.672489	0.461204	0.791140	0.326074	0.517467	-151.375061	53.352386	1040.008301	
0.227197	0.691543	-0.685674	-0.573185	0.664172	0.479933	0.787299	0.283978	0.547280	-162.241776	42.649349	1038.230835	
0.279807	0.760699	-0.585699	-0.558335	0.625227	0.545303	0.781006	0.174437	0.599667	-170.324097	30.970665	1033.828857	
0.312941	0.806045	-0.502352	-0.561111	0.583651	0.586948	0.766305	0.098195	0.634929	-173.137268	26.125633	1029.482056	
0.349699	0.844149	-0.406350	-0.573735	0.535852	0.619430	0.740635	0.016524	0.671704	-177.437943	19.674700	1022.813354	
0.391701	0.873756	-0.288303	-0.582742	0.478075	0.657159	0.712027	-0.089403	0.696436	-180.447937	13.222332	1016.576477	
0.421322	0.891253	-0.167788	-0.599799	0.412608	0.685564	0.680242	-0.188204	0.708413	-179.201599	6.431313	1011.204651	
0.458719	0.886540	-0.060187	-0.609199	0.363079	0.705019	0.646881	-0.286739	0.706629	-177.144806	0.353518	1000.211548	
0.492814	0.867988	0.061065	-0.632347	0.309049	0.710371	0.597722	-0.388695	0.701173	-173.404846	-12.903950	990.960693	
0.507974	0.852028	0.126531	-0.641380	0.276082	0.715830	0.574974	-0.444777	0.686715	-170.447128	-20.317463	982.858887	
0.511225	0.825536	0.239037	-0.667179	0.205874	0.715884	0.541777	-0.525458	0.656027	-161.723389	-35.009392	973.146729	
0.518296	0.802779	0.294812	-0.680546	0.178399	0.710657	0.517907	-0.568963	0.638790	-151.870575	-42.238274	962.665039	
0.538782	0.764402	0.354123	-0.691432	0.161093	0.704253	0.481287	-0.624289	0.615325	-139.429153	-48.779793	945.845642	
0.542030	0.734963	0.407472	-0.707436	0.137353	0.693304	0.453586	-0.664051	0.594387	-132.606155	-62.954155	941.851685	
