0.998928	-0.046228	-0.002629	0.046072	0.998007	-0.043125	0.004618	0.042957	0.999067	18.086874	3.097655	545.030518	
0.989977	-0.141149	0.004846	0.141232	0.989297	-0.036659	0.000380	0.036976	0.999316	25.226673	7.411579	545.091492	
0.980786	-0.181588	0.071312	0.182669	0.983134	-0.008889	-0.068495	0.021745	0.997415	33.322922	15.787569	543.364258	
0.944833	-0.224184	0.238815	0.224166	0.974160	0.027602	-0.238832	0.027455	0.970673	43.889637	19.214396	541.943176	
0.852428	-0.270727	0.447295	0.304465	0.952516	-0.003716	-0.425050	0.139353	0.894379	52.444969	24.524830	545.849304	
0.780129	-0.322519	0.536078	0.392701	0.919484	-0.018294	-0.487015	0.224790	0.843970	68.978111	26.212725	549.663574	
0.681969	-0.358627	0.637420	0.482091	0.875818	-0.023029	-0.550006	0.322999	0.770172	76.042885	29.776213	551.135864	
0.594766	-0.338931	0.728958	0.519668	0.853943	-0.026960	-0.613351	0.394851	0.684028	82.481995	30.847031	554.120422	
0.533270	-0.331680	0.778210	0.563377	0.825491	-0.034223	-0.631054	0.456676	0.627071	88.594627	31.904886	558.085938	
0.433944	-0.310900	0.845597	0.629497	0.776087	-0.037702	-0.644536	0.548661	0.532488	99.231522	31.839767	567.756042	
0.366664	-0.321178	0.873157	0.705011	0.708306	-0.035515	-0.607056	0.628607	0.486145	103.255157	30.344873	577.325378	
0.265223	-0.276976	0.923548	0.770544	0.636663	-0.030345	-0.579585	0.719683	0.382280	105.721764	27.490263	578.842224	
0.201288	-0.250246	0.947027	0.839621	0.542029	-0.035231	-0.504500	0.802234	0.319216	108.078789	25.683422	589.147827	
0.115247	-0.154037	0.981321	0.869657	0.493037	-0.024741	-0.480016	0.856263	0.190780	110.173653	20.864033	602.082520	
0.061879	-0.108925	0.992122	0.906599	0.421869	-0.010228	-0.417431	0.900090	0.124856	110.469574	15.305497	605.348816	
0.032345	-0.070172	0.997011	0.932241	0.361806	-0.004779	-0.360389	0.929608	0.077119	108.118759	8.429618	608.007324	
0.006349	-0.061073	0.998113	0.956935	0.290070	0.011662	-0.290235	0.955054	0.060284	104.446854	4.867481	619.049072	
-0.007323	-0.010592	0.999917	0.986648	0.162622	0.008948	-0.162703	0.986631	0.009260	101.621948	-3.748848	630.723572	
-0.017115	0.174149	0.984571	0.999047	-0.036564	0.023834	0.040150	0.984040	-0.173357	96.518867	-12.672609	629.893372	
-0.014915	0.331690	0.943271	0.991824	-0.114672	0.056007	0.126744	0.936393	-0.327268	85.530945	-22.803808	622.927429	
-0.008248	0.428894	0.903317	0.983685	-0.158869	0.084413	0.179713	0.889275	-0.420587	80.738190	-28.694742	631.805054	
0.014691	0.458783	0.888427	0.967141	-0.232066	0.103848	0.253818	0.857707	-0.447117	75.271622	-35.911526	647.179871	
0.031221	0.425009	0.904651	0.950086	-0.293717	0.105201	0.310423	0.856211	-0.412965	68.595840	-49.557384	672.826111	
0.061212	0.485767	0.871943	0.937545	-0.327690	0.116743	0.342437	0.810339	-0.475487	60.055809	-56.536736	688.226624	
0.107036	0.584499	0.804303	0.909814	-0.383825	0.157855	0.400978	0.714869	-0.572869	52.136650	-70.124542	704.882263	
0.190810	0.672041	0.715509	0.854529	-0.472431	0.215848	0.483087	0.570237	-0.664423	33.473000	-84.210922	717.769470	
0.252716	0.716905	0.649755	0.813211	-0.521246	0.258826	0.524236	0.462978	-0.714723	15.169240	-98.475937	730.781250	
0.310864	0.760467	0.570134	0.797510	-0.535024	0.278797	0.517052	0.368019	-0.772800	6.275251	-104.265556	738.980042	
0.353073	0.768473	0.533657	0.751305	-0.572804	0.327776	0.557567	0.285210	-0.779599	-2.639610	-112.517410	748.751709	
0.466168	0.783066	0.411697	0.619522	-0.621149	0.479966	0.631570	0.031311	-0.774686	-10.716393	-126.912476	750.698059	
0.454156	0.771445	0.445662	0.511597	-0.635348	0.578447	0.729391	-0.034705	-0.683217	-22.029316	-141.489685	759.636475	
0.464462	0.736884	0.491199	0.370304	-0.665437	0.648127	0.804457	-0.119137	-0.581941	-29.984491	-144.666962	765.309631	
0.680509	0.716736	0.152305	0.552027	-0.638165	0.536668	0.481845	-0.281131	-0.829934	-39.849400	-161.806000	789.997009	
0.680509	0.716736	0.152305	0.552027	-0.638165	0.536668	0.481845	-0.281131	-0.829934	-39.849400	-161.806000	789.997009	
0.680509	0.716736	0.152305	0.552027	-0.638165	0.536668	0.481845	-0.281131	-0.829934	-39.849400	-161.806000	789.997009	
0.824733	0.557081	-0.097348	0.468050	-0.575782	0.670376	0.317403	-0.598445	-0.735608	-70.269653	-193.395401	824.643005	
0.836853	0.512090	-0.193498	0.475906	-0.505869	0.719451	0.270539	-0.694162	-0.667044	-83.051018	-204.681412	831.189880	
0.854290	0.442651	-0.272487	0.476616	-0.457870	0.750461	0.207429	-0.770983	-0.602128	-94.708717	-216.211166	844.477173	
0.868370	0.374205	-0.325430	0.474686	-0.437237	0.763870	0.143554	-0.817798	-0.557313	-104.039589	-221.779221	862.730896	
0.877128	0.268380	-0.398271	0.480145	-0.472121	0.739298	0.010380	-0.839687	-0.542972	-110.829987	-225.277191	874.890503	
0.886813	0.167631	-0.430653	0.454153	-0.488510	0.745053	-0.085485	-0.856305	-0.509346	-113.576645	-232.835449	889.504272	
0.849508	0.097089	-0.518566	0.494870	-0.487341	0.719446	-0.182868	-0.867798	-0.462046	-114.071663	-233.325500	883.680481	
0.833105	0.053862	-0.550486	0.508231	-0.467269	0.723437	-0.218259	-0.882474	-0.416658	-114.876266	-235.941269	893.000610	
0.785496	0.002652	-0.618861	0.555908	-0.442471	0.703695	-0.271962	-0.896779	-0.349034	-113.923332	-240.366592	905.171448	
0.732247	-0.013439	-0.680907	0.612678	-0.423588	0.667233	-0.297391	-0.905756	-0.301937	-113.069351	-246.597595	916.294373	
0.694666	-0.061792	-0.716673	0.637566	-0.408453	0.653205	-0.333090	-0.910686	-0.244342	-109.695633	-247.717178	923.832581	
0.624129	-0.092119	-0.775872	0.684820	-0.413566	0.599987	-0.376145	-0.905802	-0.195033	-105.800613	-250.089386	934.729980	
0.591270	-0.127425	-0.796344	0.685186	-0.441420	0.579370	-0.425348	-0.888207	-0.173689	-96.394806	-248.841553	943.535156	
0.516173	-0.213301	-0.829499	0.670994	-0.501193	0.546418	-0.532291	-0.838635	-0.115579	-91.523727	-249.537338	954.949036	
0.475145	-0.213785	-0.853542	0.708523	-0.482246	0.515204	-0.521760	-0.849550	-0.077665	-79.776489	-248.163605	964.611328	
0.413959	-0.265079	-0.870845	0.706476	-0.509731	0.490985	-0.574047	-0.818479	-0.023736	-73.353363	-245.140625	972.901001	
0.349326	-0.294297	-0.889585	0.700607	-0.548384	0.456536	-0.622191	-0.782729	0.014622	-58.130169	-239.870483	983.809875	
0.277767	-0.257183	-0.925583	0.715241	-0.587844	0.377982	-0.641309	-0.767005	0.020664	-49.380459	-233.812973	991.149658	
0.215159	-0.213866	-0.952874	0.749227	-0.589695	0.301529	-0.626392	-0.778795	0.033356	-40.683025	-227.492172	1000.629944	
0.175972	-0.189646	-0.965955	0.747109	-0.613219	0.256497	-0.640986	-0.766810	0.033777	-30.932896	-219.689270	1006.393188	
0.108992	-0.158391	-0.981342	0.727151	-0.660418	0.187353	-0.677771	-0.734003	0.043194	-21.016449	-209.699051	1005.516907	
0.075850	-0.136449	-0.987739	0.732487	-0.664490	0.148043	-0.676543	-0.734735	0.049545	-11.000960	-198.098938	1005.480835	
0.045262	-0.047799	-0.997831	0.745083	-0.663739	0.065592	-0.665435	-0.746435	0.005572	8.072240	-186.589920	1006.638855	
0.000846	0.017250	-0.999851	0.692708	-0.721121	-0.011855	-0.721219	-0.692594	-0.012559	16.887009	-174.362701	1009.550354	
-0.017994	0.055855	-0.998277	0.637877	-0.768210	-0.054480	-0.769929	-0.637757	-0.021806	26.716864	-161.168152	1005.016724	
-0.034826	0.118023	-0.992400	0.635009	-0.764172	-0.113164	-0.771720	-0.634123	-0.048333	44.240875	-148.291397	1010.635620	
-0.023714	0.183919	-0.982655	0.610887	-0.775408	-0.159872	-0.791363	-0.604083	-0.093966	52.888741	-135.245911	1013.767090	
-0.011515	0.260420	-0.965427	0.607145	-0.765320	-0.213684	-0.794509	-0.588614	-0.149300	69.799332	-121.421791	1022.822021	
0.030393	0.297421	-0.954262	0.579245	-0.783289	-0.225684	-0.814587	-0.545893	-0.196086	77.326782	-114.625679	1027.372559	
0.075758	0.311501	-0.947221	0.569554	-0.793252	-0.215314	-0.818456	-0.523181	-0.237511	91.909515	-108.147453	1035.912476	
0.144168	0.397715	-0.906112	0.615859	-0.752791	-0.232431	-0.774554	-0.524528	-0.353464	105.900482	-100.248772	1043.226074	
0.221047	0.412613	-0.883679	0.530403	-0.811236	-0.246110	-0.818421	-0.414304	-0.398172	115.227432	-83.302658	1034.954224	
0.264097	0.413793	-0.871222	0.442731	-0.854515	-0.271651	-0.856880	-0.313974	-0.408873	116.849968	-67.010292	1018.066650	
0.324191	0.411045	-0.852022	0.401964	-0.875169	-0.269266	-0.856345	-0.255188	-0.448946	118.615646	-51.840157	1003.855103	
0.363411	0.407055	-0.837997	0.343595	-0.894647	-0.285567	-0.865954	-0.184153	-0.464987	120.380798	-44.784294	985.511169	
0.383796	0.369539	-0.846251	0.285749	-0.918980	-0.271704	-0.878094	-0.137536	-0.458297	120.102104	-29.958876	964.177734	
0.518555	0.330956	-0.788396	0.326615	-0.928802	-0.175070	-0.790204	-0.166718	-0.589731	125.502998	-15.991500	998.991028	
0.518555	0.330956	-0.788396	0.326615	-0.928802	-0.175070	-0.790204	-0.166718	-0.589731	125.502998	-15.991500	998.991028	
0.518555	0.330956	-0.788396	0.326615	-0.928802	-0.175070	-0.790204	-0.166718	-0.589731	125.502998	-15.991500	998.991028	
0.518555	0.330956	-0.788396	0.326615	-0.928802	-0.175070	-0.790204	-0.166718	-0.589731	125.502998	-15.991500	998.991028	
0.518555	0.330956	-0.788396	0.326615	-0.928802	-0.175070	-0.790204	-0.166718	-0.589731	125.502998	-15.991500	998.991028	
0.670645	0.095669	-0.735583	0.063119	-0.995412	-0.071916	-0.739089	0.001801	-0.673606	90.877441	25.527817	934.559814	
0.654963	0.014013	-0.755531	0.027155	-0.999619	0.005001	-0.755173	-0.023792	-0.655093	84.006569	27.874191	912.952942	
0.706925	-0.052638	-0.705327	0.021050	-0.995219	0.095370	-0.706975	-0.082267	-0.702437	73.057159	36.078709	925.472656	
0.834530	-0.106610	-0.540551	0.006585	-0.979101	0.203269	-0.550924	-0.173194	-0.816386	68.577660	44.542564	951.343994	
0.838165	-0.174203	-0.516849	-0.023290	-0.958189	0.285186	-0.544920	-0.226996	-0.807177	52.385250	46.960468	936.643494	
0.843667	-0.222577	-0.488555	-0.052289	-0.939751	0.337837	-0.534315	-0.259476	-0.804475	33.421730	51.334782	921.691772	
0.790309	-0.355791	-0.498823	-0.163788	-0.907179	0.387557	-0.590411	-0.224588	-0.775225	15.402603	53.598061	903.664124	
0.765062	-0.481392	-0.427718	-0.246830	-0.832692	0.495680	-0.594774	-0.273652	-0.755882	5.977136	54.162598	888.796143	
0.710039	-0.593236	-0.379363	-0.342625	-0.761728	0.549890	-0.615186	-0.260464	-0.744113	-11.930569	52.640537	871.956360	
0.684233	-0.668538	-0.291346	-0.421582	-0.688598	0.590001	-0.595059	-0.280872	-0.753004	-31.891531	52.725994	882.267517	
0.572383	-0.754981	-0.319972	-0.405635	-0.599828	0.689686	-0.712628	-0.264973	-0.649577	-53.117615	51.907204	884.051880	
0.450526	-0.840056	-0.302212	-0.415017	-0.496783	0.762212	-0.790435	-0.217974	-0.572450	-71.721138	49.791508	868.671448	
0.408106	-0.882381	-0.234208	-0.424315	-0.410483	0.807131	-0.808336	-0.230017	-0.541927	-80.896805	44.596313	863.283691	
0.354108	-0.911334	-0.209945	-0.380240	-0.345398	0.857973	-0.854415	-0.223986	-0.468833	-89.419678	38.665215	846.323059	
0.235567	-0.951590	-0.197446	-0.375479	-0.276503	0.884625	-0.896395	-0.134252	-0.422436	-104.473030	33.831909	817.668884	
0.180200	-0.959736	-0.215486	-0.284254	-0.260536	0.922670	-0.941662	-0.105013	-0.319757	-122.279167	27.984529	800.073425	
0.215647	-0.944500	-0.247824	-0.115716	-0.276726	0.953956	-0.969591	-0.177040	-0.168968	-139.926987	20.149429	771.787231	
0.303709	-0.925461	-0.226458	-0.117878	-0.272358	0.954948	-0.945445	-0.263332	-0.191809	-160.756638	18.148933	768.817505	
0.323912	-0.934537	-0.147381	-0.100545	-0.188901	0.976835	-0.940730	-0.301590	-0.155150	-172.101181	16.385141	761.963318	
0.279136	-0.957819	-0.068311	-0.102175	-0.100361	0.989691	-0.954800	-0.269279	-0.125879	-190.189880	16.254986	775.001892	
0.259484	-0.964065	-0.056984	-0.139576	-0.095823	0.985564	-0.955608	-0.247785	-0.159424	-199.698486	12.002215	781.503601	
0.322237	-0.946473	-0.018788	-0.104888	-0.055421	0.992938	-0.940831	-0.317991	-0.117132	-197.287384	-0.928594	732.473450	
0.292455	-0.955643	0.034884	-0.125060	-0.002056	0.992147	-0.948067	-0.294521	-0.120113	-209.110458	-11.737501	750.326904	
0.355454	-0.934419	0.022677	-0.039178	0.009346	0.999188	-0.933873	-0.356054	-0.033286	-194.525986	-21.553040	696.507812	
0.378366	-0.924307	0.049961	-0.042933	0.036392	0.998415	-0.924660	-0.379912	-0.025913	-191.454025	-28.240555	688.059021	
0.425607	-0.898255	0.109525	-0.014408	0.114292	0.993342	-0.904794	-0.424352	0.035702	-190.058319	-36.128315	683.474854	
0.465205	-0.882549	0.068491	0.092099	0.125209	0.987846	-0.880399	-0.453244	0.139530	-183.720886	-50.270687	670.594849	
-0.920830	-0.389137	-0.025402	0.252947	-0.645596	0.720571	-0.296801	0.657098	0.692915	-160.873993	-73.622200	691.382019	
-0.920830	-0.389137	-0.025402	0.252947	-0.645596	0.720571	-0.296801	0.657098	0.692915	-160.873993	-73.622200	691.382019	
-0.920830	-0.389137	-0.025402	0.252947	-0.645596	0.720571	-0.296801	0.657098	0.692915	-160.873993	-73.622200	691.382019	
-0.993759	-0.109338	0.022102	0.107099	-0.879768	0.463183	-0.031199	0.462659	0.885987	-131.008713	-112.485420	670.758850	
-0.999470	0.025618	0.020097	-0.017468	-0.942768	0.332992	0.027478	0.332464	0.942715	-116.975670	-120.270790	664.413025	
-0.988572	0.150755	-0.000071	-0.147858	-0.969487	0.195530	0.029409	0.193305	0.980698	-109.346375	-128.033386	661.372620	
-0.975381	0.219543	0.020825	-0.214322	-0.965939	0.145005	0.051951	0.136971	0.989212	-91.270027	-134.503738	647.706116	
-0.958669	0.284311	0.011048	-0.282898	-0.956614	0.069702	0.030386	0.063695	0.997506	-82.312469	-140.984680	632.877747	
-0.915604	0.401924	-0.011298	-0.402021	-0.914612	0.043156	0.007012	0.044056	0.999004	-73.639099	-147.229813	627.144348	
-0.896639	0.427246	-0.116187	-0.430665	-0.902498	0.004840	-0.102790	0.054377	0.993216	-66.878670	-159.101089	624.689941	
-0.862765	0.469633	-0.187302	-0.452699	-0.882501	-0.127491	-0.225168	-0.025203	0.973994	-57.973324	-164.522095	618.038574	
-0.792142	0.568995	-0.220809	-0.522791	-0.819252	-0.235616	-0.314963	-0.071204	0.946430	-39.032997	-171.517685	604.999207	
-0.663782	0.732937	-0.148987	-0.691870	-0.677390	-0.249916	-0.284095	-0.062810	0.956737	-27.809692	-172.159592	588.310181	
-0.578794	0.810571	-0.089285	-0.752818	-0.573197	-0.323589	-0.313470	-0.120076	0.941976	-11.615708	-171.274033	544.685608	
-0.456301	0.887639	-0.062343	-0.821069	-0.447013	-0.355000	-0.342980	-0.110799	0.932786	7.262586	-180.989990	555.710022	
-0.354502	0.930860	-0.088473	-0.829407	-0.356726	-0.429920	-0.431756	-0.079027	0.898522	17.784157	-192.453842	579.226013	
-0.177427	0.984076	-0.010657	-0.895066	-0.165861	-0.413941	-0.409117	-0.063906	0.910242	29.654366	-199.250397	591.838501	
-0.007790	0.998897	0.046310	-0.859233	0.017004	-0.511301	-0.511525	-0.043774	0.858153	49.412441	-205.853455	598.725098	
0.098901	0.995097	0.000014	-0.468384	0.046564	-0.882297	-0.877972	0.087253	0.470693	52.683998	-195.181000	568.809021	
0.098901	0.995097	0.000014	-0.468384	0.046564	-0.882297	-0.877972	0.087253	0.470693	52.683998	-195.181000	568.809021	
0.098901	0.995097	0.000014	-0.468384	0.046564	-0.882297	-0.877972	0.087253	0.470693	52.683998	-195.181000	568.809021	
0.098901	0.995097	0.000014	-0.468384	0.046564	-0.882297	-0.877972	0.087253	0.470693	52.683998	-195.181000	568.809021	
0.098901	0.995097	0.000014	-0.468384	0.046564	-0.882297	-0.877972	0.087253	0.470693	52.683998	-195.181000	568.809021	
0.098901	0.995097	0.000014	-0.468384	0.046564	-0.882297	-0.877972	0.087253	0.470693	52.683998	-195.181000	568.809021	
0.098901	0.995097	0.000014	-0.468384	0.046564	-0.882297	-0.877972	0.087253	0.470693	52.683998	-195.181000	568.809021	
0.098901	0.995097	0.000014	-0.468384	0.046564	-0.882297	-0.877972	0.087253	0.470693	52.683998	-195.181000	568.809021	
0.098901	0.995097	0.000014	-0.468384	0.046564	-0.882297	-0.877972	0.087253	0.470693	52.683998	-195.181000	568.809021	
0.098901	0.995097	0.000014	-0.468384	0.046564	-0.882297	-0.877972	0.087253	0.470693	52.683998	-195.181000	568.809021	
0.098901	0.995097	0.000014	-0.468384	0.046564	-0.882297	-0.877972	0.087253	0.470693	52.683998	-195.181000	568.809021	
0.098901	0.995097	0.000014	-0.468384	0.046564	-0.882297	-0.877972	0.087253	0.470693	52.683998	-195.181000	568.809021	
0.857649	0.486770	-0.165808	0.207287	-0.622333	-0.754807	-0.470605	0.612990	-0.634645	56.241566	-138.534134	573.617065	
0.914365	0.361119	-0.183112	0.157756	-0.734256	-0.660289	-0.372894	0.574858	-0.728346	43.456085	-132.403183	579.490479	
0.933850	0.299523	-0.195476	0.119042	-0.775662	-0.619821	-0.337274	0.555550	-0.760007	29.151028	-126.018265	585.527649	
0.945609	0.232674	-0.227345	0.091122	-0.860346	-0.501499	-0.312282	0.453507	-0.834753	21.171387	-118.910934	592.352722	
0.958417	0.099176	-0.267582	-0.023815	-0.906601	-0.421316	-0.284375	0.410170	-0.866540	3.267670	-111.887100	601.309692	
0.955646	0.023862	-0.293550	-0.081723	-0.936089	-0.342139	-0.282953	0.350954	-0.892619	-15.378536	-97.685623	607.647095	
0.945547	-0.107573	-0.307194	-0.154094	-0.979283	-0.131377	-0.286698	0.171561	-0.942534	-35.407803	-93.053520	618.224304	
0.933572	-0.229900	-0.274936	-0.207829	-0.972263	0.107299	-0.291979	-0.043031	-0.955456	-46.760513	-82.870583	626.572937	
0.923230	-0.375562	-0.081246	-0.367060	-0.924523	0.102590	-0.113643	-0.064891	-0.991400	-54.495426	-73.633636	626.168945	
0.889508	-0.453963	-0.051901	-0.447338	-0.888358	0.103488	-0.093087	-0.068836	-0.993275	-74.891403	-57.968132	650.510498	
0.820935	-0.566345	-0.072939	-0.553019	-0.820361	0.145525	-0.142254	-0.079129	-0.986662	-97.383385	-51.625957	664.016418	
0.724206	-0.681736	-0.103742	-0.656740	-0.727740	0.197707	-0.210282	-0.075048	-0.974756	-120.573112	-47.045662	687.977478	
0.701191	-0.712928	0.008092	-0.702366	-0.688764	0.179687	-0.122531	-0.131677	-0.983690	-135.093384	-42.483044	687.134094	
0.706701	-0.690476	0.154330	-0.706906	-0.680054	0.194451	-0.029312	-0.246515	-0.968695	-152.117096	-31.232712	727.324646	
0.413866	-0.702707	-0.578720	-0.504249	-0.706244	0.496944	-0.757924	0.086151	-0.646630	-149.757996	-7.334210	689.658997	
0.413866	-0.702707	-0.578720	-0.504249	-0.706244	0.496944	-0.757924	0.086151	-0.646630	-149.757996	-7.334210	689.658997	
0.413866	-0.702707	-0.578720	-0.504249	-0.706244	0.496944	-0.757924	0.086151	-0.646630	-149.757996	-7.334210	689.658997	
0.413866	-0.702707	-0.578720	-0.504249	-0.706244	0.496944	-0.757924	0.086151	-0.646630	-149.757996	-7.334210	689.658997	
0.024416	-0.711168	-0.702598	-0.449382	-0.635605	0.627743	-0.893006	0.300408	-0.335105	-185.831192	17.310001	720.118958	
-0.078835	-0.659151	-0.747867	-0.412092	-0.661555	0.626518	-0.907725	0.357581	-0.219477	-191.979843	21.668694	729.715576	
-0.112518	-0.610379	-0.784077	-0.403263	-0.693131	0.597451	-0.908140	0.383413	-0.168153	-193.840668	28.442389	743.968689	
-0.158185	-0.573256	-0.803962	-0.388027	-0.712619	0.584473	-0.907972	0.404414	-0.109713	-195.693222	35.019676	751.193542	
-0.200868	-0.538701	-0.818201	-0.326760	-0.750545	0.574377	-0.923515	0.382730	-0.025266	-197.015991	37.336750	769.709229	
-0.299356	-0.453535	-0.839459	-0.302757	-0.789188	0.534340	-0.904834	0.414110	0.098937	-196.713593	38.940140	780.927368	
-0.317223	-0.405201	-0.857427	-0.292289	-0.818336	0.494866	-0.902184	0.407600	0.141159	-192.134323	40.614185	790.471008	
-0.330695	-0.413792	-0.848184	-0.293036	-0.809303	0.509074	-0.897090	0.416897	0.146377	-188.138290	42.928444	808.776550	
-0.329335	-0.386254	-0.861595	-0.304754	-0.820180	0.484177	-0.893679	0.422032	0.152402	-182.484680	43.931355	824.718140	
-0.288716	-0.343299	-0.893749	-0.300529	-0.853824	0.425047	-0.909024	0.391316	0.143342	-175.091385	42.988941	828.828369	
-0.271686	-0.297106	-0.915376	-0.304880	-0.875591	0.374683	-0.912817	0.380876	0.147304	-162.544098	41.081329	829.135254	
-0.317398	-0.246773	-0.915621	-0.275850	-0.899765	0.338123	-0.907284	0.359894	0.217512	-158.251282	38.857742	857.145447	
-0.295296	-0.207144	-0.932680	-0.294118	-0.909094	0.295026	-0.909007	0.361439	0.207527	-145.213562	37.029839	876.458313	
-0.235645	-0.132685	-0.962739	-0.379074	-0.899618	0.216769	-0.894860	0.416030	0.161693	-136.144867	32.524319	885.994690	
-0.245089	-0.090151	-0.965300	-0.310378	-0.935968	0.166216	-0.918475	0.340346	0.201415	-118.864616	25.779537	903.866577	
-0.192705	-0.069909	-0.978763	-0.228637	-0.966804	0.114070	-0.954248	0.245765	0.170324	-102.432495	17.862110	923.039429	
-0.164141	-0.041297	-0.985572	-0.233709	-0.969048	0.079527	-0.958351	0.243391	0.149408	-82.314262	14.205120	926.369812	
-0.088714	-0.006750	-0.996034	-0.232996	-0.972092	0.027339	-0.968422	0.234498	0.084665	-63.456436	4.593557	942.500366	
-0.021956	0.002338	-0.999756	-0.234060	-0.972217	0.002866	-0.971974	0.234067	0.021893	-42.625484	-0.637746	946.518433	
0.042111	-0.010088	-0.999062	-0.234518	-0.972110	-0.000070	-0.971199	0.234302	-0.043302	-31.863003	-5.578065	960.066040	
0.082931	-0.040439	-0.995734	-0.251630	-0.967648	0.018340	-0.964263	0.249037	-0.090425	-21.230207	-17.374004	979.118408	
0.150137	-0.052369	-0.987277	-0.295059	-0.955460	0.005810	-0.943609	0.290433	-0.158903	-0.680188	-22.869829	983.531982	
0.218640	-0.110142	-0.969569	-0.372460	-0.927800	0.021406	-0.901925	0.356446	-0.243878	18.514292	-28.819368	990.822266	
0.277277	-0.196183	-0.940547	-0.444290	-0.894159	0.055528	-0.851894	0.402479	-0.335093	27.189728	-36.444786	1000.282288	
0.298543	-0.214902	-0.929887	-0.387805	-0.917573	0.087549	-0.872054	0.334478	-0.357276	35.469963	-50.879318	1004.394287	
0.382116	-0.335658	-0.861000	-0.286310	-0.928858	0.235047	-0.878643	0.156698	-0.451035	50.824085	-66.931061	1014.896057	
0.377236	-0.352518	-0.856402	-0.185502	-0.934744	0.303053	-0.907348	0.044542	-0.418013	64.036896	-74.213379	1016.609070	
0.347017	-0.438886	-0.828829	-0.213231	-0.897522	0.385984	-0.913297	0.042789	-0.405041	77.349892	-90.812080	1019.041626	
0.340475	-0.553496	-0.760079	-0.329513	-0.827348	0.454878	-0.880624	0.095581	-0.464076	87.089691	-96.363724	1021.487183	
0.257990	-0.580589	-0.772242	-0.349426	-0.801263	0.485672	-0.900745	0.144543	-0.409592	92.844109	-109.628464	1023.381348	
0.210603	-0.671109	-0.710816	-0.398135	-0.722970	0.564625	-0.892824	0.164089	-0.419452	95.040413	-116.675949	1023.590271	
0.137183	-0.693087	-0.707681	-0.435155	-0.683970	0.585512	-0.889843	0.227629	-0.395429	99.523605	-122.291199	1024.405518	
0.097252	-0.738673	-0.667012	-0.413128	-0.639683	0.648174	-0.905465	0.212525	-0.367377	100.983673	-136.381882	1030.056519	
0.071877	-0.833823	-0.547333	-0.407238	-0.525461	0.747026	-0.910489	0.169201	-0.377333	99.223656	-151.236282	1037.397339	
-0.097480	-0.800688	-0.591098	-0.482701	-0.481356	0.731639	-0.870343	0.356644	-0.339570	102.087585	-157.166199	1046.515503	
-0.151835	-0.823206	-0.547064	-0.390418	-0.458521	0.798330	-0.908030	0.334798	-0.251775	99.794281	-169.072083	1043.923706	
-0.230343	-0.814074	-0.533129	-0.361948	-0.436878	0.823486	-0.903291	0.382649	-0.194021	93.709549	-181.213974	1050.798096	
-0.378274	-0.810196	-0.447761	-0.320863	-0.338958	0.884395	-0.868306	0.478214	-0.131743	90.290070	-189.189331	1059.346069	
-0.482029	-0.779176	-0.400664	-0.159804	-0.371439	0.914601	-0.861458	0.504892	0.054529	80.659103	-198.426300	1069.739624	
-0.523959	-0.768997	-0.366211	-0.089462	-0.377890	0.921518	-0.847032	0.515600	0.129203	64.140503	-193.557999	1028.989990	
-0.523959	-0.768997	-0.366211	-0.089462	-0.377890	0.921518	-0.847032	0.515600	0.129203	64.140503	-193.557999	1028.989990	
-0.523959	-0.768997	-0.366211	-0.089462	-0.377890	0.921518	-0.847032	0.515600	0.129203	64.140503	-193.557999	1028.989990	
-0.523959	-0.768997	-0.366211	-0.089462	-0.377890	0.921518	-0.847032	0.515600	0.129203	64.140503	-193.557999	1028.989990	
-0.523959	-0.768997	-0.366211	-0.089462	-0.377890	0.921518	-0.847032	0.515600	0.129203	64.140503	-193.557999	1028.989990	
-0.943973	-0.323509	0.065255	0.249921	-0.571605	0.781542	-0.215536	0.754062	0.620431	11.917200	-212.790222	1003.114929	
-0.958553	-0.260221	0.116023	0.261044	-0.638964	0.723589	-0.114158	0.723886	0.680410	2.442173	-214.186859	997.026550	
-0.968811	-0.147767	0.198922	0.245315	-0.685334	0.685666	0.035009	0.713079	0.700209	-17.482082	-213.994034	990.842285	
-0.965901	-0.133510	0.221835	0.250188	-0.701837	0.666956	0.066647	0.699714	0.711308	-27.096672	-213.972961	992.369629	
-0.940794	-0.057890	0.333999	0.257050	-0.764157	0.591600	0.220980	0.642428	0.733795	-46.736675	-213.998199	988.827576	
-0.902519	0.052407	0.427451	0.171705	-0.866471	0.468770	0.394940	0.496469	0.773008	-56.434444	-212.493515	981.629456	
-0.843258	0.149856	0.516197	0.069201	-0.922091	0.380736	0.533035	0.356781	0.767190	-67.327003	-210.300674	978.590942	
-0.789711	0.257676	0.556741	-0.118143	-0.954404	0.274146	0.601996	0.150721	0.784145	-76.921967	-207.038879	962.350525	
-0.706272	0.315934	0.633535	-0.312635	-0.942099	0.121281	0.635169	-0.112408	0.764150	-91.077751	-198.934967	943.625427	
-0.669037	0.350786	0.655240	-0.384429	-0.917847	0.098850	0.636085	-0.185759	0.748925	-100.363129	-194.733551	932.538269	
-0.593854	0.422941	0.684440	-0.530651	-0.845324	0.061939	0.604770	-0.326416	0.726433	-110.250092	-192.411911	935.248596	
-0.476509	0.446929	0.757096	-0.703578	-0.710227	-0.023564	0.527178	-0.543905	0.652878	-124.415199	-184.248306	934.994934	
-0.393388	0.473600	0.788003	-0.823921	-0.561903	-0.073608	0.407921	-0.678209	0.611255	-131.040283	-174.898972	936.025574	
-0.314790	0.504942	0.803705	-0.916527	-0.381834	-0.119084	0.246751	-0.774103	0.582990	-134.603500	-162.653976	914.130798	
-0.251257	0.419825	0.872134	-0.961338	-0.213137	-0.174357	0.112685	-0.882224	0.457147	-141.801361	-150.089035	904.145386	
-0.188437	0.351504	0.917026	-0.981703	-0.093460	-0.165903	0.027390	-0.931509	0.362684	-142.431091	-136.179642	888.079834	
-0.129891	0.345486	0.929391	-0.990727	-0.007551	-0.135655	-0.039849	-0.938393	0.343264	-142.470139	-122.973541	867.971497	
-0.097008	0.256890	0.961560	-0.995244	-0.033609	-0.091427	0.008830	-0.965856	0.258929	-144.657013	-112.229805	864.066650	
-0.135835	0.073911	0.987971	-0.958681	-0.261397	-0.112253	0.249957	-0.962397	0.106364	-145.120026	-106.222504	866.535461	
-0.155045	0.104335	0.982383	-0.935957	-0.333733	-0.112273	0.316140	-0.936876	0.149397	-141.425034	-98.345764	860.438049	
-0.201889	0.237284	0.950230	-0.841004	-0.539233	-0.044029	0.501949	-0.808037	0.308422	-131.067657	-80.949783	829.393494	
-0.287156	0.274692	0.917652	-0.670999	-0.741361	0.011949	0.683594	-0.612313	0.397204	-126.520027	-73.239456	822.217834	
-0.355464	0.410588	0.839680	-0.561608	-0.811929	0.159271	0.747155	-0.414957	0.519201	-120.202209	-68.551598	819.586670	
-0.323017	0.569704	0.755710	-0.467032	-0.790469	0.396282	0.823128	-0.224935	0.521405	-111.582130	-58.587196	784.290527	
-0.395325	0.421902	0.815915	-0.280113	-0.901335	0.330352	0.874788	-0.097952	0.474500	-107.446999	-47.142647	788.725830	
-0.347331	0.355363	0.867801	-0.180401	-0.933451	0.310042	0.920226	-0.048865	0.388324	-101.164261	-31.130424	767.088257	
-0.192168	-0.467689	0.862750	0.098893	0.865432	0.491170	-0.976367	0.179707	-0.120057	-82.368401	-12.376200	777.581970	
-0.192168	-0.467689	0.862750	0.098893	0.865432	0.491170	-0.976367	0.179707	-0.120057	-82.368401	-12.376200	777.581970	
-0.192168	-0.467689	0.862750	0.098893	0.865432	0.491170	-0.976367	0.179707	-0.120057	-82.368401	-12.376200	777.581970	
-0.192168	-0.467689	0.862750	0.098893	0.865432	0.491170	-0.976367	0.179707	-0.120057	-82.368401	-12.376200	777.581970	
-0.434545	-0.550768	0.712619	0.522758	0.490071	0.697535	-0.733413	0.675637	0.074960	-33.900372	20.679611	721.604248	
-0.513229	-0.602000	0.611712	0.547776	0.318928	0.773451	-0.660710	0.732039	0.166077	-24.340776	29.930243	708.351440	
-0.566263	-0.629755	0.531747	0.541141	0.202567	0.816170	-0.621701	0.749917	0.226079	-14.586671	32.925549	691.332153	
-0.679996	-0.559559	0.473813	0.546851	0.043427	0.836103	-0.488425	0.827652	0.276464	-4.090253	42.628712	695.678040	
-0.748966	-0.535204	0.390648	0.544511	-0.161192	0.823119	-0.377567	0.829201	0.412151	6.528544	47.715309	690.435852	
-0.821769	-0.461349	0.334444	0.510938	-0.336743	0.790916	-0.252266	0.820830	0.512445	16.847479	51.559345	681.711060	
-0.908205	-0.363044	0.208236	0.384650	-0.527956	0.757171	-0.164947	0.767764	0.619137	35.431171	54.457905	661.569397	
-0.945997	-0.310342	0.093684	0.284090	-0.654445	0.700711	-0.156149	0.689485	0.707268	50.909771	56.230774	647.804260	
-0.975775	-0.216796	0.029376	0.183794	-0.739488	0.647595	-0.118673	0.637306	0.761419	58.509949	57.676487	644.010132	
-0.985096	-0.162583	-0.056148	0.100042	-0.807105	0.581872	-0.139920	0.567583	0.811340	70.978401	58.857204	633.448242	
-0.986733	-0.108909	-0.120399	0.024520	-0.833074	0.552619	-0.160486	0.542335	0.824692	81.352386	58.890926	624.310120	
-0.979431	-0.013399	-0.201336	-0.082663	-0.883576	0.460935	-0.184072	0.468097	0.864293	89.847740	57.774734	614.352905	
-0.964962	0.039059	-0.259467	-0.149217	-0.895079	0.420200	-0.215830	0.444194	0.869545	95.369522	56.737965	610.642639	
-0.934220	0.134786	-0.330251	-0.263159	-0.885450	0.383050	-0.240790	0.444761	0.862675	98.687325	53.487007	602.414246	
-0.889997	0.222287	-0.398114	-0.368398	-0.865039	0.340574	-0.268679	0.449774	0.851772	100.458672	51.157192	599.540710	
-0.849529	0.258659	-0.459779	-0.402131	-0.881626	0.247036	-0.341454	0.394756	0.852981	101.332458	45.297138	595.192688	
-0.810858	0.306447	-0.498599	-0.450682	-0.870465	0.197932	-0.373356	0.385204	0.843933	100.430756	38.230629	591.684082	
-0.727036	0.337467	-0.597942	-0.495204	-0.860971	0.116203	-0.475596	0.380587	0.793072	96.121895	28.868757	586.535278	
-0.646353	0.393734	-0.653607	-0.568992	-0.819440	0.069046	-0.508406	0.416525	0.753678	93.292206	20.283665	582.060974	
-0.533266	0.432828	-0.726834	-0.637069	-0.770761	0.008421	-0.556570	0.467533	0.686762	84.876816	14.607738	577.127747	
-0.421928	0.403486	-0.811896	-0.717072	-0.696495	0.026515	-0.554783	0.593376	0.583199	75.226151	7.175095	579.067444	
-0.354064	0.365517	-0.860834	-0.658522	-0.751027	-0.048039	-0.664068	0.549870	0.506612	64.021393	0.948172	577.024841	
-0.303023	0.342104	-0.889461	-0.627708	-0.773924	-0.083817	-0.717049	0.532924	0.449258	49.860844	-6.389429	574.302307	
-0.213997	0.306845	-0.927390	-0.648755	-0.754411	-0.099911	-0.730289	0.580268	0.360508	33.980206	-19.801113	575.724243	
-0.127795	0.206665	-0.970030	-0.598596	-0.795900	-0.090705	-0.790791	0.569065	0.225420	25.759523	-27.830542	572.483276	
-0.060928	0.125935	-0.990166	-0.608066	-0.791365	-0.063234	-0.791545	0.598234	0.124792	8.642314	-35.780041	570.999878	
-0.002525	0.023374	-0.999723	-0.602240	-0.798131	-0.017139	-0.798311	0.602031	0.016092	-0.810381	-43.882195	571.988586	
0.021528	-0.064037	-0.997715	-0.557777	-0.828970	0.041171	-0.829712	0.555617	-0.053565	-21.585670	-58.700829	569.239441	
0.076818	-0.201458	-0.976480	-0.554165	-0.822792	0.126155	-0.828855	0.531441	-0.174846	-40.671913	-66.386032	566.572144	
0.117950	-0.267671	-0.956263	-0.488219	-0.854192	0.178880	-0.864714	0.445768	-0.231435	-57.348003	-77.665459	545.485229	
0.067918	-0.405494	-0.911571	-0.669190	-0.696186	0.259826	-0.739981	0.592367	-0.318636	-82.707298	-97.794403	578.718994	
0.067918	-0.405494	-0.911571	-0.669190	-0.696186	0.259826	-0.739981	0.592367	-0.318636	-82.707298	-97.794403	578.718994	
0.067918	-0.405494	-0.911571	-0.669190	-0.696186	0.259826	-0.739981	0.592367	-0.318636	-82.707298	-97.794403	578.718994	
0.067918	-0.405494	-0.911571	-0.669190	-0.696186	0.259826	-0.739981	0.592367	-0.318636	-82.707298	-97.794403	578.718994	
-0.142345	-0.777304	-0.612811	-0.649797	-0.393640	0.650240	-0.746660	0.490761	-0.449056	-132.950134	-134.146866	597.606262	
-0.212808	-0.804849	-0.554013	-0.630417	-0.320099	0.707185	-0.746517	0.499753	-0.439270	-149.187759	-147.392441	602.029480	
-0.291127	-0.808902	-0.510805	-0.580590	-0.274980	0.766356	-0.760369	0.519675	-0.389585	-157.011887	-160.398483	604.926270	
-0.352347	-0.852871	-0.385308	-0.494036	-0.180167	0.850569	-0.794846	0.490052	-0.357867	-171.083191	-172.234665	613.988586	
-0.453818	-0.854438	-0.252952	-0.429133	-0.039222	0.902390	-0.780958	0.518070	-0.348867	-178.401230	-178.744324	622.823608	
-0.504097	-0.856135	-0.113660	-0.312280	0.057988	0.948219	-0.805213	0.513488	-0.296584	-188.483627	-188.549362	630.476685	
-0.550039	-0.834656	0.028391	-0.211723	0.172249	0.962031	-0.807856	0.523143	-0.271458	-196.659637	-193.331635	638.674866	
-0.586188	-0.792839	0.166697	-0.100127	0.275072	0.956195	-0.803964	0.543820	-0.240628	-202.861313	-197.627945	643.858582	
-0.637351	-0.711766	0.295248	0.057938	0.337805	0.939431	-0.768393	0.615853	-0.174061	-206.651123	-200.751190	657.480042	
-0.659473	-0.617822	0.428241	0.232915	0.373707	0.897826	-0.714735	0.691837	-0.102549	-207.336594	-206.811874	662.398315	
-0.662602	-0.530430	0.528775	0.384422	0.365054	0.847911	-0.642790	0.765100	-0.037975	-207.226440	-212.273071	679.367798	
-0.611297	-0.471127	0.635889	0.533396	0.348304	0.770825	-0.584640	0.810384	0.038381	-205.877045	-214.271835	689.607605	
-0.607977	-0.394926	0.688764	0.636757	0.275636	0.720114	-0.474241	0.876389	0.083892	-202.085358	-215.303406	697.029846	
-0.535222	-0.280500	0.796779	0.763599	0.242658	0.598359	-0.361185	0.928674	0.084315	-192.606567	-212.943634	698.695312	
-0.440443	-0.178659	0.879824	0.859435	0.199446	0.470735	-0.259579	0.963484	0.065702	-186.956360	-210.367996	711.606323	
-0.389638	-0.120994	0.912985	0.900558	0.157488	0.405205	-0.192813	0.980080	0.047600	-180.395645	-206.722870	719.457397	
-0.268299	-0.050562	0.962008	0.956565	0.104206	0.272257	-0.114013	0.993269	0.020408	-165.350357	-202.709320	727.231323	
-0.136674	0.002304	0.990613	0.988907	0.059036	0.136300	-0.058168	0.998253	-0.010346	-149.319748	-197.614594	740.835999	
-0.003943	0.055584	0.998446	0.999121	-0.041446	0.006252	0.041729	0.997593	-0.055371	-133.127747	-196.380890	757.418945	
0.134295	0.043973	0.989965	0.973287	-0.193588	-0.123435	0.186216	0.980097	-0.068796	-116.447731	-194.390182	776.794861	
0.201050	0.054873	0.978043	0.931837	-0.318616	-0.173677	0.302089	0.946294	-0.115190	-105.992279	-186.765488	789.718689	
0.340924	0.029049	0.939642	0.880674	-0.359575	-0.308414	0.328912	0.932664	-0.148170	-96.057053	-178.162140	809.267761	
0.469511	-0.031592	0.882361	0.792104	-0.426403	-0.436752	0.390039	0.903981	-0.175176	-76.860481	-167.889725	829.112610	
0.578703	-0.090793	0.810468	0.688879	-0.477505	-0.545377	0.436519	0.873925	-0.213788	-65.679550	-161.397369	845.922607	
0.677117	-0.156759	0.718984	0.573811	-0.499225	-0.649243	0.460709	0.852174	-0.248084	-46.066208	-149.948975	854.401672	
0.717153	-0.202427	0.666869	0.482842	-0.545695	-0.684895	0.502548	0.813166	-0.293607	-25.381968	-143.898254	866.428406	
0.786223	-0.263405	0.558990	0.336802	-0.575765	-0.745023	0.518090	0.774023	-0.363965	-6.076985	-131.075409	879.590454	
0.841202	-0.318595	0.436892	0.191453	-0.580151	-0.791689	0.505692	0.749614	-0.427029	3.853503	-116.445221	879.589966	
0.851742	-0.366937	0.374021	0.092764	-0.596955	-0.796894	0.515684	0.713443	-0.474413	12.887013	-109.733078	885.831543	
0.864980	-0.440914	0.239592	-0.053923	-0.556365	-0.829187	0.498901	0.704309	-0.505020	21.268116	-96.067390	898.340454	
0.879300	-0.465436	0.101005	-0.181367	-0.523325	-0.832609	0.440385	0.713792	-0.544574	29.128691	-81.920906	906.674988	
0.849159	-0.526378	0.043081	-0.263618	-0.493126	-0.829055	0.457641	0.692641	-0.557505	35.687988	-67.587631	925.852112	
0.825276	-0.563014	-0.044001	-0.339090	-0.431724	-0.835842	0.451595	0.704719	-0.547204	41.944942	-53.735588	947.382385	
0.784636	-0.612001	-0.099008	-0.438697	-0.435260	-0.786190	0.438054	0.660306	-0.610003	51.675976	-46.716049	965.476685	
0.749860	-0.599488	-0.279867	-0.541069	-0.312248	-0.780862	0.380730	0.736963	-0.558506	60.073822	-33.251659	974.909424	
0.715101	-0.595818	-0.365559	-0.582970	-0.219763	-0.782209	0.385717	0.772467	-0.504496	62.045380	-19.032051	969.642883	
0.638770	-0.650671	-0.410612	-0.623586	-0.125216	-0.771661	0.450682	0.748964	-0.485733	64.005974	-5.040760	968.210693	
0.597371	-0.641122	-0.481781	-0.646838	-0.030053	-0.762035	0.474078	0.766850	-0.432655	66.173706	6.983829	978.268738	
0.535918	-0.650639	-0.538018	-0.672670	0.056042	-0.737817	0.510204	0.757316	-0.407631	65.982925	19.405487	976.138977	
0.487625	-0.629866	-0.604560	-0.767694	0.020431	-0.640491	0.415774	0.776435	-0.473581	64.313156	25.873793	994.963867	
0.445272	-0.615678	-0.650135	-0.809918	0.032658	-0.585633	0.381793	0.787321	-0.484106	61.305431	37.360992	1012.099182	
0.374895	-0.565262	-0.734803	-0.862302	0.078439	-0.500284	0.340428	0.821174	-0.458019	53.611992	47.986229	1012.534912	
0.341094	-0.525110	-0.779690	-0.896262	0.068476	-0.438207	0.283496	0.848275	-0.447279	48.856487	58.886581	1023.043701	
0.296267	-0.496125	-0.816141	-0.914200	0.100094	-0.392708	0.276523	0.862462	-0.423903	37.993301	67.313499	1031.762573	
0.255599	-0.461996	-0.849253	-0.920560	0.152069	-0.359785	0.295364	0.873747	-0.386426	24.939005	76.445213	1047.915527	
0.200195	-0.439479	-0.875660	-0.928412	0.200442	-0.312852	0.313010	0.875603	-0.367890	16.464058	85.094574	1057.026855	
0.150701	-0.389706	-0.908526	-0.918689	0.284209	-0.274295	0.365106	0.875987	-0.315188	0.556293	87.463829	1059.397095	
0.111581	-0.299435	-0.947570	-0.928338	0.308836	-0.206908	0.354598	0.902751	-0.243516	-17.462141	90.931335	1067.210327	
0.068163	-0.251900	-0.965350	-0.909646	0.381712	-0.163833	0.409755	0.889293	-0.203121	-36.059326	94.147919	1073.032959	
0.032753	-0.183512	-0.982472	-0.899436	0.423235	-0.109038	0.435825	0.887240	-0.151195	-47.511795	97.076546	1083.271362	
0.008320	-0.133705	-0.990986	-0.876616	0.475841	-0.071560	0.481120	0.869309	-0.113248	-58.148384	98.221970	1087.129028	
-0.030029	-0.075817	-0.996670	-0.856813	0.515455	-0.013394	0.514753	0.853556	-0.080439	-69.403961	98.241280	1095.151978	
-0.032344	0.010592	-0.999421	-0.844941	0.533842	0.033003	0.533882	0.845518	-0.008316	-87.110046	95.823814	1077.962402	
-0.024620	0.134647	-0.990588	-0.815945	0.569810	0.097732	0.577606	0.810670	0.095836	-98.074677	95.100494	1080.840454	
-0.052845	0.243328	-0.968503	-0.804415	0.564308	0.185671	0.591713	0.788889	0.165916	-110.062981	93.003708	1085.894287	
0.024454	0.428171	-0.903366	-0.769155	0.585289	0.256591	0.638595	0.688553	0.343643	-115.602188	86.969460	1074.346313	
0.063576	0.472962	-0.878786	-0.726787	0.625396	0.284009	0.683914	0.620634	0.383503	-121.977173	80.890717	1061.859131	
0.095178	0.499610	-0.861006	-0.678692	0.665311	0.311032	0.728231	0.554753	0.402404	-128.598450	74.576035	1052.021606	
0.128758	0.533127	-0.836179	-0.662182	0.673895	0.327694	0.738199	0.511509	0.439796	-136.254074	67.841339	1052.028931	
0.310585	0.737660	-0.599495	-0.548979	0.654070	0.520400	0.775990	0.167481	0.608103	-135.058868	66.030510	1031.173096	
0.377759	0.693414	-0.613575	-0.513713	0.708289	0.484176	0.770323	0.132299	0.623778	-141.252151	55.831036	1034.197632	
0.274460	0.715872	-0.642027	-0.439209	0.687278	0.578571	0.855434	0.123189	0.503047	-153.182205	45.905174	1025.074097	
0.279139	0.747923	-0.602239	-0.574749	0.632553	0.519173	0.769249	0.201215	0.606438	-174.225006	32.471699	1058.540039	
0.279139	0.747923	-0.602239	-0.574749	0.632553	0.519173	0.769249	0.201215	0.606438	-174.225006	32.471699	1058.540039	
0.279139	0.747923	-0.602239	-0.574749	0.632553	0.519173	0.769249	0.201215	0.606438	-174.225006	32.471699	1058.540039	
0.279139	0.747923	-0.602239	-0.574749	0.632553	0.519173	0.769249	0.201215	0.606438	-174.225006	32.471699	1058.540039	
0.279139	0.747923	-0.602239	-0.574749	0.632553	0.519173	0.769249	0.201215	0.606438	-174.225006	32.471699	1058.540039	
0.279139	0.747923	-0.602239	-0.574749	0.632553	0.519173	0.769249	0.201215	0.606438	-174.225006	32.471699	1058.540039	
0.502111	0.855244	0.128226	-0.583213	0.225394	0.780423	0.638551	-0.466642	0.611963	-174.557114	-12.340518	1000.912903	
0.505487	0.843313	0.182500	-0.572203	0.169327	0.802441	0.645807	-0.510051	0.568139	-169.569427	-19.065269	984.125244	
0.517009	0.807044	0.285275	-0.639668	0.142812	0.755267	0.568793	-0.572961	0.590076	-162.056519	-34.609898	981.794556	
0.536175	0.764465	0.357923	-0.661370	0.116987	0.740880	0.524505	-0.633961	0.568321	-152.032806	-41.893726	969.523743	
0.552679	0.740644	0.382088	-0.695686	0.157571	0.700851	0.458875	-0.653159	0.602343	-140.447006	-49.018791	959.630798	
0.565249	0.704048	0.429895	-0.720304	0.167243	0.673195	0.402065	-0.690178	0.601664	-134.028824	-63.543163	956.206238	
