0.998809	-0.043868	0.021351	0.042503	0.997252	0.060673	-0.023954	-0.059693	0.997930	19.013136	3.649933	545.164185	
0.989955	-0.130634	0.054080	0.125618	0.988205	0.087582	-0.064883	-0.079909	0.994688	28.025692	7.123819	544.036133	
0.982163	-0.179915	0.054648	0.175486	0.981447	0.077238	-0.067530	-0.066270	0.995514	37.052765	15.405748	547.384216	
0.972383	-0.203303	0.114625	0.207599	0.977848	-0.026748	-0.106648	0.049805	0.993049	45.378738	18.104694	547.212891	
0.932473	-0.249478	0.261257	0.298880	0.939012	-0.170076	-0.202893	0.236676	0.950168	52.356018	24.147764	540.890259	
0.855257	-0.293150	0.427316	0.413631	0.882924	-0.222156	-0.312162	0.366751	0.876384	66.861794	26.598000	536.243408	
0.747480	-0.333790	0.574333	0.505797	0.846464	-0.166335	-0.430632	0.414827	0.801545	73.704620	29.501759	537.985718	
0.646930	-0.341701	0.681705	0.538743	0.837489	-0.091473	-0.539665	0.426440	0.725886	82.592682	31.009722	554.189453	
0.563310	-0.356768	0.745251	0.562804	0.826048	-0.029956	-0.604925	0.436304	0.666111	89.665703	31.565355	562.246521	
0.456540	-0.316954	0.831331	0.622652	0.781256	-0.044077	-0.635512	0.537753	0.554027	98.833824	31.500294	565.747864	
0.389962	-0.328952	0.860070	0.689689	0.723205	-0.036105	-0.610130	0.607261	0.508897	103.303741	29.687126	576.989319	
0.296503	-0.295708	0.908099	0.756382	0.653232	-0.034251	-0.583071	0.697025	0.417354	107.457901	26.935385	585.560547	
0.221236	-0.267351	0.937858	0.829907	0.556668	-0.037084	-0.512161	0.786539	0.345032	109.206833	25.238419	593.624023	
0.122705	-0.181534	0.975699	0.868379	0.495609	-0.016998	-0.480480	0.849363	0.218454	109.376343	20.428019	598.615295	
0.067600	-0.148836	0.986549	0.914018	0.405670	-0.001429	-0.400000	0.901820	0.163462	110.746460	13.754158	603.841187	
0.047466	-0.095108	0.994335	0.942685	0.333425	-0.013109	-0.330289	0.937967	0.105483	108.520248	7.983335	609.603638	
0.017392	-0.042588	0.998941	0.961150	0.275981	-0.004968	-0.275477	0.960219	0.045733	104.281601	4.420474	616.137695	
0.004930	0.009455	0.999943	0.985168	0.171466	-0.006478	-0.171518	0.985145	-0.008469	101.666100	-4.187437	624.244751	
0.032538	0.048228	0.998306	0.993676	0.105829	-0.037500	-0.107459	0.993214	-0.044479	101.123642	-16.353386	651.834839	
0.008612	0.119148	0.992839	0.999729	-0.022454	-0.005977	0.021581	0.992623	-0.119309	87.686386	-26.911518	637.576782	
-0.051419	0.193219	0.979807	0.994374	-0.081072	0.068171	0.092607	0.977800	-0.187964	79.020943	-35.115784	615.679871	
-0.008069	0.325353	0.945558	0.973929	-0.211823	0.081196	0.226708	0.921562	-0.315161	72.773056	-37.444218	633.388916	
0.033963	0.384474	0.922511	0.953232	-0.289835	0.085700	0.300325	0.876456	-0.376336	67.246399	-49.554825	665.654297	
0.031069	0.479124	0.877197	0.928576	-0.338570	0.152038	0.369838	0.809821	-0.455423	58.725990	-55.936508	673.416504	
0.069810	0.546071	0.834825	0.909573	-0.378494	0.171518	0.409637	0.747361	-0.523114	52.105637	-69.594360	687.198730	
0.149477	0.602813	0.783756	0.863817	-0.465313	0.193142	0.481120	0.648151	-0.590274	35.151443	-83.847275	701.511780	
0.245381	0.705496	0.664879	0.812820	-0.523494	0.255493	0.528310	0.477734	-0.701897	14.759900	-97.991997	729.453003	
0.245381	0.705496	0.664879	0.812820	-0.523494	0.255493	0.528310	0.477734	-0.701897	14.759900	-97.991997	729.453003	
0.245381	0.705496	0.664879	0.812820	-0.523494	0.255493	0.528310	0.477734	-0.701897	14.759900	-97.991997	729.453003	
0.245381	0.705496	0.664879	0.812820	-0.523494	0.255493	0.528310	0.477734	-0.701897	14.759900	-97.991997	729.453003	
0.616078	0.778648	0.118980	0.744717	-0.624996	0.234045	0.256600	-0.055583	-0.964918	-23.069290	-139.594543	753.746582	
0.674541	0.738181	-0.009152	0.712511	-0.647742	0.269737	0.193185	-0.188470	-0.962891	-31.314713	-145.682312	768.422913	
0.689844	0.723145	-0.034314	0.697075	-0.650685	0.301158	0.195452	-0.231671	-0.952957	-39.314648	-159.789124	780.688293	
0.749800	0.651017	-0.118226	0.625876	-0.639864	0.445930	0.214659	-0.408353	-0.887226	-48.001862	-174.191956	791.131042	
0.773657	0.609577	-0.172833	0.594706	-0.604520	0.529981	0.218583	-0.512808	-0.830210	-56.046577	-180.143066	808.717773	
0.803033	0.559122	-0.206205	0.554323	-0.573791	0.602901	0.218776	-0.598454	-0.770707	-70.065468	-191.876053	818.466309	
0.827581	0.503874	-0.247428	0.523720	-0.534402	0.663424	0.202056	-0.678621	-0.706150	-83.262169	-203.395523	826.630127	
0.854272	0.444318	-0.269815	0.485931	-0.498216	0.718089	0.184633	-0.744555	-0.641520	-94.613998	-213.573212	836.369690	
0.867451	0.392135	-0.306201	0.480469	-0.500513	0.720164	0.129143	-0.771827	-0.622579	-104.387703	-219.158356	857.670959	
0.856292	0.279444	-0.434367	0.515899	-0.503011	0.693418	-0.024720	-0.817858	-0.574889	-112.466087	-224.865005	878.830383	
0.860020	0.174821	-0.479379	0.491394	-0.536864	0.685791	-0.137471	-0.825358	-0.547619	-116.848091	-235.297119	905.205139	
0.826648	0.116195	-0.550592	0.527145	-0.502275	0.685447	-0.196904	-0.856866	-0.476456	-119.871887	-242.250977	917.092346	
0.821029	0.067555	-0.566875	0.527764	-0.468404	0.708564	-0.217660	-0.880928	-0.420226	-120.076134	-244.106735	922.370728	
0.775266	0.028275	-0.631002	0.587438	-0.399395	0.703847	-0.232119	-0.916343	-0.326247	-116.068329	-244.412933	917.603943	
0.719865	-0.025634	-0.693641	0.635386	-0.377957	0.673375	-0.279428	-0.925469	-0.255790	-113.310135	-246.125015	915.690735	
0.694083	-0.060500	-0.717348	0.651075	-0.372415	0.661369	-0.307164	-0.926093	-0.219096	-111.673851	-251.518845	939.367065	
0.621186	-0.095228	-0.777855	0.690571	-0.402706	0.600782	-0.370460	-0.910362	-0.184393	-107.708778	-252.402527	950.040222	
0.562635	-0.149177	-0.813134	0.710698	-0.415175	0.567924	-0.422315	-0.897428	-0.127572	-96.602623	-248.249573	947.729309	
0.522662	-0.202933	-0.828035	0.681231	-0.484557	0.548752	-0.512590	-0.850895	-0.115015	-93.022003	-252.479004	968.301025	
0.522662	-0.202933	-0.828035	0.681231	-0.484557	0.548752	-0.512590	-0.850895	-0.115015	-93.022003	-252.479004	968.301025	
0.522662	-0.202933	-0.828035	0.681231	-0.484557	0.548752	-0.512590	-0.850895	-0.115015	-93.022003	-252.479004	968.301025	
0.522662	-0.202933	-0.828035	0.681231	-0.484557	0.548752	-0.512590	-0.850895	-0.115015	-93.022003	-252.479004	968.301025	
0.303613	-0.225731	-0.925670	0.751190	-0.540932	0.378294	-0.586116	-0.810209	0.005334	-47.298920	-226.745392	967.189636	
0.227909	-0.215174	-0.949609	0.731758	-0.605530	0.312831	-0.642329	-0.766181	0.019450	-39.694977	-228.917313	1005.961365	
0.173206	-0.210900	-0.962040	0.696330	-0.664570	0.271055	-0.696508	-0.716845	0.031749	-30.262039	-222.841324	1020.112244	
0.113349	-0.169932	-0.978915	0.651183	-0.731441	0.202373	-0.750408	-0.660392	0.027749	-20.710485	-216.338303	1028.322510	
0.079203	-0.129806	-0.988371	0.732375	-0.665058	0.146033	-0.676280	-0.735424	0.042392	-11.250000	-199.664993	1015.099976	
0.079203	-0.129806	-0.988371	0.732375	-0.665058	0.146033	-0.676280	-0.735424	0.042392	-11.250000	-199.664993	1015.099976	
0.079203	-0.129806	-0.988371	0.732375	-0.665058	0.146033	-0.676280	-0.735424	0.042392	-11.250000	-199.664993	1015.099976	
-0.034011	0.072329	-0.996800	0.664619	-0.743245	-0.076608	-0.746408	-0.665098	-0.022793	26.555187	-157.415741	1001.147888	
-0.025843	0.139531	-0.989880	0.639835	-0.758505	-0.123621	-0.768078	-0.636555	-0.069675	44.483299	-149.996002	1024.770020	
-0.025843	0.139531	-0.989880	0.639835	-0.758505	-0.123621	-0.768078	-0.636555	-0.069675	44.483299	-149.996002	1024.770020	
-0.025843	0.139531	-0.989880	0.639835	-0.758505	-0.123621	-0.768078	-0.636555	-0.069675	44.483299	-149.996002	1024.770020	
-0.025843	0.139531	-0.989880	0.639835	-0.758505	-0.123621	-0.768078	-0.636555	-0.069675	44.483299	-149.996002	1024.770020	
0.118475	0.319920	-0.940008	0.584786	-0.787566	-0.194334	-0.802490	-0.526679	-0.280392	88.948128	-103.710556	1008.651489	
0.136963	0.368617	-0.919437	0.563581	-0.792314	-0.233698	-0.814627	-0.486169	-0.316263	99.505157	-95.078842	1001.344055	
0.317206	0.360950	-0.876981	0.533749	-0.832322	-0.149510	-0.783896	-0.420662	-0.456674	107.797859	-80.409332	994.442017	
0.311204	0.321438	-0.894333	0.593485	-0.800731	-0.081279	-0.742245	-0.505479	-0.439959	108.823708	-64.200424	966.961975	
0.329326	0.329648	-0.884804	0.528355	-0.840970	-0.116661	-0.782551	-0.429071	-0.451124	114.540863	-51.580681	995.372131	
0.376239	0.356778	-0.855076	0.344264	-0.910646	-0.228486	-0.860190	-0.208406	-0.465447	124.655380	-47.153591	1030.208618	
0.294804	0.296608	-0.908359	0.326476	-0.924666	-0.195976	-0.898056	-0.238782	-0.369431	124.593636	-31.831020	1020.924744	
0.284976	0.275769	-0.918010	0.257106	-0.944617	-0.203948	-0.923409	-0.177906	-0.340095	123.935730	-17.850040	1013.228943	
0.369756	0.236097	-0.898632	0.132055	-0.970712	-0.200699	-0.919697	-0.044459	-0.390104	120.927299	-4.813972	1006.937500	
0.422847	0.208440	-0.881904	0.135484	-0.976791	-0.165906	-0.896016	-0.049331	-0.441273	116.192017	1.592866	997.150757	
0.526409	0.141946	-0.838299	0.098918	-0.989495	-0.105432	-0.844457	-0.027422	-0.534920	112.753220	7.535120	991.288086	
0.658296	0.119288	-0.743248	0.094025	-0.992662	-0.076040	-0.746863	-0.019827	-0.664682	106.484772	19.832998	983.922913	
0.857226	0.094611	-0.506174	0.068695	-0.995202	-0.069679	-0.510337	0.024959	-0.859613	96.804962	24.967951	974.379700	
0.964747	-0.000070	-0.263176	0.004071	-0.999877	0.015187	-0.263144	-0.015723	-0.964629	89.509949	30.638206	963.207092	
0.988512	-0.051665	-0.142033	-0.044299	-0.997529	0.054545	-0.144500	-0.047626	-0.988359	75.186516	39.097607	949.686157	
0.989899	-0.100354	-0.100145	-0.096462	-0.994408	0.042992	-0.103900	-0.032897	-0.994044	67.079575	44.630405	947.310242	
0.983361	-0.166634	-0.072338	-0.162880	-0.985110	0.055045	-0.080433	-0.042346	-0.995861	51.165810	46.823925	942.195251	
0.975867	-0.216375	-0.029407	-0.214721	-0.975343	0.051014	-0.039720	-0.043468	-0.998266	32.356918	50.887959	936.438477	
0.940948	-0.337955	-0.020047	-0.330353	-0.929508	0.163960	-0.074045	-0.147655	-0.986264	14.440411	54.206573	923.943237	
0.886739	-0.458910	-0.055631	-0.433864	-0.867739	0.242470	-0.159545	-0.190871	-0.968563	5.525700	55.140419	917.250977	
0.767911	-0.569644	-0.292947	-0.421301	-0.793647	0.438897	-0.482511	-0.213615	-0.849442	-13.731293	55.158657	898.475586	
0.656584	-0.662991	-0.359639	-0.357154	-0.693258	0.625967	-0.664333	-0.282554	-0.691972	-32.919880	55.556293	880.611694	
0.633944	-0.718354	-0.286501	-0.349776	-0.596717	0.722210	-0.689761	-0.357630	-0.629548	-51.915489	55.426865	878.658997	
0.474004	-0.824869	-0.308078	-0.426781	-0.521261	0.739017	-0.770180	-0.218815	-0.599119	-73.345360	51.085644	885.309082	
0.393475	-0.871202	-0.293574	-0.465323	-0.464139	0.753691	-0.792875	-0.159952	-0.588017	-85.299332	46.484470	887.639709	
0.329444	-0.904663	-0.270282	-0.401311	-0.393285	0.827210	-0.854643	-0.164052	-0.492617	-95.402435	41.235939	875.886536	
0.300634	-0.929367	-0.214236	-0.343877	-0.315145	0.884552	-0.889588	-0.192256	-0.414332	-110.291084	37.188004	845.244873	
0.280171	-0.943775	-0.175483	-0.241755	-0.246283	0.938563	-0.929009	-0.220534	-0.297164	-126.739014	32.212318	824.868347	
0.048653	-0.982949	-0.177331	-0.218535	-0.183715	0.958380	-0.974615	-0.007876	-0.223747	-141.056946	26.629492	821.701599	
-0.175789	-0.969897	-0.168518	-0.125377	-0.147732	0.981049	-0.976410	0.193586	-0.095633	-149.283035	20.976494	788.655823	
-0.277951	-0.950912	-0.136053	-0.086549	-0.116267	0.989440	-0.956688	0.286792	-0.049984	-152.780014	15.243721	770.352417	
-0.394901	-0.910314	-0.124023	-0.027758	-0.123111	0.992005	-0.918304	0.395187	0.023348	-156.933701	8.449825	743.886658	
-0.346799	-0.931009	-0.113812	0.128690	-0.167426	0.977449	-0.929069	0.324332	0.177875	-166.149002	0.976780	760.684998	
-0.346799	-0.931009	-0.113812	0.128690	-0.167426	0.977449	-0.929069	0.324332	0.177875	-166.149002	0.976780	760.684998	
-0.346799	-0.931009	-0.113812	0.128690	-0.167426	0.977449	-0.929069	0.324332	0.177875	-166.149002	0.976780	760.684998	
-0.346799	-0.931009	-0.113812	0.128690	-0.167426	0.977449	-0.929069	0.324332	0.177875	-166.149002	0.976780	760.684998	
-0.697878	-0.714154	-0.054312	0.322346	-0.380906	0.866604	-0.639577	0.587277	0.496031	-167.723038	-41.207359	708.937805	
-0.792599	-0.608260	-0.042505	0.331297	-0.488124	0.807451	-0.511888	0.625903	0.588401	-167.200485	-48.816368	703.745483	
-0.861673	-0.507209	-0.016081	0.326416	-0.578239	0.747724	-0.388551	0.639045	0.663814	-161.120239	-62.649796	693.367065	
-0.920830	-0.389137	-0.025402	0.252947	-0.645596	0.720571	-0.296801	0.657098	0.692915	-160.873993	-73.622200	691.382019	
-0.920830	-0.389137	-0.025402	0.252947	-0.645596	0.720571	-0.296801	0.657098	0.692915	-160.873993	-73.622200	691.382019	
-0.920830	-0.389137	-0.025402	0.252947	-0.645596	0.720571	-0.296801	0.657098	0.692915	-160.873993	-73.622200	691.382019	
-0.991966	-0.121538	0.035115	0.125773	-0.917525	0.377265	-0.013634	0.378650	0.925440	-130.533508	-110.497528	671.011047	
-0.989283	0.023308	0.144141	0.031285	-0.930417	0.365167	0.142622	0.365762	0.919716	-115.615486	-119.428497	655.076843	
-0.973622	0.213541	0.080387	-0.181514	-0.938351	0.294193	0.138254	0.271841	0.952360	-108.260384	-127.710930	650.109070	
-0.931467	0.345874	0.112879	-0.301347	-0.907279	0.293319	0.203864	0.239200	0.949327	-93.414497	-131.569824	624.737061	
-0.883868	0.452476	0.118508	-0.422263	-0.880874	0.213904	0.201177	0.139021	0.969640	-87.987885	-131.444305	598.726257	
-0.911489	0.410492	0.026145	-0.410391	-0.911862	0.009352	0.027679	-0.002205	0.999614	-71.913803	-145.600006	623.674011	
-0.911489	0.410492	0.026145	-0.410391	-0.911862	0.009352	0.027679	-0.002205	0.999614	-71.913803	-145.600006	623.674011	
-0.911489	0.410492	0.026145	-0.410391	-0.911862	0.009352	0.027679	-0.002205	0.999614	-71.913803	-145.600006	623.674011	
-0.765006	0.639876	0.072969	-0.618473	-0.698330	-0.360314	-0.179599	-0.320772	0.929973	-34.406132	-169.363693	598.541382	
-0.668232	0.739890	0.077653	-0.717946	-0.613991	-0.327976	-0.194987	-0.274915	0.941489	-25.718334	-171.968536	593.535461	
-0.570694	0.730570	0.374936	-0.795493	-0.378590	-0.473140	-0.203714	-0.568276	0.797222	-12.136629	-164.231842	542.836914	
-0.440398	0.897433	0.025748	-0.734265	-0.343527	-0.585530	-0.516628	-0.276772	0.810242	13.996800	-187.080002	583.338013	
-0.440398	0.897433	0.025748	-0.734265	-0.343527	-0.585530	-0.516628	-0.276772	0.810242	13.996800	-187.080002	583.338013	
-0.440398	0.897433	0.025748	-0.734265	-0.343527	-0.585530	-0.516628	-0.276772	0.810242	13.996800	-187.080002	583.338013	
-0.440398	0.897433	0.025748	-0.734265	-0.343527	-0.585530	-0.516628	-0.276772	0.810242	13.996800	-187.080002	583.338013	
-0.440398	0.897433	0.025748	-0.734265	-0.343527	-0.585530	-0.516628	-0.276772	0.810242	13.996800	-187.080002	583.338013	
0.194404	0.976213	-0.095996	-0.541986	0.025329	-0.840006	-0.817593	0.215329	0.534017	64.772629	-193.218292	558.365723	
0.275293	0.948993	-0.153711	-0.506110	0.007126	-0.862439	-0.817353	0.315219	0.482256	68.524475	-188.173447	543.928833	
0.355318	0.925125	-0.133765	-0.339190	-0.005742	-0.940700	-0.871034	0.379619	0.311752	71.687050	-185.358459	541.713318	
0.408670	0.908493	-0.087350	-0.209250	0.000108	-0.977862	-0.888371	0.417901	0.190146	76.703529	-182.915070	548.812195	
0.590015	0.802413	-0.089530	-0.053368	-0.071886	-0.995984	-0.805626	0.592424	0.000409	74.275711	-172.525726	526.018677	
0.621754	0.778832	-0.082730	0.048568	-0.143766	-0.988419	-0.781705	0.610536	-0.127214	75.819420	-168.998016	531.893921	
0.658621	0.747257	-0.088463	0.079591	-0.186084	-0.979304	-0.748254	0.637951	-0.182033	76.062485	-166.216339	535.045959	
0.676020	0.720505	-0.154499	0.028315	-0.234910	-0.971604	-0.736339	0.652450	-0.179206	74.643692	-160.793991	548.143677	
0.762854	0.599375	-0.242494	-0.048172	-0.321318	-0.945745	-0.644774	0.733147	-0.216245	66.383194	-148.872803	527.975281	
0.799112	0.589509	-0.117896	0.206605	-0.453457	-0.867001	-0.564566	0.668473	-0.484158	67.033600	-156.356995	570.181030	
0.799112	0.589509	-0.117896	0.206605	-0.453457	-0.867001	-0.564566	0.668473	-0.484158	67.033600	-156.356995	570.181030	
0.799112	0.589509	-0.117896	0.206605	-0.453457	-0.867001	-0.564566	0.668473	-0.484158	67.033600	-156.356995	570.181030	
0.799112	0.589509	-0.117896	0.206605	-0.453457	-0.867001	-0.564566	0.668473	-0.484158	67.033600	-156.356995	570.181030	
0.952087	0.285395	-0.109903	0.176169	-0.805561	-0.565718	-0.249987	0.519251	-0.817243	28.562538	-124.656723	582.156616	
0.966323	0.210307	-0.148293	0.115159	-0.868762	-0.481654	-0.230127	0.448356	-0.863724	20.325405	-117.539154	587.046814	
0.886814	0.142239	-0.439691	-0.009984	-0.945333	-0.325952	-0.462018	0.293449	-0.836916	5.981604	-118.688522	633.325317	
0.433830	0.191409	-0.880428	-0.219665	-0.925217	-0.309387	-0.873806	0.327621	-0.359342	-5.551838	-111.672058	650.887024	
0.551207	0.262009	-0.792163	-0.173478	-0.892680	-0.415965	-0.816135	0.366706	-0.446599	-14.540787	-110.074722	639.400330	
0.815604	0.193002	-0.545472	-0.093016	-0.886732	-0.452829	-0.571085	0.420067	-0.705270	-20.603659	-94.734184	594.338745	
0.855571	-0.373254	-0.358719	-0.389133	-0.920696	0.029891	-0.341428	0.114016	-0.932967	-54.845402	-67.138496	631.926025	
0.855571	-0.373254	-0.358719	-0.389133	-0.920696	0.029891	-0.341428	0.114016	-0.932967	-54.845402	-67.138496	631.926025	
0.855571	-0.373254	-0.358719	-0.389133	-0.920696	0.029891	-0.341428	0.114016	-0.932967	-54.845402	-67.138496	631.926025	
0.703865	-0.605937	-0.370694	-0.589655	-0.789403	0.170735	-0.396082	0.098407	-0.912927	-114.187683	-39.844398	664.971741	
0.636059	-0.635959	-0.437018	-0.546555	-0.771097	0.326632	-0.544708	0.031097	-0.838049	-133.965439	-33.760803	683.725891	
0.552033	-0.658632	-0.511335	-0.468343	-0.752290	0.463375	-0.689865	-0.016318	-0.723754	-141.600189	-20.539190	685.720642	
0.435379	-0.700398	-0.565586	-0.497351	-0.710811	0.497385	-0.750392	0.064743	-0.657816	-149.329163	-7.285750	689.125610	
0.295881	-0.738243	-0.606178	-0.519983	-0.656809	0.546095	-0.801294	0.153623	-0.578212	-155.419022	-2.083038	695.107666	
0.132387	-0.704205	-0.697545	-0.148206	-0.709892	0.688542	-0.980055	0.012226	-0.198349	-171.659988	-2.039653	722.827637	
0.133246	-0.701675	-0.699928	-0.157048	-0.712252	0.684131	-0.978561	0.018764	-0.205102	-185.047180	4.161721	739.369995	
0.124938	-0.687753	-0.715113	-0.177363	-0.724633	0.665921	-0.976183	0.043635	-0.212517	-195.574982	14.266373	764.593201	
-0.063789	-0.682883	-0.727737	-0.412683	-0.645901	0.642265	-0.908638	0.341294	-0.240613	-191.481995	21.485701	730.328979	
-0.063789	-0.682883	-0.727737	-0.412683	-0.645901	0.642265	-0.908638	0.341294	-0.240613	-191.481995	21.485701	730.328979	
-0.063789	-0.682883	-0.727737	-0.412683	-0.645901	0.642265	-0.908638	0.341294	-0.240613	-191.481995	21.485701	730.328979	
-0.063789	-0.682883	-0.727737	-0.412683	-0.645901	0.642265	-0.908638	0.341294	-0.240613	-191.481995	21.485701	730.328979	
-0.283326	-0.518323	-0.806888	-0.375403	-0.714284	0.590654	-0.882496	0.470255	0.007795	-190.159241	37.669411	755.370728	
-0.348866	-0.486451	-0.801035	-0.466579	-0.651124	0.598618	-0.812771	0.582583	0.000187	-187.308807	35.280792	773.600952	
-0.290490	-0.445819	-0.846676	-0.286623	-0.803663	0.521509	-0.912942	0.394170	0.105674	-188.669006	42.494301	807.763977	
-0.290490	-0.445819	-0.846676	-0.286623	-0.803663	0.521509	-0.912942	0.394170	0.105674	-188.669006	42.494301	807.763977	
-0.290490	-0.445819	-0.846676	-0.286623	-0.803663	0.521509	-0.912942	0.394170	0.105674	-188.669006	42.494301	807.763977	
-0.290490	-0.445819	-0.846676	-0.286623	-0.803663	0.521509	-0.912942	0.394170	0.105674	-188.669006	42.494301	807.763977	
-0.245215	-0.233875	-0.940836	-0.206496	-0.935595	0.286393	-0.947222	0.264507	0.181128	-160.687958	38.517742	864.241455	
-0.160977	-0.190826	-0.968335	-0.122798	-0.969634	0.211497	-0.979289	0.152956	0.132655	-148.305206	36.344479	881.230774	
-0.214971	-0.115281	-0.969793	-0.334669	-0.924188	0.184045	-0.917488	0.364124	0.160092	-137.994705	30.123543	894.226746	
-0.224188	-0.089613	-0.970417	-0.268256	-0.951621	0.149851	-0.936899	0.293915	0.189302	-120.320908	23.741562	904.801880	
-0.219371	-0.071618	-0.973010	-0.226295	-0.966370	0.122149	-0.949035	0.246983	0.195787	-101.053108	17.030888	909.670166	
-0.186031	-0.038942	-0.981772	-0.085478	-0.994784	0.055655	-0.978819	0.094274	0.181732	-82.823814	14.336926	922.848206	
-0.269306	0.003734	-0.963048	-0.063686	-0.997872	0.013940	-0.960947	0.065086	0.268970	-67.637665	4.243040	973.733215	
-0.026177	-0.000886	-0.999657	-0.221440	-0.975151	0.006663	-0.974823	0.221539	0.025331	-42.125198	-0.737078	941.763000	
-0.026177	-0.000886	-0.999657	-0.221440	-0.975151	0.006663	-0.974823	0.221539	0.025331	-42.125198	-0.737078	941.763000	
-0.026177	-0.000886	-0.999657	-0.221440	-0.975151	0.006663	-0.974823	0.221539	0.025331	-42.125198	-0.737078	941.763000	
0.135212	-0.045360	-0.989778	-0.389380	-0.921012	-0.010985	-0.911098	0.386885	-0.142195	-1.308839	-20.188210	942.895081	
0.169239	0.011484	-0.985509	-0.329256	-0.941824	-0.067517	-0.928950	0.335911	-0.155612	10.874043	-26.772064	959.817627	
0.228392	-0.093299	-0.969089	-0.236168	-0.970976	0.037821	-0.944490	0.220230	-0.243797	22.916435	-36.944580	1000.870728	
0.004867	-0.081836	-0.996634	-0.222527	-0.971744	0.078705	-0.974914	0.221394	-0.022941	36.066933	-48.607933	982.840149	
-0.108505	-0.061964	-0.992163	-0.379733	-0.919787	0.098972	-0.918710	0.387496	0.076272	52.648117	-62.827011	983.291443	
-0.150630	-0.127037	-0.980394	-0.398802	-0.899627	0.177845	-0.904581	0.417772	0.084848	70.277573	-73.710861	1011.537170	
0.304905	-0.393803	-0.867152	-0.319996	-0.899935	0.296175	-0.897015	0.187180	-0.400410	78.217201	-84.531403	1009.229980	
0.304905	-0.393803	-0.867152	-0.319996	-0.899935	0.296175	-0.897015	0.187180	-0.400410	78.217201	-84.531403	1009.229980	
0.304905	-0.393803	-0.867152	-0.319996	-0.899935	0.296175	-0.897015	0.187180	-0.400410	78.217201	-84.531403	1009.229980	
0.304905	-0.393803	-0.867152	-0.319996	-0.899935	0.296175	-0.897015	0.187180	-0.400410	78.217201	-84.531403	1009.229980	
0.304905	-0.393803	-0.867152	-0.319996	-0.899935	0.296175	-0.897015	0.187180	-0.400410	78.217201	-84.531403	1009.229980	
0.126858	-0.738879	-0.661789	-0.413369	-0.645864	0.641861	-0.901683	0.192137	-0.387364	100.006248	-132.601395	1010.046875	
0.137780	-0.811027	-0.568552	-0.403482	-0.570197	0.715596	-0.904554	0.130806	-0.405798	104.211075	-149.305954	1042.295410	
-0.109913	-0.784247	-0.610636	-0.457054	-0.505671	0.731709	-0.882621	0.359518	-0.302864	100.943001	-154.436996	1030.969971	
-0.109913	-0.784247	-0.610636	-0.457054	-0.505671	0.731709	-0.882621	0.359518	-0.302864	100.943001	-154.436996	1030.969971	
-0.109913	-0.784247	-0.610636	-0.457054	-0.505671	0.731709	-0.882621	0.359518	-0.302864	100.943001	-154.436996	1030.969971	
-0.109913	-0.784247	-0.610636	-0.457054	-0.505671	0.731709	-0.882621	0.359518	-0.302864	100.943001	-154.436996	1030.969971	
-0.109913	-0.784247	-0.610636	-0.457054	-0.505671	0.731709	-0.882621	0.359518	-0.302864	100.943001	-154.436996	1030.969971	
-0.661922	-0.658628	-0.357865	-0.132360	-0.367223	0.920667	-0.737794	0.656778	0.155897	59.524513	-182.578400	969.952026	
-0.719042	-0.616722	-0.320363	-0.106208	-0.358046	0.927644	-0.686803	0.701040	0.191949	51.150261	-188.171890	983.769531	
-0.744460	-0.643256	-0.178889	0.088155	-0.360286	0.928667	-0.661822	0.675585	0.324925	49.048401	-203.804001	1023.390015	
-0.744460	-0.643256	-0.178889	0.088155	-0.360286	0.928667	-0.661822	0.675585	0.324925	49.048401	-203.804001	1023.390015	
-0.744460	-0.643256	-0.178889	0.088155	-0.360286	0.928667	-0.661822	0.675585	0.324925	49.048401	-203.804001	1023.390015	
-0.744460	-0.643256	-0.178889	0.088155	-0.360286	0.928667	-0.661822	0.675585	0.324925	49.048401	-203.804001	1023.390015	
-0.952163	-0.296400	0.074380	0.243265	-0.587865	0.771516	-0.184952	0.752703	0.631847	8.179619	-194.418198	917.531982	
-0.966220	-0.192613	0.171227	0.257080	-0.673633	0.692912	-0.018120	0.713525	0.700395	-17.657900	-215.533997	1000.650024	
-0.966220	-0.192613	0.171227	0.257080	-0.673633	0.692912	-0.018120	0.713525	0.700395	-17.657900	-215.533997	1000.650024	
-0.966220	-0.192613	0.171227	0.257080	-0.673633	0.692912	-0.018120	0.713525	0.700395	-17.657900	-215.533997	1000.650024	
-0.966220	-0.192613	0.171227	0.257080	-0.673633	0.692912	-0.018120	0.713525	0.700395	-17.657900	-215.533997	1000.650024	
-0.834410	0.141710	0.532614	0.120843	-0.895824	0.427664	0.537732	0.421211	0.730360	-64.618683	-193.327118	913.545044	
-0.788701	0.253060	0.560278	-0.112360	-0.955336	0.273327	0.604422	0.152620	0.781908	-77.584198	-207.570999	968.568970	
-0.788701	0.253060	0.560278	-0.112360	-0.955336	0.273327	0.604422	0.152620	0.781908	-77.584198	-207.570999	968.568970	
-0.788701	0.253060	0.560278	-0.112360	-0.955336	0.273327	0.604422	0.152620	0.781908	-77.584198	-207.570999	968.568970	
-0.788701	0.253060	0.560278	-0.112360	-0.955336	0.273327	0.604422	0.152620	0.781908	-77.584198	-207.570999	968.568970	
-0.500606	0.444304	0.742959	-0.685598	-0.727483	-0.026908	0.528534	-0.522841	0.668796	-123.634277	-183.205765	931.757080	
-0.409214	0.463671	0.785845	-0.805505	-0.588146	-0.072428	0.428609	-0.662641	0.614167	-130.269073	-173.210159	928.365540	
-0.314159	0.469475	0.825165	-0.916223	-0.377597	-0.133995	0.248673	-0.798131	0.548769	-134.597610	-161.952866	913.525269	
-0.262043	0.438726	0.859566	-0.960784	-0.202316	-0.189638	0.090705	-0.875550	0.474536	-140.979065	-149.399460	899.105103	
-0.184529	0.369611	0.910680	-0.981744	-0.025830	-0.188445	-0.046129	-0.928828	0.367629	-144.296509	-137.976532	899.805054	
-0.133847	0.277905	0.951238	-0.984883	0.069200	-0.158798	-0.109956	-0.958113	0.264442	-150.395355	-125.357651	918.623962	
-0.049364	0.179448	0.982528	-0.928754	0.353612	-0.111245	-0.367396	-0.918018	0.149208	-146.973007	-109.889000	877.226990	
-0.049364	0.179448	0.982528	-0.928754	0.353612	-0.111245	-0.367396	-0.918018	0.149208	-146.973007	-109.889000	877.226990	
-0.049364	0.179448	0.982528	-0.928754	0.353612	-0.111245	-0.367396	-0.918018	0.149208	-146.973007	-109.889000	877.226990	
-0.049364	0.179448	0.982528	-0.928754	0.353612	-0.111245	-0.367396	-0.918018	0.149208	-146.973007	-109.889000	877.226990	
0.003110	-0.099309	0.995052	-0.544712	0.834308	0.084968	-0.838617	-0.542280	-0.051500	-127.473984	-71.754707	816.213867	
0.002422	-0.207414	0.978250	-0.422396	0.886487	0.189004	-0.906408	-0.413667	-0.085464	-116.959930	-64.019897	799.110168	
-0.059771	-0.276767	0.959076	-0.257440	0.932566	0.253072	-0.964444	-0.231778	-0.126991	-113.822998	-55.974602	811.554016	
-0.059771	-0.276767	0.959076	-0.257440	0.932566	0.253072	-0.964444	-0.231778	-0.126991	-113.822998	-55.974602	811.554016	
-0.059771	-0.276767	0.959076	-0.257440	0.932566	0.253072	-0.964444	-0.231778	-0.126991	-113.822998	-55.974602	811.554016	
-0.203915	-0.466759	0.860554	0.100386	0.864422	0.492644	-0.973829	0.186845	-0.129412	-80.839363	-12.635442	765.534973	
-0.244894	-0.502635	0.829086	0.156850	0.823323	0.545471	-0.956779	0.263625	-0.122788	-74.197754	-5.843150	779.695374	
-0.310857	-0.528859	0.789731	0.297253	0.735121	0.609294	-0.902779	0.424153	-0.071312	-63.744663	1.216288	759.492371	
-0.435732	-0.502505	0.746743	0.498124	0.556383	0.665065	-0.749674	0.661761	0.007876	-51.319496	8.371414	710.538147	
-0.441973	-0.545335	0.712229	0.516831	0.494147	0.699074	-0.733175	0.677074	0.063446	-33.702099	20.680500	726.643005	
-0.441973	-0.545335	0.712229	0.516831	0.494147	0.699074	-0.733175	0.677074	0.063446	-33.702099	20.680500	726.643005	
-0.441973	-0.545335	0.712229	0.516831	0.494147	0.699074	-0.733175	0.677074	0.063446	-33.702099	20.680500	726.643005	
-0.441973	-0.545335	0.712229	0.516831	0.494147	0.699074	-0.733175	0.677074	0.063446	-33.702099	20.680500	726.643005	
-0.740568	-0.518554	0.427387	0.576517	-0.163542	0.800551	-0.345233	0.839259	0.420069	7.333028	47.387077	683.612610	
-0.814699	-0.437945	0.380091	0.538312	-0.327470	0.776520	-0.215605	0.837238	0.502540	17.017225	50.670349	669.395752	
-0.897610	-0.354225	0.262337	0.418946	-0.500551	0.757584	-0.137043	0.789920	0.597700	34.637146	53.694679	654.347656	
-0.939927	-0.305002	0.153328	0.318605	-0.622484	0.714846	-0.122585	0.720754	0.682265	50.613995	55.712421	640.815857	
-0.972960	-0.202286	0.111476	0.225621	-0.729132	0.646113	-0.049419	0.653794	0.755057	57.964298	57.715534	638.809692	
-0.986316	-0.149332	0.069856	0.160816	-0.778137	0.607158	-0.036311	0.610084	0.791504	71.696167	59.310650	636.500854	
-0.995096	-0.098612	0.007608	0.084932	-0.812554	0.576665	-0.050684	0.574483	0.816945	82.655304	59.407066	630.019531	
-0.999897	0.009911	0.010295	-0.003094	-0.853514	0.521061	0.013951	0.520975	0.853457	90.942497	57.759941	616.903137	
-0.997169	0.062925	-0.041158	-0.074969	-0.873928	0.480239	-0.005750	0.481965	0.876171	95.695145	56.811756	613.086792	
-0.980225	0.161944	-0.113716	-0.196422	-0.865944	0.459956	-0.023985	0.473196	0.880630	98.079857	53.189430	600.825562	
-0.946227	0.252622	-0.202077	-0.314940	-0.862102	0.396978	-0.073926	0.439274	0.895306	100.621414	51.377647	603.260986	
-0.918772	0.289163	-0.268780	-0.364168	-0.883652	0.294177	-0.152442	0.368163	0.917179	101.831978	45.504250	601.441040	
-0.866890	0.325122	-0.377884	-0.424725	-0.878572	0.218447	-0.260976	0.349867	0.899713	100.609787	38.539040	594.685669	
-0.720091	0.343237	-0.603040	-0.498995	-0.860056	0.106326	-0.482153	0.377479	0.790593	96.159126	29.430107	584.868591	
-0.656883	0.399678	-0.639345	-0.554054	-0.830991	0.049770	-0.511398	0.386925	0.767307	93.614273	20.575745	587.007690	
-0.530667	0.405392	-0.744345	-0.631441	-0.774912	0.028134	-0.565397	0.484940	0.667202	85.134071	14.562110	579.137390	
-0.418373	0.384478	-0.822886	-0.698192	-0.715612	0.020620	-0.580940	0.583160	0.567832	74.196541	7.878532	568.759583	
-0.346397	0.364513	-0.864372	-0.659861	-0.749607	-0.051676	-0.666777	0.552466	0.500190	63.199539	1.211616	573.758667	
-0.294900	0.340386	-0.892845	-0.627111	-0.773950	-0.087929	-0.720947	0.533984	0.441697	49.520340	-5.993690	575.205505	
-0.209456	0.309990	-0.927380	-0.669918	-0.736352	-0.094830	-0.712275	0.601408	0.361901	33.893654	-19.385696	566.600769	
-0.125388	0.213419	-0.968880	-0.635179	-0.767465	-0.086851	-0.762118	0.604524	0.231791	25.664021	-26.319874	563.877014	
-0.069991	0.137011	-0.988093	-0.572278	-0.816827	-0.072726	-0.817066	0.560376	0.135579	10.031451	-35.482033	594.891296	
0.005032	-0.010122	-0.999936	-0.585285	-0.810811	0.005262	-0.810812	0.585221	-0.010004	-0.820478	-43.891602	572.424011	
0.005032	-0.010122	-0.999936	-0.585285	-0.810811	0.005262	-0.810812	0.585221	-0.010004	-0.820478	-43.891602	572.424011	
0.005032	-0.010122	-0.999936	-0.585285	-0.810811	0.005262	-0.810812	0.585221	-0.010004	-0.820478	-43.891602	572.424011	
0.061500	-0.268396	-0.961343	-0.623829	-0.762199	0.172888	-0.779137	0.589082	-0.214309	-60.101734	-81.628548	557.150391	
0.183477	-0.374500	-0.908892	-0.702425	-0.696770	0.145298	-0.687703	0.611770	-0.390900	-84.293274	-99.001663	623.349365	
0.443108	-0.451896	-0.774238	-0.762662	-0.643950	-0.060632	-0.471172	0.617348	-0.629983	-91.444557	-107.932579	613.778076	
0.549865	-0.521349	-0.652567	-0.791567	-0.574628	-0.207906	-0.266592	0.630871	-0.728650	-90.913956	-107.236618	545.115967	
-0.052296	-0.693542	-0.718515	-0.654153	-0.519853	0.549397	-0.754552	0.498750	-0.426496	-123.413002	-120.443001	591.853027	
-0.052296	-0.693542	-0.718515	-0.654153	-0.519853	0.549397	-0.754552	0.498750	-0.426496	-123.413002	-120.443001	591.853027	
-0.052296	-0.693542	-0.718515	-0.654153	-0.519853	0.549397	-0.754552	0.498750	-0.426496	-123.413002	-120.443001	591.853027	
-0.313346	-0.799436	-0.512558	-0.594295	-0.255904	0.762448	-0.740694	0.543521	-0.394914	-153.789993	-156.607834	593.588623	
-0.339936	-0.827127	-0.447553	-0.589203	-0.183606	0.786848	-0.732996	0.531177	-0.424931	-169.433945	-171.139236	611.370117	
-0.444564	-0.846072	-0.294152	-0.512155	-0.029327	0.858392	-0.734888	0.532261	-0.420283	-176.305450	-177.230820	619.968201	
-0.505462	-0.852479	-0.133369	-0.364390	0.070788	0.928552	-0.782130	0.517946	-0.346416	-187.446838	-187.566101	630.787354	
-0.556065	-0.830904	0.019780	-0.238572	0.182366	0.953848	-0.796163	0.525682	-0.299638	-194.419205	-190.976471	634.648315	
-0.584105	-0.794882	0.164269	-0.117292	0.282918	0.951946	-0.803159	0.536768	-0.258487	-201.983643	-196.046768	643.260315	
-0.615481	-0.722266	0.315460	0.053159	0.361299	0.930934	-0.786356	0.589742	-0.183978	-207.059875	-200.424057	660.277466	
-0.601830	-0.630971	0.489567	0.314932	0.375830	0.871533	-0.733906	0.678695	-0.027473	-205.799438	-205.020554	657.739197	
-0.650217	-0.516827	0.556873	0.379613	0.413910	0.827389	-0.658112	0.749379	-0.072937	-203.621002	-207.669998	670.604980	
-0.650217	-0.516827	0.556873	0.379613	0.413910	0.827389	-0.658112	0.749379	-0.072937	-203.621002	-207.669998	670.604980	
-0.650217	-0.516827	0.556873	0.379613	0.413910	0.827389	-0.658112	0.749379	-0.072937	-203.621002	-207.669998	670.604980	
-0.650217	-0.516827	0.556873	0.379613	0.413910	0.827389	-0.658112	0.749379	-0.072937	-203.621002	-207.669998	670.604980	
-0.650217	-0.516827	0.556873	0.379613	0.413910	0.827389	-0.658112	0.749379	-0.072937	-203.621002	-207.669998	670.604980	
-0.405473	-0.125487	0.905454	0.893843	0.152985	0.421475	-0.191410	0.980229	0.050135	-180.121353	-205.990341	718.582092	
-0.243053	-0.079222	0.966773	0.965724	0.073865	0.248842	-0.091123	0.994117	0.058553	-164.570068	-200.972992	723.007935	
-0.119213	-0.052062	0.991503	0.992571	0.018246	0.120299	-0.024353	0.998478	0.049500	-148.746613	-196.935028	739.948425	
0.014701	-0.015755	0.999768	0.999004	-0.041917	-0.015351	0.042150	0.998997	0.015123	-129.251389	-190.319717	735.505737	
0.120855	0.013398	0.992580	0.986587	-0.112154	-0.118612	0.109734	0.993601	-0.026773	-111.147354	-186.911972	745.651001	
0.172909	0.019404	0.984747	0.961263	-0.221221	-0.164427	0.214657	0.975031	-0.056903	-103.438972	-182.872421	767.628845	
0.322327	0.035698	0.945955	0.909351	-0.289344	-0.298936	0.263035	0.956560	-0.125726	-95.376945	-176.523911	787.100525	
0.454005	0.003086	0.890994	0.829743	-0.365845	-0.421527	0.324665	0.930671	-0.168656	-75.383484	-166.981186	805.889954	
0.580628	-0.048603	0.812718	0.727295	-0.417703	-0.544580	0.365943	0.907283	-0.207181	-63.478313	-160.612671	824.391541	
0.676892	-0.132379	0.724081	0.564238	-0.538410	-0.625900	0.472708	0.832220	-0.289752	-46.111301	-150.554993	857.086975	
0.676892	-0.132379	0.724081	0.564238	-0.538410	-0.625900	0.472708	0.832220	-0.289752	-46.111301	-150.554993	857.086975	
0.790265	-0.248944	0.559918	0.326221	-0.602581	-0.728339	0.518711	0.758237	-0.394987	-5.769782	-128.684738	861.882385	
0.841564	-0.302417	0.447565	0.190477	-0.609208	-0.769795	0.505459	0.733082	-0.455084	3.877510	-118.042999	889.822021	
0.841564	-0.302417	0.447565	0.190477	-0.609208	-0.769795	0.505459	0.733082	-0.455084	3.877510	-118.042999	889.822021	
0.841564	-0.302417	0.447565	0.190477	-0.609208	-0.769795	0.505459	0.733082	-0.455084	3.877510	-118.042999	889.822021	
0.881604	-0.462633	0.093513	-0.200963	-0.547198	-0.812520	0.427069	0.697528	-0.575384	30.142271	-80.575462	904.722900	
0.851636	-0.523790	0.019001	-0.293720	-0.506961	-0.810382	0.434103	0.684569	-0.585593	36.141075	-65.617249	914.082031	
0.810228	-0.584990	-0.036304	-0.369362	-0.461522	-0.806579	0.455086	0.666921	-0.590010	41.969406	-52.052219	931.519897	
0.751334	-0.646899	-0.130458	-0.495484	-0.422412	-0.758989	0.435882	0.634893	-0.637900	53.186497	-45.497818	959.750732	
0.778302	-0.602659	-0.176207	-0.433838	-0.313282	-0.844772	0.453907	0.733932	-0.505284	58.780483	-29.867619	922.843689	
0.706561	-0.650238	-0.279217	-0.574114	-0.296040	-0.763383	0.413722	0.699678	-0.582481	62.023346	-17.406296	940.311707	
0.639248	-0.700957	-0.316262	-0.631493	-0.243803	-0.736055	0.438838	0.670238	-0.598499	64.737518	-4.306662	962.881287	
0.624344	-0.688884	-0.368286	-0.654060	-0.203252	-0.728624	0.427083	0.695792	-0.577471	65.176826	8.068035	966.564087	
0.535394	-0.691430	-0.485055	-0.770440	-0.164486	-0.615927	0.346086	0.703469	-0.620770	65.515610	20.359827	980.473816	
0.478171	-0.708833	-0.518565	-0.805538	-0.118705	-0.580532	0.349944	0.695316	-0.627752	64.528687	26.297211	1001.919800	
0.298749	-0.772205	-0.560758	-0.921789	-0.081354	-0.379061	0.247093	0.630143	-0.736114	65.777740	37.901733	1044.121094	
0.387247	-0.611813	-0.689728	-0.861248	0.026967	-0.507468	0.329076	0.790542	-0.516480	54.145100	49.715801	1025.290039	
0.387247	-0.611813	-0.689728	-0.861248	0.026967	-0.507468	0.329076	0.790542	-0.516480	54.145100	49.715801	1025.290039	
0.387247	-0.611813	-0.689728	-0.861248	0.026967	-0.507468	0.329076	0.790542	-0.516480	54.145100	49.715801	1025.290039	
0.387247	-0.611813	-0.689728	-0.861248	0.026967	-0.507468	0.329076	0.790542	-0.516480	54.145100	49.715801	1025.290039	
0.153043	-0.474344	-0.866935	-0.917673	0.257295	-0.302779	0.366678	0.841901	-0.395916	15.953756	84.996742	1033.053711	
0.134079	-0.444075	-0.885901	-0.906459	0.306286	-0.290723	0.400441	0.842013	-0.361470	0.247214	88.709862	1045.211792	
0.087822	-0.328382	-0.940453	-0.890636	0.396966	-0.221780	0.446156	0.857079	-0.257606	-17.283800	91.493599	1060.719971	
0.087822	-0.328382	-0.940453	-0.890636	0.396966	-0.221780	0.446156	0.857079	-0.257606	-17.283800	91.493599	1060.719971	
0.087822	-0.328382	-0.940453	-0.890636	0.396966	-0.221780	0.446156	0.857079	-0.257606	-17.283800	91.493599	1060.719971	
0.087822	-0.328382	-0.940453	-0.890636	0.396966	-0.221780	0.446156	0.857079	-0.257606	-17.283800	91.493599	1060.719971	
-0.034217	0.051988	-0.998062	-0.848100	0.526814	0.056517	0.528731	0.848390	0.026065	-61.132339	90.124901	1005.634521	
-0.011060	0.170556	-0.985286	-0.813595	0.571308	0.108028	0.581327	0.802819	0.132444	-86.084900	95.673401	1073.640015	
-0.011060	0.170556	-0.985286	-0.813595	0.571308	0.108028	0.581327	0.802819	0.132444	-86.084900	95.673401	1073.640015	
-0.011060	0.170556	-0.985286	-0.813595	0.571308	0.108028	0.581327	0.802819	0.132444	-86.084900	95.673401	1073.640015	
-0.011060	0.170556	-0.985286	-0.813595	0.571308	0.108028	0.581327	0.802819	0.132444	-86.084900	95.673401	1073.640015	
-0.011060	0.170556	-0.985286	-0.813595	0.571308	0.108028	0.581327	0.802819	0.132444	-86.084900	95.673401	1073.640015	
0.134471	0.535534	-0.833738	-0.691283	0.653522	0.308281	0.709961	0.534895	0.458085	-134.231873	75.947380	1074.666016	
0.131518	0.552740	-0.822910	-0.695515	0.642964	0.320714	0.706372	0.530166	0.469000	-139.154541	68.091751	1057.134888	
0.216866	0.613581	-0.759267	-0.649023	0.671610	0.357366	0.729204	0.415281	0.543877	-149.285248	64.924576	1070.354858	
0.266043	0.670752	-0.692324	-0.595911	0.678972	0.428822	0.757701	0.298478	0.580344	-155.642670	54.579494	1066.830200	
0.308835	0.693922	-0.650456	-0.626944	0.662807	0.409426	0.715235	0.281354	0.639748	-165.128616	44.050957	1059.088989	
0.404868	0.764704	-0.501307	-0.607190	0.634767	0.477903	0.683667	0.110901	0.721318	-174.433716	32.515121	1059.492920	
0.374489	0.817517	-0.437519	-0.522230	0.575861	0.629016	0.766181	-0.007074	0.642585	-175.333267	26.737076	1045.086792	
0.375283	0.849514	-0.370795	-0.551239	0.526152	0.647534	0.745183	-0.038612	0.665741	-178.575287	20.424477	1033.967529	
0.378418	0.873215	-0.307074	-0.706635	0.486808	0.513504	0.597885	0.022671	0.801261	-182.097321	14.718170	1036.203003	
0.382035	0.902823	-0.197384	-0.741462	0.426930	0.517654	0.551618	-0.051409	0.832510	-184.094894	7.727889	1053.786987	
0.419762	0.907453	-0.018100	-0.782316	0.371846	0.499713	0.460196	-0.195600	0.866002	-185.708740	0.476101	1061.847534	
0.445590	0.873113	0.197796	-0.828436	0.318407	0.460773	0.339328	-0.369177	0.865196	-181.197906	-13.654136	1035.517700	
0.421001	0.871298	0.252188	-0.855999	0.289672	0.428201	0.300039	-0.396145	0.867782	-176.487122	-20.218454	1022.511780	
0.427579	0.844973	0.321242	-0.823719	0.217802	0.523498	0.372375	-0.488450	0.789147	-165.838425	-35.007545	1008.463562	
0.423380	0.839638	0.340231	-0.820533	0.196202	0.536871	0.384024	-0.506471	0.772018	-156.655319	-42.872837	994.839050	
0.457015	0.783376	0.421259	-0.816712	0.181997	0.547594	0.352304	-0.594306	0.722967	-142.033966	-49.280304	969.872559	
0.523922	0.738253	0.424839	-0.740998	0.149086	0.654749	0.420033	-0.657842	0.625153	-134.575714	-63.529430	957.379272	
