0.996856	-0.042933	0.066596	0.043498	0.999028	-0.007058	-0.066228	0.009933	0.997755	18.952015	4.195784	547.596252	
0.970890	-0.126781	0.203221	0.132038	0.991166	-0.012467	-0.199845	0.038937	0.979053	27.527878	7.862088	546.358337	
0.951966	-0.165209	0.257811	0.174396	0.984589	-0.013016	-0.251688	0.057352	0.966108	36.125996	15.775553	548.282959	
0.899825	-0.198706	0.388371	0.219995	0.975443	-0.010635	-0.376720	0.095009	0.921442	44.233223	18.480104	547.326599	
0.817272	-0.263117	0.512674	0.307701	0.951480	-0.002194	-0.487222	0.159544	0.858580	51.680077	23.991390	548.462158	
0.767613	-0.324770	0.552534	0.395941	0.918217	-0.010352	-0.503985	0.226717	0.833425	69.108971	26.068487	552.112000	
0.671120	-0.360738	0.647662	0.480536	0.876923	-0.009508	-0.564520	0.317605	0.761868	76.255562	29.536510	552.962341	
0.585729	-0.349340	0.731357	0.527604	0.849322	-0.016859	-0.615268	0.395741	0.681786	83.457031	30.460835	558.434143	
0.534797	-0.351559	0.768373	0.572947	0.819242	-0.023945	-0.621066	0.453043	0.639554	88.996452	31.340328	561.139587	
0.439745	-0.323665	0.837774	0.621320	0.783203	-0.023548	-0.648525	0.530880	0.545509	99.313599	31.364990	569.450989	
0.368633	-0.327621	0.869927	0.698028	0.715587	-0.026295	-0.613893	0.616927	0.492478	102.741776	29.710352	576.559021	
0.266909	-0.281142	0.921802	0.770749	0.636476	-0.029051	-0.578537	0.718231	0.386571	106.065201	27.339207	580.763611	
0.209598	-0.259629	0.942688	0.839593	0.541925	-0.037423	-0.501150	0.799318	0.331569	108.479286	25.477833	590.185486	
0.143754	-0.177373	0.973588	0.870739	0.490174	-0.039265	-0.470263	0.853386	0.224910	110.385788	21.155750	600.862488	
0.085839	-0.136110	0.986968	0.914661	0.403513	-0.023903	-0.395001	0.904793	0.159131	110.909088	14.894562	605.837158	
0.051342	-0.086827	0.994900	0.941317	0.336978	-0.019168	-0.333594	0.937500	0.099033	108.694923	7.991108	609.253235	
0.023122	-0.036966	0.999049	0.960100	0.279404	-0.011882	-0.278698	0.959461	0.041951	104.772491	4.495308	619.302429	
0.001412	0.016769	0.999858	0.985724	0.168314	-0.004215	-0.168360	0.985591	-0.016292	101.896393	-4.439350	628.179626	
-0.013062	0.071300	0.997369	0.998674	0.050599	0.009463	-0.049791	0.996171	-0.071867	97.444397	-14.310210	633.575928	
-0.015718	0.124362	0.992112	0.997664	-0.064021	0.023832	0.066481	0.990169	-0.123066	86.997391	-25.788733	638.012085	
-0.004647	0.237261	0.971434	0.980880	-0.187921	0.050591	0.194556	0.953096	-0.231852	81.004875	-31.776628	647.994080	
0.015532	0.342847	0.939262	0.968174	-0.239835	0.071535	0.249794	0.908259	-0.335661	74.605042	-38.046875	658.450317	
0.039889	0.392728	0.918789	0.948870	-0.303053	0.088343	0.313137	0.868288	-0.384736	67.852058	-50.663898	675.244141	
0.071948	0.491161	0.868092	0.929765	-0.348086	0.119886	0.361055	0.798496	-0.481709	60.016594	-57.698193	688.241089	
0.107469	0.567365	0.816423	0.908719	-0.389196	0.150851	0.403337	0.725688	-0.557402	52.539330	-71.005852	706.543945	
0.180148	0.629997	0.755414	0.847285	-0.489492	0.206168	0.499655	0.602910	-0.621968	34.452030	-85.157036	719.762939	
0.227055	0.755387	0.614684	0.784716	-0.515710	0.343896	0.576773	0.404269	-0.709858	17.853552	-98.043808	726.135559	
0.293564	0.780318	0.552199	0.759469	-0.541187	0.361003	0.580540	0.313401	-0.751501	7.952087	-104.416695	732.940491	
0.352480	0.779737	0.517463	0.724883	-0.577209	0.375998	0.591863	0.242569	-0.768673	-1.631048	-111.786011	739.689514	
0.454459	0.774226	0.440501	0.657598	-0.625176	0.420379	0.600859	0.098628	-0.793247	-12.205073	-125.721138	747.880005	
0.521366	0.778170	0.350183	0.631589	-0.627850	0.454863	0.573823	-0.015978	-0.818823	-22.377464	-140.896698	757.980835	
0.622399	0.738703	0.258722	0.567740	-0.653628	0.500443	0.538786	-0.164588	-0.826208	-31.070740	-147.262146	774.740417	
0.673715	0.721112	0.161573	0.546177	-0.633164	0.548447	0.497794	-0.281249	-0.820426	-39.717949	-161.147995	785.950500	
0.756575	0.651180	0.059658	0.501565	-0.636431	0.585994	0.419555	-0.413425	-0.808116	-48.196075	-173.686111	789.341614	
0.791662	0.609977	-0.034642	0.494355	-0.606221	0.622984	0.359005	-0.510318	-0.781467	-56.464794	-180.712753	811.544983	
0.821244	0.564720	-0.081547	0.469912	-0.588346	0.658052	0.323636	-0.578741	-0.748544	-70.683708	-193.784851	826.278320	
0.841655	0.506855	-0.186322	0.480044	-0.544209	0.688037	0.247336	-0.668532	-0.701348	-83.326149	-205.166443	831.413513	
0.860884	0.460559	-0.216249	0.460603	-0.524880	0.715784	0.216156	-0.715811	-0.663996	-96.306236	-217.492493	849.324280	
0.871627	0.407000	-0.273161	0.465617	-0.513319	0.720906	0.153189	-0.755549	-0.636929	-106.013176	-222.642166	867.377380	
0.878882	0.297736	-0.372718	0.476012	-0.496111	0.726146	0.031290	-0.815614	-0.577749	-112.729134	-225.717041	878.863770	
0.886071	0.181132	-0.426696	0.456140	-0.504626	0.733001	-0.082552	-0.844122	-0.529756	-115.359650	-234.391953	897.158875	
0.855141	0.119724	-0.504380	0.496429	-0.469352	0.730252	-0.149304	-0.874857	-0.460797	-116.238609	-237.993256	899.889587	
0.836366	0.068531	-0.543870	0.513113	-0.446992	0.732744	-0.192891	-0.891909	-0.409013	-117.065369	-240.430466	910.032471	
0.788868	0.021888	-0.614173	0.564228	-0.421899	0.709682	-0.243586	-0.906378	-0.345173	-116.005035	-244.907990	922.422913	
0.732315	-0.020678	-0.680651	0.617571	-0.400973	0.676629	-0.286914	-0.915856	-0.280869	-114.737427	-249.212402	927.485657	
0.697403	-0.057969	-0.714330	0.648015	-0.374721	0.663069	-0.306113	-0.925323	-0.223767	-111.265701	-250.884293	935.661621	
0.623271	-0.095245	-0.776183	0.690114	-0.399833	0.603222	-0.367798	-0.911626	-0.183475	-107.291679	-252.279984	943.098328	
0.578028	-0.154847	-0.801190	0.688798	-0.433860	0.580795	-0.437539	-0.887574	-0.144125	-97.276024	-252.056000	957.611572	
0.512801	-0.216567	-0.830742	0.668684	-0.506119	0.544707	-0.538420	-0.834831	-0.114724	-92.765717	-251.212296	960.252625	
0.478896	-0.220333	-0.849771	0.698179	-0.491208	0.520828	-0.532170	-0.842715	-0.081406	-80.385315	-248.447052	965.451172	
0.417642	-0.255047	-0.872081	0.696151	-0.526981	0.487509	-0.583908	-0.810704	-0.042539	-73.631172	-245.416656	973.298035	
0.355823	-0.274653	-0.893284	0.700459	-0.554380	0.449468	-0.618666	-0.785638	-0.004878	-58.319538	-240.404968	984.191528	
0.274789	-0.252902	-0.927648	0.716787	-0.589171	0.372953	-0.640864	-0.767409	0.019379	-49.224770	-235.157944	995.656128	
0.208003	-0.215198	-0.954162	0.744466	-0.597896	0.297139	-0.634432	-0.772146	0.035843	-39.921848	-228.262497	1003.459595	
0.170784	-0.203050	-0.964160	0.743208	-0.615902	0.261355	-0.646896	-0.761206	0.045723	-29.924477	-219.213165	1005.589478	
0.106552	-0.168626	-0.979904	0.729094	-0.656839	0.192313	-0.676068	-0.734934	0.052957	-19.312393	-210.101379	1009.285339	
0.074124	-0.138850	-0.987536	0.742690	-0.653169	0.147585	-0.665520	-0.744372	0.054707	-9.733802	-199.462387	1014.812256	
0.024690	-0.084168	-0.996146	0.744015	-0.663991	0.074545	-0.667706	-0.742987	0.046228	9.475304	-187.321823	1014.049133	
-0.006539	-0.015499	-0.999859	0.706476	-0.707708	0.006351	-0.707706	-0.706334	0.015577	18.285332	-174.748688	1015.932129	
-0.025046	0.058868	-0.997952	0.654450	-0.753650	-0.060882	-0.755690	-0.654634	-0.019650	27.329634	-161.761017	1017.541931	
-0.034374	0.136676	-0.990020	0.605331	-0.785378	-0.129442	-0.795230	-0.603739	-0.055738	45.562599	-148.910202	1017.811462	
-0.026797	0.209595	-0.977422	0.534757	-0.823098	-0.191163	-0.844580	-0.527805	-0.090027	54.501907	-133.559082	1018.991943	
-0.015602	0.264323	-0.964309	0.430720	-0.868578	-0.245052	-0.902350	-0.419170	-0.100299	70.065598	-114.537148	994.866760	
0.036665	0.293269	-0.955327	0.442410	-0.861948	-0.247624	-0.896063	-0.413567	-0.161349	76.796143	-109.975853	989.912842	
0.075790	0.285312	-0.955434	0.398292	-0.887090	-0.233308	-0.914122	-0.362859	-0.180871	89.976654	-101.997101	974.019531	
0.123748	0.385062	-0.914557	0.558720	-0.788704	-0.256473	-0.820072	-0.479243	-0.312742	102.260002	-98.239502	1019.320007	
0.123748	0.385062	-0.914557	0.558720	-0.788704	-0.256473	-0.820072	-0.479243	-0.312742	102.260002	-98.239502	1019.320007	
0.123748	0.385062	-0.914557	0.558720	-0.788704	-0.256473	-0.820072	-0.479243	-0.312742	102.260002	-98.239502	1019.320007	
0.123748	0.385062	-0.914557	0.558720	-0.788704	-0.256473	-0.820072	-0.479243	-0.312742	102.260002	-98.239502	1019.320007	
0.408882	0.388123	-0.825939	0.352451	-0.901991	-0.249380	-0.841780	-0.189135	-0.505603	122.070175	-45.303139	993.810791	
0.469569	0.342339	-0.813823	0.311906	-0.926652	-0.209834	-0.825966	-0.155304	-0.541905	123.810303	-31.307007	987.008240	
0.506137	0.330738	-0.796516	0.298757	-0.933602	-0.197819	-0.809055	-0.137841	-0.571341	124.623970	-17.005171	988.041809	
0.591207	0.279887	-0.756398	0.248919	-0.955390	-0.158963	-0.767147	-0.094301	-0.634503	121.993179	-3.028591	992.713318	
0.622275	0.249452	-0.741989	0.226373	-0.964712	-0.134480	-0.749353	-0.084283	-0.656786	117.849312	3.172129	985.018921	
0.657199	0.173100	-0.733570	0.159832	-0.983142	-0.088799	-0.736575	-0.058889	-0.673787	113.457062	9.290046	975.329224	
0.716911	0.121409	-0.686511	0.124621	-0.991177	-0.045150	-0.685936	-0.053185	-0.725716	104.904579	20.119476	965.293884	
0.745722	0.091551	-0.659937	0.094019	-0.995062	-0.031802	-0.659590	-0.038331	-0.750648	94.307251	25.221798	957.589600	
0.786412	0.001730	-0.617700	0.021579	-0.999463	0.024674	-0.617325	-0.032733	-0.786027	87.980782	30.662245	953.596558	
0.803641	-0.049830	-0.593023	-0.024391	-0.998409	0.050839	-0.594613	-0.026392	-0.803579	74.460335	38.651859	948.001892	
0.802972	-0.107489	-0.586244	-0.025748	-0.988941	0.146056	-0.595460	-0.102184	-0.796860	66.887848	44.873833	946.931458	
0.828828	-0.172157	-0.532359	-0.044565	-0.968775	0.243903	-0.557726	-0.178429	-0.810621	50.736488	47.753357	938.002380	
0.833152	-0.232192	-0.501940	-0.057870	-0.939216	0.338414	-0.550008	-0.252903	-0.795948	32.773468	52.047523	924.460938	
0.814836	-0.345256	-0.465660	-0.165305	-0.908329	0.384204	-0.555622	-0.236087	-0.797213	14.439146	54.636631	915.281006	
0.785038	-0.457079	-0.418082	-0.238481	-0.845918	0.477022	-0.571700	-0.274775	-0.773084	5.222447	55.565678	902.026306	
0.730099	-0.570935	-0.375484	-0.323837	-0.772944	0.545607	-0.601734	-0.276751	-0.749217	-14.657710	54.756790	907.434082	
0.649010	-0.667182	-0.365587	-0.367982	-0.695889	0.616707	-0.665864	-0.265719	-0.697151	-34.855751	54.614880	894.202576	
0.553775	-0.753579	-0.354191	-0.397098	-0.612894	0.683135	-0.731878	-0.237654	-0.638652	-54.564590	53.883831	881.053772	
0.464055	-0.828102	-0.314483	-0.405762	-0.514310	0.755541	-0.787406	-0.223007	-0.574682	-73.172630	50.326496	876.497559	
0.410602	-0.867546	-0.280656	-0.410480	-0.450717	0.792692	-0.814193	-0.210277	-0.541178	-81.313118	45.594810	867.308899	
0.347770	-0.903044	-0.252125	-0.354565	-0.375612	0.856271	-0.867951	-0.208390	-0.450816	-89.572556	39.659119	846.953186	
0.240805	-0.947493	-0.210404	-0.354823	-0.287717	0.889561	-0.903390	-0.139554	-0.405478	-106.119125	35.603725	830.526062	
0.110984	-0.975196	-0.191503	-0.288479	-0.216009	0.932803	-0.951032	-0.048282	-0.305299	-122.197067	31.415987	817.363098	
-0.021311	-0.983249	-0.181015	-0.215794	-0.172265	0.961124	-0.976206	0.059545	-0.208510	-136.108505	26.162779	807.035706	
-0.087752	-0.982089	-0.166735	-0.116559	-0.156108	0.980839	-0.989299	0.105505	-0.100774	-147.605225	21.355202	785.897583	
-0.200523	-0.968298	-0.148960	-0.031257	-0.145647	0.988844	-0.979190	0.202941	-0.001062	-154.800613	15.636608	780.723267	
-0.269397	-0.953301	-0.136536	0.074755	-0.162050	0.983948	-0.960123	0.254866	0.114919	-163.539093	8.673010	775.830017	
-0.349995	-0.929879	-0.113258	0.128052	-0.167261	0.977562	-0.927958	0.327638	0.177612	-165.114014	1.071627	758.104187	
-0.470935	-0.875871	-0.105211	0.205335	-0.224822	0.952520	-0.857937	0.426971	0.285723	-170.323059	-12.655880	744.170166	
-0.510744	-0.845436	-0.156139	0.249479	-0.319542	0.914142	-0.822739	0.427938	0.374122	-173.885864	-25.239864	741.566956	
-0.623154	-0.770653	-0.133317	0.267599	-0.370266	0.889548	-0.734894	0.518649	0.436958	-171.566483	-33.930119	730.415649	
-0.683786	-0.721375	-0.109793	0.300594	-0.415585	0.858449	-0.664890	0.553991	0.501012	-171.086319	-41.419708	727.558899	
-0.780778	-0.622330	-0.055611	0.343004	-0.501318	0.794374	-0.522240	0.601153	0.604880	-169.160614	-49.460484	717.608337	
-0.856569	-0.514719	-0.036799	0.309721	-0.569838	0.761157	-0.412750	0.640584	0.647525	-163.154053	-65.200325	704.064209	
-0.915933	-0.400351	-0.028040	0.256634	-0.637983	0.726029	-0.308554	0.657796	0.687094	-158.877686	-73.503159	686.056580	
-0.962883	-0.269893	-0.003725	0.204429	-0.738202	0.642859	-0.176251	0.618236	0.765977	-153.494247	-89.584061	680.747375	
-0.979135	-0.202924	0.010775	0.176052	-0.820601	0.543710	-0.101488	0.534262	0.839206	-143.049469	-98.337776	674.494812	
-0.988496	-0.144936	0.043228	0.148051	-0.868830	0.472457	-0.030916	0.473421	0.880295	-129.920502	-114.032028	668.605225	
-0.998000	-0.020250	0.059888	0.043154	-0.910484	0.411286	0.046201	0.413047	0.909538	-115.652199	-121.494987	663.388794	
-0.990025	0.123325	0.068119	-0.101888	-0.960651	0.258394	0.097306	0.248876	0.963636	-108.475235	-129.304886	663.030518	
-0.977750	0.207865	0.028216	-0.201108	-0.967106	0.155756	0.059666	0.146616	0.987394	-89.778015	-134.285217	647.050049	
-0.959089	0.280793	0.036100	-0.277054	-0.957151	0.084277	0.058219	0.070828	0.995789	-80.691628	-139.720093	632.003540	
-0.909955	0.410774	0.056976	-0.410744	-0.911661	0.012807	0.057204	-0.011748	0.998295	-72.011932	-144.995728	622.900330	
-0.875985	0.478655	0.059493	-0.482248	-0.866739	-0.127279	-0.009357	-0.140185	0.990082	-62.873577	-154.864990	609.600159	
-0.846835	0.530657	0.035686	-0.522079	-0.816588	-0.246207	-0.101510	-0.227127	0.968561	-53.753948	-161.320099	604.957458	
-0.767676	0.639732	0.037623	-0.616124	-0.720650	-0.317894	-0.176253	-0.267219	0.947381	-34.035133	-169.375443	595.880920	
-0.679301	0.730856	0.066324	-0.690057	-0.605383	-0.396655	-0.249745	-0.315215	0.915570	-23.784359	-170.819504	591.070984	
-0.564194	0.823325	0.061812	-0.720365	-0.454292	-0.524114	-0.403434	-0.340228	0.849404	-4.669147	-177.153885	578.733032	
-0.436328	0.891784	0.119739	-0.772726	-0.303202	-0.557642	-0.460990	-0.335840	0.821402	13.899809	-182.176392	570.813538	
-0.305202	0.951524	0.038123	-0.756211	-0.217835	-0.617005	-0.578789	-0.217140	0.786037	22.125608	-190.146149	572.836426	
-0.181704	0.982387	0.043579	-0.751586	-0.110164	-0.650372	-0.634115	-0.150929	0.758366	29.642363	-191.706314	575.378967	
-0.041499	0.998984	-0.017557	-0.730179	-0.042318	-0.681947	-0.681995	-0.015480	0.731193	43.520824	-191.539703	572.912964	
0.014288	0.987749	-0.155393	-0.740203	-0.094033	-0.665778	-0.672232	0.124534	0.729792	46.971565	-190.506302	562.088562	
0.072493	0.974054	-0.214389	-0.733773	-0.093502	-0.672932	-0.675516	0.206095	0.707957	54.919125	-186.340027	550.410583	
0.117831	0.973006	-0.198429	-0.633612	-0.080195	-0.769485	-0.764625	0.216396	0.607059	56.466995	-180.456406	537.737915	
0.302773	0.952542	-0.031494	-0.223461	0.038827	-0.973939	-0.926496	0.301920	0.224612	74.090797	-192.218994	563.038025	
0.302773	0.952542	-0.031494	-0.223461	0.038827	-0.973939	-0.926496	0.301920	0.224612	74.090797	-192.218994	563.038025	
0.302773	0.952542	-0.031494	-0.223461	0.038827	-0.973939	-0.926496	0.301920	0.224612	74.090797	-192.218994	563.038025	
0.302773	0.952542	-0.031494	-0.223461	0.038827	-0.973939	-0.926496	0.301920	0.224612	74.090797	-192.218994	563.038025	
0.302773	0.952542	-0.031494	-0.223461	0.038827	-0.973939	-0.926496	0.301920	0.224612	74.090797	-192.218994	563.038025	
0.302773	0.952542	-0.031494	-0.223461	0.038827	-0.973939	-0.926496	0.301920	0.224612	74.090797	-192.218994	563.038025	
0.302773	0.952542	-0.031494	-0.223461	0.038827	-0.973939	-0.926496	0.301920	0.224612	74.090797	-192.218994	563.038025	
0.302773	0.952542	-0.031494	-0.223461	0.038827	-0.973939	-0.926496	0.301920	0.224612	74.090797	-192.218994	563.038025	
0.302773	0.952542	-0.031494	-0.223461	0.038827	-0.973939	-0.926496	0.301920	0.224612	74.090797	-192.218994	563.038025	
0.866925	0.469381	-0.167695	0.196913	-0.631596	-0.749874	-0.457893	0.617064	-0.639974	55.426075	-137.352798	569.183533	
0.921543	0.343060	-0.181844	0.149072	-0.745056	-0.650130	-0.358518	0.572015	-0.737742	43.098701	-131.945999	579.059998	
0.921543	0.343060	-0.181844	0.149072	-0.745056	-0.650130	-0.358518	0.572015	-0.737742	43.098701	-131.945999	579.059998	
0.921543	0.343060	-0.181844	0.149072	-0.745056	-0.650130	-0.358518	0.572015	-0.737742	43.098701	-131.945999	579.059998	
0.968277	0.076439	-0.237902	-0.033860	-0.903144	-0.427999	-0.247575	0.422477	-0.871905	2.575916	-110.713623	598.328735	
0.959467	0.028092	-0.280419	-0.082745	-0.923086	-0.375587	-0.269401	0.383567	-0.883345	-13.130123	-96.463570	602.108887	
0.929379	-0.076704	-0.361069	-0.174138	-0.953589	-0.245648	-0.325469	0.291176	-0.899603	-32.548759	-89.747879	614.021118	
0.891860	-0.231924	-0.388326	-0.278658	-0.957992	-0.067834	-0.356280	0.168709	-0.919022	-45.100578	-76.188690	628.256897	
0.844050	-0.363257	-0.394491	-0.340351	-0.931352	0.129399	-0.414415	0.025046	-0.909743	-55.077621	-69.281586	637.201233	
0.781807	-0.394851	-0.482565	-0.327895	-0.918636	0.220436	-0.530341	-0.014107	-0.847666	-73.883072	-54.756683	645.716553	
0.693204	-0.454610	-0.559283	-0.384305	-0.889609	0.246787	-0.609736	0.043862	-0.791390	-92.165802	-47.316044	645.295837	
0.597964	-0.539766	-0.592529	-0.486665	-0.831888	0.266683	-0.636864	0.128896	-0.760124	-110.972618	-40.823071	665.164246	
0.560488	-0.620208	-0.548811	-0.491209	-0.782498	0.382637	-0.666758	0.055118	-0.743232	-131.557312	-33.074650	676.375793	
0.520199	-0.658708	-0.543595	-0.459837	-0.752384	0.471665	-0.719682	0.004606	-0.694288	-140.500626	-20.094238	680.538757	
0.414385	-0.701352	-0.579991	-0.504002	-0.707483	0.495429	-0.757804	0.087019	-0.646653	-148.634964	-7.106963	685.892822	
0.308452	-0.736260	-0.602311	-0.541126	-0.656563	0.525460	-0.782330	0.163847	-0.600926	-155.784821	-1.849075	695.664612	
0.211795	-0.759338	-0.615261	-0.531922	-0.617694	0.579235	-0.819879	0.204592	-0.534733	-170.278214	2.633298	709.656677	
0.137665	-0.741759	-0.656384	-0.428968	-0.641969	0.635501	-0.892768	0.194082	-0.406567	-181.385010	8.265087	715.723755	
0.026347	-0.718982	-0.694528	-0.444626	-0.630691	0.636032	-0.895329	0.292048	-0.336294	-187.665985	16.943901	725.718323	
-0.086430	-0.665289	-0.741565	-0.447761	-0.638994	0.625457	-0.889966	0.386102	-0.242662	-204.590775	20.575998	758.319885	
-0.104576	-0.637919	-0.762970	-0.399269	-0.675705	0.619683	-0.910850	0.369434	-0.184039	-194.233994	28.538300	747.955994	
-0.104576	-0.637919	-0.762970	-0.399269	-0.675705	0.619683	-0.910850	0.369434	-0.184039	-194.233994	28.538300	747.955994	
-0.104576	-0.637919	-0.762970	-0.399269	-0.675705	0.619683	-0.910850	0.369434	-0.184039	-194.233994	28.538300	747.955994	
-0.104576	-0.637919	-0.762970	-0.399269	-0.675705	0.619683	-0.910850	0.369434	-0.184039	-194.233994	28.538300	747.955994	
-0.265750	-0.488468	-0.831130	-0.282334	-0.784895	0.551569	-0.921772	0.381235	0.070675	-192.136475	40.608936	794.122986	
-0.287564	-0.444558	-0.848337	-0.291234	-0.803220	0.519635	-0.912408	0.396493	0.101506	-187.058044	41.727367	800.984741	
-0.336248	-0.424077	-0.840890	-0.281862	-0.806637	0.519511	-0.898605	0.411699	0.151698	-178.754028	40.928261	810.120300	
-0.490315	-0.453800	-0.744081	-0.261175	-0.738008	0.622198	-0.831491	0.499409	0.243336	-168.348114	36.317513	813.546814	
-0.583777	-0.483673	-0.652124	-0.240045	-0.664469	0.707714	-0.775617	0.569686	0.271799	-153.043869	31.857948	800.760010	
-0.275074	-0.240235	-0.930925	-0.255119	-0.915327	0.311594	-0.926957	0.323208	0.190494	-159.692993	38.255199	857.862000	
-0.275074	-0.240235	-0.930925	-0.255119	-0.915327	0.311594	-0.926957	0.323208	0.190494	-159.692993	38.255199	857.862000	
-0.275074	-0.240235	-0.930925	-0.255119	-0.915327	0.311594	-0.926957	0.323208	0.190494	-159.692993	38.255199	857.862000	
-0.230036	-0.097831	-0.968253	-0.278463	-0.946718	0.161812	-0.932493	0.306845	0.190537	-119.809792	24.547237	905.418396	
-0.200027	-0.078108	-0.976672	-0.223994	-0.966773	0.123192	-0.953843	0.243410	0.175885	-101.926506	18.008949	920.867615	
-0.151029	-0.077021	-0.985525	-0.220947	-0.969108	0.109598	-0.963521	0.234301	0.129346	-83.180618	14.694971	922.252319	
-0.085334	-0.045112	-0.995331	-0.215930	-0.974395	0.062676	-0.972673	0.220270	0.073408	-63.890873	5.108398	938.290771	
-0.037449	-0.027997	-0.998907	-0.197729	-0.979636	0.034870	-0.979541	0.198819	0.031150	-41.872604	-2.205000	939.275330	
0.029067	-0.028505	-0.999171	-0.206843	-0.978129	0.021888	-0.977943	0.206036	-0.034327	-31.181490	-5.634434	947.874084	
0.112404	-0.002481	-0.993660	-0.232213	-0.972373	-0.023840	-0.966149	0.233421	-0.109875	-22.271212	-15.020737	945.954102	
0.212923	-0.025018	-0.976749	-0.309556	-0.949902	-0.043149	-0.926736	0.311546	-0.210001	-4.927160	-19.706274	949.686096	
0.275213	-0.087419	-0.957401	-0.371097	-0.928335	-0.021910	-0.886874	0.361318	-0.287931	14.402262	-26.858061	960.991638	
0.272827	-0.173789	-0.946236	-0.418330	-0.907130	0.045990	-0.866352	0.383292	-0.320191	26.421465	-35.322651	981.713135	
0.295277	-0.200162	-0.934209	-0.406354	-0.911269	0.066811	-0.864690	0.359892	-0.350413	36.085003	-46.245300	978.901550	
0.323956	-0.269939	-0.906744	-0.318632	-0.933567	0.164086	-0.890801	0.235762	-0.388446	51.825134	-62.116714	991.012207	
0.302177	-0.313434	-0.900249	-0.261524	-0.935419	0.237897	-0.916676	0.163550	-0.364633	63.198509	-67.386993	986.346069	
0.288001	-0.367513	-0.884302	-0.334546	-0.903857	0.266686	-0.897293	0.219034	-0.383262	75.613739	-80.269753	981.342529	
0.277585	-0.474957	-0.835082	-0.393977	-0.849065	0.351951	-0.876202	0.231307	-0.422810	87.087814	-90.583145	1005.151917	
0.209741	-0.538891	-0.815847	-0.394984	-0.809990	0.433479	-0.894426	0.231328	-0.382741	92.466995	-108.195496	1026.346802	
0.161165	-0.597131	-0.785787	-0.420214	-0.761936	0.492822	-0.892999	0.250774	-0.373720	94.918770	-121.455193	1053.346680	
0.095299	-0.670198	-0.736038	-0.432984	-0.693701	0.575589	-0.896350	0.263840	-0.356294	98.075401	-125.163361	1042.548828	
0.064069	-0.708237	-0.703061	-0.442066	-0.651757	0.616272	-0.894692	0.271316	-0.354845	100.217010	-138.386108	1045.226929	
-0.021303	-0.755621	-0.654662	-0.447749	-0.578260	0.682009	-0.893906	0.307653	-0.326010	101.006195	-149.505219	1036.503662	
-0.118036	-0.779067	-0.615728	-0.462428	-0.505600	0.728374	-0.878765	0.370704	-0.300584	100.540985	-154.634491	1032.581055	
-0.170487	-0.793094	-0.584752	-0.386992	-0.491863	0.779942	-0.906186	0.359264	-0.223065	99.504196	-168.175186	1037.848022	
-0.232454	-0.803297	-0.548341	-0.356290	-0.454263	0.816519	-0.904999	0.385171	-0.180611	92.668221	-180.077209	1043.199219	
-0.329202	-0.807444	-0.489549	-0.345400	-0.379546	0.858280	-0.878821	0.451638	-0.153944	87.029274	-185.810349	1048.252686	
-0.357969	-0.819049	-0.448347	-0.215785	-0.394601	0.893156	-0.908458	0.416469	-0.035483	75.492729	-191.054245	1046.308472	
-0.444468	-0.789016	-0.424147	-0.136234	-0.408441	0.902562	-0.885375	0.458943	0.074049	63.435638	-197.064087	1051.447998	
-0.590743	-0.736688	-0.329108	-0.027038	-0.389585	0.920594	-0.806407	0.552732	0.210226	55.023083	-206.870285	1075.042847	
-0.699549	-0.658014	-0.278652	0.016922	-0.405094	0.914119	-0.714385	0.634755	0.294519	48.321533	-209.497101	1061.416504	
-0.800882	-0.571594	-0.178517	0.092044	-0.412075	0.906490	-0.591707	0.709559	0.382635	41.912094	-206.466660	1027.925903	
-0.877445	-0.474656	-0.069233	0.191983	-0.479772	0.856133	-0.439585	0.737916	0.512099	33.576107	-209.257950	1013.185974	
-0.945336	-0.318582	0.069609	0.248306	-0.564861	0.786941	-0.211386	0.761208	0.613089	12.010900	-214.263000	1011.390015	
-0.945336	-0.318582	0.069609	0.248306	-0.564861	0.786941	-0.211386	0.761208	0.613089	12.010900	-214.263000	1011.390015	
-0.945336	-0.318582	0.069609	0.248306	-0.564861	0.786941	-0.211386	0.761208	0.613089	12.010900	-214.263000	1011.390015	
-0.945336	-0.318582	0.069609	0.248306	-0.564861	0.786941	-0.211386	0.761208	0.613089	12.010900	-214.263000	1011.390015	
-0.944780	-0.073258	0.319409	0.255136	-0.776126	0.576658	0.205657	0.626309	0.751959	-47.434952	-213.188232	986.267761	
-0.908132	0.041676	0.416604	0.170090	-0.872501	0.458051	0.382577	0.486831	0.785257	-57.906296	-213.214874	984.817383	
-0.830991	0.149358	0.535859	0.060381	-0.933373	0.353793	0.552998	0.326355	0.766606	-67.752060	-210.765381	978.371765	
-0.775759	0.259220	0.575328	-0.112516	-0.953942	0.278093	0.620917	0.150999	0.769195	-76.739174	-207.183243	962.880066	
-0.721264	0.337881	0.604660	-0.297951	-0.939407	0.169526	0.625301	-0.057887	0.778233	-93.224731	-200.954361	958.988708	
-0.670523	0.380006	0.637176	-0.401027	-0.908220	0.119639	0.624160	-0.175305	0.761375	-102.061905	-197.509598	943.257629	
-0.634869	0.487536	0.599374	-0.545997	-0.831987	0.098414	0.546652	-0.264778	0.794396	-107.319801	-192.734772	932.322205	
-0.590069	0.501922	0.632370	-0.694640	-0.714802	-0.080825	0.411452	-0.486963	0.770438	-124.199188	-184.071198	931.306946	
-0.512900	0.483372	0.709425	-0.793305	-0.582667	-0.176539	0.328025	-0.653338	0.682311	-131.524048	-172.465027	918.945190	
-0.475354	0.453409	0.753961	-0.870307	-0.367847	-0.327496	0.128853	-0.811855	0.569463	-135.324387	-157.723419	888.199036	
-0.488637	0.457084	0.743174	-0.870892	-0.204050	-0.447113	-0.052723	-0.865701	0.497777	-145.421722	-151.600571	904.511353	
-0.577866	0.440039	0.687339	-0.806476	-0.178719	-0.563610	-0.125170	-0.880014	0.458156	-148.002213	-140.497192	917.549744	
-0.530964	0.405671	0.743980	-0.844272	-0.177962	-0.505503	-0.072667	-0.896527	0.436988	-144.973907	-121.572212	871.112549	
-0.049364	0.179448	0.982528	-0.928754	0.353612	-0.111245	-0.367396	-0.918018	0.149208	-146.973007	-109.889000	877.226990	
-0.049364	0.179448	0.982528	-0.928754	0.353612	-0.111245	-0.367396	-0.918018	0.149208	-146.973007	-109.889000	877.226990	
-0.049364	0.179448	0.982528	-0.928754	0.353612	-0.111245	-0.367396	-0.918018	0.149208	-146.973007	-109.889000	877.226990	
-0.049364	0.179448	0.982528	-0.928754	0.353612	-0.111245	-0.367396	-0.918018	0.149208	-146.973007	-109.889000	877.226990	
-0.009167	-0.105922	0.994332	-0.517195	0.851542	0.085943	-0.855818	-0.513476	-0.062588	-129.850235	-71.879387	828.312805	
-0.033837	-0.221764	0.974513	-0.361657	0.911709	0.194914	-0.931697	-0.345844	-0.111052	-119.402512	-63.706627	811.619812	
-0.054065	-0.275722	0.959716	-0.247242	0.934890	0.254661	-0.967444	-0.223513	-0.118715	-113.296844	-55.723389	806.496826	
-0.099658	-0.378896	0.920058	-0.150476	0.919765	0.362476	-0.983578	-0.102323	-0.148676	-106.234665	-41.252174	801.842773	
-0.149334	-0.426263	0.892188	-0.057260	0.904520	0.422570	-0.987127	0.012017	-0.159483	-98.711967	-26.859818	792.035217	
-0.196629	-0.464375	0.863535	0.102462	0.866174	0.489125	-0.975109	0.184656	-0.122735	-81.634186	-12.277056	773.424255	
-0.272744	-0.487065	0.829686	0.286361	0.782197	0.553322	-0.918481	0.388505	-0.073863	-73.001717	-5.426063	768.912231	
-0.326599	-0.518143	0.790482	0.354237	0.708279	0.610619	-0.876270	0.479445	-0.047778	-63.837410	2.091255	758.237854	
-0.383453	-0.534324	0.753301	0.466106	0.592191	0.657309	-0.797313	0.603165	0.021974	-53.203354	8.733675	740.145020	
-0.440978	-0.548487	0.710423	0.510132	0.498081	0.701199	-0.738447	0.671623	0.060157	-33.952660	21.007248	724.030823	
-0.530722	-0.584667	0.613595	0.551949	0.310980	0.773721	-0.643184	0.749304	0.157662	-23.858248	30.407244	716.381653	
-0.612768	-0.599891	0.514439	0.559533	0.130357	0.818493	-0.558067	0.789391	0.255779	-13.773749	35.162525	705.447571	
-0.702856	-0.535191	0.468577	0.584730	-0.059580	0.809037	-0.405071	0.842627	0.354819	-3.067106	43.812111	698.454224	
-0.753996	-0.517629	0.404415	0.551015	-0.163249	0.818372	-0.357592	0.839887	0.408310	7.624180	47.062416	685.590027	
-0.829124	-0.442436	0.341766	0.506767	-0.336619	0.793646	-0.236092	0.831227	0.503311	17.877247	50.925808	676.504639	
-0.906938	-0.362418	0.214750	0.384849	-0.505470	0.772264	-0.171333	0.783041	0.597906	35.394638	53.422318	657.257385	
-0.945483	-0.312433	0.091908	0.279846	-0.635076	0.719976	-0.166576	0.706444	0.687887	51.198429	55.927734	648.237488	
-0.977678	-0.209217	0.019326	0.171703	-0.742578	0.647377	-0.121091	0.636244	0.761925	58.550972	57.698532	645.382629	
-0.987559	-0.151957	-0.040429	0.096637	-0.789349	0.606293	-0.124043	0.594842	0.794214	72.098709	59.232967	641.145447	
-0.990262	-0.095756	-0.101051	0.022004	-0.824405	0.565574	-0.137464	0.557842	0.818484	83.186134	59.342148	632.405945	
-0.987364	0.014161	-0.157830	-0.089595	-0.871407	0.482312	-0.130704	0.490357	0.861665	92.201889	58.138165	624.337097	
-0.969771	0.063797	-0.235529	-0.162505	-0.888891	0.428330	-0.182034	0.453655	0.872388	97.113235	57.053883	619.017700	
-0.938575	0.162445	-0.304447	-0.274928	-0.885217	0.375243	-0.208545	0.435894	0.875503	100.074409	53.694618	608.641541	
-0.888904	0.252643	-0.382127	-0.383318	-0.866971	0.318480	-0.250831	0.429573	0.867496	102.454903	51.505787	606.875854	
-0.852075	0.289742	-0.435908	-0.417996	-0.877922	0.233522	-0.315032	0.381185	0.869167	104.046982	45.893936	605.475708	
-0.806702	0.324550	-0.493861	-0.460161	-0.869322	0.180367	-0.370786	0.372757	0.850629	102.669533	39.007477	597.903564	
-0.722834	0.336560	-0.603521	-0.486793	-0.867884	0.099047	-0.490451	0.365383	0.791171	97.976997	29.356743	592.182617	
-0.647684	0.390144	-0.654441	-0.554112	-0.830744	0.053146	-0.522938	0.397055	0.754243	94.946678	20.704777	588.755981	
-0.529354	0.392242	-0.752284	-0.620307	-0.783867	0.027781	-0.578793	0.481352	0.658253	87.214546	14.780100	583.669434	
-0.411895	0.364519	-0.835146	-0.679776	-0.733261	0.015220	-0.606832	0.573981	0.549818	76.833534	8.107074	575.406311	
-0.354758	0.358151	-0.863640	-0.666387	-0.744778	-0.035125	-0.655800	0.563057	0.502884	64.676277	0.605310	578.491150	
-0.295308	0.335540	-0.894543	-0.635278	-0.768287	-0.078461	-0.713592	0.545112	0.440042	50.402653	-6.522661	577.190857	
-0.221741	0.313792	-0.923237	-0.644633	-0.757568	-0.102655	-0.731627	0.572386	0.370265	34.433445	-19.488943	574.428955	
-0.134031	0.224744	-0.965156	-0.624072	-0.775696	-0.093961	-0.769785	0.589733	0.244224	26.681833	-26.348848	575.336426	
-0.074062	0.143110	-0.986932	-0.658878	-0.749909	-0.059295	-0.748594	0.645876	0.149831	10.698868	-32.014534	570.806519	
-0.016684	0.039141	-0.999095	-0.638864	-0.769074	-0.019459	-0.769138	0.637961	0.037837	2.506540	-39.413071	570.404724	
0.001007	0.024430	-0.999701	-0.640671	-0.767570	-0.019401	-0.767814	0.640499	0.014878	-14.776979	-51.624817	577.588440	
0.011280	0.031493	-0.999440	-0.646300	-0.762440	-0.031318	-0.762999	0.646292	0.011753	-27.254513	-60.552639	587.119873	
-0.044523	0.118530	-0.991952	-0.630198	-0.773778	-0.064173	-0.775156	0.622269	0.109148	-41.137024	-80.803345	600.973694	
0.067918	-0.405494	-0.911571	-0.669190	-0.696186	0.259826	-0.739981	0.592367	-0.318636	-82.707298	-97.794403	578.718994	
0.067918	-0.405494	-0.911571	-0.669190	-0.696186	0.259826	-0.739981	0.592367	-0.318636	-82.707298	-97.794403	578.718994	
0.067918	-0.405494	-0.911571	-0.669190	-0.696186	0.259826	-0.739981	0.592367	-0.318636	-82.707298	-97.794403	578.718994	
0.067918	-0.405494	-0.911571	-0.669190	-0.696186	0.259826	-0.739981	0.592367	-0.318636	-82.707298	-97.794403	578.718994	
-0.136060	-0.774049	-0.618333	-0.634360	-0.411339	0.654513	-0.760970	0.481299	-0.435059	-132.159592	-133.473801	595.153015	
-0.224117	-0.783192	-0.579984	-0.649470	-0.323680	0.688055	-0.726608	0.530888	-0.436117	-146.411331	-146.183868	589.682495	
-0.312973	-0.793090	-0.522547	-0.592353	-0.267070	0.760126	-0.742405	0.547431	-0.386203	-154.309036	-158.465042	595.665344	
-0.369022	-0.840208	-0.397333	-0.506107	-0.176905	0.844133	-0.779537	0.512597	-0.359953	-170.220581	-169.623840	610.615417	
-0.469193	-0.837305	-0.280675	-0.428961	-0.061724	0.901212	-0.771914	0.543241	-0.330209	-178.738266	-173.497681	620.268555	
-0.509746	-0.850251	-0.131270	-0.300841	0.033213	0.953096	-0.806011	0.525328	-0.272720	-195.043167	-186.083786	644.269104	
-0.557534	-0.830131	-0.006111	-0.196086	0.124536	0.972646	-0.806663	0.543482	-0.232210	-210.111282	-191.658920	667.562988	
-0.582947	-0.794285	0.171124	-0.096518	0.276816	0.956063	-0.806757	0.540818	-0.238032	-200.464005	-195.283005	639.450012	
-0.582947	-0.794285	0.171124	-0.096518	0.276816	0.956063	-0.806757	0.540818	-0.238032	-200.464005	-195.283005	639.450012	
-0.582947	-0.794285	0.171124	-0.096518	0.276816	0.956063	-0.806757	0.540818	-0.238032	-200.464005	-195.283005	639.450012	
-0.582947	-0.794285	0.171124	-0.096518	0.276816	0.956063	-0.806757	0.540818	-0.238032	-200.464005	-195.283005	639.450012	
-0.582947	-0.794285	0.171124	-0.096518	0.276816	0.956063	-0.806757	0.540818	-0.238032	-200.464005	-195.283005	639.450012	
-0.572258	-0.371780	0.730959	0.642082	0.351354	0.681382	-0.510149	0.859261	0.037649	-192.665085	-206.716843	673.409729	
-0.521064	-0.340511	0.782652	0.753625	0.246916	0.609165	-0.400677	0.907240	0.127959	-175.260056	-197.971848	655.075134	
-0.519086	-0.300958	0.799984	0.817106	0.099877	0.567770	-0.250774	0.948393	0.194071	-176.685455	-201.276291	698.705750	
-0.448053	-0.294038	0.844269	0.878808	0.028538	0.476322	-0.164150	0.955368	0.245617	-169.150970	-200.268906	725.740417	
-0.433445	-0.249058	0.866080	0.897445	-0.031884	0.439973	-0.081964	0.967964	0.237336	-161.588318	-198.789612	753.476135	
-0.138000	-0.034545	0.989830	0.990100	0.021072	0.138773	-0.025652	0.999181	0.031295	-151.623993	-200.330994	752.630005	
-0.138000	-0.034545	0.989830	0.990100	0.021072	0.138773	-0.025652	0.999181	0.031295	-151.623993	-200.330994	752.630005	
-0.138000	-0.034545	0.989830	0.990100	0.021072	0.138773	-0.025652	0.999181	0.031295	-151.623993	-200.330994	752.630005	
0.199356	0.007323	0.979899	0.942992	-0.273387	-0.189804	0.266502	0.961876	-0.061407	-106.045441	-185.538986	785.784851	
0.332595	0.001939	0.943067	0.881831	-0.355115	-0.310268	0.334296	0.934820	-0.119819	-95.267403	-175.887421	801.698120	
0.450691	-0.026508	0.892286	0.811476	-0.404373	-0.421887	0.372000	0.914210	-0.160736	-75.706116	-164.571960	809.048035	
0.578767	-0.059216	0.813340	0.700075	-0.475434	-0.532782	0.418239	0.877756	-0.233709	-65.098671	-161.073044	845.546204	
0.679898	-0.116101	0.724058	0.574611	-0.529093	-0.624404	0.455588	0.840583	-0.293016	-45.375984	-149.933762	853.829651	
0.721214	-0.155825	0.674959	0.487045	-0.578799	-0.654047	0.492583	0.800443	-0.341544	-24.692402	-143.492096	869.132507	
0.785653	-0.240020	0.570210	0.338557	-0.604621	-0.720979	0.517811	0.759488	-0.393762	-5.278685	-130.923279	885.726746	
0.843925	-0.289938	0.451361	0.202245	-0.607332	-0.768273	0.496878	0.739650	-0.453904	4.634536	-117.249245	893.543823	
0.850964	-0.345303	0.395760	0.105389	-0.625923	-0.772730	0.514541	0.699275	-0.496246	14.503219	-110.310463	905.501831	
0.877037	-0.408452	0.252927	-0.045271	-0.594388	-0.802903	0.478284	0.692726	-0.539791	21.864988	-96.270485	921.820923	
0.881903	-0.458587	0.109288	-0.181388	-0.544054	-0.819209	0.435138	0.702639	-0.562985	29.537283	-81.225540	925.426270	
0.847374	-0.529440	0.040623	-0.278669	-0.508521	-0.814708	0.451997	0.679042	-0.578446	35.934269	-66.735199	944.852966	
0.804214	-0.593343	-0.034407	-0.378577	-0.466771	-0.799252	0.458170	0.655796	-0.600009	42.224037	-52.036243	963.163086	
0.752712	-0.651708	-0.093275	-0.459299	-0.418328	-0.783611	0.471666	0.632675	-0.614209	51.922268	-44.212524	984.613342	
0.700534	-0.707091	-0.096296	-0.515701	-0.408342	-0.753199	0.493259	0.577302	-0.650705	57.706299	-30.708321	1001.044434	
0.653830	-0.754099	-0.061971	-0.534102	-0.401963	-0.743747	0.535949	0.519383	-0.665581	56.597618	-19.521465	984.139160	
0.532810	-0.837634	0.120339	-0.511069	-0.431854	-0.743176	0.674479	0.334470	-0.658184	50.979778	-10.204334	958.349670	
0.582977	-0.699962	-0.412543	-0.712595	-0.196566	-0.673476	0.390316	0.686597	-0.613383	67.656601	9.011070	995.859009	
0.582977	-0.699962	-0.412543	-0.712595	-0.196566	-0.673476	0.390316	0.686597	-0.613383	67.656601	9.011070	995.859009	
0.582977	-0.699962	-0.412543	-0.712595	-0.196566	-0.673476	0.390316	0.686597	-0.613383	67.656601	9.011070	995.859009	
0.582977	-0.699962	-0.412543	-0.712595	-0.196566	-0.673476	0.390316	0.686597	-0.613383	67.656601	9.011070	995.859009	
0.387193	-0.607621	-0.693454	-0.863441	0.024803	-0.503839	0.323344	0.793839	-0.515041	53.870735	49.036335	1019.865967	
0.346749	-0.574948	-0.741081	-0.883735	0.064483	-0.463524	0.314290	0.815645	-0.485741	48.873360	59.244457	1025.517944	
0.302893	-0.541585	-0.784182	-0.898641	0.111676	-0.424231	0.317332	0.833195	-0.452864	37.944790	67.950058	1027.813721	
0.250842	-0.507544	-0.824304	-0.901011	0.188912	-0.390502	0.353918	0.840661	-0.409915	24.681107	77.075943	1043.205566	
0.202660	-0.468380	-0.859970	-0.899845	0.257339	-0.352215	0.386275	0.845220	-0.369317	16.867582	84.788010	1047.222656	
0.149607	-0.430192	-0.890254	-0.898389	0.316890	-0.304103	0.412935	0.845290	-0.339070	1.635360	88.013992	1053.644775	
0.085703	-0.331411	-0.939586	-0.890100	0.398235	-0.221655	0.447635	0.855322	-0.260858	-16.113823	91.175934	1058.687012	
0.064606	-0.272222	-0.960063	-0.885846	0.427315	-0.180775	0.459460	0.862147	-0.213540	-34.218674	93.434616	1058.422974	
0.036714	-0.146076	-0.988592	-0.880062	0.463942	-0.101235	0.473437	0.873739	-0.111522	-44.728371	95.363472	1061.419312	
0.016797	-0.083268	-0.996385	-0.864385	0.499665	-0.056328	0.502550	0.862207	-0.063582	-54.656124	96.795418	1059.742676	
0.002547	0.025858	-0.999662	-0.886003	0.463576	0.009734	0.463671	0.885680	0.024091	-62.983692	100.171967	1047.916748	
-0.011060	0.170556	-0.985286	-0.813595	0.571308	0.108028	0.581327	0.802819	0.132444	-86.084900	95.673401	1073.640015	
-0.011060	0.170556	-0.985286	-0.813595	0.571308	0.108028	0.581327	0.802819	0.132444	-86.084900	95.673401	1073.640015	
-0.011060	0.170556	-0.985286	-0.813595	0.571308	0.108028	0.581327	0.802819	0.132444	-86.084900	95.673401	1073.640015	
-0.011060	0.170556	-0.985286	-0.813595	0.571308	0.108028	0.581327	0.802819	0.132444	-86.084900	95.673401	1073.640015	
-0.011060	0.170556	-0.985286	-0.813595	0.571308	0.108028	0.581327	0.802819	0.132444	-86.084900	95.673401	1073.640015	
0.074314	0.516618	-0.852984	-0.693460	0.641460	0.328090	0.716652	0.567129	0.405924	-132.981918	76.212303	1069.337891	
0.104053	0.565260	-0.818324	-0.657017	0.656765	0.370120	0.746660	0.499140	0.439723	-141.077591	68.185669	1066.790649	
0.143376	0.606535	-0.782021	-0.628305	0.666303	0.401590	0.764641	0.433769	0.476621	-148.060822	64.453148	1062.453247	
0.188580	0.644508	-0.740976	-0.601240	0.672353	0.431801	0.776497	0.364075	0.514297	-154.217316	54.856892	1062.065186	
0.212907	0.681171	-0.700482	-0.586794	0.662375	0.465761	0.781245	0.311875	0.540731	-165.148422	44.035667	1059.863403	
0.273770	0.749600	-0.602618	-0.573390	0.630242	0.523468	0.772187	0.202225	0.602354	-174.268692	32.606598	1057.965454	
0.302840	0.806216	-0.508235	-0.568365	0.580848	0.582732	0.765015	0.112388	0.634129	-177.612549	27.537916	1057.877319	
0.375743	0.838650	-0.394313	-0.594257	0.544540	0.591890	0.711108	0.011924	0.702981	-181.465500	21.469032	1047.685669	
0.407072	0.871176	-0.274487	-0.602297	0.481941	0.636374	0.686681	-0.093728	0.720891	-183.032166	14.006442	1035.636353	
0.433118	0.888731	-0.150219	-0.614093	0.412957	0.672574	0.659772	-0.199056	0.724622	-181.945282	6.605030	1028.357056	
0.476427	0.878686	-0.030463	-0.625329	0.363006	0.690789	0.618046	-0.310062	0.722413	-179.458099	0.770455	1015.176758	
0.504273	0.860032	0.077805	-0.635512	0.308601	0.707736	0.584665	-0.406338	0.702179	-175.363174	-13.193825	1005.837463	
0.518208	0.843581	0.140822	-0.639352	0.272740	0.718917	0.568057	-0.462585	0.680680	-171.699951	-20.636852	995.270325	
0.530246	0.813000	0.240561	-0.653159	0.210797	0.727288	0.540576	-0.542767	0.642792	-161.941071	-34.321644	985.314453	
0.542261	0.790792	0.283899	-0.655750	0.187071	0.731434	0.525304	-0.582797	0.620003	-151.533951	-41.208630	974.578918	
0.565626	0.752177	0.338076	-0.665266	0.173932	0.726063	0.487327	-0.635591	0.598779	-140.153366	-47.841282	971.906921	
0.573213	0.716372	0.397790	-0.679574	0.144376	0.719259	0.457827	-0.682618	0.569585	-132.692795	-62.159805	969.520508	
